state,district,disease,no_of_cases,deaths,start_of_outbreak,date_of_reporting,status,action
Jharkhand,Godda,Measles,09,0.0,05-01-22,09-01-22,Under Surveillance,"Cases reported from Village Noonajore, SC Kaithia, PHC/Block Mahagama, District Godda. The cases presented with fever and maculopapular rash. Blood samples were sent to RIMS, Ranchi for further analysis, out of which four samples tested positive for Measles by IgM ELISA and two samples tested positive for Rubella by IgM ELISA. The most commonly affected age was 8 years. District RRT investigated the outbreak. Health education was given. Vitamin A was given to the affected cases."
Meghalaya,East Jaintia Hills,Acute Diarrheal Disease,160,0.0,02-01-22,02-01-22,Under Surveillance,"Cases reported from Village Rhymbai PHC, District East Jaintia Hilla. Cases presented with diarrhea, vomiting, nausea and fever after consuming food at the community feast on the occasion of New Year celebration. The most commonly affected age was 20 years. The food that constituted of pork was likely the cause of the outbreak. District RRT investigated the outbreak. Health education was given regarding importance of properly cooked food and intake of safe drinking water."
Jharkhand,Pakur,Fever with Rashes,07,0.0,10-01-22,16-01-22,Under Control,"Cases reported from Village Hathkati, CHC/HSC Hiranpur, District Pakur. The cases presented with fever, cough and maculopapular rashes all over the body. Six Blood samples were sent for further analysis out of which two samples tested positive for Measles by IgM ELISA and one sample tested positive for Rubella by IgM ELISA. Most affected age group was 0-5 years. District RRT investigated the outbreak. Health education was given. Vitamin A was given to the treated cases."
Maharashtra,Gadchiroli,Malaria,07,2.0,10-01-22,14-01-22,Under Surveillance,"Cases reported from Village Dodgir, SC Kishtapur, PHC Dechlipetha, Block Aheri, District Gadchiroli. The deceased were a 6 year and a 11-month-old female who presented with fever. 14 RDK Samples were sent for further analysis, out of which seven samples tested positive for Plasmodium falciparum. District RRT investigated the outbreak. Health education was given regarding the importance of vector control measures."
Jharkhand,West Singhbhum,Chickenpox,12,0.0,21-01-22,22-01-22,Under Surveillance,"Cases reported from Village/HSC Sosopi, CHC Jagannathpur, District West Singhbhum. Four blood samples were collected and sent to DPHL Sadar Hospital, Chaibasa. Of these, three were found positive for Chicken pox by IgM ELISA. District RRT investigated the outbreak. Health education was given."
Jharkhand,Godda,Measles,03,0.0,21-01-22,22-01-22,Under Surveillance,"Cases reported from Village Nawadih, SC Panjradih, PHC/Block Thakurgangti, District Godda. Cases presented with fever, cough, coryza and maculopapular rashes over the face. They were not vaccinated. Two Blood and two nasopharyngeal samples were collected and sent to RIMS, Ranchi for ELISA IgM. Result awaited. District RRT investigated the outbreak. Health education was given. Cases reported from DH Thodupuzha, Block"
Kerala,Idukki,Food Poisoning,16,0.0,17-01-22,20-01-22,Under Control,"Purapuzha, District Idukki. The cases presented with loose stools, vomiting, abdominal pain and headache. Three stool and three water samples collected and sent to Analatical lab, Kakkanadu. No enteropathogens were isolated. Water sam ple was found to be fit for drinking. District RRT investigated the outbreak. Cause of outbreak was due to intake of stale food. Symptomatic treatment was given to all the cases. Chlorine tablets were distributed. Health education was given regarding importance of safe drinking"
Kerala,Thrissur,Kala-Azar,01,0.0,23-01-22,24-01-22,Under Surveillance,"water. Case reported from SC Nattyanchira, PHC Thonnurkara, CHC Thiruvilwamala, District Thrissur. Case presented with weight loss, abdominal distension and pedal edema. Bone Marrow Biopsy shows Hypercellular marrow with Visceral Leishmaniasis done at GMCH, Thrissur. Bone Marrow aspirate also showed Visceral Leishmaniasis. District RRT investigated the outbreak. Health education was given."
Kerala,Ernakulam,Food Poisoning,02,0.0,20-12-21,28-12-21,Under Surveillance,"Cases reported from Village/PHC Vazhakulam, Block Malayidamthuruthu, District Ernakulam. Cases presented with fever, bodyache, headache, loose stools and vomiting. Two stool samples were collected and sent to Govt. Medical College, Ernakulam and both the samples showed presence of Shigella Sonnei. District RRT investigated the outbreak. Health education was given regarding importance of safe drinking water."
Tamil Nadu,Pudukottai DISEASE OUTBREAKS OF PREVIOUS WEEKS REPORTED LATE,Acute Diarrheal Disease,08,0.0,18-01-22,19-01-22,Under Control,"Cases reported from Village Anna Nagar, PHC Kodumbalur, HSC Mathiripatti, Block Viralimalai, District Pudukottai. Two water and one stool sample was collected and sent to DPHL, Pudukottai. Of these, both water samples were found fit for drinking. Symptomatic treatment was given to all the cases. Chlorine tablets were distributed. Health education was given regarding importance of safe drinking water."
Gujarat,Patan,Acute Diarrheal Disease,07,0.0,2022-01-11 00:00:00,Under 22 Surveillance,"Cases reported from Gulistan Park Society, PHC Sidhpura, Block Sidhpur, District Patan stools and vomiting. Food samples collected by F&D, Patan. No enteropathogens were isolated. District RRT investigated given to all the cases. Health education was given regarding importance of safe drinking water.",. Cases presented with loose the outbreak. Symptomatic treatment was Chlorine tablets were distributed.
Kerala,Ernakulam,Acute Diarrheal Disease,14,0.0,24-12-,Under 21 Surveillance,"Cases reported UPHC Chalikkavattom, Block Nettur, District One stool sample was collected and culture test done at RPH Lab. Result found to be negative. Two water samples were collected and sent to RPH Lab. Result, found to be sterile. District RRT investigated the outbreak. Source of outbreak was foun Symptomatic Chlorine tablets were distributed. Health education was given regarding importance of safe drinking water.","from Village Kochi Corporation, PHC Ernakulam. d to be intake of contaminated water. treatment was given to all the cases."
Jharkhand,Godda,Measles,01,0.0,27-01-22,28-01-22,Under Surveillance,"Case reported from Village Manikup, SC Bhagaiya, PHC/Block Thakurgangti. District Godda. Cases presented with fever, cough and maculo popular rashes all over the body. One blood sample was sent to RIMS, Ranchi for further investigation, the result is awaited. District RRT investigated the outbreak. Health education was given. Vitamin A was given to the affected case."
Jharkhand,Godda,Measles,16,0.0,28-01-22,30-01-22,Under Surveillance,"Cases reported from Village Danre-Harijantola and Yadavtola, PHC Danre, Block Poreyahat, District Godda. Cases presented with fever, cough and maculo popular rashes all over the body. Seven blood samples and three throat swab samples were sent to RIMS Ranchi for further investigation, the result is awaited. District RRT investigated the outbreak. Health education was given. Vitamin A was given to the affected cases."
Jharkhand,Hazaribagh,Japanese Encephalitis,01,0.0,22-01-22,25-01-22,Under Control,"Case reported from Village Birbir Bhuiya Tola, PHC/Block Sadar, HSC Oriya, District Hazaribagh. Three blood serum samples were sent to RIMS Ranchi for further lab investigation, out of which two samples were found to be positive for Japanese Encephalitis by IgM ELISA. District RRT investigated the outbreak. Health education was given. Fogging"
Jharkhand,Pakur,Fever with Rash,06,0.0,22-01-22,25-01-22,Under Surveillance,"was done in the affected area. Cases reported from Village Bara Kendua, CHC Maheshpur, HSC Devinagar, District Pakur. Blood sample was sent for further lab investigation, it was found to be negative for Measles by IgM ELISA. District RRT investigated the outbreak. Health education was given."
Gujarat,Banaskantha,Viral Hepatitis B,08,0.0,29-01-22,04-02-22,Under Surveillance,"Cases reported from Village/SC/PHC Kuchvada, Bock Deesa, District Banaskantha. 15 blood samples were sent to DPHL Palanpur for further investigation, out of which six samples were found to be positive for Viral Hepatitis by the presence of HbSAg and all the rest were found to be negative. District RRT investigated the outbreak. Health education was given."
Kerala,Ernakulam,Suspected Typhoid,04,0.0,17-01-22,03-02-22,Under Surveillance,"Cases reported from Varapetty, Cheruvathur, Nellikhuzhy, District Ernakulam. The cases presented with fever, loose stools and vomiting. The most affected age group was 5 to 9 years. 12 water samples and 06 stool samples were sent for further lab investigation to RPH Lab, the result is awaited. District RRT investigated the outbreak. Health education was given."
Kerala,Thrissur,Kala Azar,01,0.0,04-01-22,08-02-22,Under Surveillance,"Case reported from PHC Thenkkumkara, CHC Erumapetty, District Thrissur. Case presented with high grade fever with chills and rigors, fever was more during the evening along with anorexia. Bone Marrow Biopsy shows Hypercellular marrow with LD bodies visceral leishmaniasis done at GMCH Thrissur. District RRT investigated the outbreak. Health education was given. Case reported from Mananthavadi, PHC Begur,"
Kerala,Wayanad,Kyasanur Forest Disease,01,0.0,02-02-22,03-02-22,Under Surveillance,"Panavalli, Thirunelli, District Wayanad. The case was a 24-year-old male who was engaged in coffee bean plucking in the nearby forest. He presented with fever and myalgia, later he developed loose stool and was admitted to the local hospital for further diagnosis and treatment. 01 blood sample was sent for further investigation, it was found to be positive for Kyasanur Forest Disease by RT PCR. District RRT investigated the outbreak. Health education was given."
Kerala,Palakkad,Food Poisoning,61,0.0,02-02-22,07-02-22,Under Control,"Cases reported from Chalissery, Main Centre Chalissery 1, District Palakkad. The cases presented with vomiting and had consumed food from the common place. Stool sample was sent to Alappuzha Medical College for further analysis, the result is awaited. Water sample was sent to Palakkad medical college, the result is awaited. District RRT investigated the outbreak. Health education was given."
Telangana,Narayanpet,Food Poisoning,91,0.0,06-02-22,07-02-22,Under Control,"Cases reported from GP Setty Faction Hall, Satyanarayana Temple Road, District Narayanpet. The cause of the outbreak was consumption of food from a common mass gathering. Water sample was sent to RWS for further analysis, the result is awaited. District RRT investigated the outbreak. Health education was given."
Uttar Pradesh,Fatehpur,Acute Encephalitic Syndrome,01,0.0,24-01-22,05-02-22,Under Control,"Case reported from Village Darota Lalpur Fatehpur, PHC Khajuha, Block Khajuha, District Fatehpur. Cases presented with Fever, altered behavior and headache. One CSF sample was sent for further investigation to KGMU Lucknow., the result is awaited. District RRT investigated the outbreak. Health education was given."
Kerala,Palakkad,Food Poisoning,61,0.0,02-02-22,08-02-22,Under Surveillance,"Cases reported from Village/PHC/Block Chalissery, SC Main Center, District Palakkad. Stoll samples were sent to Alappuzha Medical College for further analysis, the result is awaited. Water sample was sent to Palakkad Medical College for further lab investigation, the result is awaited. District RRT investigated the outbreak."
Kerala,Thrissur,Lymes Disease,01,0.0,31-12-21,11-02-22,Under Surveillance,"Health education was given. Case reported from PHC Varantharapilly, CHC Mattathur, District Thrissur. Sample found IgG positive for Borrelia (Lymes Disease) from NIV Bangalore. District RRT investigated the outbreak. Health education was given. Case reported from Village Wateli, SC"
Maharashtra,Gadchiroli,Malaria,01,1.0,09-02-22,10-02-22,Under Surveillance,"Botanfundi, PHC Arewada, Block Bhamragad, District Gadchiroli. The deceased was a 5-year male child. One RDK Sample collected and sent to SDH Aheri, the sample was found to be positive for Plasmodium falciparum. District RRT investigated the outbreak. Health education"
Odisha,Koraput,Acute Diarrheal Disease,15,0.0,11-02-22,12-02-22,Under Surveillance,"was given. Cases reported from Village/SC/PHC Kumuli, Block Boriguma, District Koraput. Three water and Five rectal samples were sent to DPHL bacteriological analysis, the result is awaited. District RRT investigated the outbreak. Health education was given."
Uttar Pradesh,Ballia,Diphtheria,01,0.0,24-01-22,07-02-22,Under Surveillance,"Case reported from Village Gauri Shah Pur, SC Rampur, PHC/Block Maniyar. One Oropharyngeal sample was sent for further investigation, the result is awaited. District RRT investigated the outbreak. Health education was given."
Uttar Pradesh,Ballia,Pertussis,01,0.0,25-01-22,07-02-22,Under Surveillance,"Case reported from Village Rabka Tola, SC Mishra Ke Mathiya, PHC Kotwa, Block Bairia, District Ballia. One Nasopharyngeal sample was sent for further investigation, the result is awaited. District RRT investigated the outbreak. Health education was given."
Gujarat,Ahmedabad,Acute Diarrheal Disease,67,0.0,17-02-22,17-02-22,Under Surveillance,"Cases reported from Village Sathal, SC Ranoda, PHC Ambaliyara, Block Dholka, District Ahmedabad. Cases presented with loose stools. 03 Water samples were sent to Micro Department of Sola Civil Hospital Ahmedabad, and 06 stool samples were sent to Micro Department of Sola Civil Hospital Ahmedabad for further investigation, the result is awaited. Symptomatic treatment was given to all the cases. Chlorine tablets were distributed. Health education was given regarding importance of safe drinking water."
Gujarat,Anand,Food Poisoning,53,0.0,17-02-22,18-02-22,Under Surveillance,"Cases reported from Village/SC Dugari, PHC Khada, Block Tarapur, District Anand. Cases presented with abdominal pain, vomiting and loose stools. District RRT investigated the outbreak. It was found that people had gathered for a marriage function where they consumed contaminated food. No food sample was sent for lab analysis as it was already discarded. Symptomatic treatment was given to all the cases. Chlorine tablets were distributed. Health education was given regarding importance of safe drinking water."
Kerala,Wayanad,Mumps,30,0.0,11-02-22,16-02-22,Under Surveillance,"Cases reported from Kalpetta, Village Kaniyambatta, SC Palliyara, PHC Varadoor, District Wayanad. Cases presented with swollen and pain in the salivary glands. Most of them belonged to the age group of 11-17 years. 10 samples were sent to NIV, AIP and was found positive for Mumps by IgM ELISA. District RRT investigated the outbreak. Health education was given."
West Bengal,Bardhaman DISEASE OUTBREAKS OF PREVIOUS WEEKS REPORTED LATE,Acute Diarrheal Disease,89,0.0,17-02-22,18-02-22,Under Surveillance,"Cases reported from Purba Bardhaman/Ketugram-2/Billeswar, GP/Taipur, Kopa, Gurpara, District Bardhaman. Cases presented with loose stools. 02 Rectal swab samples were sent to BMCH for further investigation, the result is awaited. District RRT investigated the outbreak. Symptomatic treatment was given to all the cases. Chlorine tablets were distributed. Health education was given regarding importance of safe drinking water. District RRT investigated the outbreak. Health education was given."
Kerala,Thrissur,West Nile Fever,01,0.0,18-01-,Under 21 Surveillance,"A case was reported from PHC Meloor, CHC Elijipra, District Thrissur. The case presented with fever, vomiting, vertigo and loss of orientation to time, place and person. One CSF Sample was sent to Hospital Angamaly for lab investigation and was found Encephalitis. Alapuzha for confirmation, which was found to be positive for West Nile by IgM ELISA. the outbreak. Health education was given regarding importance of vector control measures.",to be positive for Japanese Another CSF sample was sent to NIV District RRT investigated Anti-larval spray was used and fogging done.
Kerala,Trivandrum,Acute Diarrheal Disease,05,0.0,14-2-22,Under Surveillance,"Cases reported Trivandrum. Cases presented with fever, loose stools and vomiting. Apparently the cases had consumed food from a fast food stall, following few hours they developed symptoms. The team observed kitchen area. There was improper management of waste. Instructions were given the deficiencies. Symptomatic treatment was given to all the cases. importance of safe drinking water and properly cooked food.","from UPHC Chaikottukonam, District District RRT investigated the outbreak. that poor hygiene was maintained in the to the hotel authorities to rectify Health education was given regarding"
West Bengal,Howrah,Hepatitis A,44,0.0,02-02-,Under 22 Surveillance,"Cases reported from Bhujanga Dhar Lane, Satyasadhan Dhar Lane, Chasipara Under Liluah, Potuaparatua Para, HMC Ward 63 Howrah, District Howrah. Cases presented with jaundice. 05 water samples were sent to NICED for further in Hepatitis A of infection contamination of drinking water with drainage Symptomatic Chlorine tablets were distributed. Health education was given regarding importance of safe drinking water. RRT investigated given.","vestigation, and was found positive for Viral . District RRT investigated the outbreak. Source was found to be pipeline leakage and water. treatment was given to all the cases. District the outbreak. Health education was"
Gujarat,Panchmahal,Acute Flaccid Paralysis,07,0.0,22-02-22,22-02-22,Under Surveillance,"Cases reported from Village Khadi Faliya, SC Ward 2,3, PHC Khadi Faliya, Block Godhra, District Panchmahal. Cases presented with pain and weakness in upper and lower limbs, inability to walk. Seven stool and five throat swab samples were collected by WHO team and sent to Civil Hospital, Ahmedabad. Result is awaited. District RRT investigated the outbreak. Health education was given."
Kerala,Kasaragod,Leptospirosis,18,0.0,21-02-22,23-02-22,Under Surveillance,"Cases reported from Village Panathady, PHC Madikkai, FHC Karindalam, Block Nileshwer, District Kasaragod. Cases were reported among paddy field workers. They presented with fever. 63 blood samples were collected and sent to RPH Lab Kannur. Out of these, 18 were found to be positive for Leptospirosis by IgM ELISA. District RRT investigated the outbreak. Symptomatic treatment was given. Doxycycline prophylaxis was given to all. Health education"
Kerala,Ernakulam,Hepatitis B,09,0.0,13-12-21,02-03-22,Under Surveillance,"was given. Cases reported from Village Edakkattuvayal, PHC Thottur, Block Keeechery, District Ernakulam. Cases presented with fever, general weakness, jaundice and loss of appetite. 38 blood samples were collected and sent to RPH Lab, Ernakulam. Of these, seven samples were found positive for HBsAg. District RRT investigated the outbreak. Health education was given."
Karnataka,Tumkur,Chickenpox,09,0.0,24-02-22,25-02-22,Under Surveillance,"Cases reported from a school in Village Baguru, Taluka, Sira, District Tumkur. District RRT investigated the case. Two Blood samples were collected and both were found positive for Chickenpox by IgM ELISA. District RRT investigated the case. Health education was given."
Odisha,Subarnapur,Chickenpox,08,0.0,21-02-22,02-03-22,Under Control,"Cases reported from Village Lumurejuna, SC Bagbar SC, Block Birmarajpur SD, District Subarnapur. Cases presented with fever with rashes. District RRT investigated the case. No samples collected yet. Health education was given."
Tamil Nadu,Cuddalore,Food Poisoning,29,0.0,25-02-22,26-02-22,Under Control,"Cases reported from Village Athiyanallur, PHC Ayeepuram, HSC Velangipattu, Block Parangipettai, District Cuddalore. Two eggs and water samples were collected and sent to Regional Forensic Science Lab, Coimbatore and DPHL, Cuddalore. Result awaited. District RRT investigated the case. Health education was"
West Bengal,Burdwan,Food Poisoning,89,0.0,17-02-22,18-02-22,Under Surveillance,"given. Cases reported from Village Gurpara, SC Kopa, PHC Billeswar, Block Purba Bardhaman, District Burdwan. District RRT investigated the case. Two Rectal swab collected and sent to BMCH. Result awaited. District RRT investigated the case. Health education was given. Cases reported from Village Ward No. 2, DH"
West Bengal,South 24 Parganas,Acute Diarrheal Disease,21,0.0,23-02-22,23-02-22,Under Control,"Municipality, DHHD, District South 24 Parganas. Cases presented with vomiting, abdominal pain and loose stools. District RRT investigated the case. Five Rectal swabs were collected and sent to Diamond Harbour Govt. Medical College and Hospital. Result awaited. Symptomatic treatment was given to all the cases. Chlorine tablets were distributed. Health education was given regarding importance of safe drinking water."
West Bengal,Howrah DISEASE OUTBREAKS OF PREVIOUS WEEKS REPORTED LATE,Hepatitis A,56,0.0,02-02-22,09-02-22,Under Surveillance,"Cases reported from Village HMC Ward 63, SC Chasipara under Liluah Potuaparatua Para, PHC Satyasadhan Dhar Lane, Block Bhujanga Dhar Lane, District Howrah. Cases presented with vomiting, stomach and jaundice. District RRT investigated the case. Five water samples were collected from suspected taps of the households from different locations and sent to NICED. None of the samples showed any growth of organism. Seven blood samples were collected for lab investigation and all of them were found positive for Hepatitis A. Symptomatic treatment was given to all the cases. Bleaching powder was distributed. Health education was given regarding importance of safe drinking water."
Gujarat,Kheda,Acute Flaccid Paralysis (Epstein Bar Virus & Human Herpes Virus 7),02,0.0,27-02-22,28-02-22,Under Surveillance,"Cases reported from Village Kalsar, Vanoti; SC Kalsar-2, Vanoti; PHC Nesh, Dhunadara; Block Thasra; District Kheda. Cases presented with weakness of lower limbs and myalgia. Two nasopharyngeal, two oropharyngeal and three blood samples were sent to Shree Krishna Hospital Karamsad Di Anand. Both the nasopharyngeal swabs were positive for (Epstein Bar Virus & Human Herpes Virus-7). District RRT visited the affected area. House to house surveillance for active cases was done. Health education was given."
Gujarat,Mahisagar,Acute Flaccid Paralysis,02,0.0,24-02-22,25-02-22,Under Surveillance,"Cases reported from Village Moti Sarsan, Virpur; PHC Sarsan, Bar; Block Santrampur; District Mahisagar. Cases presented with weakness of lower limbs and myalgia. One blood sample was sent to SSG Hospital Vadodara and two water samples were sent WASMO Mahisagar. The blood sample showed no presence of organism. Both the water samples were found fit for drinking. District RRT visited the affected area. House to house surveillance for active cases was done. Health education was given."
Gujarat,Mahesana,Food Poisoning,1268,0.0,05-03-22,05-03-22,Under Surveillance,Cases reported from Village Savala; SC Kansarakui; PHC Kansarakui; Block Visnagar; District Mahesana. Cases presented with vomiting and abdominal pain. 29 stool samples and vomitus sample were sent to GH Mehsana and GMERS Vadnagar. Food sample was sent to F&D Department. Result awaited. All the stool and vomitus samples showed no organism. District RRT investigated the outbreak. Symptomatic treatment was given to all the cases. Chlorine tablets were distributed. Health education was given regarding importance of safe drinking water and properly cooked food.
Jharkhand,West Singhbhum,Food Poisoning,09,0.0,03-03-22,04-03-22,Under Surveillance,"Cases reported from Kasturba Ghandhi Balika Vidhayalay, Block CKP, District West Singhbhum. Cases presented with vomiting and dehydration. District RRT investigated the outbreak. Apparently, students had consumed food in the hostel mess. Symptomatic treatment was given to all the cases. Chlorine tablets were distributed. Health education was given regarding importance of safe drinking water, food hygiene and sanitation. Cases reported from Malippuram, PHC"
Kerala,Ernakulam,Acute Diarrheal Disease,21,0.0,24-02-22,07-03-22,Under Surveillance,"Nayarambalam, Nedungad, Ward 5. Cases presented with abdominal discomfort, abdominal pain, loose stools, vomiting, fever and head-ache. Two stool samples and five water samples were send to RPH lab for bacteriological test. Of these, four samples were found satisfactory and one showed non-fecal contamination. District RRT investigated the outbreak. Symptomatic treatment was given to all the cases. Chlorine tablets were distributed. Health education was given regarding importance of safe drinking water."
Karnataka,Tumakuru,Acute Diarrheal Disease,27,0.0,03-03-22,04-03-22,Under Control,"Cases reported from Taluk CN Halli, District Tumakuru. Cases presented with abdominal pain and loose stools. Five water samples were sent for lab investigations. Of these, four water samples were found unfit for consumption. Three stool samples were sent for lab testing. Of which, one sample showed presence of Enteropathogenic E.coli. District RRT investigated the case. Symptomatic treatment was given to all the cases. Chlorine tablets were distributed. Health education was given regarding importance of safe drinking water."
Maharashtra,Akola,Food Poisoning,102,0.0,01-03-22,02-03-22,Under Control,"Cases reported from Village & SC Ghungashi, PHC Parad, Murtizapur, District Akola. Cases presented with vomiting and loose stools. Food Sample was taken by Food & Drugs Department and result is still awaited. District RRT investigated the outbreak. People had apparently gathered for a birthday party and consumed food. Symptomatic treatment was given to all the cases. Chlorine tablets were distributed. Health education was given regarding importance of safe drinking water and properly cooked food."
Telangana,Hanumakonda,Food Poisoning,22,0.0,02-03-22,03-03-22,Under Control,"Cases reported from MPPS Primary School, Village Sriramulapally, PHC Kamalapur, District Hanumakonda. Cases presented with vomiting and abdominal pain. Water samples were collected and sent to RWS. Results awaited. District RRT investigated the outbreak. Symptomatic treatment was given to all the cases. Chlorine tablets were distributed. Health education was given regarding importance of safe drinking water and properly cooked food."
West Bengal,South 24 Parganas,Acute Diarrheal Disease,21,0.0,23-02-22,23-02-22,Under Control,"Cases reported from DHHD, DH Municipality, Ward No. 2. Cases presented with loose stools, fever, vomiting, and abdominal pain. Five rectal swabs were sent to Diamond Harbour Govt. Medical College and Hospital. No growth was found in any of the samples. District RRT investigated the outbreak. Symptomatic treatment was given to all the cases. Chlorine tablets were distributed. Health education was given regarding importance of safe drinking water and properly cooked food."
West Bengal,North 24 Parganas,Acute Diarrheal Disease,359,1.0,05-03-22,06-03-22,Under Surveillance,"Cases reported from ward no 8,9,10,12 ,13, 14/ Halisahar Municipality/ District North 24 Parganas. Cases presented with loose stools and abdominal pain. The deceased case was a 36 years old female. Four water samples were sent to NICED for microbiological testing and four to PHE Water lab for chlorine test. Three stool samples were sent to the NICED. It was found that residual free chlorine level was <0.1 mg/L for four water samples. Results for water and stool samples from NICED are awaited. District RRT investigated the case. Food was discarded and hence was not collected. Symptomatic treatment was given to all the cases. Chlorine tablets were distributed. Health education was given regarding importance of safe drinking water."
Jharkhand,DISEASE OUTBREAKS OF PREVIOUS WEEKS REPORTED LATE Simdega,Chickenpox,12,0.0,07-02-,Under 22 Control,Cases reported Chadrimunda Cases presented with fever and rashes. were collected sen investigation. positive for Varicella Zoster Virus by Patients investigated the outbreak. villagers,"from Village Jalpi Kasdega, HSC , CHC & Block Kurdeg, District Simdega. 4 blood samples t to the RIMS Ranchi for laboratory All the collected samples were found IgM ELISA positive. were treated symptomatically. District RRT Heath education was provided to regarding chickenpox."
West Bengal,Howrah,Viral Hepatitis A,60,0.0,02-02-,Under 22 Surveillance,"Cases reported from Dhar Lane, Chasipara under HMC WARD 63 abdominal pain, jaundice and vomiting. Five were collected from suspected taps and household sent to NICED samples. Seven b with high bilirubin and high SGPT, SGOT NICED. by IgM ELISA Hepatitis Symptomatic Chlorine tablets and bleaching powder were distributed. Pipelines were also repaired. Health education was given regarding importance of safe drinking and sanitation.","Bhujanga Dhar Lane, Satyasadhan Liluah Potuaparatua Para, , District Howrah. Cases presented with water samples s and . No organism was found in any of the water lood samples were collected from patients and were sent to All blood samples tested positive for Hepatitis A and one sample was also found positive for E. District RRT investigated the outbreak. treatment was given to all the cases. water, food hygiene"
Gujarat,Navsari,Acute Diarrheal Disease,57,0.0,08-03-22,08-03-22,Under Surveillance,"Cases reported from Village Kharsad Kodgara Faliya, SC Kharsad, PHC Krishnapur, Block Jalalpor, District Navsari. Cases presented with loose stools and abdominal pain. Two water samples and two stool samples were sent to DPHL Navsari. Both the water samples were found to be safe for drinking and no organism was found in stool samples. District RRT investigated the outbreak. Symptomatic treatment was given to all the cases. Chlorine tablets and ORS sachets were distributed. Health education was given regarding importance of"
Gujarat,Gandhinagar,Acute Diarrheal Disease,14,0.0,06-03-22,06-03-22,Under Surveillance,"safe drinking water and sanitation practices. Cases reported from Village/Block Kalol, PHC Urban Area, District Gandhinagar. Cases presented with loose stools, abdominal pain and vomiting. No samples were collected for lab analysis. District RRT investigated the outbreak. Symptomatic treatment was given to all the cases. Chlorine tablets and ORS sachets were distributed. Health education was given regarding importance of safe drinking water and sanitation practices. Cases reported from Village/Block Borsad, PHC"
Gujarat,Anand,Acute Gastroenteritis,24,1.0,05-03-22,03-03-22,Under Surveillance,"Borsad Urban, District Anand. Cases presented with loose stools, abdominal pain and vomiting. Nine stool samples and four water samples were sent to DPHL Petlad, Anand. Stool samples showed no organism and water samples were found unfit for drinking. The deceased case was a 6 year old female. District RRT investigated the outbreak. Symptomatic treatment was given to all the cases. Chlorine tablets and ORS sachets were distributed. Health education was given regarding importance of safe drinking water and sanitation practices."
Punjab,Faridkot,Hepatitis A & E,31,0.0,08-03-22,08-03-22,Under Surveillance,"Cases reported from CHC Jaitu, District Faridkot. Cases presented with loose stools, abdominal pain and vomiting. 16 blood samples were sent to GMC Amritsar. Of which, eight samples were found positive for Hepatitis A and two samples for Hepatitis E by IgM ELISA. District RRT investigated the outbreak. Symptomatic treatment was given to all the cases. Chlorine tablets and ORS sachets were distributed. Health education was given regarding importance of safe drinking water and sanitation practices."
Telangana,Adilabad,Food Poisoning,47,0.0,09-03- 2022,10-03-22,Under Control,"Cases reported from Kasturba Gandhi Balika Vidyalay Hostel, Vidyanagar, Adilabad Urban, District Adilabad. Cases presented with vomiting and abdominal pain. District RRT investigated the outbreak. It was observed in hostel mess. Food samples were sent for lab analysis and showed presence of E.coli and Staphylococcus aureus. The team had instructed the hostel staff to maintain appropriate food hygiene, personal hygiene and to maintain adequate sanitation measures."
Telangana,Adilabad,Food Poisoning,70,0.0,12-03-22,13-03-22,Under Control,"Cases reported from Kasturba Gandhi Balika Vidyalay Hostel, Bheempur, NTR Chowk, Adilabad Urban, District Adilabad. Cases presented with vomiting and loose stools. Water samples were collected and sent for lab analysis to RIMS, Adilabad. Result awaited. District RRT investigated the outbreak. It was observed in hostel mess. The team had instructed the hostel staff to maintain appropriate food hygiene, personal hygiene and to maintain adequate sanitation measures."
Telangana,Nalgonda,Dengue,06,0.0,11-03-22,12-03-22,Under Control,"Cases reported from Village Thippalammagudem, PHC Thipparthy, District Nalgonda. Cases presented with fever, headache and bodyache. District RRT investigated the outbreak. Four samples were sent for lab analysis. Of these, two samples showed positive for Dengue by IgM ELISA. District RRT investigated the outbreak. Source reduction activities like anti-larval sprays were used and fogging done. Health education was given regarding importance of vector control measures."
Telangana,Peddapalli,Food Poisoning,12,0.0,11-03-22,12-03-22,Under Control,"Cases reported from Village/SC/PHC, Block Medak Primary School, District Peddapalli. Cases presented with vomiting and abdominal pain. District RRT investigated the outbreak. Water sample was sent to Rural Water Supply and Sanitation Department and no organism was found. District RRT investigated the outbreak. Health education was given regarding appropriate food hygiene, personal hygiene and to maintain adequate sanitation measures."
Telangana,Peddapalli,Food Poisoning,20,0.0,09-03-22,10-03-22,Under Control,"Cases reported from Village ZPHS, Maidaram, Dharmaram Mandal, District Peddapalli. Cases presented with vomiting, loose stools and abdominal pain after consumption of food in school premises. Water sample was sent to Rural Water Supply and Sanitation Department and no pathogenic organism was found. District RRT investigated the outbreak. The team had instructed the school staff to maintain appropriate food hygiene, personal hygiene and to maintain adequate sanitation measures."
Tamil Nadu,Virudhunagar - Sivakasi,Food Borne Illness,07,0.0,07-03-22,08-03-22,Under Control,"Cases reported from Village Thirumalapuram, HSC Villupannur, PHC T. Managaseri, Block Srivilliputhur, District Virudhunagar – Sivakasi. Cases presented with vomiting and loose stools. Lab samples were not sent for lab analysis. District RRT investigated the outbreak. Symptomatic treatment was given to all the cases. Chlorine tablets and ORS sachets were distributed. Health education was given regarding appropriate food hygiene and adequate sanitation measures."
Tamil Nadu,Madurai,Chickenpox,25,0.0,05-03-22,07-03-22,Under Control,"Cases reported from Village/HSC Thenpalanji, PHC Nagamalai Pudukottai, Block Thirupparankundram, District Madurai. Cases presented with vesicular rashes, fever, headache and itchiness. District RRT investigated the outbreak. Lab samples were not sent. House to house survey of vesicular rash cases were done. Cases were isolated. Appropriate treatment was provided. Disinfection of infected houses was done. Health education was given. Cases reported from Village Halisahar"
West Bengal,North 24 Parganas,Acute Diarrheal Disease,556,0.0,05-03-22,06-03-22,Under Surveillance,"Municipality/ Ward no 8, 9, 10, 11, 12, 13, 14, 16, 17, 20, 22, District North 24 Parganas. Cases presented with loose stools and abdominal pain. District RRT investigated the outbreak. Four water samples were sent to NICED and four sent to PHE Lab. Three stool samples sent to NICED. No microorganism was found in rectal swab samples. District RRT investigated the outbreak. Symptomatic treatment was given to all the cases. Chlorine tablets and ORS sachets were distributed. Health education was given regarding importance of safe drinking water and sanitation practices."
Kerala,DISEASE OUTBREAKS OF PREVIOUS WEEKS REPORTED LATE Trivandrum,Dengue,09,0.0,22-02-,Under 22 Surveillance,"Cases reported from Village/PHC/Block Poovar, SC/HSC Beach, District District samples were sent for lab analysis, of which positive investigated the outbreak. Source reduction activities like anti-larval sprays were used and fogging done. Health education control measures.","Trivandrum. Cases presented with fever. RRT investigated the outbreak. Nine blood , four were for Dengue by IgM ELISA. District RRT was given regarding importance of vector"
Tamil Nadu,Ariyalur,Dengue,06,0.0,05-02-22,Under Control,"Cases reported from Village Keezha PHC, Ariyalur, District Ariyalur. Cases presented with fever and body pain. 10 blood samples and five water samples were sent to Government District samples, one sample was found positive for Dengue by IgM ELISA. Water samples showed absence of coliforms. District RRT investigated the outbreak. Source reduction activities like anti done. Health education was given regarding importance of vector control measures.","Street, PHC Urban HSC Oppilathaman, Block Kadugur, Raja Mirasudar Hospital, Thanjavur and Microbiology lab, Ariyalur. Out of 10 blood -larval sprays were used and fogging"
Tamil Nadu,Ariyalur,Pyrexia of Unknown Origin,15,0.0,31-01-,Under 22 Control,"Cases reported PHC/Block T. Palur, District with fever and body pain. 10 blood samples and four water samples were sent to District Microbiology Lab MCH. Water sample showed absence of coliforms. Each blood sample Chikungunya, RRT investigated the outbreak. Source reduction activities like anti-larval sprays were used and fogging done. Health education control measures.","from Village/HSC Nayaganaipriyal, Ariyalur. Cases presented -Ariyalur was negative for Dengue, Typhoid, Leptospirosis; Hepatitis A & E. District was given regarding importance of vector"
Tamil Nadu,Virudhunagar,Dengue,17,0.0,16-02-,Under 22 Control,"Cases reported Thandiyanenthal, District Virudhunagar. body pain. District RRT investigated the case. Five bloo samples were sent to DPHL Virudhunagar. Of these, three were found positive for Dengue by IgM ELISA. District RRT investigated the outbreak. Source reduction activities like anti-larval sprays were used and fogging done. Health education control measures.","from Village Nanthikudu, HSC PHC Mallankinar, Block Kariyapatti, Cases presented with fever and d was given regarding importance of vector"
Karnataka,Haveri,Acute Diarrheal Disease,25,0.0,17-03-22,18-03-22,Under Control,"Cases reported from Village-Konnur, PHC/ CHC-Tadas, Taluk-Shiggaon, District-Haveri. Blood samples and three water samples were collected and sent for lab analysis. Result awaited. District RRT investigated the outbreak. Symptomatic treatment was given to all the cases. Chlorine tablets were distributed. Health education was given regarding importance of safe drinking water. Case reported from Village-Bhukkapatna Town,"
Karnataka,Haveri,Acute Diarrheal Disease,36,0.0,18-03-22,19-03-22,Under Surveillance,"PHC/CHC-Bhukkapatna, Taluk-Sira, District- Tumakuru. Cases presented with stomach ache, loose stools and vomiting. Two vomiting sample, one stool sample, two water sample, food sample- rice, sambar collected for lab testing. Result awaited. District RRT investigated the outbreak. Symptomatic treatment was given to all the cases. Chlorine tablets were distributed. Health education was given regarding importance of"
Kerala,Idukki,Chickenpox,17,0.0,10-03-22,15-03-22,Under Control,"safe drinking water. Cases reported from Village- Peerumedu, HSC- Stage Brook, PHC & Block- Vandiperiyar, District-Idukki. Cases presented with vesicular rashes. District RRT investigated the outbreak. Symptomatic treatment was given to all the cases. Cases were isolated."
Kerala,Ernakulam,Acute Diarrheal Disease,16,0.0,11-03-22,22-03-22,Under Surveillance,"Cases reported from Village & PHC-Payipra, Block-Pandapilly, District-Ernakulam. Cases presented with mild fever, abdominal pain, vomiting, loose stools. Six water samples were collected from the water sources and sent to District Water Treatment Laboratory and three stool samples were sent to RPH Lab Ernakulam. None of the samples showed presence of any organism. District RRT investigated the outbreak. Symptomatic treatment was given to all the cases. Chlorine tablets were distributed. Health education was given regarding importance of safe drinking water."
Maharashtra,Akola,Chickenpox,05,0.0,15-03-22,17-03-22,Under Surveillance,"Cases reported from Village- Kinkhed Karodi, SC-Kinkhed, PHC-Sawara, Block-Akot, District- Akola. Cases presented with fever and vesicular rash over trunk, back, extremities, face. Itching, headache. Five blood samples were sent for lab investigations to GMC Akola. All of them were negative for Measles. District RRT investigated the outbreak. House to house mass surveillance was done. Anti-larval activities were carried out. done. Daily fever surveillance was done. Health education was given."
Maharashtra,Akola,Chikungunya,09,0.0,12-03-22,17-03-22,Under Surveillance,"Cases reported from Village- Barshitakli, SC- Sarkinhi, PHC- Hatola, Block-Mahan, District- Akola. Cases presented with fever and rashes over trunk, back, extremities and face. Five blood samples were sent for lab investigations to GMC Akola. All of them were negative for Measles and Rubella. One sample tested positive for Chikungunya by IgM ELISA. District RRT investigated the outbreak. House to house mass surveillance was done. Anti-larval activities were carried out. done. Daily fever surveillance was done. Health education was given."
Odisha,Koraput,Acute Diarrheal Disease,41,0.0,22-03-22,22-03-22,Under Control,"Cases reported from Village- Doraguda Sevasrama School, GP/SC- Doraguda, Block/CHC-Boipariguda, District-Koraput. Cases presented with loose motions. Seven water samples and 31 rectal swab samples were sent for lab. Investigation. Of the total rectal swab samples, four showed presence of E.coli and eight showed presence of Enterobacter species. Out of the total water samples sent, three showed presence of E.coli. District RRT investigated the outbreak. Symptomatic treatment was given to all the cases. Chlorine tablets were distributed. Health education was given regarding importance of safe drinking water."
Tamil Nadu,Krishnagiri,Food Borne Illness,07,0.0,18-03-22,21-03-22,Under Control,"Cases reported from Village- Mettusulagarai, HSC- Kattupatti, PHC- Anandur, Block-Mathur, District- Krishnagiri. Cases presented with vomiting, stomach ache, headache, nausea and abdominal pain. One water sample and one stool sample was sent to DPHL Krishnagiri. Water sample was found to be fit for drinking. Stool water showed no growth of any organism. Proper hygiene awareness imparted. District RRT investigated the case. Symptomatic treatment was given to all the cases. Chlorine tablets were distributed. Health education was given regarding importance of safe drinking water and properly cooked food. People were encouraged to use proper toilets."
Tamil Nadu,Krishnagiri,Food Borne Illness,06,0.0,19-03-22,21-03-22,Under Surveillance,"Cases reported from Village- Ramamirtham street, Sethirabalapuram, HSC- Asikkadu, PHC- Komal, Block- Konerirajapuram, District- Mayiladuthurai. Cases presented with vomiting, stomach ache, headache, nausea and abdominal pain. Drinking water sample was sent for lab analysis to Regional Public Health Water Analysis Laboratory, Trichy. It was found that the water sample was not fit for drinking.District RRT investigated the outbreak. Symptomatic treatment was given to all the cases. Chlorine tablets were distributed. Health education was given regarding importance of safe drinking water and properly cooked food."
Tamil Nadu,Thanjavur,Scrub Typhus,35,0.0,16-03-22,18-03-22,Under Surveillance,"Cases reported from Village- Sathangudi, HSC- Agarathur, PHC-Kothangudi, Block- Kumbakonam, District- Thanjavur. Cases presented with fever and body pain. Three water and seven blood samples were sent to DPHL Thanjavur. Out of seven blood samples, four were found positive for Scrub typhus by IgM ELISA and one sample was found positive for Dengue by IgM ELISA. Water sample was found to be non-potable. District RRT investigated the outbreak. Door to door surveillance was done, disinfection activities were carried out. Health education was given regarding importance of"
Tamil Nadu,Ranipet,Chickenpox,07,0.0,17-03-22,18-03-22,Under Control,"vector control measures. Cases reported from Village- Nandhimangalam, HSC-Ayal, PHC- Karadikuppam, Block- Sholinghur, District- Ranipet. Cases presented with vesicular rashes over the entire body. No samples were sent for lab analysis. House to house survey of vesicular rash cases were done. Cases were isolated. Appropriate treatment was provided. Disinfection of infected houses was done. Health education was given. Cases reported from TS & MRS School &"
Telangana,Mahabubabad,Food Poisoning,56,0.0,15-03-22,16-03-22,Under Control,"Collage, Village & SC-Seerole, PHC-Kuravi, Block-Mahabubabad, District-Mahabubabad. Cases presented with vomiting, abdominal pain and loose stools. Nine water samples were sent for bacterial and chemical testing. No pathogenic organism was isolated. District RRT investigated the outbreak. Pest control measures like spraying was done. sanitation with sodium hypochlorite was done in surroundings and school & college. Symptomatic treatment was given to all the cases. Health education was given regarding importance of safe drinking water and properly cooked food."
Uttar Pradesh,Pratapgarh DISEASE OUTBREAKS OF PREVIOUS WEEKS REPORTED,Food Poisoning,49,0.0,14-03-22,16-03-22,Under Surveillance LATE,"Cases reported from Village- Bibiyakaranpur, CHC & Block-Belkharnath, District-Pratapgarh. Cases presented with vomiting and abdominal pain. District RRT investigated the outbreak. Symptomatic treatment was given to all the cases. ORS sachets and chlorine tablets were distributed. Health education was given regarding importance of safe drinking water and properly cooked food."
Gujarat,Navsari,Acute Diarrheal Disease,19,0.0,27-03-22,27-03-22,Under Surveillance,"Cases reported from Village Kabilpor, SC Kala Smiada, PHC Chovisi, Block/District Navsari. Cases presented with loose stools and abdominal pain. Two stool samples were sent to DPHL Navsari. No pathogenic organism isolated. District RRT investigated the outbreak. Symptomatic treatment was given to all the cases. Chlorine tablets were distributed. Health education was given regarding importance of safe drinking water."
Gujarat,Kheda,Acute Diarrheal Disease,19,0.0,23-03-22,23-03-22,Under Surveillance,"Cases reported from Village/SC Vadad, PHC Vanghrolli, Block Galteshwar, District Kheda. Cases presented with loose stools and abdominal pain. Samples were not collected. District RRT investigated the outbreak. Symptomatic treatment was given to all the cases. Chlorine tablets were distributed. Health education was given regarding importance of safe drinking water."
Gujarat,Bhavnagar,Crimean- Congo hemorrhagic fever,01,0.0,24-03-22,24-03-22,Under Surveillance,"Cases reported from Village/SC Ramdhari, PHC Songadh, Block Sihor, District Bhavnagar. Case presented with fever, vomiting, loose stools, joint pain and bleeding per rectum. 10 blood samples were collected and sent to NIV Pune. Of these, one was found positive for Crimean Congo haemorrhagic fever by District RRT investigated the case. Health education was given."
Gujarat,Surendranagar,Food Poisoning,57,0.0,27-03-22,27-03-22,Under Surveillance,"Cases reported from Village/SC/PHC Piprali, Block Chotila, District Surendranagar. Cases presented with vomiting and abdominal pain. District RRT investigated the outbreak. Apparently people had gathered for a baby shower ceremony, where they consumed food. Symptomatic treatment was given to all the cases. Chlorine tablets were distributed. Health education was given regarding importance of safe drinking water and properly cooked food."
Haryana,Panchkula,Suspected Typhoid,06,0.0,26-03-22,26-03-22,Under Control,"Cases reported from Sector-19, District Panchkula. Cases presented with loose stools and vomiting. 44 blood samples were collected. Out of which, 13 samples were found positive for Typhoid by Widal test. District RRT investigated the case. It was found that drinking water supply was contaminated with sandy water. Symptomatic treatment was given to all the cases. Chlorine tablets were distributed. Health education was given regarding importance of"
Jharkhand,Godda,Suspected Measles,10,0.0,25-03-22,26-03-22,Under Control,"safe drinking water. Cases reported from Village Sijuakole, SC Gorantia, PHC/Block Boarijore, District Godda. Cases presented with fever, maculopapular rashes and cough. Three blood and one throat swab sample collected and sent to RIMS, Ranchi. All of them were found negative for measles. Four out of 10 cases were vaccinated for Measles. District RRT investigated the case. Health education was given."
Karnataka,Bagalkote,Food Poisoning,63,0.0,22-03-22,27-03-22,Under Surveillance,Cases reported from Taluk/District Bagalkote. Cases presented with vomiting and abdominal pain. District RRT investigated the case. Six rectal swab samples collected. Two water samples were found unfit for drinking. Enteropathogen E. coli was isolated from four rectal swabs. Symptomatic treatment was given to all the cases. Chlorine tablets were distributed. Health education was given regarding importance of safe drinking water and properly cooked food.
Karnataka,Dakshina Kannada,Acute Diarrheal Disease,29,0.0,22-03-22,27-03-22,Under Surveillance,"Cases reported from Taluk Mangalore, District Bagalkote. Cases presented with vomiting and abdominal pain. Two stool samples were collected and sent to DPHL. Four water samples were found unfit for drinking and three found potable for drinking. Symptomatic treatment was given to all the cases. Chlorine tablets were distributed. Health education was given regarding importance of safe drinking water and properly cooked food."
Kerala,Kottayam,Food Poisoning,09,0.0,22-03-22,23-03-22,Under Surveillance,"Cases reported from FWC Nattakom, Ward-42, CHC Panachikadu, PHC Mariyappally, Block Symala Hostel, District Kottayam.. Cases presented with vomiting and abdominal pain. Food samples were collected and sent to Lab TVM and water sample was also collected. Result awaited. Symptomatic treatment was given to all the cases. Chlorine tablets were distributed. Health education was given regarding importance of safe drinking water and"
Maharashtra,Raigad,Dengue,11,0.0,21-03-22,25-03-22,Under Surveillance,"properly cooked food. Cases reported from Padavi, Tal Mahad, PHC Warandh, District Raigad. Cases presented with fever and joint pain. Four samples were collected and sent to Sentinel Centre, Thane. All four samples were found positive for Dengue by IgM ELISA. District RRT investigated the outbreak. Anti-larval spray was used and fogging done. Health education was given regarding"
Rajasthan,Pali,Fever with Rashes,11,0.0,28-03-22,30-03-22,Under Control,"importance of vector control measures. Cases reported from Village Ana, SC Sadri, PHC Pali City, Block Desuri, District Pali. Cases presented with cough, coryza and conjunctivitis. Nine blood samples were sent to Medical College, Jaipur. District RRT investigated the outbreak. Health education was given."
Rajasthan,Sri Ganganagar,Viral Hepatitis,23,1.0,25-03-22,29-03-22,Under Surveillance,"Cases reported from Ward- 3,4,6,13, PHC Arayan, Block Srikaranpur, District Sri Ganganagar. Cases presented with fever and jaundice. District RRT investigated the outbreak. 23 blood samples were collected and sent for testing. Of these, three samples were found positive for Hepatitis B by HBsAg. Health education was given."
Tamil Nadu,Ramanathapuram,Food Borne Illness,63,0.0,25-03-22,25-03-22,Under Control,"Cases reported from Village Kavalaivendran, HSC Ooranikottai, PHC Mangalakudi, Block Thiruvadanai, District Ramanathapuram. Cases presented with loose stools, vomiting and abdominal pain. District RRT investigated the outbreak. Apparently all the affected persons had consumed old beef for the dinner. Food samples were collected and sent to Food Safety Department, Ramanathapuram and two water samples were sent to DPHL Ramanathapuram. Result awaited. Health education was given regarding importance of safe drinking water and properly cooked food."
Tamil Nadu,Salem,Food Borne Illness,30,0.0,22-03-22,23-03-22,Under Surveillance,"Cases reported from Village Sentharapatti TP – 3Ward, HSC Manmalai Palakadu, PHC Sentharapatti, Block Gangavalli, District Salem – Attur. Cases presented with loose stools, vomiting and abdominal pain. District RRT investigated the outbreak. Two beef curry broths were sent to Food Analytics Department, Salem. Result awaited. Two stool and four water samples were sent to DPHL Mettur and both of them were found negative for Salmonella, Shigella and Vibrio Cholera. Health education was given regarding importance of safe drinking water and properly cooked food."
Tamil Nadu,Namakkal,Chickenpox,32,0.0,25-03-22,25-03-22,Under Control,"Cases reported from Village Kariyampatty, Periyachekkadi, Chettiur, HSC Kariyampatty, PHC Mullukurichi, Block Namagiripettai, District Namakkal. Cases presented with fever and generalized maculo-papulo-vesicular rashes. Cases were diagnosed clinically. Most of the cases belonged to 5-10 years. District RRT investigated the outbreak. Door to door surveillance and regular school surveillance was done. Disinfection activities were carried out. Drinking water supply was chlorinated. Health education was given."
Tamil Nadu,Ariyallur,Acute Diarrheal Disease,14,0.0,24-03-22,24-03-22,Under Surveillance,"Cases reported from Village Periyaaranmanai St, Nadu Agraharam, UPHC/PHC Ariyalur, Block Kadugur, District Ariyallur. Cases presented with loose stools and abdominal pain. 10 water and one stool sample was sent to Ariyallur Medical College & Hospital. Of these, two samples were found not fit for drinking. District RRT investigated the outbreak. Symptomatic treatment was given to all the cases. Chlorine tablets were distributed. Health education was given regarding importance of safe drinking water."
West Bengal,South 24 Parganas DISEASE OUTBREAKS OF PREVIOUS WEEKS REPORTED LATE,Acute Diarrheal Disease,35,0.0,26-03-22,26-03-22,Under Surveillance,"Cases reported from Village Radhakrishnapur & Rudranagar, GP Rudranagar, Block Sagar, District South 24 Parganas. Cases presented with loose stools and abdominal pain. One stool and four rectal swab samples were sent to Diamond Harbour Govt. Medical College & Hospital. One food sample was sent to West Bengal Public Health Lab. Result awaited District RRT investigated the outbreak. Symptomatic treatment was given to all the cases. Chlorine tablets were distributed. Health education was given regarding importance of safe drinking water"
Jharkhand,Sahibganj,Measles,63,0.0,16-12-21,29-03-22,Under Control,"Cases reported from Village- Ghatyari, Masania, and Talidih HSC- Asanbona, PHC & Block- Mandro, District-Sahebganj. Cases presented with fever and rashes. 22 blood samples were collected and sent to the Institute of Serology, Kolkata, and 18 were found positive for Measles by IgM ELISA. Out of 63 positive cases, four were MR vaccinated. District RRT investigated the outbreak. House to house survey was done. Vitamin A was given and cases were treated symptomatically. Health education was given regarding the importance of immunization."
Jharkhand,Godda,Measles,02,0.0,29-03-22,30-03-22,Under Control,"Case reported from Village- Ghatdharampur, SC- Logai, PHC & Block-Mahagama, District- Godda. Cases presented with fever and maculopapular rashes all over the body. The immunization status of the cases is unknown. Two blood samples were sent to RIMS, Ranchi for IgM ELISA for Measles. One sample was found to be positive for Measles. District RRT investigated the outbreak Vitamin A solutions and symptomatic treatment was given. Health education was given regarding the importance of immunization."
Kerala,Ernakulam,Acute Diarrheal Disease,21,0.0,21-03-22,06-04-22,Under Surveillance,"Cases reported from Division 15, Kochi Corporation Area, UPHC-Edakochi, Kumbahalangi, District- Ernakulam. Cases presented with abdominal pain, loose stools and vomiting. Three water samples were collected from the KWA pipe and sent to Regional Public Health Laboratory, Ernakulam for bacteriological analysis. All samples were found to be sterile. District RRT investigated the outbreak. Symptomatic treatment was given to all the cases. Super chlorination was done in the pump house. ORS sachets were distributed. Health education was given regarding importance of hand washing and safe drinking water."
Kerala,Thrissur,Acute Diarrheal Disease (Shigella),7,0.0,30-03-22,04-04-22,Under Surveillance,"Cases reported from PHC Vallathol Nagar, Block-CHC Thiruvilwamala, District -Thrissur. Cases presented with loose stools and abdominal pain. Two stool samples were sent to the Department of Microbiology, GMC Thrissur for Stool Culture and the result came as positive for Shigella flexneri. Water sample was also sent for analysis at the Microbiology lab and the result is awaited. District RRT investigated the outbreak and symptomatic treatment was given. Health education on the safe drinking water and on the importance of hand hygiene was delivered"
Kerala,Kollam,Food Poisoning,18,0.0,28-03-22,01-04-22,Under Surveillance,"Cases reported from Kundara, Perumon FHC, Panayam Panchayath. Cases presented with vomiting, loose stools and abdominal pain. Cases had apparently consumed ice cream from a shop inside the temple premises. Food samples were collected by the Food Safety Department and sent to Analytical lab, Trivandrum. Result awaited. District RRT investigated the outbreak and visited nearby houses and stalls, chlorinated all the water sources, and distributed ORS sachets. Health education was given regarding the importance of safe drinking water."
Kerala,Thiruvanantha puram,Dengue,08,0.0,16-03-22,05-04-22,Under Surveillance,"Cases reported from FHC Pangappara/ FWC Thuruvikkal/ Akkulam, District- Thiruvananthapuram. Cases presented with fever and bodyache. Eight blood samples were collected and sent to KIMS hospital and GG hospital for NS1 antigen and IgM ELISA for dengue. Out of these, three NS1 antigen and one IgM ELISA tested positive for dengue from KIMS hospital and two NS1 antigen tested positive from GG hospital. District RRT investigated the outbreak. Fever survey was done. Anti-larval spray and fogging was done. Health education was given regarding the importance of vector control measures."
Kerala,Idukki,Food Poisoning,12,0.0,28-03-22,02-04-22,Under Control,"Cases reported from Block-Muttom, PHC- Vazhathope, Sub Centre: Painavu, District- Idukki. Cases presented with vomiting and abdominal pain.. three of the cases had apparently consumed food from the same hotel. Water sample collected and was sent to PH Lab Eranakulam. for bacteriological analysis Result awaited. District RRT investigated the outbreak, D&O trade inspection was done. Health education was given regarding the importance of safe drinking water and sanitation."
Karnataka,Davanagere,Acute Diarrheal Disease,21,0.0,27-03-22,28-03-22,Under Control,"Cases reported from Village- Kalledevarapura, PHC/CHC- Kalledevarapura, Taluk-Jagaluru, District- Davanagere. Cases presented with loose stools and vomiting. Three water samples; two stool samples were collected and sent to DPHL All of the water samples were found to be potable and no growth of enteropathogens was found in the stool culture. District RRT investigated the outbreak and symptomatic treatment was given to the cases. Health education on safe drinking water and importance of hand hygiene was imparted."
Karnataka,Koppal,Food Poisoning,50,0.0,29-03-22,30-03-22,Under Control,"Cases reported from Village- Hulegudda, PHC & CHC- Vajrabandi, Taluk- Yelburga, District- Koppal. Cases presented with nausea, vomiting, and abdominal pain. Five stool samples and five water samples were sent to DPHL, Koppal for further investigations; result awaited. District RRT investigated the outbreak and symptomatic treatment was given to the cases. Health education given on the importance of hand hygiene and safe drinking water."
Maharashtra,Akola,Chikungunya,03,0.0,29-03-22,30-03-22,Under Surveillance,"Cases reported from Village-Sagad, SC-Nimbha, PHC-Ural, Block-Balapur. Cases presented with fever and body ache Six blood samples and seven serum samples were collected and sent to GMC Akola for IgM ELISA Dengue and Chikungunya. Three were found to be positive for Chikungunya. District RRT investigated the outbreak and carried out source reduction activities such as emptying containers, clearing drainage systems Anti-larval spray was done. Health education was given regarding the importance of vector control measures.. Cases reported from Village- Banamaliput, SC-"
Odisha,Koraput,Acute Diarrheal Disease,09,1.0,04-03-22,04-04-22,******,"Banamaliput, PHC- Banamaliput, CHC- Nandapur, Block- Lamtaput, District- Koraput. Cases presented with abdominal pain, loose stools and nausea. Five water samples and three rectal swabs were collected and sent to DPHL for bacteriological analysis. All five water samples were found to be nonpotable and no Enteropathogen was found in any stool sample. District RRT investigated the outbreak and before the visit of RRT, the death of a 32-year- old male occurred. House to house survey was conducted and all the cases were given symptomatic treatment. Health education was given on the importance of safe drinking water."
Odisha,Ganjam,Acute Diarrhoeal Disease,83,0.0,05-04-22,07-04-22,Under Control,"Cases reported from Village- Bakharakota, SC- Baharapur, Block- Dhorakote, District- Ganjam. Cases presented with watery diarrhea and vomiting. Five rectal swab and six water samples collected and sent to District Public Health Laboratory and MKCG MCH, Berhampur for Bacteriological examination. No Enteropathogenic organism found in any stool sample and all of the water samples were found to be non-potable. District RRT investigated the outbreak and house to house survey was conducted. Symptomatic treatment to the cases was given along with ORS sachets. Water sources were disinfected. Health education on safe drinking water and the importance of sanitation was given."
Odisha,Ganjam,Acute Diarrhoeal Disease,69,0.0,03-04-22,04-04-22,Under Control,"Cases reported from Village & SC- Karatali, GP- Bipuling, CHC- Municipentha, Block- Chatrapur, Cases presented with abdomen pain, fever, watery diarrhea and vomiting. One rectal swab and four water samples were collected and sent to District Public Health Laboratory for Bacteriological examination. No Enteropathogenic organism found in the stool sample and all of the water samples were found to be nonpotable. District RRT investigated the outbreak and house to house survey was conducted. Symptomatic treatment to the cases was given along with ORS sachets. Water sources were disinfected. Health education on safe drinking water and the importance of"
Odisha,Koraput,Acute Diarrhoeal Disease,08,0.0,28-03-22,29-03-22,Under Control,"sanitation was given.. Cases were reported from Village- K. Podapadar, GP/SC-Kollar, Block/CHC-Boipariguda, District-Koraput. Cases presented with loose motion, headache and fever. Five water sample and eight rectal swabs were collected and sent to DPHL No Enteropathogenic organism was found in any of the stool samples and Out of the five water samples two tested positive for E.coli and three for Enterobacteriaceae. Block RRT investigated the outbreak. Symptomatic treatment and ORS sachet was given and Health Education on importance of safe drinking water and sanitation was imparted."
Punjab,Nawanshahr,Hepatitis-A,207,0.0,28-03-22,28-03-22,Under Surveillance,"Cases were reported from urban Nawanshehr, Block PHC - Muzaffarpur, District Nawashehr Cases presented with abdominal pain and nausea. 10 blood samples were collected and sent to SRL GMC Amritsar out of which three were found to be reactive on ELISA for Hepatitis A Out of 10 water samples collected and sent to SPHL seven were found to be non-potable. Symptomatic treatment was given and health education on the importance of safe drinking water and sanitation was imparted."
Punjab,Rupnagar,Hepatitis-A,35,0.0,1-04-22,1-04-22,Under Surveillance,"Cases reported from Urban area, Anandpur Sahib, Block PHC - Kiratpur Sahib, District Ropar. Cases presented with nausea and abdominal pain. 35 blood samples were collected and sent to SRL GMC Patiala, one sample was found to be reactive on ELISA for Hepatitis A 12 water samples collected and sent to SPHL it was found that all water samples were non- potable. District RRT investigated the outbreak and house to house survey was conducted Symptomatic treatment was given and health education on the importance of safe drinking water and sanitation was imparted."
Rajasthan,Sri Ganganagar,Jaundice,23,1.0,25-03-22,29-03-22,Under Surveillance,"Cases reported from ward-3,4,6,13, PHC- Arayan, Block- Srikaranpur, District-Sri Ganganagar. Cases presented with abdominal pain and nausea. 25 blood samples were sent to CHC Karanpur and Kesrisinghpur Lab for bilirubin, SGOT and SGPT. Five samples showed elevated. Details of the death awaited. The drinking water pipeline leakage was found to be contaminated with sewage. District RRT investigated the outbreak, pipeline was repaired and superchlorination of drinking water was done. Symptomatic treatment was given. Health education was given on the importance of safe drinking water."
Tamil Nadu,Pudukkottai,Dengue,15,0.0,30-03-22,30-03-22,Under Control,"Cases reported from Village- Valavampatti, HSC & PHC- Adhanakottai, Block & District- Pudukottai. Cases presented with fever and generalized bodyache. Five blood serum samples were sent for testing Dengue IgM Elisa and Dengue Ns1 Elisa, Scrub Typhus, Leptospirosis, Chikungunya and Widal Test to DPHL Aranthangi. It was found that one sample tested positive for Dengue IgM and two for Dengue Ns1. Also, two water samples were sent to Water Analysis lab, Trichy, and they were found to be potable. District RRT investigated the outbreak and a medical camp was set up. Vector control activities such as fogging and cleaning of overhead tanks were carried out. Health education regarding the importance of vector control measures was given."
Tamil Nadu,Krishnagiri,Food Poisoning,18,0.0,31-03-22,01-04-22,Under Control,"Cases reported from Village- Puthupatti, Mottanguruchi, PHC & HSC- Hanumantheertham, Block- Uthangarai, District- Krishnagiri. Cases presented with nausea, vomiting and abdominal pain. One food and water sample were collected and each was sent to DPHL- Krishnagiri, Result: No pathogenic growth was found in the food sample and the water sample was found to be potable. District RRT investigated the outbreak house to house survey was conducted and monitoring of water chlorination was done cases were given symptomatic treatment. Health education was given on the importance of safe drinking water"
Tamil Nadu,Tiruchirappalli,Chickenpox,24,0.0,28-03-22,04-04-22,Under Surveillance,"and hand hygiene. Cases reported from Village- Andhanallur 4th ward, HSC, PHC & Block- Andhanallur, District- Tiruchirappalli. Cases presented with fever, rashes, and itching. 24 serum samples and nasopharyngeal swabs were collected and sent to King Institute of Preventive Medicine, Chennai. Result awaited District RRT investigated the outbreak and Isolation of cases were done. Symptomatic treatment was administered to all the cases and Health Education was given."
Telangana,Jagtial,Food Poisoning,25,0.0,02-04-22,03-04-22,Under Control,"Cases reported from Mahatma Jyotibaphule Girls Residential School, Chittapur Metla (V), Metpally (M), District-Jagtial. Cases presented with nausea, vomiting and abdominal pain. All the cases were found to have consumed a drink called Ugadi Pachhadi. Five blood samples were collected and sent to DPHL and tested for CBC and IgM ELISA for Typhoid. It was found that all the parameters were within normal range and non-reactive for typhoid. District RRT investigated the outbreak and conducted a Medical camp the cases were given symptomatic treatment and Health education on hand hygiene and sanitation was imparted."
Uttarakhand,Haridwar DISEASE OUTBREAKS OF PREVIOUS WEEKS REPORTED LATE,Food Poisoning,89,0.0,03-04-22,04-04-22,Under Control,"Cases reported from Kangdi Shyampur, Gajiwali, Bhupatwala, Bhrampuri. Cases presented with abdominal pain, vomiting and loose stools after consuming meals made of buck wheat flour. Four stool samples were sent for culture to DPHL Govt Mela Hospital Haridwar No Enteropathogenic organism was found in any of the samples. Nine food samples were sent to the State food and drug testing laboratory Rudrapur and Result awaited. District RRT investigated the outbreak and symptomatic treatment was given, Health education given on the importance of safe drinking water and sanitation."
Karnataka,Dakshina Kannada,Acute Diarrheal Disease,12,0.0,02-04-22,03-04-22,Under Control,"Cases reported from Taluk Mangalore, District Dakshina Khannada. Cases presented with loose stools and nausea. Three water samples were collected and sent to DPHL Dakshin Kannada for bacteriological analysis. Out of all the samples, one water sample was found to be non-potable. District RRT investigated the outbreak and symptomatic treatment and ORS sachet were given to all cases. Health education was given on the importance of safe drinking water and hand hygiene."
Jharkhand,Godda,Chickenpox,05,0.0,14-04-22,14-04-22,Under Surveillance,"Case reported from Poreyahat, Danre, Harijantola. District Godda. Cases reported with fever and vesicular rashes all over the body. Five blood samples were collected and sent to RIMS, Ranchi for IgM ELISA for Chicken Pox and it was found that four of these samples tested positive for chickenpox. District RRT investigated the outbreak, isolation of cases was done and symptomatic treatment was given to all the cases."
Meghalaya,South West Garo Hills,Chickenpox,32,0.0,02-04-22,18-04-22,Under Control,"Health education was imparted. Cases reported from PHC Mellim, District South West Garo Hills Cases presented with fever and rash. District RRT investigated the outbreak and symptomatic treatment was given to all the cases. Health education was imparted. Cases reported from village Patharkhumpa, SC"
Odisha,Angul,Food Poisoning,18,0.0,08-04-22,09-04-22,Under Control,"Ambasaramunda, CHC Madhapur, Block Athamallik, and District Angul. Cases presented with symptoms of nausea and vomiting. Three water samples were collected and sent to DPHL, Angul for bacteriological analysis. It was found that all samples were sterile. District RRT investigated the outbreak and cases were treated symptomatically. Health education was given on the importance of safe drinking water."
Telangana,Hyderabad,Acute Diarrheal Disease,95,0.0,08-04-22,07-04-22,Under Control,"Cases reported from Vaddera Basthi, Madhapur, Rangareddy, and District Hyderabad.Cases presented with loose stools and abdominal pain. Three water samples were collected and sent to DPHL for bacteriological analysis. Result awaited District RRT investigated the outbreak and symptomatic treatment and ORS sachet was given to cases. Health education was given on the importance of safe drinking water and hand hygiene."
West Bengal,Hooghly,Cholera,50,0.0,06-04-22,07-04-22,Under Surveillance,"Cases reported from Village Jakri, GP Rammohan I, Block Khanakul, and District Hooghly. Cases presented with loose stools, vomiting and abdominal pain. Five water and five stool samples were collected and sent to NICED Kolkata. Out of five water samples, three were found to be nonpotable and two of the stool samples showed growth of Vibrio cholera Ogawa strain. District RRT investigated the outbreak and house to house survey was done. Symptomatic treatment was given. Health education on the importance of safe drinking water and hand hygiene was given."
Haryana,DISEASE OUTBREAKS OF PREVIOUS WEEKS REPORTED LATE Nuh,Measles,09,,00 23-03,Under -22 Surveillance,"Cases reported from Village Dhadhola, SC Wazidpur, PHC Marora, District Nuh.. Cases presented with Fever, Rash, Cough, conjunctivitis and coryza. Five blood samples were collected and sent to Maharishi Valmiki Infectious Hospital (MVID) Delhi for Measles I samples tested positive for Measles. Among all of the cases only one investigated the outbreak and cases were given symptomatic treatment and immunization was started in the affected area. Health education was given in schools and community on the importance of immunization.",g M ELISA. Two out of five was vaccinated for Measles. District RRT
Karnataka,Chikkaballapura,Chickenpox,17,,00 27-03,Under -22 Control,Cases Chikkaballapura. Cases vesicular rash. Seven serum samples were collected and sent to BMC Banglore for IgG ELISA RRT investigated the outbreak and house to house survey was conducted. symptomatic education was given.,"reported from Taluk Begepalli, District presented with fever, malaise and . Result awaited. District Isolation of cases was done and treatment was given to all cases. Health"
Jharkhand,Godda,Measles,14,0.0,10-04-22,12-04-22,Under Surveillance,"Cases reported from Thakurgangti, Chanda, District Godda. Cases presented with fever, maculopapular rashes and body pain. Four blood samples were collected and sent to RIMS, Ranchi. Of these, one sample was found positive for Measles by IgM ELISA. District RRT investigated the outbreak. The vaccination status of the case is unknown. Health education was given regarding importance of vaccination. Cases reported from Village Heruru, PHC/CHC"
Karnataka,Tumkuru,Food Poisoning,19,0.0,11-04-22,12-04-22,Under Surveillance,"Santhemavathur, Taluk Kunigal, District Tumkuru. Cases presented with abdominal pain, vomiting and loose stools. Two stool and four water samples were sent to DPHL. Result awaited. Cases had apparently consumed temple offerings which were prepared by using tab water. District RRT investigated the outbreak. Symptomatic treatment was given to all the cases. Chlorine tablets were distributed. Health education was given regarding importance of safe drinking water and properly cooked food."
Odisha,Ganjam,Acute Diarrheal Disease,32,0.0,11-04-22,12-04-22,Under Surveillance,"Cases reported from Village Badapur, SC Mochakote, Block Dhorakote, District Ganjam. Cases presented with loose stools and vomiting. Three rectal swabs and two water samples were collected and sent to District Public Health Laboratory and to MKCH MCH, Berhampur. None of the rectal swabs showed presence of any pathogenic organism. District RRT investigated the outbreak. Symptomatic treatment was given to all the cases. Chlorine tablets were distributed. Health education was given regarding importance of safe drinking water."
Odisha,Ganjam,Acute Diarrheal Disease,39,0.0,08-04-22,12-04-22,Under Surveillance,"Cases reported from Village Badulla, SC Jharapari, Block Dhorakoter, District Ganjam. Cases presented with loose stools and vomiting. Seven water samples were collected and sent to District Public Health Laboratory. Water sample was found to be unfit for drinking. District RRT investigated the outbreak. Symptomatic treatment was given to all the cases. Chlorine tablets were distributed. Health education was given regarding importance of safe drinking water. Cases reported from Village Motherson"
Tamil Nadu,Kancheepuram,Food Borne Illness,15,0.0,16-04-22,18-04-22,Under Control,"Company, HSC Vadukupattu, Block Elichur, District Kacheepuram. Cases presented with abdominal pain, loose stools and vomiting. District RRT investigated the outbreak. 05 food samples were collected and sent to King Institute Guindy, Chennai. All the food samples were found to be negative for E.coli, Staphylococcus aureus, bacillus cereus and Salmonella. District RRT investigated the outbreak. Cases had apparently consumed food and water in a company where they were working. Symptomatic treatment was given to all the cases. Chlorine tablets were distributed. Health education was given regarding importance of"
Tamil Nadu,Kallakurichi,Acute Diarrheal Disease,14,0.0,17-04-22,18-04-22,Under Surveillance,"safe drinking water and properly cooked food. Cases reported from Village Nedumudaiyan, HSC Thimachur, PHC Edaiyur, Block G. Ariyur, District Kallakurichi. Cases presented with abdominal pain, loose stools and vomiting. Three water and three stool samples were collected and sent to DPHL Kallakurichi. The water was found not fit for drinking. No pathogenic organism was isolated from stool samples. District RRT investigated the outbreak. Symptomatic treatment was given to all the cases. Chlorine tablets were distributed. Health education was given regarding importance of safe drinking water."
Uttar Pradesh,Lucknow,Chickenpox,10,0.0,12-04-22,13-04-22,Under Surveillance,"Cases reported from Village Sahiyagojhi, PHC Daudnagar, CHC Mohanlalganj, District Lucknow. Cases presented with fever and rashes. District RRT investigated the outbreak. Health education was given regarding personal hygiene and proper sanitation measures. Cases reported from Village Ramberia Deulberia, PO Murakata, SC Khirati, GP Bhagnantapur-II, District Medinipur. Cases"
West Bengal,Paschim Medinipur,Acute Diarrheal Disease,105,0.0,12-04-22,13-04-22,Under Control,"presented with abdominal pain, loose stools and vomiting. Three stool and two water samples were collected and sent to MMCH and to PHE respectively. The water sample was found fit for drinking. Result of stool sample is awaited. District RRT investigated the outbreak. They concluded the probable source of infection to be an old water tank which was used for drinking water purpose and also used dirty pond water for washing and bathing purposes. Symptomatic treatment was given to all the cases. Chlorine tablets were distributed. Health education was given regarding importance of safe drinking"
West Bengal,South Parganas,Food Poisoning,160,0.0,16-04-22,17-04-22,Under Surveillance,"water. Cases reported from Rajpur Sonarpur Municipality ward no-27 (Ukhila), District South Parganas. Cases presented with abdominal pain, loose stools and vomiting. Seven stool samples were collected and sent to SSKM and three food samples were sent to Public Health Laboratory. Result awaited. District RRT investigated the outbreak. Cases had apparently gathered for a religious ceremony where they had consumed food. Symptomatic treatment was given to all the cases. Chlorine tablets were distributed. Health education was given regarding importance of safe drinking water and properly cooked food."
West Bengal,North 24 Parganas DISEASE OUTBREAKS OF PREVIOUS WEEKS REPORTED LATE,Acute Diarrheal Disease,132,0.0,17-04-22,19-04-22,Under Surveillance,"Cases reported from Badartala, Nagarthuba, W- 11 Habra Municipality, Under North 24 Parganas, District North 24 Parganas. Cases presented with abdominal pain, loose stools and vomiting. One water, one food and four rectal swab samples were sent to NICED & WBPHL. Result awaited. District RRT investigated the outbreak. Symptomatic treatment was given to all the cases. Chlorine tablets were distributed. Health education was given regarding importance of safe drinking water."
Kerala,Palakkad,Dengue,18,0.0,26-03-,Under 22 Surveillance,"Cases reported from CHC Koduyur, FHC Palassana Pallassan, District Palakkad. Cases presented with fever and bodyache. 11 blood samples were positive for Dengue by NS1 RDT which were sent to DH Lab, Pallakad for confirmation by ELISA and all were found negative for Dengue by IgM ELISA. District RR outbreak. Anti Health education was given regarding importance of vector control measures.",", FWC T investigated the -larval spray was used and fogging done."
Karnataka,Chamarajanagara,Chikungunya,30,0.0,05-04-,Under 22 Surveillance,"Cases reported Hallikere Chamarajanagara. Cases presented with fever, backache and rashes. Chamarajanagara. Of these, positive for Chikungunya by IgM ELISA. investigated the outbreak. Anti fogging importance of vector control measures.","from Village Jannur Hosur, PHC/CHC Hundi, Taluk Chamarajanagara, District Lab samples were sent to DPHL, seven samples were found District RRT -larval spray was used and done. Health education was given regarding"
Karnataka,Bellary,Chikungunya,11,0.0,06-04-,Under 22 Surveillance,"Cases reported Korlagundi, presented samples were collected and sent to DPHL. Of these, four samples were found ELISA. District RRT investigated the outbreak. Anti spray was used and fogging done. Health education was given regarding importance of vector control measures.","from Village Sirdaragodda, PHC/CHC Taluk Bellary, District Bellary. Cases with fever, bodyache and rashes. Six blood positive for Chikungunya by IgM -larval"
Gujarat,Junagadh,Food Poisoning,64,0.0,18-04-22,18-04-22,Under Surveillance,"Cases reported from Village Saroda, PHC Kevadra, District Junagadh. Cases presented with vomiting and abdominal pain. District RRT investigated the outbreak. Symptomatic treatment was given to all the cases. Chlorine tablets were distributed. Health education was given regarding importance of safe drinking water. Cases reported from Village Deshraj Colony, UPHC Hari Singh Colony, District Panipat."
Haryana,Panipat,Acute Diarrheal Disease,06,0.0,23-04-22,25-04-22,Under Control,"Cases presented with loose stools, vomiting and abdominal pain. Seven water samples were sent to Civil Hospital, Panipat. All the samples were found to be unfit for drinking. Two samples showed presence of Kleibsiella and remaining five samples showed presence of E.coli. District RRT investigated the outbreak. It was observed that drinking water pipes were broken and leaked due to road construction work. Symptomatic treatment was given to all the cases. Chlorine tablets were distributed. Health education was given regarding importance of safe drinking"
Jharkhand,Godda,Fever with Rash,20,0.0,20-04-22,22-04-22,Under Surveillance,"water. Cases reported from Pathergama, Matihani, Choura. Cases presented with fever, maculopapular rashes and body pain. Four blood samples were sent to RIMS, Ranchi and all of them were found negative for Measles by IgM ELISA. Vitamin A solutions and symptomatic treatment were given to the cases. Health education was given regarding importance of immunization."
Jharkhand,Godda,Measles,14,0.0,24-04-22,28-04-22,Under Surveillance,"Cases reported from Thakurgangi, Malmandro, Kurma, District Godda. Cases presented with fever, maculopapular rashes and body pain. Two blood and four throat swab samples were sent to RIMS, Ranchi. All the samples were found positive for Measles by IgM ELISA. Vitamin A solutions and symptomatic treatment were given to the cases. Immunization status of the cases is unknown. Health education was given regarding importance of immunization."
Kerala,Kannur,Food Poisoning,53,0.0,22-04-22,23-04-22,Under Surveillance,"Cases reported from Village Pazhassy, HSC Illamoosa, PHC Mattannur, Block Iritty, District Kannur. Cases presented with vomiting and abdominal pain. Four stool samples were sent to Regional Public Health Laboratory, Kannur. Of these, one sample was found positive for Salmonella species by culture and sensitivity. District RRT investigated the outbreak. Symptomatic treatment was given to all the cases. Chlorine tablets were distributed. Health education was given regarding importance of safe drinking water."
Kerala,Kollam,Acute Diarrheal Disease,61,0.0,24-04-22,25-04-22,Under Surveillance,"Cases reported from Village Neendakara, HSC/PHC/Block Chavara, District Kollam. Cases presented with loose stools, vomiting and abdominal pain. Seven water samples were sent to District Public Health Lab, Kollam. All the water samples were found to be unfit for drinking. District RRT investigated the outbreak. Symptomatic treatment was given to all the cases. Chlorine tablets were distributed. Health education was given regarding importance of safe drinking water."
Kerala,Trivandrum,Acute Diarrheal Disease,06,0.0,19-04-22,22-04-22,Under Surveillance,"Cases reported from Village Ulloor, HSC/PHC/Block Pangappara, District Trivandrum. Cases presented with loose stools, vomiting and abdominal pain. Two stool samples were sent to GMC, Trivandrum. None of the samples showed presence of any pathogenic organism. District RRT investigated the outbreak. Symptomatic treatment was given to all the cases. Chlorine tablets were distributed. Health education was given regarding importance of safe drinking water."
Maharashtra,Solapur,Food Poisoning,31,0.0,17-04-22,19-04-22,Under Control,"Cases reported from SC Ranzani, PHC Alegaon, Block Madha, Cases presented with loose stools, vomiting and abdominal pain. Two food samples were sent for lab analysis to Rajya Arogya Prayogshala, Pune. Results awaited. District RRT investigated the outbreak. Symptomatic treatment was given to all the cases. Chlorine tablets were distributed. Health education was given regarding importance of safe drinking water."
Odisha,Kandhamal,Acute Diarrheal Disease,11,0.0,18-04-22,22-04-22,Under Control,"Cases reported from Salpajodi Ashram School, SC Gunjibadi, Block K. Nuagaon, District Kandhamal. Cases presented with loose stools, vomiting and abdominal pain. Four water samples were sent for lab investigation. All of them were found to be fit for drinking. District RRT investigated the outbreak. Symptomatic treatment was given to all the cases. Chlorine tablets were distributed. Health education was given regarding importance of safe drinking water."
Odisha,Sundargarh,Food Poisoning,26,0.0,17-04-22,18-04-22,Under Control,"Cases reported from Village Madhupur, Kheriakani, Gireldungri Kuarmal, SC Rabandihi, Block Sadar, District Sundargarh. Cases presented with vomiting and abdominal pain. Water samples were sent for lab analysis and the samples were found fit for drinking. All cases were treated symptomatically. District RRT investigated the outbreak. Symptomatic treatment was given to all the cases. Chlorine tablets were distributed. Health education was given regarding importance of safe drinking water."
Odisha,Ganjam,Cholera,23,0.0,21-04-22,24-04-22,Under Surveillance,"Cases reported from Village Padmapur, GP/SC Mahupadar, Block Sheragada, District Ganjam. Cases presented with loose stools and abdominal pain Two rectal swabs and five water samples were collected and sent to MKCG MCH, Berhampur & DPHL, DHH. Both the rectal swab samples were found positive for Vibrio cholerae. Five water samples were found unfit for drinking. District RRT investigated the outbreak. Symptomatic treatment was given to all the cases. Chlorine tablets were distributed. Health education was given regarding importance of safe drinking water."
Telangana,Nalgonda,Food Poisoning,60,0.0,17-04-22,18-04-22,Under Control,"Cases reported from Damaracherla, Tribal Welfare residential school (Girls) Damaracherla, District Nalgonda. Cases presented with loose stools, vomiting, abdominal pain and generalized weakness. Five stool samples were sent for lab analysis to Institute of Preventive Medicine, Hyderabad. Kleibsiella species was isolated through culture and sensitivity. District RRT investigated the outbreak. Symptomatic treatment was given to all the cases. Chlorine tablets were distributed. Health education was given regarding importance of hygiene practices, safe drinking water and sanitation."
Tamil Nadu,Ariyalur,Fever with Rash,09,0.0,18-04-22,25-04-22,Under Control,"Cases reported from Village Padugla St. Sripurandhan, HSC Sripurandhan, Block T. Palur, District Ariyalur. Five blood and five throat swab samples were sent to King Institute, Chennai. None of the blood samples were found positive for Measles or Rubella. District RRT investigated the outbreak. Symptomatic treatment was given to all the cases. Health education was given. Cases reported from Village Kandiyur"
Tamil Nadu,Thiruvarur,Food Borne Illness,41,0.0,23-04-22,26-04-22,Under Surveillance,"Government Middle School, HSC Kandiyur, PHC Alangudi, Block Thiruvarur, District Thiruvarur. Cases presented with vomiting and abdominal pain. Two water samples and one food sample were sent to DPHL Tiruvarur. No pathogenic organisms were found. District RRT investigated the outbreak. Symptomatic treatment was given to all the cases. Chlorine tablets were distributed. Health education was given regarding importance of safe drinking water."
Tamil Nadu,Thanjavur,Food Borne Illness,11,0.0,22-04-22,23-04-22,Under Surveillance,"Cases reported from Village Orathandu TP-1 Adit Hiravidar welfare hostel, HSC/ Block Orayhanadu, PHC Thelungan kudikadu, District Thanjavur. Cases presented with loose stools, vomiting and abdominal pain. Five water and two blood samples were to DPHL, Kumbakonam and food samples to Food Safety Department, Thanjavur. Water samples were found unfit for drinking. District RRT investigated the outbreak. Symptomatic treatment was given to all the cases. Chlorine tablets were distributed. Health education was given regarding importance of safe drinking water."
Uttarakhand,Dehradun,Viral Hepatitis A,05,0.0,21-04-22,25-04-22,Under Surveillance,"Cases reported from AIIMS Rishikesh Dehradun, District Dehradun. Cases presented with loose stools, vomiting and abdominal pain. Two blood samples were sent for lab investigation to AIIMS, Rishikesh and was found positive for Hepatitis A by IgM ELISA. District RRT investigated the outbreak. Symptomatic treatment was given to all the cases. Chlorine tablets were distributed. Health education was given regarding importance of safe drinking water."
West Bengal,South 24 Parganas,Acute Diarrheal Disease,71,0.0,19-04-22,20-04-22,Under Surveillance,"Cases reported from Village Saradana, Kadipukur & Chandpur, GP Chandpur Chaitanyapur, Block Mandibazar, District DHHS. Cases presented with loose stools, vomiting and abdominal pain. Five stool samples were sent to Diamond Harbour Govt Medical College. Result awaited. District RRT investigated the outbreak. Symptomatic treatment was given to all the cases. Chlorine tablets were distributed. Health education was given regarding importance of safe drinking"
West Bengal,Bardhaman,Acute Diarrheal Disease,91,0.0,18-04-22,19-04-22,Under Surveillance,"water. Cases reported from Jamlpur, Bishnubati. District BWN, District BWN. Cases presented with loose stools, vomiting and abdominal pain. Three rectal swab samples were sent to BMCH Microbiology Department. Result awaited. District RRT investigated the outbreak. Symptomatic treatment was given to all the cases. Chlorine tablets were distributed. Health education was given regarding importance of safe drinking water."
West Bengal,Howrah,Cholera,53,0.0,17-04-22,17-04-22,Under Control,"Cases reported from Village Sarda Doluipara, GP Kushberia Amta-ii Howrah, District Howrah. Cases presented with vomiting and abdominal pain. Three water samples collected and sent to IPGME&R. Vibrio cholera was found in pond water sample. In tube well water, coliform count was high. District RRT investigated the outbreak. Symptomatic treatment was given to all the cases. Chlorine tablets were distributed. Health education was given regarding importance of safe drinking water."
Jharkhand,DISEASE OUTBREAKS OF PREVIOUS WEEKS REPORTED LATE Godda,Chickenpox,08,0.0,14-04-,Under 22 Surveillance,"Cases reported from Poreyahat, Danre, Godda. Cases presented with fever, maculopapular rashes and body p Ranchi. Of these, four samples were found positive for Chicken pox by IgM ELISA. Symptomatic treatment was given to regarding importance of personal hygiene. Cases reported","Harijantola, District ain. Five blood samples were sent to RIMS, the all cases. Health education was given from Village Aliparamba, HSC"
Kerala,Malappuram,Hepatitis A,20,0.0,14-04-,Under 22 Control,"Pariyapuram, Melattur, stools, vomiting and abdominal pain. Five blood samples were sent to GMCH Manjeri. Of these, two samples were found positive for Hepatitis A by IgM ELISA. District RRT investigated the outbreak. was given distributed. importance of safe drinking water.","Anamagad, PHC Alipparamba, Block District Malappuram. Cases presented with loose Symptomatic treatment to all the cases. Chlorine tablets were Health education was given regarding"
Meghalaya,East Khasi Hills,Influenza A,129,0.0,05-04-,Under 22 Surveillance,"Cases reported from PHC Laitkynsew, District East Khasi Hills. Cases presented with fever, cough, sore throat, chills, bodyache and headache. Nine throat swab samples were collected and sent to ICMR three samples were found posit RTPCR. District RRT investigated the outbreak. Health education hygiene and prevention of Influenza like Illness. Health workers were sensitized on active s of severe","- RMRC Dibrugarh. Of these, ive for Influenza A by was given regarding importance of personal urveillance and referral cases to higher centers for treatment. Tab"
Odisha,Bhadrak,Food Poisoning,37,0.0,22-04-,Under 22 Control,Oseltamavir and Syrup Oseltamivir were distribution. Cases reported Hasanabad Mathasahi. District with vomiting collected District treatment was given to all the cases. Chlorine tablets were distributed. importance of safe drinking water.,"from Village Astaka, Dham nagar, Bhadrak. Cases presented and abdominal pain. Water samples and sent to DPHL Bhadrak. Result awaited. RRT investigated the outbreak. Symptomatic Health education was given regarding"
Assam,Nagaon,Chickenpox,13,0.0,29-04-22,30-04-22,Under Surveillance,"Cases reported from Village Batamari, PHC Rupohi Model Hospital, BPHC Samaguri, District Nagaon. District RRT investigated the outbreak. Cases presented with fever, rash, cough and headache. Two blood samples were collected and sent to DPHL, Nagaon. Result awaited. Symptomatic treatment was given to the cases and health education was given. Cases reported from Village Ramdhari, PHC Songadh, District Bhavnagar. Four animal blood"
Gujarat,Bhavnagar,Crimean Congo Haemorrhagic Fever,01,1.0,21-04-22,25-04-22,Under Surveillance,"samples and ten tick samples were collected and sent to NIV Pune. Tick samples were tested for Crimean- Congo hemorrhagic fever Virus by RT PCR and livestock samples were tested by anti- CCHF Cattle IgG ELISA assay. All of the animal samples tested negative and one of the tick samples tested positive for the CCHF virus. The deceased was a female aged 55 years. District RRT investigated the outbreak and implemented anti-tick measures, spraying of insecticide over animals and households were done. All cases were treated symptomatically and health education was given on the importance of vector"
Jharkhand,Godda,Measles,14,0.0,24-04-22,28-04-22,Under Surveillance,"control measures. Cases reported from Thakurgangti, Malmandro Kurma, District Godda. Cases prewsneted with fever and rash. Two blood and four throat swab samples were collected and sent to RIMS, Ranchi for Measles IgM ELISA. All of the samples tested positive for Measles. The immunization status of the cases is unknown. District RRT investigated the outbreak and house to house survey was done. All cases were given symptomatic treatment and health education was given on the importance of immunization."
Karnataka,Hassan,Acute Diarrheal Disease,40,0.0,24-04-22,26-04- 2022,Under Control,"Cases reported from Taluk Holenarsipura, District Hassan. Cases presented with loose stools and vomiting. Two water and two stool samples were collected and sent to Hassan Institute Of Medical Science (HIMS) laboratory for bacteriological analysis. Both of the water samples were found to be potable and no enteropathogenic microorganism were found in any of the stool samples. District RRT investigated the outbreak and house to house survey was conducted. All cases were treated symptomatically and ORS sachets were distributed. Chlorination of overhead tanks was conducted and health education was given on the importance of safe drinking water and sanitation."
Karnataka,Kodagu,Food Poisoning,50,0.0,28-04-22,30-04- 2022,Under Control,"Cases reported from Taluk Madikeri, District Kodagu. Cases presented with loose stools and abdominal pain. One water and two stool samples were collected and sent to Hassan Institute Of Medical Science (HIMS) laboratory for bacteriological analysis. Water sample was found to be potable and no enteropathogenic organism were isolated from any of the stool samples. District RRT investigated the outbreak and house to house survey was conducted. All cases were treated symptomatically and ORS sachet were distributed. Health education was given on the importance of safe drinking water"
Kerala,Kollam,Acute Diarrheal Disease,63,0.0,29-04-22,04-05-22,Under Surveillance,"and hand hygiene. Cases reported from Kalakkode, Parippally, Nadakkal, Kalluvathukkal Panchayath, District Kollam. Cases presented with loose stools and abdominal pain. Two sets of water samples were tested in DPHL Kollam and both of them showed presence of E. Coli. District RRT investigated the outbreak. Cases were given symptomatic treatment. Health education was given on the importance of safe drinking water and sanitation."
Kerala,Kasaragod,Acute Diarrheal Disease (Shigella),58,1.0,01-05-22,04-05-22,Under Surveillance,"Cases reported from CHC Cheruvathur, District Kasaragod. Cases presented with loose stools and abdominal pain Five stool samples and five blood samples were collected and sent to Regional GMC Calicut. for DNA PCR for Shigella. Out of five stool samples, three samples were found positive. District RRT investigated the outbreak. symptomatic treatment was given. Health education on the safe drinking water and on the importance of hand hygiene was delivered."
Kerala,Kannur,Food Poisoning,26,0.0,24-04-22,27-04-22,Under Surveillance,"Cases reported from PHC Kunnothparamba Kunnothparamba Gramapanchayath, Block Panoor, District Kannur. Cases presented with loose stools and abdominal pain District RRT investigated the outbreak. Four water samples were collected and sent to Water Authority Laboratory and showed presence of coliforms and one of them was found positive for Salmonella species. District RRT investigated the outbreak. All cases were given symptomatic treatment and health education was given on importance of safe drinking water and"
Odisha,Angul,Food Poisoning,85,0.0,29-04-22,02-05-22,Under Control,"sanitation.. Cases reported from Village Bajapur, SC Tusar, CHC Madhapur, Block Athamallik, District Angul. Cases presented with fever, abdominal pain, nausea and vomiting. District RRT investigated the outbreak All of cases were given symptomatic treatment and health education was given on the importance of safe drinking water and hand hygiene"
Odisha,Gajapati,Chicken Pox,25,0.0,29-04-22,02-05-22,Under Control,"Cases reported Village Madda, SC Tumba, Block Rayagada, District Gajapati. Cases presented with feaver and rash. Five blood samples were collected and sent to RL, MKCH MCH, Berhampur, Ganjam. For IgM ELISA and one sample tested positive for Varicella. District RRT investigated the outbreak. Cases were treated symptomatically and isolation of cases was done. Health education was given."
Odisha,Ganjam,Acute Diarrheal Disease,29,0.0,26-04-22,28-04-22,Under Control,"Cases reported from Village Badagada, and Singipur, SC/GP/CHC Badagada, Block Sorada, District Ganjam. Cases presented with abdominal pain and loose stools. Two rectal swab and five water samples were collected sent to MKCG MCH, Berhampur and District Public Health Laboratory for bacteriological analysis. All of the water samples were found to be nonpotable and none of the stool sample showed enteropathogenic organism growth. District RRT investigated the outbreak. House to house survey was conducted and the affected households were disinfected with bleaching powder. Cases were given symptomatic treatment and health education was given on the importance of safe"
Odisha,Jajpur,Food Poisoning,41,0.0,02-05-22,03-05-22,Under Surveillance,"drinking water and sanitation. Cases reported from Village Jhatiapada, SC Salapada, PHC (N) Baunsamuli, Block Barachana, District Jajpur. Cases presented with abdominal pain and loose stools. Two water samples were collected and sent to DPHL, Jajpur for bacteriological analysis. Both of the samples were found to be potable. District RRT investigated the outbreak and symptomatic treatment was given to all the cases. Health education was given on the importance of safe"
Odisha,Nuapada,Food Poisoning,100,0.0,28-04-22,29-04-22,Under Control,"drinking water and hand hygiene. Cases reported from Litisargi, Boden, District Nuapada. Cases presented with abdominal pain, nausea and vomiting. District RRT investigated the outbreak and all of the cases were given symptomatic treatment. Health education was given on the importance of safe drinking water and hand hygiene."
Rajasthan,Pali,Food Poisoning,42,0.0,27-04-22,28-04-22,Under Control,"Cases reported from Medical College Pali, District Pali. Cases presented with loose stool and vomiting. District RRT investigated the outbreak. All of cases were given symptomatic treatment and health education was given on the importance of safe drinking water and hand hygiene"
Rajasthan,Sirohi,Acute Encephalitis Syndrome,12,7.0,22-04-22,23-04-22,Under Control,"Cases reported from Village Fulabai Kheda & Verafali, PHC Bharja, Block Pindwara, District Sirohi. Cases presented with fever, headache and vomiting. Three CSF samples were sent to NIV Pune, SMS Jaipur and Jodhpur Medical College. All of them were found negative for all viruses. One blood and one throat swab sample was sent to SMS Jaipur. The blood sample showed presence of Enterovirus through viral panel. The throat swab was positive for HiB through viral panel. One food sample was sent to SMS Jaipur and was isolated for Acinetobacter baumanii by culture.. District RRT investigated the outbreak All cases were treated. Health education was given. details of Deaths"
Tamil Nadu,Ariyalur,Acute Diarrheal Disease,17,0.0,28-04-22,02-05-22,Under Surveillance,"Cases reported from Village Ward 5, HSC KK Nagar, PHC Urban, Block Ariyalur, District Ariyalur. Cases presented with loose stools, vomiting, and abdominal pain. 10 water samples were collected and sent to DPHL, Ariyalur, Five water samples were found to be nonpotable. Six rectal samples were collected and sent to Ariyalur MCH and no enteropathogenic organism was found in any of the stool samples. District RRT investigated the outbreak, house to house survey was conducted. All cases were given symptomatic treatment and health education was given on the importance of safe drinking water and sanitation."
Tamil Nadu,Krishnagiri,Food Poisoning,11,0.0,29-04-22,30-04-22,Under Surveillance,"Cases reported from Village Moranahalli (govt. High School), HSC Chapparam, PHC Banagamutlu, Block Kaveripattinam, District Krishnagiri. Cases presented with abdominal pain and giddiness. Three serum samples were collected and sent to DPHL Krishnagiri, for scrub typhus IgM ELISA Out of the three serum samples one tested positive for scrub typhus. Two water samples were collected and sent to DPHL Krishnagiri and both the samples were found to be potable. Three stool samples were collected and sent to DPHL, Krishnagiri for bacteriological analysis. No growth of any enteropathigenic organism was found in any of the stool samples. District RRT investigated the outbreak and cases were treated symptomatically. Health education was given on the importance of safe dinking water and hand"
Tamil Nadu,Madurai,Chickenpox,05,0.0,26-04-22,29-04-22,Under Surveillance,"hygiene. Also the school administration was advised to keep poisonous chemicals out of reach of students. Cases reported from Village/HSC S. Keelapatti, PHC Santhaiyur, Block T. Kallupatti, District Madurai. Cases presented with fever and vesicular rash. District RRT investigated the outbreak. House to house survey of vesicular rash was done. Cases were isolated and disinfection of the affected houses was done. All cases were given symptomatic treatment and health education was given."
West Bengal,Howrah,Food Poisoning,120,0.0,02-05-22,03-05-22,Under Surveillance,"Cases reported from Village Mukundo Dighi Chakur, GP Subsit Bagnan-I Howrah, District Howrah. Cases presented with loose stools and vomiting. Two rectal swab samples and two vomitus samples and food samples were sent for lab analysis. District RRT investigated the outbreak. Cases were given symptomatic treatment and ORS sachet were distributed. Health education was given on the importance of safe drinking water and hand hygiene."
West Bengal,Hooghly DISEASE OUTBREAKS OF PREVIOUS WEEKS REPORTED LATE,Acute Diarrheal Disease,40,0.0,25-04-22,25-04-22,Under Surveillance,"Cases reported from Village Bheotia, Block Pursurah, District Hooghly. Cases presented with loose stools. Two stool samples and four water samples were collected and sent to NICED for bacteriological analysis. Result awaited. District RRT investigated the outbreak. Pond disinfection was done and all the cases were treated symptomatically. Health education was given on the importance of safe drinking water and sanitation."
Gujarat,Navsari,Acute Diarrheal Disease,21,0.0,02-01-,Under 22 Surveillance,"Cases reported Vandervela, District stools and vomiting. were collected bacteriological analysis. were found organism wa District RRT investigated the outbreak and house to house survey symptomatically and ORS sachets were distributed. Health education was given on the importance of safe drinkin","from Village Pratapnagar, PHC Navsari. Cases presented with loose Three water and two stool samples and sent to DPHL Navsari for All three of the water samples to be non potable. No enteropathogenic s isolated from any of the stool samples. was conducted. All cases were treated g"
Kerala,Ernakulam,Dengue,16,0.0,28-03-,Under 22 Surveillance,"water and sanitation. Cases reported from UPHC Thrikkakara Ward 16 & 12, Block Cheranellur, District Ernakulam. Cases presented with fever collected and sent to RPH Lab Ernakulam for Dengue Ig M ELISA and both of the samples tested positive for Dengue. District RRT spray and fogging was done. Health education was given regarding the importance of vect",and bodyache. Two serum samples were investigated the outbreak and anti-larval or control measures.
Rajasthan,Sri Ganganagar,Jaundice,28,1.0,25-03-,Under 22 Control,"Cases reported from PHC Arayan, Ward Srikaranpur, pipelines was leakage contracted with toilet wastage. were collected Kesrisinghpur lab for SGOT and SGPT. Five these markers. house to house survey was conducted. All of the cases were given symptomatic treatment and super chlorination of overhead tanks was done. Health education was given on the importance of safe drinking water and sanitation.","-3,4,6,16 Block District Sri Ganganagar. Drinking water water and fecal A 21-year-old male died and 25 blood samples and sent to CHC Karanpur and estimation of levels of bilirubin, samples showed raised levels of District RRT investigated the outbreak and"
Andhra Pradesh,Krishna,Acute Diarrheal Disease,30,0.0,28-04-22,03-05-22,Completed,"Cases reported from Village Balliparru, SC Pedamaddali, District Krishna. Cases presented with loose stools and vomiting. Five water samples were sent to IPM Public Health Lab Golapudi, Vijayawada. Water samples were found satisfactory for drinking purpose through nil MPN count. District RRT investigated the outbreak. It was found that there was drainage water leakage in drinking water pipelines. House to house survey in the affected area was done. Disinfection and sanitation measures were taken. Health education was given regarding importance of safe drinking water and sanitation."
Gujarat,Sabarkantha,Dengue,04,3.0,26-04-22,02-05-22,Completed,"Cases reported from Village -Rajendra Nagar Sub centre- Mathasuliya, district Sabar Kantha. Cases presented with weakness, fever and drowsiness. Three CSF and four blood samples were sent to NIV Pune for lab analysis. Out of four blood samples, one was found positive for Dengue by IgM ELISA. The deceased cases were 60, 70 and 73 year old males. District RRT investigated the outbreak. Medical camp was established at the site to diagnose early cases. Daily surveillance activities were carried out for active search of cases. Health education was imparted regarding the importance of vector"
Jammu & Kashmir,Jammu,Chickenpox,08,0.0,05-05-22,05-05-22,Completed,"control measures. Cases reported from Block Dansal, Sub Center Majeen. Village Ragura. Cases presented with fever and vesicular rashes. No samples were collected. District RRT investigated the outbreak. Cases were isolated. Frequent changes of bedding and personal belongings, adequate diet and plenty of fluids were emphasized upon. Screening was done in the village area for any case of fever with rashes. Vitamin A Prophylaxis was given. Health education was imparted regarding importance of personal hygiene."
Jharkhand,Dhanbad,Measles,08,0.0,07-05-22,07-05-22,Under Control,"Cases reported from Govindadih Alias Bhosri, HSC Bagdaha, PHC Rajgunj, CHC Baghmara, Dhanbad, District Dhanbad. Cases presented with fever and rash. Five blood samples were collected and sent to RIMS Microbiology, Ranchi. Two of the samples tested positive for Measles by IgM ELISA. Immunization status of the cases is not known. District RRT investigated the outbreak All cases were treated symptomatically and Vitamin A was administered. Health education was given on the importance of immunization. Cases reported from Village Settihalli,"
Karnataka,Chikkamagaluru,Food Poisoning,51,0.0,06-05-22,07-05-22,Under Control,"PHC/CHC Singatagere, Taluk Kaduru, District Chikkamagaluru. Cases presented with loose stools, vomiting and abdominal pain. Two blood samples, two serum samples for Hepatitis A&E serology, two stool samples for cholera and two water samples were collected for bacteriological analysis and sent to DPHL CKM and SIMS Shivamogga. In stool samples, Actinobacter baumanii was isolated and blood samples tested negative for Hepatitis A and E and both the water samples were found to be potable. District RRT investigated the outbreak and All cases were given symptomatic treatment. Health education was given on the importance of safe drinking water and hand hygiene."
Karnataka,Hassan,Acute Diarrheal Disease,40,0.0,26-04-22,05-05-22,Completed,"Cases reported from Taluk Donghatta, District Hassan. Cases presented with diarrhea and vomiting. Two stool samples were sent to Referral Lab Hassan Institute of Medical sciences for culture and two water samples were sent to DSL Hassan. Both water samples were found potable for drinking through MPN method and both the stool samples showed no enteric pathogens. District RRT investigated the outbreak. Chlorination of water sources was done. All cases were treated symptomatically and ORS sachets were distributed. Health education was given on the importance of safe water, personal hygiene, food safety and sanitation."
Karnataka,Shivamogga,Acute Diarrheal Disease,85,0.0,07-05-22,07-05-22,Under Control,"Cases reported from Village Gejjenahalli, PHC/CHC Harnahalli, Taluk Shivamogga, District Shivamogga. Cases presented with loose stools, vomiting and abdominal pain. Three water and five stool samples were collected and sent to DSL Lab, Shivamogga for bacteriological analysis. Out of three water samples, two were positive for fecal contamination by H2S test method. No enteropathogens were isolated in any of the stool samples-, through Hanging drop and culture sensitivity test. District RRT investigated the outbreak. House to house survey was conducted and all cases treated symptomatically and ORS sachets distributed. Health education"
Kerala,Alappuzha,Food Poisoning,66,0.0,29-04-22,05-05-22,Under Surveillance,"was given on the importance of safe water and sanitation. Cases reported from SC Kuttamperur, PHC Mannar, CHC Pandanad, District Alappuzha. Cases presented with loose stools and vomiting. One water sample was sent for lab analysis and showed presence of coliforms. District RRT investigated the outbreak and all the cases were given symptomatic treatment and ORS sachets were distributed. Health education was given on the importance of safe water and hand hygiene."
Kerala,Thiruvanantha puram,Acute Diarrheal Disease,10,0.0,04-05-22,09-05-22,Under Control,"Cases reported from SC Kanyakulangara, FHC Vembayam, CHC Kanyakulangara, District Thiruvanathapuram. Cases presented with loose stools, abdominal pain and vomiting. No samples were collected. District RRT investigated the outbreak. All cases were symptomatically treated and ORS sachets were distributed. Health education was given on the importance of safe drinking water and hand hygiene. Cases reported from Porunnanure, CHC"
Kerala,Wayanad,Food Poisoning,13,0.0,03-05-22,05-05-22,Under Surveillance,"Panamaram, Panamaram Main Centre Panamaram, District Wayanad. Cases presented with fever, loose stools, and abdominal pain. Eight stool samples were collected and sent to MD Lab and no pathogenic organism was detected. Water samples were sent to KWA Kalpetta and showed presence of coliforms District RRT investigated the outbreak All cases were treated symptomatically and ORS sachets were distributed. Health education was given on the importance of safe drinking water and hand hygiene."
Kerala,Wayanad,Food Poisoning,16,0.0,02-05-22,03-05-22,Under Surveillance,"Cases reported from Village Kaniyambatta, SC Kambalakkad, PHC Varadoor, Block Thariyode, District Wayanad. Cases presented with loose stools, abdominal pain and vomiting. Water and food samples were collected and sent for lab analysis. Water samples showed no coliforms. Food samples showed presence of E.coli and Staphylococcus aureus. District RRT investigated the outbreak. All cases were symptomatically treated and ORS sachets were distributed. Health education was given on the importance of safe drinking water and hand hygiene."
Madhya Pradesh,Dewas,Food Poisoning,300,0.0,02-05-22,02-05-22,Completed,"Cases reported from Village Gurdiya, Block Barotha, District Dewas. Cases presented with vomiting, loose stools and abdominal pain. No samples were collected for lab analysis. District RRT investigated the outbreak. Cases had apparently consumed food in a wedding ceremony. Symptomatic treatment was given to all cases. Health education was given regarding importance of properly cooked food, food hygiene and sanitation."
Madhya Pradesh,Mandsaur,Acute Diarrheal Disease,254,0.0,07-05-22,08-05-22,Completed,"Cases reported from Village Neemthur Block- Sandhara, district Mandsaur. Cases presented with vomiting, loose stools and abdominal pain. No samples were collected for lab analysis. District RRT investigated the outbreak. Cases had apparently consumed food in a wedding ceremony. Symptomatic treatment was given to all cases. Health education was given regarding importance of properly cooked food, food hygiene and sanitation."
Odisha,Jajpur,Food poisoning,18,0.0,02-05-22,05-05-22,Completed,"Cases reported from Village Jhatipada Block Badachana CHC Barachana, District Jajpur. Cases presented with abdominal pain and loose stools. Two water samples were collected and sent to DPHL, Jajpur and both the samples were found potable for drinking. District RRT investigated the outbreak. All cases were treated symptomatically and ORS sachets were distributed. Health education was given on the importance of properly cooked food, food hygiene, safe drinking water and sanitation."
Odisha,Nabarangpur,Food poisoning,18,0.0,05-05-22,06-05-22,Completed,"Cases reported from Village Cheliabeda, Block Dabugaon, district Nabarangapur. Cases presented with abdominal pain and loose stools. Seven rectal swab samples and two water samples were sent to DPHL, Nabarangapur. All seven samples were found positive for Shigella and water samples were found unsafe for drinking. District RRT investigated the outbreak. Cases apparently consumed food in a wedding ceremony. All cases were treated symptomatically and ORS sachets were distributed. Health education was given on the importance of properly cooked food, food hygiene, safe drinking water and sanitation."
Punjab,S.A.S Nagar,Acute Diarrheal Disease,113,0.0,25-04-22,02-05-22,Completed,"Cases reported from Village Gazipur, Block Derabassi, Subcenter-Nagla SDH derabassi, District S.A.S Nagar. Cases presented with pain abdomen and loose stools. Two stool samples were collected and sent for lab analysis to DPHL, S.A.S. They showed no bacterial growth. Five blood samples were also sent for lab analysis and all were found non-reactive for Hepatitis A & E. Five water samples collected and were found potable. District RRT investigated the outbreak. Symptomatic treatment was given to all cases. Health education was given regarding importance of properly cooked food, food hygiene, safe drinking water and sanitation."
Tamil Nadu,Pudukkottai,Food Poisoning,41,0.0,05-05-22,09-05-22,Under Control,"Cases reported from Village Kothadivayal, HSC Rethinakottai, PHC Poovaimanager, Block Aranthangi, District Pudukottai-Aranthangi. Cases presented with loose stools, abdominal pain, and vomiting. Three stool samples were collected and sent to DPHL Aranthangi, no Enteropathogenic organism was found in any of the stool samples. District RRT investigated the outbreak and chlorination of the overhead tank was done. All cases were given symptomatic treatment and health education was given on the importance of safe drinking water and sanitation."
Tamil Nadu,Pudukkottai,Food Borne Illness,48,0.0,05-05-22,05-05-22,Completed,"Cases reported from Aranthangi, Village – Koothadivayal, District- Pudukkottai. Cases presented with vomiting following intake of Biriyani. Three stool samples were sent to DPHL Aranthangi. All of them were found negative for Salmonella, Shigella, and Vibrio cholera. One food sample was sent to KAPV Trichy and was found positive for Staphylococcus aureus by culture and sensitivity. District RRT investigated the outbreak. Symptomatic treatment was given to all cases. Cleaning of OHT and chlorination was done. Health education was given regarding importance of properly cooked food, food"
Tamil Nadu,Thanjavur,Chickenpox,05,0.0,03-05-22,04-05-22,Under Control,"hygiene and sanitation. Cases reported from Village Ward No-4, HSC Sholapuram TP, PHC Shpapuram, Block Kumbakonam, District Thanjavur. Cases presented with fever and vesicular rash. District RRT investigated the outbreak and house to house survey was conducted and isolation of cases was done. Affected houses were also disinfected and health education was given. Cases were reported from Village –"
Tamil Nadu,Thanjavur,Chickenpox,08,0.0,03-05-22,04-05-22,Completed,"Karuppamudaliyarkottai (Kamatchi amman kovil street, Subcenter – Karuppamudaliyarkottai, District Thanjavur. Cases presented with fever with vesicular rashes. Two water samples and three blood samples were sent to DPHL Thanjavur. Result awaited. District RRT investigated the outbreak. Symptomatic treatment was given to all cases. Door to Door surveillance was done and disinfection activities were carried out. Health education was imparted regarding importance of personal hygiene."
Tamil Nadu,Thiruvannamalai,Food Poisoning,18,0.0,03-05-22,04-05-22,Completed,"Cases were reported from Village – Malayampattu, district Thiruvannamalai. Cases presented with loose stools, abdominal pain and fever. Three water samples were sent to DPHL, Thiruvannamalai and were found unfit for drinking due to presence of coliform organisms. One food sample was sent to DPHL, Thiruvannamalai Kilpennathur and showed no growth. Six stool samples were sent to DPHL Thiruvannamalai Kilpennathur and were found negative for Solmonella, Shigella, and Vibrio cholera. District RRT investigated the outbreak. Cases were field workers who had apparently consumed fruit juices from a nearby shop. Symptomatic treatment was given to all cases. Health education was given regarding importance of properly cooked food, food"
Tamil Nadu,Thiruvannamalai,Food Poisoning,18,0.0,03-05-22,04-05-22,Under Surveillance,"hygiene and sanitation. Cases reported from Village Malayampattu, HSC Mullipattu, PHC Malayampattu, Block Thacthur, District Thiruvannamalai. Cases presented with fever, loose stools, and vomiting. One food, three water, and six stool samples were collected and sent to DPHL Thiruvannamalai Kilpennathur. All the water samples showed presence of coliforms. Food and stool samples did not show presence of any pathogenic organisms. District RRT investigated the outbreak and overhead tank chlorination was done. All cases were treated symptomatically and health education was given on the importance of safe drinking water and hand hygiene."
Tamil Nadu,Vellore,Acute Diarrheal Disease,15,0.0,07-05-22,07-05-22,Under Surveillance,"Cases reported from Village VIT Men’s Hostel, HSC Old Katpadi, PHC Pallikuppam, Block Vellore Corporation, District Vellore. Cases presented with loose stools, abdominal pain, and vomiting. Four water samples were collected and sent to DPHL Walajah Vellore for bacteriological analysis and all of them were found to be non-potable. District RRT investigated the outbreak. All cases were given symptomatic treatment and health education was given on the importance of safe drinking water and sanitation."
Uttarakhand,Almora,Measles,08,0.0,02-05-22,08-05-22,Under Surveillance,"Cases reported from Village Sakmyariu, PO Dalokit, Block Bhasisiyacheena, District Almora. Cases presented with fever and rash. Five blood samples were collected and sent to GMC Haldwani for Measles IgM ELISA and one out of the five samples tested positive for measles. Seven out of eight children were vaccinated for Measles. Immunization status of one case is unknown. District RRT investigated the outbreak and all cases were treated symptomatically. Health education was given on the importance of vaccination."
Uttarakhand,Almora,Measles,08,0.0,02-05-22,03-05-22,Completed,"Cases reported from Village Saknyari, PO Nagarkhan, PHC Barechhina, Block Bhainsiachhana, District Almora. Cases presented with fever and rashes. District RRT investigated the outbreak. Five blood samples were sent for lab analysis to GMC Haldwani, out of which one sample was found positive for Measles by IgM ELISA. All the five cases were vaccinated by MR vaccine. District RRT investigated the outbreak and all cases were treated symptomatically. Health education was given on the importance of vaccination."
Uttar Pradesh,Fatehpur,Chickenpox,03,0.0,06-05-22,06-05-22,Completed,"Cases reported from Village Janikpur, District Fatehpur. Cases presented with fever & rashes. Three blood samples were sent for lab analysis and one was found positive for Varicella Zoster virus by IgM ELISA. District RRT investigated the outbreak. Symptomatic treatment was given to all cases. Door to Door surveillance was done and disinfection activities were carried out. Health education was imparted regarding importance of personal hygiene."
West Bengal,Paschim Medinipur,Food Poisoning,253,0.0,02-05-22,02-05-22,Under Surveillance,"Cases reported from Village/PO Kiyamacha, SSK Kiyamacha, GP Gohaldanga, Block Garhbeta, District Paschim Medinipur. Cases presented with loose stools, abdominal pain, and vomiting. Two rectal swabs were collected and sent to MMCH, Result awaited. District RRT investigated the outbreak and house to house survey was conducted. All cases were given symptomatic treatment and health education was given on the importance of safe drinking water and sanitation."
West Bengal,South 24 Parganas,Food Poisoning,195,0.0,05-05-22,10-05-22,Under Surveillance,"Cases reported from Village Shyamnagar (Mondal Para), SC Shyamnagar, GP Deulbari, Block Kultali, District South 24 Parganas. Cases presented with loose stools, abdominal pain, and vomiting. Five food samples were collected and sent to IPGMER. None of the samples showed presence of any pathogenic organism. District RRT investigated the outbreak and house to house survey was conducted. All cases were given symptomatic treatment and health education was given on the importance of safe drinking water and hand hygiene."
Jharkhand,DISEASE OUTBREAKS OF PREVIOUS WEEKS REPORTED LATE East Singhbhum,Malaria,37,1.0,21-04-,22 Completed,"Cases reported Bankisole, presented samples were sent to CHC Dumaria, East Singhbhum for lab analysis, out of which 37 were found positive for Plasmodium investigated the outbreak. done. The deceased case was a 4 year old male. education control measures.","from Village- Hathnabera, Sub Center- CHC Dumaria, district- East Singhbhum. Cases with severe weakness and fever. 201 blood falciparum by RDK. District RRT House to house fever survey Health was given regarding importance of vector"
Kerala,Kottayam,Food Poisoning,13,0.0,22-03-,Under 22 Surveillance,"Cases reported Parathodu, C/O Surendram, Pambadath House, Parathodu, Kottayam, District Kottayam. Cases presented with loose stools and vomiting. Water samples and stool samples were collected and sent RRT investigated symptomatically treated and ORS sachets were distributed. Health education was given on the importance of safe drinking water and hand hygiene.","from CHC Erumeli, Ward-5, PHC for lab analysis. Result awaited. District the outbreak. All cases were"
Punjab,Kapurthala,Acute Diarrheal Disease,11,0.0,25-04-,22 Completed,"Cases were Phagwara) presented with loose stools and abdominal pain. Four water samples were collected and sent for lab analysis to DPHL, Kapurthala. bacteriological contamination. District RRT investigated the outbreak. cases. Health e properly cooked food, food hygiene and sanitation.","reported from Village Satnampura (Urban Block Phagwara, DH Phagwara. Cases Out of these two water samples showed Symptomatic treatment was given to all ducation was given regarding importance of"
Arunachal Pradesh,West Siang,Food Poisoning,03,0.0,09-05-2022,13-05-2022,Under Control,"Cases reported from Karpu Kendra Vidyalaya, Bogdo Colony, Aalo, District – West Siang. Cases presented with loose stools and vomiting. District RRT investigated the outbreak and house to house survey was conducted. All cases were given symptomatic treatment and ORS sachets were distributed. Health education was given on the importance of safe drinking water and hand hygiene. Cases reported from Village/HWC Soru Radhaati,"
Assam,Nagaon,Leptospirosis,02,0.0,07-05-22,09-05-22,Under Control,"BPHC Dagaon, District Nagaon. Case presented with fever, malaise, chills and vomiting. Three Serum samples were collected and sent to DPHL, Nagaon. For bacteriological analysis. One serum sample out of three samples was found positive for Leptospira by IgM ELISA. District RRT investigated the outbreak and house to house survey was conducted. All cases were given symptomatic treatment Health education was given on the importance of safe drinking water"
Bihar,Supaul,Food Poisoning,23,0.0,10-05-22,14-05-22,Under Control,"and hand hygiene. Cases reported from village Rajwara panchayat, SC Chhatapur, District Supaul Cases presented with vomiting and abdominal pain. District RRT investigated the outbreak and house to house survey was conducted. All cases were given symptomatic management. Health education given on the importance of safe drinking water and hand hygiene."
Chhatisgarh,Gariyaband,Acute Diarrheal Disease,33,0.0,13-05-2022,14-05-2022,Under Control,"Cases reported from Village Gariba Sub center- Kuchenga PHC-Shobha, Disatrict Gariyaband. Cases presented with loose stools and abdominal pain. One stool sample was collected and sent to Medical college Raipur for stool culture. No Enteropathogenic organism was found.in the sample. District RRT investigated the outbreak and house to house survey was conducted. All cases were given symptomatic treatment. Health education was given on the importance of safe drinking water and hand hygiene"
Chhatisgarh,Janjgir Champa,Acute Diarrheal Disease,57,0.0,07-05-2022,10-05-2022,Under Control,"Cases reported from Village Salkhan PHC- Saikhan, District Janjgir Champa Cases presented with loose stools, fever, vomiting and abdominal pain. District RRT investigated the outbreak and house to house survey was conducted. Chlorine tablets distributed among households. All cases were given symptomatic treatment. Health education was given on the importance of safe drinking water and sanitation. Cases reported from Village Devsar, Mandir"
Gujarat,Navsari,Acute Diarrheal Disease,47,0.0,15-05-2022,15-05-2022,Under Control,"Falia, subcenter Devsar, PHC Bigri, Taluka Gandevi, District Navsari. Cases presented with loose stools, vomiting, and abdominal pain. Two water and two stool samples were collected and sent to DPHL Navsari for bacteriological analysis. Klebsiella and Pseudomonas were isolated in stool culture. District RRT investigated the outbreak and house to house survey was conducted. All cases were given symptomatic treatment. Health education was given on the importance of safe drinking water and sanitation."
Gujarat,Surendranagar,Hepatitis A,46,0.0,10-05-2022,11-05-2022,Under Control,"Cases reported from Subcenter : Bhathan, PHC : Parnala, Ta. Limbdi, District. Surendranagar. Cases presented with fever, abdominal pain and jaundice. Three serum samples and four water samples were collected and sent to DPHL, Surendranagar. All three serum samples were found to be positive for Hepatitis A and all the water samples were found unfit for drinking. District RRT investigated the outbreak and house to house survey was conducted. Cleaning of well was done and chlorine tablets were distributed among households. All cases were given symptomatic treatment. Health education was given on the importance of safe drinking water"
Haryana,Panipat,Suspected Measles,03,0.0,14-05-22,17-05-22,Under Control,"and sanitation. Cases reported from Village Rajasthani Colony, Samalkha, SDH Samalkha, District Panipat. Cases presented with fever and rash and samples were sent to NCDC, Delhi. Result awaited. District RRT investigated the outbreak and all the cases were given symptomatic treatment. Isolation of the cases was. done and health education was given on the importance of immunization"
Haryana,Palwal,Fever with Rash,07,0.0,10-05-22,12-05-22,Under Surveillance,"Cases reported from Village Asawta, Karna, Chant, Kairaka, Mohan Nagar & Kanjiwada Mohalla, District Palwal. Cases presented with fever and rash. All the cases were vaccinated for Measles. District RRT investigated the outbreak and all the cases were given symptomatic treatment. Isolation of the cases was done and health education was given on the importance of immunization"
Jammu and Kashmir,Anantnag,Chickenpox,10,0.0,13-05-2022,14-05-2022,Under Control,Cases reported from village Lehan Dajani Sub center HWC Lehandajan PHC Sallar. Cases presented with fever and vesicular rash. District RRT investigated the outbreak and all the cases were given symptomatic treatment. Isolation of the cases was done and health education was given on the importance of immunization
Jammu and Kashmir,Anantnag,Hepatitis A,26,0.0,13-05-2022,14-05-2022,Under Control,"Cases reported from village LehanDajani Sub center HWC Lehandajan PHC Sallar Cases presented with abdominal pain and jaundice. A total of 11 blood samples collected and were sent to DPHL for hepatitis serology. Out of the 11 samples four were found positive for hepatitis A. District RRT investigated the outbreak and all the cases were given symptomatic treatment,. Health education was given on the importance of safe drinking water and sanitation."
Jammu and Kashmir,Badgam,Jaundice,12,0.0,13-05-2022,13-05-2022,Under Control,"Cases reported from Village Khaipora HWC Lassipora District Badgam. Cases presented with abdominal pain and jaundice. Eight blood samples were collected and sent to DPHL Badgam for Hepatitis serology. All samples were tested negative for Hepatitis A & E. District RRT investigated the outbreak and all the cases were given symptomatic treatment,. Health education was given on the importance of safe drinking water and sanitation."
Jharkhand,Dhumka,Chickenpox,28,0.0,11-05-22,11-05-22,Under Control,"Cases reported from PHC Kharu Kadma, Block Shikaripara, District Dhumka. Cases presented with fever and vesicular rash. Four blood samples were collected and sent to RIMS Ranchi and all samples were found positive for chickenpox by VZV IgM ELISA. District RRT investigated the outbreak and all the cases were given symptomatic treatment. Isolation of the cases was done and health education was given on the importance of personal hygiene"
Karnataka,Hassan,Acute Diarrheal Disease,20,0.0,09-05-22,11-05-22,Under Control,"Cases reported from Taluk Holenarsipur, District Hassan. Cases presented with loose stools, vomiting and fever. One Water and two stool samples were collected and sent to HIMS, Hassan for bacteriological analysis. No Enteropathogenic organism was found in any of the samples stool culture. District RRT investigated the outbreak and house to house survey was conducted. All cases were given symptomatic treatment. Health education was given on the importance of safe drinking water and hand hygiene"
Karnataka,Kalaburgai,Cholera,144,0.0,07-05-22,09-05-22,Under Control,"Cases reported from Taluk Chittapur, District Kalaburagi. Cases presented with loose stools and vomiting. Five stool samples and 37 water samples were collected and sent to DPHL for bacteriological analysis. Out of five stool samples three showed Vibrio. Cholera growth and 11water samples were found to be non-potable by H2S method. District RRT investigated the outbreak and house to house survey was conducted. All cases were given symptomatic treatment. Health education was given on the importance of safe drinking water and sanitation."
Karnataka,Tumkur,Acute Diarrheal Disease,13,0.0,13-05-22,20-05-22,Under Control,"Cases reported from Taluk C N Halli, District Tumkur. Cases presented with loose stools, vomiting and fever. One Stool sample and two water samples were collected and sent to DPHL for bacteriological analysis. Stool sample showed growth of Esch coli and water samples were found to be non-potable by MPN method. District RRT investigated the outbreak and house to house survey was conducted. All cases were given symptomatic treatment. Health education was given on the importance of safe drinking water and hand hygiene"
Kerala,Ernakulam,Acute Diarrheal Disease,65,0.0,09-05-22,18-05-22,Under Surveillance,"Cases reported from Village Njarakkal, SC TH Njarakkal, PHC Malippuram, District Ernakulam. Cases presented with vomiting and loose stools. Two stool and two water samples were collected and sent to RPH Lab Ernakulam. No growth of coliform found in any stool sample and both water samples were found to be potable. District RRT investigated the outbreak and house to house survey was conducted. All cases were given symptomatic treatment. Health education was given on the importance of safe drinking water and sanitation."
Kerala,Kozhikode,Acute Diarrheal Disease,100,0.0,08-05-22,11-05-22,Under Surveillance,"Cases reported from Block Ulliyeri Affected ward 1,2,3,7,10,11,12, FHC Kayanna, District Kozhikode. Cases presented with abdominal pain, fever, vomiting and loose stools. 10 stool samples were collected and sent to Medical college, Kozhikode for bacteriological analysis. Two stool samples were found positive for Shigella by PCR. District RRT investigated the outbreak and house to house survey was conducted. All cases were given symptomatic treatment. Health education was given on the importance of safe drinking water and sanitation."
Kerala,Malappuram,Hepatitis A,20,0.0,14-04-22,09-05-22,Under Surveillance,"Cases reported from SC Anamagad, PHC Alipparamba, Block Melattoor, District Malappuram. Cases presented with abdominal pain and nausea. Five blood samples were collected and sent to GMCH Manjeri for Hepatitis serology. Out of the five two samples were found positive for Hepatitis A on IgM ELISA. District RRT investigated the case. District RRT investigated the outbreak and house to house survey was conducted. All cases were given symptomatic treatment. Health education was given on the importance of safe drinking water and hand hygiene"
Kerala,Palakkad,Noro Virus,21,0.0,09-05-22,16-05-22,Under Surveillance,"Cases reported from CHC Koduvayur, District Palakkad. Cases presented with vomiting and loose stools. District RRT investigated the case. Two Stool samples were collected and sent for Viral & Bacteriological examination to SPHL, Trivandarum. Both stools samples were found positive for norovirus by PCR. District RRT investigated the outbreak and house to house survey was conducted. All cases were given symptomatic treatment. Health education was given on the importance of safe drinking water and sanitation."
Kerala,Wayanad,Food Poisoning,47,0.0,08-05-22,12-05-22,Under Surveillance,"Cases reported from Village/PHC Padinjarathara, SC Chalakkarakunnu, Block Thariyode, District Wayanad. Cases presented with vomiting and loose stools. Five water samples were collected and sent to KWA Kalpetta for bacteriological analysis. Water samples were found to be nonpotable. District RRT investigated the outbreak and house to house survey was conducted. All cases were given symptomatic treatment. Health education was given on the"
Kerala,Thiruvanantha puram,Suspected Food Poisoning,04,0.0,06-05-22,10-05-22,Under Control,"importance of safe drinking water and sanitation. Cases reported from Village/CHC/Block Kallara, SC Vellamkudy, District Thiruvananthapuram. Cases presented with vomiting and loose stools. District RRT investigated the outbreak and house to house survey was conducted. All cases were given symptomatic treatment. Health education was given on the importance of safe drinking water and sanitation."
Madhya Pradesh,Datia,Chickenpox,06,0.0,09-05-2022,10-05-2022,Under Control,"Cases reported from Village Sadwara Subcentre Sadwara, Block Unao District Datia. Cases presented with fever and rash. District RRT investigated the outbreak and all the cases were given symptomatic treatment. Isolation of the cases was done and health education was given on the importance of personal hygiene"
Madhya Pradesh,Morena,Acute Diarrheal Disease,15,0.0,13-05-2022,14-05-2022,Under Control,Cases reported from Village- Hauapura Block Sabalgarah. Subcentre- Aroli District Morena. Cases presented with loose stools and vomiting. District RRT investigated the outbreak and house to house survey was conducted. All cases were given symptomatic treatment. Health education was given on the importance of safe drinking water and hand hygiene.
Maharashtra,Jalgaon,Dengue,09,1.0,06-05-2022,11-05-2022,Under Control,"Cases reported from Village Choargon, Subcentre Chandsar, PHC Chandsar. Cases presented with fever, loose stools and vomiting. Nine blood samples were sent to GMC Dhule and all were found positive for Dengue .The deceased case was a 13 year old male. District RRT investigated the outbreak. And fever survey was done. All of the cases were given symptomatic treatment. Anti- larval spray and fogging was done. Health education was given regarding the importance of vector control measures"
Maharashtra,Nashik,Chikungunya,06,0.0,09-05-2022,10-05-2022,Under Control,"Cases reported from Palsan, PHC Surgana. Cases presented wuith fever and joint pain. Out of six samples, four were found positive for Chikungunya by IgM ELISA. District RRT investigated the outbreak. And fever survey was done. All of the cases were given symptomatic treatment. Anti-larval spray and fogging was done. Health education was given regarding the importance of vector control measures"
Odisha,Ganjam,Acute Diarrheal Disease,22,0.0,10-05-22,16-05-22,Under Control,"Cases reported from Village Nakateri, SC/GP Saba, Block Dhorakote, District Ganjam.Cases presented with loose stools and vomiting. Two stool samples and two water samples were collected and sent to MKCG MCH, Berhampur & DPHL, DHH. Result awaited. District RRT investigated the outbreak and house to house survey was conducted. All cases were given symptomatic treatment. Health education was given on the importance of safe drinking water and hand hygiene."
Punjab,Jalandhar,Chickenpox,16,0.0,10-05-2022,13-05-2022,Under Control,"Cases reported from Village Gadaipur, PHC Randhawa Masanda Block Kartarpur District Jalandhar. Cases presented with fever and rash. 10 blood samples were collected and sent to PGIMER for Measles serology. All samples were found to be negative. District RRT investigated the outbreak and active case surveillance was done in the area all cases were given symptomatic treatment. Isolation of the cases was done and health education was given on the importance of immunization"
Punjab,S.A.S Nagar,Acute Diarrheal Disease,18,0.0,11-05-2022,12-05-2022,Under Control,"Cases reported from Village Barouli PHC Gharaun Block Gharuan District SAS Nagar. Cases presented with loose stools, vomiting. Four stool samples, six blood samples and five water samples were collected and sent to SAS Nagar for bacteriological analysis. Only one out of four stool samples showed growth of salmonella species on culture. All water samples were found to be potable. District Rapid response team surveyed the affected area and house to house survey was conducted. All cases were given symptomatic treatment. Health education was given on the importance of safe drinking water"
Rajasthan,Bikaner,Acute Diarrheal Disease,27,0.0,12-05-2022,13-05-2022,Under Control,"and hand hygiene. Cases reported from Village Baderan, SC Baderan, PHC Bhikhanera, District Bikaner. Cases presented with loose stools and abdominal pain. No samples were collected. District Rapid response team surveyed the affected area and house to house survey was conducted. All cases were given symptomatic treatment. Health education was given on the importance of safe drinking water and hand hygiene. Cases reported from Village Kodakarai, PHC"
Tamil Nadu,Krishnagiri,Dengue & Scrub Typhus,12,0.0,15-05-22,16-05-22,Under Control,"Anchetty, HSC Doddamanji, Block Thally, District Krishnagiri. Cases presented with fever, malaise and abdominal pain.41 blood samples and three water samples were collected and sent to DPHL Krishnagiri & Govt. Medical College Krishnagiri. Two samples tested positive for Dengue and two samples tested positive for scrub typhus. District RRT investigated the outbreak and house to house survey was conducted. All cases were given symptomatic treatment. Health education was given on the importance of safe drinking water and hand hygiene."
Tamil Nadu,Tiruchirappalli,Food Poisoning,12,0.0,09-05-22,16-05-22,Under Control,"Cases reported from Village JJ College (Ammapettai), PHC Inamkulathur, HSC Chathirapatti, Block Manikandam, District Tiruchirappalli. Cases presented with loose stools, vomiting and abdominal pain. Six water samples were collected and sent to DPHL Trichy Manapparai. Four samples were found to be non- potable District RRT investigated the outbreak and house to house survey was conducted. All cases were given symptomatic treatment. Health education was given on the importance of safe drinking water and hand hygiene. Cases reported from Village MK Street, Jayalani"
Tamil Nadu,Thoothukudi,Hepatitis A,05,0.0,11-05-22,15-05-22,Under Control,"st, PHC Fathimanagar, HSC Keela Shunmugapuram, Block Thoothukudi- corporation, District Thootukudi. Cases presented with fever, malaise and abdominal pain. Five serum samples and 12 water samples were collected and sent to DPHL. Out of five, one serum sample tested positive for leptospirosis and Hepatitis A both and one sample tested positive for only Hepatitis A. All water samples were found to be potable. District RRT investigated the outbreak and house to house survey was conducted. All cases were given symptomatic treatment. Health education was given on the importance of safe drinking water and hand"
Tamil Nadu,Vellore,Acute Diarrheal Disease,15,0.0,06-05-2022,11-05-2022,Under Control,"hygiene. Cases reported from Village VIT Men’s hostel, Sub Center old Katpadi. Cases presented with loose stools and vomiting. Four water samples were collected and sent to DPHL Walajah Vellore for bacteriological analysis. Three samples were found to be nonpotable. District RRT investigated the outbreak and house to house survey was conducted. All cases were given symptomatic treatment. Health education was given on the importance of safe drinking water and hand hygiene."
Uttar Pradesh,Lucknow,Chickenpox,06,0.0,12-05-2022,13-05-2022,Under Control,"Cases reported from Village, PHC Nigoha., District Lucknow. Cases presented with fever and rash. District RRT investigated the outbreak and all the cases were given symptomatic treatment. Isolation of the cases was done and health education was given on the importance of immunization and hand hygiene. Cases reported from Village Church Line, BDR"
West Bengal,Jalpaiguri,Dengue,272,0.0,08-05-22,08-05-22,Under Surveillance,"Busty, Top Line, Gram Samsad Bagrakote, GP Bagrakote, Block Mal Block, District Jalpaiguri. District RRT investigated the case. 191 Blood samples were collected and sent to DPHL, Jalpaiguri for Dengue NS1 antigen and 52 of the samples were found positive for Dengue. District RRT investigated the outbreak. And fever survey was done. All of the cases were given symptomatic treatment. Anti-larval spray and fogging was done. Health education was given regarding the importance of vector control measures"
West Bengal,Paschim Medinipur,Hepatitis A,10,0.0,06-05-22,06-05-22,Under Surveillance,"Cases reported from Village Bansbandi, GP Bankibandh 4 No., SC Dakshinsole, Block Salboni, District Paschim Medinipur. Cases presented with fever, abdominal pain and nausea. Seven blood samples were sent to SSKM and three water samples were sent to Public Health Engineering Department. Out of the seven serum samples three were found positive for Hepatitis A by IgM ELISA. District RRT investigated the outbreak and house to house survey was conducted. All cases were given symptomatic treatment. Health education was given on the importance of safe drinking water and hand hygiene."
West Bengal,South24 Parganas,Cholera,60,0.0,12-05-22,13-05-22,Under Surveillance,"Cases reported from Village Kamra (Das para), Brindabanpur (Daspara), Deuli (majhi para), SC/GP Kamra, Block Budge Budge-II, District South 24 Parganas. Cases presented with loose stools, vomiting and fever. Three Stool samples were collected and sent to IPGMER. Only two out of three stool samples showed growth of V. cholera (ogawa) strain. District RRT investigated the outbreak. and house to house survey was conducted. All cases were given symptomatic treatment. Health education was given on the importance of safe drinking water and hand hygiene"
Haryana,DISEASE OUTBREAKS OF Yamuna Nagar,Food Poisoning,PREVIOUS WEEKS REPORTED LATE 20,,00 11-05,Under -22 Control,"Cases reported from Village Azad Nagar Area Gali No 1 and Gali No. 2, UPHC Azad Nagar, District Yamuna Nagar. Cases presented with loose stools and vomiting. Four Water samples collected and sent to DPHL Yamuna Nagar. All water samples were found District RRT investigated the outbreak and house to house survey was conducted. All cases were given symptomatic treatment. Health education was given on the importance of",to be potable using MPN method.
Jammu and Kashmir,Baramulla,Chickenpox,32,,0 28-04,Under -22 Control,"safe drinking water and hand hygiene. Cases reported District Baramulla. Cases rash. District RRT investigated the outbreak and all the cases were given symptomatic treatment, Isolation of cases was done. Health education was given on the importance of personal hygiene and sanitation.","from Village Chadersera SDH Kreeri, presented with fever and vesicular"
Jammu and Kashmir,Baramulla,Chickenpox,81,,0 28-04,Under -22 Control,"Cases reported from Village SDH District Baramulla. Cases presented with fever and rash District were given symptomatic treatment, Isolation of cases was done. Health education was given on the importance of personal hygiene and sanitation","Gogaldara sub center Chandil tangmar, RRT investigated the outbreak and all the cases"
Jammu and Kashmir,Kupwara,Influenza A,10,,0 28-04,Under -22 Control,"Cases reported from Village Trehgam, District Kupwara. Cases presented with cough, fever and collected and sent to referral lab SKIMS Soura. Six of the samples were found positive for Influ investigated the outbreak. and all the cases were given symptomatic treatment. Health education was given on the importance ofhand hygiene.","Tanzoo Mohallah , Block sore throat.10 nasopharyngeal samples were enza A. District RRT"
Jharkhand,Gumla,Chickenpox,35,,0 02-05-,Under 2022 Control,Cases reported District Gumla. Cases presented with vesicular rash and fever. District RRT investigated the outbreak and all the cases were given symptomatic treatment. Isolation of the cases was done and health educatio importance of hand hygiene and personal hygiene.,"from Village Atakhora Block Verno , n was given on the"
Jharkhand,Saraikela Kharsawan,Chickenpox,06,,00 04-05,Under -22 Surveillance,"Cases reported from Village Bhurkunda, CHC Kuchai, District Seraikella and rash. Two serum samples collected and sent to MGM Medical College Hospital. Both of the samples were found to chickenpox investigated the case and all Isolation of the cases was done and health education was",– Kharsawan. Cases presented with fever be positive for on VZV IgM ELISA. District RRT District RRT investigated the outbreak the cases were given symptomatic treatment.
Karnataka,Shivamogga,Kyasanur Forest Disease,04,,01 03-05,Under -22 Control,"given on t Cases reported from Village Gejjenahalli, PHC Harnahalli. Cases presented District RRT investigated the outbreak and house to house active case surveillance was done in affected area. DMP Oil was distributed among the ho was given on the nature of the disease and its measures.","he importance of immunization. with fever, vomitting and bodyache. useholds and health education preventive"
Karnataka,Tumakuru,Rabies,01,,01 04-05,Under -22 Control,Case Honnavalli.District Tumkaru bitten by pet dog on 14.04.2022. Case had symptoms body pain and fever. Vaccinated with ARV 28.04.2022 and died on 02.05.2022.,"reported from Village Hosapatna, PHC . A 70 years old male was of st - 1dose on"
Karnataka,Tumkur,Suspected Chickenpox,19,,00 28-04,Under -22 Control,Cases presented with fever and rash. Two blood samples collected and sent to BMCRI Bangalore Chicken pox outbreak treatment. education was given on the importance of immunization.,reported from Taluk/District Tumkur. Cases and both resulted negative for on IgM ELISA. District RRT investigated the and all the cases were given symptomatic Isolation of the cases was done and health
Maharashtra,Sindhudurg (Kudal),Malaria (PV),05,,00 04-05,Under -22 Surveillance,"Cases reported from Village/SC Taluk presented with fever, chills and body ache were collected in mass survey. found positive for Malaria. outbreak.and given symptomatic treatment. Anti was done. importance of vector control measures","Degave, PHC Morgaon, Dodomar, District Sindhudurg (Kudal). Cases . 12 blood samples Five blood samples were District RRT investigated the fever survey was done. All of the cases were -larval spray and fogging Health education was given regarding the ."
Uttarakhand,Nainital,Measles,08,,02 24-04,Under -22 Control,"Cases reported from Village Gafur Basti, Haldwani, District Nainital. samples were col Measles serology. Five found positive for Measles on IgM ELISA.The two deceased cases were 4 years old male and 2 years old female. all cases were given symptomatic treatment. Isolation of the cases was done and health education was given on the importance of immunization.",Cases presented with fever and rash. Eight blood lected and sent to GMC Haldwani for District RRT investigated the outbreak and
"Andhra
Pradesh","N. T. Rama
Rao","Acute
Diarrheal
Disease",29,00,15-05-22,21-05-22,Under Control,"Cases reported from UPHC Madhura nagar
Bhanu Nagar area. Cases presented with loose
stools. Three water samples from all water
resources were sent to IPM Water Lab,
Vijayawada. All were found fit for drinking.
District RRT investigated the outbreak. House to
house survey in entire affected area with ASHA
workers was done. Municipal Corporation of
Vijaywada was instructed for disinfection and
sanitation immediately. Health education was
given regarding the importance of safe drinking
water."
"Arunachal
Pradesh",Anjaw,Chickenpox,36,00,17-05-22,19-05-22,Under Control,"Cases reported from Village-Khupa, Health
facility-KPM district hospital.Cases presented
with fever and maculopapular rashes. Blood and
throat swab samples were collected and sent to
ICMR, Dibrugarh, Assam and were found
positive for Chicken pox by IgM ELISA. District
RRT investigated the outbreak. Cases were
isolated. Frequent changes of bedding and
personal belongings, adequate diet and plenty of
fluids were emphasized upon. Vitamin A
Prophylaxis was given. Health education was
imparted regarding importance of personal
hygiene."
Assam,Nalbari,Chickenpox,09,00,15-05-22,17-05-22,Under Control,"Cases reported from Balitara village. Cases
presented with fever with rashes. District RRT
investigated the outbreak. Cases were isolated.
Frequent changes of bedding and personal
belongings, adequate diet and plenty of fluids
were emphasized upon. Vitamin A Prophylaxis
was given. Health education was imparted
regarding importance of personal hygiene."
Assam,Udalguri,"Acute
Diarrheal
Disease",14,00,17-05-22,19-05-22,Under Control,"Cases reported from dhupguri SC. District RRT
investigated the outbreak. House to house survey
in the affected area was done. Disinfection and
sanitation measures were taken. ORS sachets
were distributed. Health education was given
regarding importance of safe drinking water and
sanitation."
Gujarat,,Food Poisoning,173,00,,,"Under
Surveillance","Cases reported from Village Shihor City, UH
Shihor, District Bhavnagar.Cases presented with
vomiting and loose stools. They had apparently
consumed food in a marriage ceremony. Three
food samples were collected and sent to Food
and Drugs Laboratory, Vadodara. Result
awaited. District RRT investigated the case.
House to house survey in the affected area was
done. ORS sachets were distributed. Disinfection
and sanitation measures were taken. Health
education was given regarding importance of
safe drinking water and sanitation."
"Jammu and
Kashmir",Bhavnagar Kupwara,Chickenpox,10,00,16-05-22 18-05-22,18-05-22 19-05-22,Under Control,"Cases reported from Village Mancahteri, SC
Mancahteri, block Kralpora. Cases presented
with fever and vesicular rashes. No samples were
collected. District RRT investigated the outbreak.
Cases were isolated. Frequent changes of
bedding and personal belongings, adequate diet
and plenty of fluids were emphasized upon.
Screening was done in the village area for any
case of fever with rashes. Vitamin A Prophylaxis
was given. Health education was imparted
regarding importance of personal hygiene."
Kerala,Ernakulam,"Fever with
rash",13,00,16-05-22,24-05-22,"Under
Surveillance","Cases reported from Village/PHC Edavanakkad,
Block Malippuram, District Ernakulam. Cases
presented with fever, rash and blisters in hand,
mouth and foot. District RRT investigated the
case. Two serum samples were collected and sent
to NIV Alleppey. Both were found negative for
HFMD. Frequent changes of bedding and
personal belongings, adequate diet and plenty of
fluids were emphasized upon. Screening was
done in the village area for any case of fever with
rashes. Health education was imparted regarding
importance of personal hygiene."
Kerala,,Dengue,07,00,,,"Under
Surveillance","Cases reported from SC Kanichanellur Cheppad
ward-9 Parimanam, PHC Cheppad, CHC
Muthukulam, District Alappuzha. District RRT
investigated the case. 10 blood samples were sent
to Alappuzha Lab. Seven were found positive
for IgM ELISA. District RRT investigated the
outbreak. Medical camp was established at the
site to diagnose early cases. Daily surveillance
activities were carried out for active search of
cases.Health education was imparted regarding
the importance of vector control measures."
Kerala,Alappuzha,Food Poisoning,12,00,17-05-22,20-05-22,"Under
Surveillance","Cases reported from Mary Quens Nursing School
Parathodu, PHC Parathodu, CHC Erumeli,
District Kottayam. Cases presented with
vomiting and abdominal pain. District RRT
investigated the outbreak. Lab samples were not
collected. District RRT investigated the outbreak
and all cases were given symptomatic treatment.
Health education was given on the importance of
safe drinking water and hand hygiene."
Kerala,Kottayam,Food Poisoning,08,00,18-05-22,21-05-22,"Under
Surveillance","Cases reported from Ward 9, SC Checode,
CHC/Block Omanur, District Malappuram.
Cases presented with vomiting and abdominal
pain. One stool sample collected and sent for
culture to Government medical College, Manjeri.
No pathogenic organism was isolated. District
RRT investigated the outbreak and All cases
were given symptomatic treatment. Health
education was given on the importance of safe
drinking water and hand hygiene."
Kerala,"Malappuram Pathanamthitt
a",Food Poisoning,27,00,17-05-22 15-05-22,21-05-22 18-05-22,"Under
Surveillance","Cases reported from SC Vazhamuttam,
Panchayath Vallikodu, Block Konni, District
Pathanamthitta. District RRT investigated the
outbreak. Water samples were collected. Water
samples showed no coliforms. Stool samples
collected and sent to RPH Lab. pathogenic
organism was isolated District RRT investigated
the outbreak and All cases were given
symptomatic treatment. Health education was
given on the importance of safe drinking water
and hand hygiene."
Kerala,"Thiruvanantha
puram",Food poisoning,05,00,,,Under Control,"Cases reported from Village Ulloor, FWC
Cheruvakkal, CET College of Engineering MCH
Unit Pangappara, District Thiruvananthapuram.
Lab samples were not collected yet. District RRT
investigated the outbreak. Cases had apparently
food at the family function. House to house
survey in the affected area was done. ORS
sachets were distributed. Disinfection and
sanitation measures were taken. Health education
was given regarding importance of safe drinking
water and sanitation."
Kerala,"Thiruvanantha
puram",Dengue,07,00,21-05-22,22-05-22,"Under
Surveillance","Cases reported from Govt. Nursing College
Hostel, Medical College, UPHC Kannamoola,
District Thiruvananthapuram. District RRT
investigated the case. Seven samples collected
and sent for analysis. Result, all seven samples
found to be Dengue NS1 positive. District RRT
investigated the outbreak. Medical camp was
established at the site to diagnose early cases.
Daily surveillance activities were carried out for
active search of cases.Health education was
imparted regarding the importance of vector
control measures."
Kerala,Wayanad,"Acute
Diarrheal
Disease",22,00,13-05-22,24-05-22 16-05-22,"Under
Surveillance","Cases reported from Village Vythiri, SC
Pookode, PHC Suganthagiri, CHC Meppadi,
District Wayanad. Two stool samples were
collected and sent to IQRAA Hospital bathery.
Two rectal swabs were sent to State Public
Health Lab. Water samples showed presence of
E.coli and coliforms. District RRT investigated
the outbreak. Cases had apparently food at the
family function. House to house survey in the
affected area was done. ORS sachets were
distributed. Disinfection and sanitation measures
were taken. Health education was given
regarding importance of safe drinking water and
sanitation."
Kerala,,Leptospirosis,18,00,,,Under Control,"Cases reported from TH Nileshwer FHC Karindalam, Choyyamcode Panathady, PHC Madikkai, FWC Madikkai, District- Kasaragode. District RRT investigated the case. 63 serum samples were collected and sent to RPH Lab,"
Kerala,Kasaragod,Mumps,36,00,21-02-22,21-05-22,Under Control,"Kannur. Out of which 18 cases were found positive for Leptospirosis by IgM ELISA. Active case search was done. Doxycycline prophylaxis was given, symptomatic treatment was given. Health education given. Cases reported from Village- Kaniyambatta, SC-Palliyara, PHC-Varadoor, Kalpetta, District- Wyanad. Cases presented with swollen salivary gland and pain. District RRT investigated the case. 10 blood samples sent to NIV, Alapuzha"
Karnataka,Wayanad Ballari,"Acute
Diarrheal
Disease",22,00,11-02-22 17-05-22,20-05-22 17-05-22,Under Control,"out of which five samples found IgM positive for Mumps. Medical camp conducted. Affected children were isolated. Symptom surveillance was done on daily basis. Health education was given. Cases reported from PHC Kuruvalli. Cases presented with vomiting and loose stools. Cases had apparently consumed food at a hotel. One Stool sample was sent to DPHL Ballari, which showed no growth of enteropathogens after 48 hours of aerobic incubation. Two water samples were found NSPP and one water sample was found SPP. District RRT investigated the outbreak. Cases had apparently food at the family function. House to house survey in the affected area was done. ORS sachets were distributed. Disinfection and sanitation measures were taken. Health education was given regarding importance of safe drinking water and sanitation."
Maharashtra,Pune,Dengue,21,00,16-05-22,17-05-22,Under Control,"Cases reported from Village Rajegaon under
PHC-Rawangaon sBlock-Daund. Cases
presented with fever, backache and headache.
Samples were found to be positive for Dengue.
District RRT investigated the outbreak. Daily
surveillance activities were carried out for active
search of cases. Health education was imparted
regarding the importance of vector control
measures."
,Jalandhar,Chickenpox,16,00,18-05-22,20-05-22,Under Control,"Cases reported from village Gadaipur PHC
Randhawa Masanda Block Kartarpur, Distt
Jalandhar. Cases presented with fever with rash.
No samples were collected as it was clinically
confirmed. District RRT investigated the
outbreak. Symptomatic treatment was given to
all cases. Door to Door surveillance was done
and disinfection activities were carried out.
Health education was imparted regarding
importance of personal hygiene."
Punjab Telangana,Nalgonda,"Acute
Diarrheal
Disease",6,00,16-05-22,21-05-22,Under Control,"Cases presented with loose stools and vomiting.
Cases apparently consumed food in a religious
ceremony. Six stool samples were collected for
culture and isolated. E.coli was found in in four
samples.
District RRT investigated the outbreak. Cases
had apparently food at the family function.
House to house survey in the affected area was
done. ORS sachets were distributed. Disinfection
and sanitation measures were taken. Health
education was given regarding importance of
safe drinking water and sanitation."
Telangana,,Food Poisoning,28,00,,,Under Control,"Cases reported from Gandhi Nagar, District
Nalgonda. Cases presented with loose stools.
District RRT investigated the outbreak. Six
samples collected and sent for examination. Of
these, four samples were isolated
Escherichia.coli which grew on Sorbital
Macconkey agar medium. District RRT
investigated the outbreak. Cases had apparently
food at the family function. House to house
survey in the affected area was done. ORS
sachets were distributed. Disinfection and
sanitation measures were taken. Health education
was given regarding importance of safe drinking
water and sanitation."
Uttar Pradesh,Nalgonda Lucknow,Chickenpox,05,00,16-05-22 14-05-22,23-05-22 18-05-22,Under Control,"Cases reported from Village Patauna Gram Devi
Kheda under PHC Dakhina Sekhpur,
Mohanlalganj. District RRT investigated the
outbreak. Symptomatic treatment was given to
all cases. Door to Door surveillance was done
and disinfection activities were carried out.
Health education was imparted regarding
importance of personal hygiene."
Uttar Pradesh,Mirzapur,"Acute
Diarrheal
Disease",07,00,18-05-22,20-05-22,Under Control,"Cases reported from CHC Hallia, Village
Galariya. Cases presented with loose stools
.District RRT investigated the outbreak. Cases
had apparently food at the family function.
House to house survey in the affected area was
done. ORS sachets were distributed. Disinfection
and sanitation measures were taken. Health
education was given regarding importance of
safe drinking water and sanitation."
Uttar Pradesh,Mirzapur,"Acute
Diarrheal
Disease",05,00,18-05-22,20-05-22,Under Control,"Cases reported from ?? Cases presented with
loose stools. District RRT investigated the
outbreak. House to house survey in the affected
area was done. ORS sachets were distributed.
Disinfection and sanitation measures were taken.
Health education was given regarding
importance of safe drinking water and sanitation."
West Bengal,Hooghly F,ood Poisoning,49,00,22-05-22,23-05-22,"Under
Surveillance","Cases reported from Village Kankuria, GP-
Goghat, Block Goghat-I, District Hooghly. Cases
presented with fever, vomiting and loose stools.
District RRT investigated the case. Water and
rectal swab samples were collected. Samples sent
to which lab. District RRT investigated the
outbreak and All cases were given symptomatic
treatment. Health education was given on the
importance of safe drinking water and hand
hygiene."
,Betul,,65,,06-05-22,,,"Cases reported from Village:Pindrai SC/ PHC/: SC -
Morkha Block: Amla. Cases presented with vomiting and
abdominalNo sample was collected. District RRT
investigated the outbreak and All cases were given
symptomatic treatment. Health education was given on the
importance of safe drinking water and hand hygiene."
"Madhya
Pradesh",Chhatarpur,Food Poisoning,03,00,29-04-22,,Completed,"Cases reported from Village Mawasi. Cases presented with
fever with vesicular rashes. No sample was collected.
District RRT visited the affected area and teams surveyed
the population of Mawasi Village."
"Madhya
Pradesh",Pune,"Fever with
Rash",12,00,23-04-22,,Completed,"Cases reported from Datkhilewadi village under Kale
subcenter of Yenere PHC tal junnar. District RRT
investigated the outbreak. Medical camp was established at
the site to diagnose early cases. Daily surveillance
activities were carried out for active search of cases. Health
education was imparted regarding the importance of vector
control measures."
Maharashtra Meghalaya,"West Jaintia
Hills","Dengue Acute
Diarrheal
Disease",110,00,12-05-22,,Completed,"Cases presented with loose stools. District RRT
investigated the outbreak. Cases had apparently food at the
family function. House to house survey in the affected area
was done. ORS sachets were distributed. Disinfection and
sanitation measures were taken. Health education was
given regarding importance of safe drinking water and
sanitation."
Meghalaya,"West Jaintia
Hills","Acute
Diarrheal
Disease",60,00,01-05-22,,"Under
Surveillance","Cases reported from PHC Barato, District West Jaintia
Hills. Cases presented with loose stools. Six stool
samples were sent to ICMR Dibrugargh, Assam. 2
Samples were found positive for both Astrovirus and
Campylobacter jejuni. District RRT investigated the
outbreak. Cases had apparently food at the family function.
House to house survey in the affected area was done. ORS
sachets were distributed. Disinfection and sanitation
measures were taken. Health education was given
regarding importance of safe drinking water and sanitation."
"Arunachal
Pradesh",West Kameng,"Acute
Diarrheal
Disease",37,0,27-05-22,27-05-22,Under Control,
Gujarat,Surat,Food Poisoning,132,00,24-05-22,26-05-22,Under Control,
"Jammu and
Kashmir",Doda,Chickenpox,18,00,22-05-22,23-05-22,Under Control,
"Jammu and
Kashmir",Pulwama,Chickenpox,11,0,26-05-22,27-05-22,Under Control,
Jharkhand,Dumka,Chickenpox,18,00,23-05-22,23-05-22,Under Control,
Jharkhand,Pakur,Measles,07,00,21-05-22,23-05-22,Under Control,
Jharkhand,"West
Singhbhum",Food Poisoning,15,00,27-05-22,28-05-22,"Under
Surveillance",
Jharkhand,"West
Singhbhum",Dysentry,9,00,28-05-22,28-05-22,Under Control,
Kerala,Kannur,Food Poisoning,27,00,23-05-22,25-05-22,"Under
Surveillance",
Kerala,Kozhikode,"Acute
Diarrheal
Disease",42,00,24-05-22,26-05-22,"Under
Surveillance",
Kerala,Palakkad,"Acute
Diarrheal
Disease",29,00,23-05-22,30-05-22,"Under
Surveillance",
"Madhya
Pradesh",Jabalpur,Leptospirosis,1,1,24-05-22,24-05-22,Under Control,
"Madhya
Pradesh",Neemuch,Chickenpox,4,0,24-05-22,24-05-22,Under Control,
"Madhya
Pradesh",Ratlam,"Acute
Diarrheal
Disease",113,00,22-05-22,23-05-22,Under Control,
Maharashtra,Chandrapur,Malaria,13,1,25-05-22,25-05-22,Under Control,
Maharashtra,Latur,Food Poisoning,42,0,25-05-22,25-05-22,Under Control,
Maharashtra,Latur,Food Poisoning,376,0,23-05-22,23-05-22,Under Control,
Odisha,Dhenkanal,"Acute
Diarrheal
Disease",16,00,23-05-22,25-05-22,"Under
Surveillance",
Odisha,Dhenkanal,"Acute
Diarrheal
Disease",21,00,24-05-22,25-05-22,"Under
Surveillance",
Odisha,Jajpur,Dysentery,16,00,26-05-22,27-05-22,"Under
Surveillance",
Odisha,Koraput,Rubella,10,00,22-05-22,28-05-22,"Under
Surveillance",
Odisha,Keonjhar,"Acute
Diarrheal
Disease",08,00,25-05-22,26-05-22,Under Control,
Odisha,Sundargarh,Food Poisoning,24,00,25-05-22,28-05-22,Under Control,
Puducherry,Karaikal,"Acute
Diarrheal
Disease",113,00,26-05-22,01-08-22,Under Control,
Puducherry,Karaikal,Cholera,26,00,25-05-22,28-05-22,"Under
Surveillance",
Punjab,Faridkot,Chickenpox,06,00,23-05-22,24-05-22,Under Control,
Tamil Nadu,Tiruchirappalli,Food Poisoning,34,00,24-05-22,25-05-22,Under Control,
Tamil Nadu,Thiruvarur,Food Poisoning,67,00,27-05-22,30-05-22,"Under
Surveillance",
Tamil Nadu,Trichirapalli,Food Poisoning,34,00,24-05-22,25-05-22,"Under
Surveillance",
Uttar Pradesh,"Sant Ravi Das
Nagar","Acute
Diarrheal
Disease",21,01,21-05-22,28-05-22,"Under
Surveillance",
Uttarakhand,Almora,"Fever with
Rash",11,00,26-05-22,29-05-22,"Under
Surveillance",
Uttarakhand,"Udhamsingh
Nagar","Acute
Diarrheal
Disease",10,00,29-05-22,29-05-22,"Under
Surveillance",
West Bengal,Hooghly,Cholera,67,00,22-05-22,23-05-22,"Under
Surveillance",
"Jammu and
Kashmir",Kathua,,18,00,Outbreak,,Completed,
Jharkhand,East Singhbum,,15,00,,,Completed,
Karnataka,Chikkamagaluru,,38,00,,,"Under
Control",
Karnataka,Udupi,Dengue,92,00,17-05-22,"Under
Surveillance",,"Cases reported from Taluk Kundapura, District Udupi."
Kerala,Palakkad,Dengue,18,00,03-05-22,"Under
Surveillance",,"Cases presented with fever and bodyache. 136 blood samples were collected and sent to DPHL Udupi for Dengue serology and NS1 antigen. 22 samples were found to be positive for both Dengue IgM ELISA and NS1 antigen. District RRT investigated the outbreak and fever survey was done. All the cases were given symptomatic treatment. Anti-larval spray and fogging was done. Health education was given regarding the importance of vector control measures. Cases reported from Village Pudussery West, CHC"
Kerala,Thrissur,"Acute
Diarrheal
Disease
(Shigella)",32,00,12-05-22,"Under
Surveillance",,"Kuzhalmannam, FHC Pudussery, FWC Pudussery, District Palakkad. Cases presented with bodyache and fever. Serum samples of all the cases were collected and sent to Co- operative hospital, Pallakad and tested for Dengue NS1 Ag. All the samples tested positive for Dengue. District RRT investigated the outbreak and fever survey was done and all the cases were given symptomatic treatment. Anti-larval spray and fogging was done. Health education was given regarding the importance of vector control measures. Cases reported from Block Vilvattom, District Thrissur."
Kerala,Thrissur,West Nile,01,00,19-04-22,"Under
Surveillance",,"Cases presented with loose stools, vomiting and abdominal pain. Two stool samples were collected and sent to GMC, Thrissur-Microbiology Department for culture and one stool sample was found to be positive for Shigella sonnei. District RRT investigated the outbreak. District RRT investigated the outbreak and house to house survey was conducted and all cases were given symptomatic treatment. Health education was given on the importance of safe drinking water and sanitation. Case reported from Block Vellanikara, District Thrissur. Case presented with fever and quadriplegia. CSF sample was collected and sent to NIV Alappuzha and the sample tested positive for West Nile Virus by PCR test. District RRT investigated the outbreak and fever survey was conducted. Mosquito breeding sites were identified and source reduction activities were carried out. Health education was given on the importance of vector control practices."
Kerala,"Thiruvanantha
puram",Brucellosis,01,00,04-05-22,"Under
Surveillance",,"Case reported from Vellarada, Mundanad, Anavoor, District"
"Madhya
Pradesh",Chhindwara,"Fever with
Rash",13,00,05-04-22,Completed,,Thiruvananthapuram. One serum sample was collected and found positive for Brucella by IgM ELISA at KIMS hospital and five blood samples from cows were collected and sent to Vellarada Veterinary Hospital and all of the samples turned out to be negative for Brucella. District RRT investigated the outbreak and house to house survey was conducted. Health education was given in the community about the disease and its prevention measures. Cases reported from Sausar block 13 cases were reported
Meghalaya,"West Khasi
Hills","Mushroom
Poisoning",08,00,20-05-22,"Under
Surveillance",,"from PHC ramakona. They presented with fever with rash and were diagnosed for Chicken pox clinically. District RRT investigated the outbreak. Frequent changes of bedding and personal belongings, adequate diet and plenty of fluids were emphasized upon. Screening was done in the village area for any case of fever with rashes. Health education was imparted regarding importance of personal hygiene. Cases reported from PHC Nongthliew, District Eastern"
Punjab,Patiala,"Acute
Diarrheal
Disease",218,02,04-11-22,Completed,,"West. District RRT investigated the outbreak and house to house survey was conducted. All cases were given symptomatic treatment. Health education was given on the importance of safe drinking water and hand hygiene. Cases reported from Shamdoo Camp, Block Kalomajra, Rajpura, District Patiala.They presented with loose stools. 17 stool samples showed growth of Normal Flora tested at DPHL MKH Patiala. Five water samples WERE found non- potable at State Public Health Lab, Kharar. District RRT investigated the outbreak. House to house survey in the affected area was done. Disinfection and sanitation measures were taken. ORS sachets were distributed. Health education was given regarding importance of safe drinking water and sanitation."
"Andhra
Pradesh",Nandyal,Food Poisoning,13,2,31-05-2022,02-06-2022,Under Control,Cases reported from Bairluty Gudem. Cases
Assam,Baksa,"Acute
Diarrheal
Disease",15,00,31-05-2022,31-05-2022,Under Control,presented with loose stools and vomiting. The cases had consumed food in a marriage function and the same food was consumed for 3 consecutive days. They also distributed food to their relatives and friends adjacent to their house which may be the leading cause of outbreak. District RRT investigated the outbreak. The source of water was found bacteriologically unsatisfactory for drinking purpose. Klebsiella species was isolated. The deceased cases were 20 and 60 years old females. House to house survey in the affected area was done. Disinfection and sanitation measures were taken. ORS sachets were distributed. Health education was given regarding importance of safe drinking water and sanitation. Cases reported from Nagrijuli Model hospital.
Assam,Bongaigaon,Food Poisoning,20,00,04-06-2022,04-06-2022,Under Control,"Cases presented with loose stools and vomiting. Three stool samples were collected and sent to DPHL, Nalbari and showed E. coli on culture. District RRT investigated the outbreak and house to house survey was conducted. All cases were given symptomatic treatment. Health education was given on the importance of safe drinking water and sanitation. Cases reported from Abhayapuri CHC. Cases reported from Abhaypauri CHC. Cases presented with loose stools and vomiting. The cases had consumed food in a religious ceremony. Food samples were sent for food analysis and no extrameous harmful substance was detected. District RRT investigated the outbreak. House to house survey in the affected area was done. Disinfection and sanitation measures were taken. ORS sachets were distributed. Health education was given regarding importance of safe drinking water and sanitation."
Assam,Bongaigaon,Food Poisoning,19,00,03-06-2022,03-06-2022,Under Control,Cases reported from Abhaypauri CHC. Cases
Chhattisgarh,"Janjgir-
Champa",Food Poisoning,53,0,02-06-2022,03-06-2022,Under Control,"presented with loose stools and vomiting. Food samples were sent for food analysis and no extrameous harmful substance was detected. District RRT investigated the outbreak. House to house survey in the affected area was done. Disinfection and sanitation measures were taken. ORS sachets were distributed. Health education was given regarding importance of safe drinking water and sanitation. Cases reported from CHC Navagarh, PHC"
Gujarat,Chhota Udepur,"Acute
Diarrheal
Disease",203,00,29-06-2022,04-06-2022,Under Control,"Salkhan, Village Ringni. Cases presented with loose stools and vomiting. District RRT investigated the outbreak and house to house survey was conducted. All cases were given symptomatic treatment. ORS sachets were distributed. Health education was given on the importance of safe drinking water and sanitation. Cases reported from Urban Health Centre,"
Haryana,Gurugram,"Acute
Diarrheal
Disease",06,00,30-05-22,30-05-22,"Under
Surveillance","Chhotaudepur. Cases presented with loose stools and vomiting. The cases had consumed food at a marriage function District RRT investigated the outbreak. House to house survey in the affected area was done. Disinfection and sanitation measures were taken. ORS sachets were distributed. Health education was given regarding importance of safe drinking water and sanitation. Cases reported from UPHC Nathpur, Gurugram, District Gurugram. Cases presented with loose stools, vomiting and abdominal pain. Two water samples were collected and sent to Water testing lab, Gurugram and both the samples were found to be potable. District RRT investigated the outbreak and house to house survey was conducted. All cases were given symptomatic treatment. A special control room was setup for water borne diseases. Health education was given on the importance of safe drinking water and sanitation."
Haryana,Nuh,Measles,18,00,23-05-22,06-06-22,Under Control,Cases reported from Village Mahu Lalalpur &
"Jammu and
Kashmir",Shopian,Chickenpox,14,00,31-05-22,01-06-22,Under Control,"Khanpur Nuh, SC Kankar Kheri, PHC Nagina, CHC FP Jhirka, District Nuh. Cases presented with fever, rash cough and conjunctivitis. Five serum samples were collected and sent to Maharishi Valmiki. Hospital. Only one case was vaccinated. Four samples were found positive for Measles by IgM ELISA. District RRT investigated the outbreak and all cases were given symptomatic treatment. Isolation of the cases was done and health education was given on the importance of immunization. Cases reported from village Sofipora, CHC"
Karnataka,Kalaburagi,"Acute
Diarrheal
Disease",16,00,01-06-22,03-06-22,Under Control,"Zainpora. Cases presented with fever and vesicular rashes. Cases were isolated. Frequent changes of bedding and personal belongings, adequate diet and plenty of fluids were emphasized upon. Vitamin A Prophylaxis was given. Health education was imparted regarding importance of personal hygiene. Cases reported from Taluk Chittapur, District Kalaburagi. Cases presented with loose stools, vomiting and abdominal pain. Two stool samples were collected and sent to DPHL Kalaburgi for stool culture. No Enteropathogenic organism was isolated from any of the samples. District RRT investigated the outbreak and house to house survey was conducted. All cases were given symptomatic treatment. Health education was given on the importance of safe drinking water and sanitation."
Karnataka,Mysuru,"Acute
Diarrheal
Disease",41,00,30-05-2022,02-06-2022,Under Control,Cases reported from Vikram Nursing College
Karnataka,Raichur,"Acute
Diarrheal
Disease",321,03,29-05-22,30-05-22,Under Control,"Hostel, Manchegowdanakopallu, Mysore Urban. Cases presented with loose stools and vomiting. Seven stool samples were collected for lab analysis and sent to MMC Mysuru. Out of seven stool samples, six were found positive for E.coli by culture. Out of four water samples, three were found unfit for drinking. District RRT investigated the outbreak. House to house survey in the affected area was done. Disinfection and sanitation measures were taken. ORS sachets were distributed. Health education was given regarding importance of safe drinking water and sanitation. Cases reported from Taluk Raichur, District"
Karnataka,Vijayapura,Chikungunya,13,00,01-06-2022,01-06-2022,Under Control,"Raichur. Cases presented with loose stools, vomiting and abdominal pain. 30 stool samples were collected and sent to RIMS Microbiology for stool culture and 20 were found to be positive for E.coli. 130 water samples were collected and sent to DSL, Raichur for bacteriological analysis and 72 samples were found to be non-potable. District RRT investigated the outbreak and house to house survey was conducted. All cases were given symptomatic treatment. Health education was given on the importance of safe drinking water and sanitation. Cases reported from Golasangi PHC of Bagewadi Taluka. Cases presented with fever. Five blood samples were sent to DPHL Vijayapura. Out of five samples, two were found positive for Chikungunya by IgM ELISA. District RRT investigated the outbreak and fever survey was done. All of the cases were given symptomatic treatment. Anti-larval spray and fogging was done. Health education was given regarding the importance of vector control measures."
Kerala,Alappuzha,"Acute
Diarrheal
Disease",09,00,27-05-22,01-06-22,Under Control,"Cases reported from Village Chunakkara, PHC"
Kerala,Kasaragod,Food Poisoning,22,00,02-06-22,06-02-22,"Under
Surveillance","Josco Hospital-Nursing Hostel, Block Nooranad, District Alappuzha. Cases presented with loose stools and vomiting. Water samples from four sites were sent to Public Health Lab, Alappuzha and all samples showed coliforms in them and thus were found not suitable for drinking purpose. District RRT investigated the outbreak and house to house survey was conducted. All cases were given symptomatic treatment. Health education was given on the importance of safe drinking water and sanitation. Cases reported from Periye, CHC Periye, FWC"
Kerala,Kottayam,Food Poisoning,11,00,05-06-22,06-06-22,"Under
Surveillance","Marakkappukadappuram, Padannakkad, District Kasaragod. Cases presented with loose stools and vomiting. Four stool samples were sent to GMC Kannur for stool culture and showed no Enteropathogenic organism in it. District RRT investigated the outbreak and house to house survey was conducted. All cases were given symptomatic treatment. Health education was given on the importance of safe drinking water and hand hygiene. Cases reported from CHC Mundankunnu, Pambady Panchayath, PHC Meenadom, Sanjose Hostel, Kottayam, District Kottayam. Cases presented with loose stools and vomiting. Four stool samples were sent to State Public Health lab, TVM. Three samples showed presence of Norovirus G2 and one sample was found positive for Astrovirus. District RRT investigated the outbreak. and house to house survey was conducted. All cases were given symptomatic treatment. Health education was given on the importance of safe drinking water and hand hygiene."
Kerala,"Thiruvanantha
puram","Acute
Diarrheal
Disease
(Norovirus)",47,00,28-05-22,02-06-22,"Under
Surveillance","Cases reported from CHC Vizhinjam,"
"Madhya
Pradesh",Gwalior,"Acute
Diarrheal
Disease",48,00,17-03-2022,05-06-2022,Under Control,"Mankalathukonam, Venganoor, District Thiruvananthapuram. Cases presented with fever, abdominal pain and loose stools. Two stool samples were collected and sent to State Public Health, TVM and the samples tested positive for Norovirus on PCR. District RRT investigated the outbreak and house to house survey was conducted. All cases were given symptomatic treatment. Health education was given on the importance of safe drinking water and sanitation. Cases reported from village-Chhapra block"
"Madhya
Pradesh",Morena,"Acute
Diarrheal
Disease",4,0,31-05-2022,31-05-2022,Under Control,Dabara. Cases presented with loose stools and vomiting. The cases had consumed food at a marriage function. District RRT investigated the outbreak. House to house survey in the affected area was done. Disinfection and sanitation measures were taken. ORS sachets were distributed. Health education was given regarding importance of safe drinking water and sanitation. Cases reported from CHC Joura. Cases presented
"Madhya
Pradesh",Narsinghpur,"Acute
Diarrheal
Disease",136,02,31-05-2022,31-05-2022,Under Control,"with loose stools and vomiting. District RRT investigated the outbreak and house to house survey was conducted. All cases were given symptomatic treatment. Health education was given on the importance of safe drinking water and sanitation. Cases reported from Village Chandrapura, PHC- Malhapipariya, Block - Narsinghpur., Cases presented with loose stools and vomiting. Water samples were collected by PHE department. Results awaited. The deceased cases were 44 years old male and 56 years old female. District RRT investigated the outbreak and house to house survey was conducted. All cases were given symptomatic treatment. Health education was given on the importance of safe drinking water and sanitation."
"Madhya
Pradesh",Sheopur,"Acute
Diarrheal
Disease",56,00,04-06-2022,04-06-2022,Under Control,Cases reported from Ouchapura village. Cases
Maharashtra,Gadchiroli,Malaria,196,0,29-05-2022,31-05-2022,Under Control,"presented with loose stools and vomiting. District RRT investigated the outbreak and house to house survey was conducted. All cases were given symptomatic treatment. Health education was given on the importance of safe drinking water and sanitation. Cases reported from village Mallermal, Subcentre"
Maharashtra,Gadchiroli,Malaria,114,1,29-05-2022,30-05-2022,Under Control,"Mallermal, PHC Kunghada Taluka. 38 samples were found positive for Plasmodium falciparum through blood smear and one sample was found positive for Plasmodium vivax. District RRT investigated the outbreak and fever survey was done. All of the cases were given symptomatic treatment. Anti-larval spray and fogging was done. Health education was given regarding the importance of vector control measures. Cases reported from SC Kunghada, PHC"
Maharashtra,Nagpur,"Acute
Diarrheal
Disease",41,00,01-06-2022,02-06-2022,Under Control,"Kunghada. Cases presented with fever and headache. The deceased case was a 56 year old male. 15 samples were found positive for Plasmodium falciparum through blood smear. District RRT investigated the outbreak and fever survey was done. All of the cases were given symptomatic treatment. Anti-larval spray and fogging was done. Health education was given regarding the importance of vector control measures. Cases reported from Village- kharada (Punarvasan), Subcentre-Wanjara, PHC-Chirva, Block-Mouda. Cases presented with loose stools and vomiting. District RRT investigated the outbreak and house to house survey was conducted. All cases were given symptomatic treatment. Health education was given on the importance of safe drinking water and sanitation."
Maharashtra,Pune,"Acute
Diarrheal
Disease",97,00,20-05-2022,31-05-2022,Under Control,Cases reported from MCLPK Khadki Cantonment
Maharashtra,Satara,Chikungunya,5,00,31-05-2022,31-05-2022,Under Control,Board. Cases presented with loose stools and vomiting. District RRT investigated the outbreak and house to house survey was conducted. All cases were given symptomatic treatment. Health education was given on the importance of safe drinking water and sanitation. Cases reported from Cases reported from Block -
Nagaland,Tuensang,"Suspected
Filariasis",21,0,31-05-2022,01-06-2022,Under Control,"Khatav, PHC Khatav, SC Khatav, Village Khatav. Eight samples were collected and sent to NIV, Pune. Of which, four samples were found positive for Chikungunya by IgM ELISA. District RRT investigated the outbreak and fever survey was done. All of the cases were given symptomatic treatment. Anti-larval spray and fogging was done. Health education was given regarding the importance of vector control measures. Cases reported from Tuensang UPHC, Tuensang"
Odisha,Boudh,Food Poisoning,10,00,02-06-22,05-06-22,Under Control,"District Hospital, Subdistrict Tuensang Sadar. Cases presented with bilateral pedal edema. Clinically suggestive of Filariasis. Test for Microfilaria was conducted and all 21 cases tested negative for it. District RRT investigated the outbreak. DVBCP teams were alerted and sent for blood slide collection. School authorities and students were advised to wear long sleeves in the evening and to use nets or repellant at night. Advisory was issued to keep water reservoir properly closed to prevent mosquito breeding. LLINs were distributed to all the students. Cases reported from Harabhanga, Purunakatak, Manipur, District Boudh. Cases presented with loose stools and vomiting. Three food samples were collected and sent to State food testing lab Result awaited. District RRT investigated the outbreak and house to house survey was conducted. All cases were given symptomatic treatment. Health education was given on the importance of safe drinking water and hand hygiene."
Odisha,Mayurbhanj,"Acute
Diarrheal
Disease",73,00,31-05-22,04-06-22,"Under
Surveillance",Cases reported from Salakhunta Sevashram Girls
Rajasthan,Alwar,Measles,11,00,05-05-22,06-05-22,"Under
Surveillance","Hostel, CHC Under SCPUR, District Mayurbhanj. Cases presented with fever, abdominal pain , nausea, vomiting and loose stools. Six stool samples and four water samples were collected and sent to DPHL Mayurbhanj for bacteriological analysis and all of the stool samples tested positive for E.coli and all of the water samples were found to be potable. District RRT investigated the outbreak and house to house survey was conducted. All cases were given symptomatic treatment. Health education was given on the importance of safe drinking water and sanitation. Cases reported from PHC Bhagor, Block Tizara,"
Tamil Nadu,Dharmapuri,"Acute
Diarrheal
Disease",24,00,03-06-22,05-06-22,"Under
Surveillance","District Alwar. Cases presented with fever and rash. Eight serum samples were collected and sent to SMS Microbiology Lab Jaipur for serology. Three samples tested positive for Measles by IgM ELISA. Out of 11 cases, three were fully immunized, four were partially immunized and status of remaining four is unknown. District RRT investigated the outbreak. And all cases were given symptomatic treatment. Isolation of the cases was done and health education was given on the importance of immunization Cases reported from Village Noolahalli, Kolavi, Kannankottai, HSC Noolahalli, PHC Noolahalli, Block Dharmapuri, District Dharmapuri. Cases presented with loose stools, omitting and abdominal pain. One water sample was collected and sent to DPHL, Dharmapuri Pennagram for bacteriological analysis and it was found to be nonpotable. District RRT investigated the outbreak and house to house survey was conducted. All cases were given symptomatic treatment. Health education was given on the importance of safe drinking water and sanitation"
Tamil Nadu,Kallakurichi,"Acute
Diarrheal
Disease",40,00,30-05-22,31-05-22,"Under
Surveillance","Cases reported from Village Melandal, HSC"
Tamil Nadu,Kallakurichi,"Acute
Diarrheal
Disease",40,0,30-05-2022,30-05-2022,Under Control,"Kangaiyanur, PHC Manalurpet, Block Rishivandiyam, District Kallakurichi.. Cases presented with abdominal pain, loose stools and fever. Nine water samples and eight stool samples were collected and sent to DPHL Kallakurichi for bacteriological analysis and eight out of nine water samples were found non suitable for potable purpose. District RRT investigated the outbreak and house to house survey was conducted. All cases were given symptomatic treatment. Health education was given on the importance of safe drinking water and sanitation Cases reported from PHC Manalurpet. Cases"
Tamil Nadu,Pudukkottai,Food Poisoning,17,00,31-05-2022,31-05-2022,Under Control,"presented with fever, abdominal pain, nausea, vomiting and loose stools. Nine water samples were sent to DPHL Kallakurichi. Of which, eight samples were found to be not suitable for potable purpose. Eight stool samples were sent to DPHL, Kallakurichi that showed no Enteropathogenic organisms. District RRT investigated the outbreak and house to house survey was conducted. All cases were given symptomatic treatment. Health education was given on the importance of safe drinking water and sanitation. Cases reported from Village Koothadivayal, HSC Rethinakottai, PHC Poovaimanager, Block- Aranthangi, District-Pudukottai- Aranthangi. Cases presented with loose stools and vomiting. The cases had apparently consumed food at a hotel. Three stool samples were sent to DPHL Aranthangi and all were found negative for Salmonella, Shigella, and Vibrio cholerae. District RRT investigated the outbreak and house to house survey was conducted. All cases were given symptomatic treatment. Health education was given on the importance of safe drinking water and hand hygiene."
Tamil Nadu,Pudukkottai,Food Poisoning,28,00,31-05-22,31-05-22,Under Control,Cases reported from Village Thondaiman Nagar
Tamil Nadu,Thanjavur,"Acute
Diarrheal
Disease",9,0,03-06-2022,04-06-2022,Under Control,"(Ward-22), HSC Sector-3, PHC Kovilpatti UPHC, Block Pudukkaottai Mpty, District Pudukottai. Cases presented with abdominal pain, loose stools and vomiting. One food and one water sample was collected and sent to Thanjavur Medical College and both were found not suitable for potable purpose. District RRT investigated the outbreak and house to house survey was conducted. All cases were given symptomatic treatment. Health education was given on the importance of safe drinking water and hand hygiene Cases reported from Village-Chitrakudi, HSC-"
Tamil Nadu,Thiruvarur,Food Poisoning,67,0,28-05-2022,01-06-2022,Under Control,"Chitrakudi, PHC- Chitrakudi, Block -Thenangudi, District- Thanjavur. Cases presented with fever, abdominal pain, nausea, vomiting and loose stools. Five stool samples were sent to DPHL, Kumbakonam and no Enteropathogenic organism was found. Six water samples were sent to DPHL Kumbakonam. All samples were found not suitable for potable purpose. District RRT investigated the outbreak and house to house survey was conducted. All cases were given symptomatic treatment. Health education was given on the importance of safe drinking water and sanitation. Cases reported from Thirupampuram Village, Kudavasal Block, District- Thiruvarur. 10 blood smears were sent to PHC Surakkaiyur. All were found negative. Three water samples were sent to DPHL Thiruvarur and all were found not suitable for potable purpose. District RRT investigated the outbreak and house to house survey was conducted. All cases were given symptomatic treatment. Health education was given on the importance of safe drinking water and hand hygiene."
Uttarakhand,"Udham Singh
Nagar","Acute
Diarrheal
Disease",39,00,30-05-2022,03-06-2022,Under Control,"Cases reported from Village Ravindra Nagar,"
Uttar Pradesh,Lucknow,Chickenpox,5,0,01-06-2022,02-06-2022,Under Control,"Subcentre-Maunpura, PHC- Maunpura, District US Nagar. Cases presented with abdominal pain, loose stools and fever. District RRT investigated the outbreak and house to house survey was conducted. All cases were given symptomatic treatment. Health education was given on the importance of safe drinking water and sanitation. Cases reported from Vill. Karanpur under PHC"
Uttar Pradesh,"Siddharth
Nagar","Acute
Diarrheal
Disease",30,01,31-05-22,06-06-22,Under Control,"Nigoha. They presented with fever and rashes and were diagnosed for Chicken pox clinically. District RRT investigated the outbreak. Cases were isolated. Frequent changes of bedding and personal belongings, adequate diet and plenty of fluids were emphasized upon. Vitamin A prophylaxis was given. Health education was imparted regarding importance of personal hygiene. Cases reported from Mithwal Ramnagar, Dhaurehra, District Siddharth Nagar. Cases presented with loose stools and vomiting. Death details. Four stool samples were collected and sent to KGMU Lucknow. Result awaited. District RRT investigated the outbreak and house to house survey was conducted. All cases were given symptomatic treatment. Health education was given on the importance of safe drinking water and sanitation. One patient aged 44, male died due to illness."
"Andhra
Pradesh",Nandyal,"Acute
Diarrheal
Disease",5,1,18-05-22,,"Under
Control","Cases reported from Narapureddy Kunta (Gudem), PHC
Narayanapuram, Bandi Atmakur Mandal. Cases presented
with vomiting and loose stools. Three water samples were
collected from affected households and from bore water and
sent for analysis to Regional Public Health Laboratory at
Kurnool Medical College. Bacteriological quality of water
was found satisfactory. Source of water was found
satisfactory for drinking purpose. The deceased case was a
12 years old female. District RRT investigated the outbreak
and house to house survey was conducted. All cases were
given symptomatic treatment. Health education was given
on the importance of safe drinking water and sanitation."
"Arunachal
Pradesh",Upper Siang,Malaria,36,0,12-05-22,,"Under
Control","Cases reported from Moying village-2. Cases presented with
fever and bodyache. 36 blood samples were sent to GREF
Medical, Moying and one sample was found positive for
Plasmodium vivax by rapid diagnostic kit. District RRT
investigated the outbreak and fever survey was done and all
the cases were given symptomatic treatment. Anti-larval
spray and fogging was done. Health education was given
regarding the importance of vector control measures."
Chhattisgarh,"Janjgir
Champa","Acute
Diarrheal
Disease",33,0,23-05-22,,"Under
Control","Cases reported from CHC Navagarh, PHC Salkhan. Cases
presented with loose stools. District RRT investigated the
outbreak and house to house survey was conducted. All
cases were given symptomatic treatment. ORS sachets were
distributed. Health education was given on the importance
of safe drinking water and sanitation."
Jharkhand,Ranchi,"Acute
Diarrheal
Disease",21,00,20-05-22,,"Under
Control","Cases reported from Muslim Tola1 Simaliya, Kanke CHC,
HSC Simaliya. Two water samples were collected and sent
to RIMS, Ranchi and have been found positive for E.coli
and not recommended for drinking. District RRT
investigated the outbreak and house to house survey was
conducted. All cases were given symptomatic treatment.
Health education was given on the importance of safe
drinking water and sanitation."
Kerala,"Thiruvanantha
puram","Acute
Diarrheal
Disease",11,00,26-05-22,,"Under
Surveillance","Cases reported from Kalluvetti Sarangi Nagar, Village
Keezhthonnakkal, FHC Thonnakkal Main Centre
Thonnakkal, CHC Puthenthoppu District
Thiruvananthapuram, Cases presented with fever,
abdominal pain, nausea, vomiting and loose stools. No
samples were collected. District RRT investigated the
outbreak and house to house survey was conducted. All
cases were given symptomatic treatment. Health education
was given on the importance of safe drinking water and
sanitation."
Kerala,"Thiruvanantha
puram","Acute
Diarrheal
Disease
(Norovirus)",16,00,24-05-22,,"Under
Surveillance","Cases reported from Panimoola, Thettichira, Village
Keezhthonnakkal, FHC Thonnakkal, Main Centre, CHC
Puthenthoppu, Cases presented with fever, abdominal pain,
nausea, vomiting and loose stools. Two stool samples were
collected and sent to PH Lab and one sample tested positive
for Norovirus G2 on PCR. District RRT investigated the
outbreak and house to house survey was conducted. All
cases were given symptomatic treatment. Health education
was given on the importance of safe drinking water and
sanitation."
Assam,Dibrugarh,"Acute
Diarrheal
Disease",18,00,10-06-2022,11-06-2022,Under Control,"Cases reported from Village 3 no Chapatoli, Sub"
Assam,Karbi Anglong,"Acute
Diarrheal
Disease",54,00,09-06-2022,10-06-2022,Under Control,"center: Baghmora HWC, PHC-Naharani District Dibrugarh. The culture of rectal swab showed growth of Shigella sonnei. The culture report of water sample collected from the loose pipe connected with tube well showed presumptive coliform count- 2 bacilli/100 ml of water and was thus found unsatisfactory for drinking purposes. District RRT investigated the outbreak and house to house survey was conducted. All cases were given symptomatic treatment. Health education was given on the importance of safe drinking water and sanitation. Cases reported from Village Jeng Bey and"
Assam,Sonitpur,Dengue,02,00,03-06-2022,08-06-2022,Under Control,"Choyang Teron, BPHC Howraghat, District Karbi Anglong. Cases presented with loose stools and vomiting. Two stool and two water samples were collected and sent to DPHL. Two stool samples were sent for culture and found no Enteropathogenic organism. Water samples were found not suitable for potable purpose. District RRT investigated the outbreak and house to house survey was conducted. All cases were given symptomatic treatment. Health education was given on the importance of safe drinking water and sanitation. Cases reported from Village SSB Colony, Debendra Nagar, District Sonitpur. Cases presented with fever and bodyache. Seven samples were sent to TMCH for lab analysis. Out of these, two samples were found positive for Dengue by IgM ELISA. District RRT investigated the outbreak and fever survey was done. All of the cases were given symptomatic treatment. Anti-larval spray and fogging was done. Health education was given regarding the importance of vector control measures."
Chhattisgarh,Balod,Food Poisoning,3,1,03-06-2022,06-06-2022,Under Control,"Cases reported from Village Pauwara, PHC-"
Chhattisgarh,Bilaspur,Food Poisoning,59,1,06-06-2022,10-06-2022,Under Control,"Sirsida, CHC-Gunderdehi. Cases presented with loose stools, abdominal pain and vomiting. The deceased case was a 10 years old male. District RRT investigated the outbreak and house to house survey was conducted. All cases were given symptomatic treatment. Health education was given on the importance of safe drinking water and hand hygiene. Cases reported from Village Devkirari, Sub"
Chhattisgarh,Jashpur,"Acute
Diarrheal
Disease",12,0,07-06-2022,09-06-2022,Under Control,"center and CHC Bilha. Cases presented with fever, vomiting, loose stools, abdominal pain and headache. Two stool samples were sent to CIMS. Normal commensals were found on Culture. The deceased case was a 11 years old female. District RRT investigated the outbreak and house to house survey was conducted. All cases were given symptomatic treatment. Health education was given on the importance of safe drinking water and hand hygiene. Cases reported from Village Dodharamba block"
Gujarat,Junagadh,"Acute
Diarrheal
Disease",25,0,06-06-2022,06-06-2022,Under Control,"Bagicha jashpur. Village Dodharamba block Bagicha jashpur, PHC Kurrog, CHC Bagicha. Cases presented with loose stools, abdominal pain and vomiting. District RRT investigated the outbreak and house to house survey was conducted. All cases were given symptomatic treatment. Health education was given on the importance of safe drinking water and hand hygiene. Cases reported from Village-Keshod, Sub center- Keshod, UHC Keshod. Cases presented with loose stools, vomiting. No samples were collected. District RRT investigated the outbreak. House to house survey in the affected area was done. Disinfection and sanitation measures were taken. ORS sachets were distributed. Health education was given regarding importance of safe drinking water and sanitation."
"Jammu and
Kashmir",Bandipora,"Acute
Respiratory
Illness",32,0,06-06-2022,06-06-2022,Under Control,"Cases reported from Govt Boys Middle School,"
"Jammu and
Kashmir",Kupwara,"Acute
Respiratory
Illness",18,0,08-06-2022,09-06-2022,Under Control,"Halmatpora, Sub centre- Binlipora PHC Ashtangoo. Cases presented with cough and fever. A total of 15 nasopharyngeal swabs were collected for Influenza A, Influenza B and SARSCoV-2. They were sent to referral Lab SKIMS Soura. All the samples tested negative. Cases reported from Village Dardpora block"
Jharkhand,Latehar,"Suspected Food
Poisoning",3,1,06-06-2022,07-06-2022,Under Control,"Kralpora, District Kupwara. Cases presented with fever and sore throat. A total of 18 nasopharyngeal swab samples were collected for SARS CoV-2 and all tested negative. Cases reported from Village Parsahi, CHC"
Jharkhand,Ranchi,"Acute
Encephalitic
Syndrome",1,0,21-01-2022,08-06-2022,Under Control,"Chandwa. Cases presented with loose stools, abdominal pain and vomiting. 120 blood samples were collected and all were found negative for Malaria. Food sample was collected by the District Food Safety Officer and sent for lab analysis. Result awaited. The deceased case was a 1.5 years old female. District RRT investigated the outbreak and house to house survey was conducted. All cases were given symptomatic treatment. Health education was given on the importance of safe drinking water and hand hygiene. Cases reported from UPHC Edelhatu, Ranchi."
Jharkhand,Ranchi,"Fever with
Rash",1,0,03-06-2022,08-06-2022,Under Control,"Case presented with fever and headache. One blood sample was sent for lab analysis to RIMS, Ranchi and was found negative for Japanese Encephalitis by IgM ELISA. District RRT investigated the outbreak and house to house survey was done. No new case was reported. Cases reported from Sub centre- Namkum, Ranchi. Three blood samples were sent for lab analysis to RIMS, Ranchi. No organism was isolated. Cases presented with fever and rash. District RRT investigated the outbreak. Cases were isolated. Frequent changes of bedding and personal belongings, adequate diet and plenty of fluids were emphasized upon. Vitamin A prophylaxis was given. Health education was imparted regarding importance of personal hygiene."
Jharkhand,"West
Singhbhum","Acute
Diarrheal
Disease",04,00,06-06-2022,06-06-2022,Under Control,Cases reported from Village Bari Pukhri Sub
Karnataka,Kolar,Food Poisoning,30,00,06-06-22,06-06-22,Under Control,"center- Burujul PHC-Sadar Chaibasa. Cases presented with loose stools and vomiting. No samples were collected. District RRT investigated the outbreak and house to house survey was conducted. All cases were given symptomatic treatment. Health education was given on the importance of safe drinking water and sanitation. Cases reported from Matnahalli Sub Centre,"
Karnataka,Davanagere,"Suspected Food
Poisoning",30,00,07-06-22,07-06-22,Under Control,"Ankathathi Village, Sugatur PHC, Taluk Kolar, District Kolar. Cases presented with loose stools and vomiting. Cases had apparently consumed food in a formal gathering .in the Estate. Two water samples were sent to DPHL, Kolar and found fit for drinking. District RRT investigated the outbreak. All the cases were treated. Active surveillance was conducted for search for new cases in the locality. Health education regarding safe drinking water and personal hygiene was given. Cases reported from Village Goudagondanahalli, PHC-Sokke, Jagaluru Taluk, District Davangere. Cases presented with loose stools and vomiting. Two stool samples were collected and sent to DPHL Davangere. No Enteropathogens were isolated after 72 hours of aerobic incubation using H2S method. Two water samples were found fit for drinking. District RRT investigated the outbreak. All the cases were treated. Active surveillance was conducted for search for new cases in the locality. Instructions were given to discontinue the consumption of food and drinking water from the place of event. Health education regarding safe drinking water and personal hygiene was given."
Karnataka,Vijayapura,"Suspected Food
Poisoning",23,00,07-06-22,08-06-22,Under Control,"Cases reported from Village-Tadavlaga,"
Karnataka,Haveri,"Japanese
Encephalitis",02,00,08-06-22,08-06-22,Under Control,"Tadavlaga CHC, Taluk INDI, District Vijayapura. Cases presented with loose stools and vomiting. One vomitus sample, 10 blood, three stool and two water samples were collected and sent to DPHL Kolar. Both the samples were found unfit for drinking. Blood, stool and vomitus samples showed no enter pathogenic organism. District RRT investigated the outbreak. All the cases were treated. Active surveillance was conducted for search for new cases in the locality. Health education regarding safe drinking water and personal hygiene was given. Cases reported from Village-"
Karnataka,Gadag,Food Poisoning,38,00,10-06-22,11-06-22,Under Control,"Benchihalli/Nelogal, Devihosur & Kurabgonda PHC, Taluk Haveri, District Haveri.. Two blood samples were sent to VIMS Ballari and was found positive for Japanese Encephalitis by IgM ELISA.. District RRT investigated the outbreak. Health education was given. Cases reported from Village-Mundavada"
Kerala,Thrissur,Food Poisoning,49,00,13-06-22,15-06-22,"Under
Surveillance","Bagewadi PHC, Taluk Mundaragi, District Gadag. Cases presented with pain abdomen, loose stools and vomiting after consumption of mid-day meal. Two water samples were sent to DPHL and were found to be fit for drinking. District RRT investigated the outbreak. Emergency clinic was established at school. Active case search done. Health education regarding safe drinking water and personal hygiene was given. Cases reported from PHC/Block Vilvattom, District Thrissur. Cases presented with vomiting and loose stools. Two stool samples were sent to Govt. Medical College TSR and all were found to have no eneteropathogenic organisms. District RRT investigated the outbreak. All the cases were treated. Active surveillance was conducted for search for new cases in the locality. Health education regarding safe drinking water and personal hygiene was given."
Kerala,"Thiruvanantha
puram","Acute
Diarrheal
Disease
(Norovirus)",08,00,05-06-22,06-06-22,"Under
Surveillance","Cases reported from Village Mannoorkkara,"
Kerala,"Thiruvanantha
puram","Acute
Diarrheal
Disease",09,00,07-06-22,08-06-22,"Under
Surveillance","Main Centre Kuttichal, FHC Kuttichal, Block Vellanad, District Thiruvananthapuram. Cases presented with abdominal pain and loose stools. Four stool samples were sent to State Public Health and Clinical Laboratory TVM. Of the four samples, three were found positive for Norovirus by PCR test. District RRT investigated the outbreak and house to house survey was conducted. All cases were given symptomatic treatment. Health education was given on the importance of safe drinking water and sanitation. Cases reported from Agasthya Balamandiram,"
Kerala,"Thiruvanantha
puram","Hand Foot
Mouth Disease",05,00,04-06-22,11-06-22,"Under
Surveillance","SC Ponnara- ward17, FHC Amachal, Kattakode, Block Vellanad, District Thiruvananthapuram. District RRT investigated the outbreak. Two stool samples were collected and sent to Bacteriological and State Public Health Lab and were found negative by PCR test. District RRT investigated the outbreak and house to house survey was conducted. All cases were given symptomatic treatment. Health education was given on the importance of safe drinking water and sanitation. Cases reported from Jagathy ward, Trivandrum,"
"Madhya
Pradesh",Bhopal,"Acute
Diarrheal
Disease",32,00,07-06-2022,12-06-2022,Under Control,"Cottonhill School, Vazhuthacaud, District Thiruvananthapuram. Cases presented with fever and rashes on palms and soles. District RRT investigated the outbreak. School was closed for one week, health education given to parents and neighbors regarding its preventive measures. Cases reported from Village Samardha jungle .Block Phanda, District. Bhopal cases presented with loose stools and vomiting. District RRT investigated the outbreak and house to house survey was conducted. All cases were given symptomatic treatment. Health education was given on the importance of safe drinking water and sanitation."
"Madhya
Pradesh",Morena,"Acute
Diarrheal
Disease",12,0,07-06-2022,07-06-2022,Under Control,Cases reported from Village -Ber Kheda Bared
"Madhya
Pradesh",Sagar,Chickenpox,5,0,04-06-2022,07-06-2022,Under Control,"Sub center -Gobra CHC Sabalgadh, All cases seen were due to heat related illness. District RRT investigated the outbreak and house to house survey was conducted. All cases were given symptomatic treatment. ORS sachets were distributed. Health education was given on the importance of safe drinking water and sanitation. Cases reported from Block Malthone District"
Maharashtra,Chandrapur,Malaria,3,1,04-06-2022,06-06-2022,Under Control,"Sagar. Cases presented with fever and vesicular rash. Cases presented with fever and rashes. No samples were collected. District RRT investigated the outbreak. Cases were isolated. Frequent changes of bedding and personal belongings, adequate diet and plenty of fluids were emphasized upon. Vitamin A prophylaxis was given. Health education was imparted regarding importance of personal hygiene. Cases reported from Village Palebarsa, Sub"
Maharashtra,Latur,"Acute
Diarrheal
Disease",21,0,07-06-2022,08-06-2022,Under Control,"center Palebarsa, PHC Pathari, Block Saoli, District Chandrapur. Cases presented with fever and samples were sent to GMC, Gadchiroli and found positive for Plasmodium falciparum. The deceased case was a 35 years old male. District RRT investigated the outbreak and fever survey was done and all the cases were given symptomatic treatment. Anti-larval spray and fogging was done. Health education was given regarding the importance of vector control measures. Cases reported from Village Sonwala Sub center -Patoda BK PHC Wanjarwada. Tq. Jalkot District Latur. Cases presented with loose stools and vomiting. Six water samples were collected and sent to DPHL, Latur. Of these, one sample was found not suitable for potable purpose. District RRT investigated the outbreak and house to house survey was conducted. All cases were given symptomatic treatment. Health education was given on the importance of safe drinking water and sanitation."
Maharashtra,Satara,Chikungunya,5,0,03-06-2022,07-06-2022,Under Control,"Cases reported from Village Khatav, Sub center"
Maharashtra,Yavatmal,Food poisoning,15,00,06-06-22,08-06-22,Under Control,"Khatav PHC Khatav. Cases presented with fever, bodyache and joint pain. Eight blood samples were sent to NIV, Pune. Of which, four samples were found positive for Chikungunya by IgM ELISA. District RRT investigated the outbreak and fever survey was done. All of the cases were given symptomatic treatment. Anti- larval spray and fogging was done. Health education was given regarding the importance of vector control measures. Cases reported from Village Isapur, SC Isapur,"
Nagaland,Longleng,Chickenpox,10,0,26-05-2022,10-06-2022,Under Control,"PHC Shembalpimpri, Block Pusad. Cases presented with vomiting and headache. Cases had apparently consumed food in wedding ceremony. District RRT investigated the outbreak and house to house survey was conducted. All cases were given symptomatic treatment. Health education was given on the importance of safe drinking water and hand hygiene. Cases reported from Yachem CHC, Longleng"
Nagaland,Mon,"Fever with
Rash",26,0,06-06-2022,07-06-2022,Under Control,"District Hospital. Cases presented with fever and rash. District RRT investigated the outbreak. Cases were isolated. Frequent changes of bedding and personal belongings, adequate diet and plenty of fluids were emphasized upon. Vitamin A Prophylaxis was given. Health education was imparted regarding importance of personal hygiene. Cases reported from Neitong village, under Jaboka SC, Tizit Block. Cases presented with fever and rashes. Three blood samples and two throat swab samples were collected and sent to Guwahati Medical College for lab investigation. All the samples tested negative for Measles. District RRT investigated the outbreak. Cases were isolated. Frequent changes of bedding and personal belongings, adequate diet and plenty of fluids were emphasized upon. Vitamin A Prophylaxis was given. Health education was imparted regarding importance of personal hygiene."
Nagaland,Peren,"Fever with
Rash",4,0,07-06-2022,08-06-2022,Under Control,Cases reported from Jalukie town ward-1 under
Odisha,Khordha,"Acute
Diarrheal
Disease",07,00,10-06-22,13-06-22,Under Control,"CHC Jalukie. Cases presented with fever and rashes. One blood sample was sent to Guwahati Medical College, Assam for analysis and was found negative for Measles and Rubella. District RRT investigated the outbreak. Cases were isolated. Frequent changes of bedding and personal belongings, adequate diet and plenty of fluids were emphasized upon. Vitamin A Prophylaxis was given. Health education was imparted regarding importance of personal hygiene. Cases reported from Village Goudaput, SC"
Rajasthan,Bhilwara,"Acute
Diarrheal
Disease",160,00,08-06-22,09-06-22,Under Control,"Pubusahi, CHC Haldia, Block Khordha, District Khordha. Cases presented with loose stools, vomiting and fever. District RRT investigated the outbreak. Four water and three stool samples were collected and sent to DPHL, Khordha. No enterogenic pathogen was isolated from stool samples. All the water samples were found potable for drinking. District RRT investigated the outbreak and house to house survey was conducted. All cases were given symptomatic treatment. Health education was given on the importance of safe drinking water and sanitation. Cases reported from Village Gadriyo Ki Jopdi (Suras), PHC Barundni, Block Mandalgarh, District Bhilwara. Three vomitus, one stool and 32 food samples were collected and sent to Medical College Ajmer. Vomitus and stool samples did not show any eneteropathogenic organism. Water samples were not found suitable for potable purpose. District RRT investigated the outbreak and house to house survey was conducted. All cases were given symptomatic treatment. Health education was given on the importance of safe drinking water and sanitation."
Tamil Nadu,Dharmapuri,"Acute
Diarrheal
Disease",26,0,03-06-2022,06-06-2022,Under Control,"Cases reported from Village Noolahalli, Kolavi"
Tamil Nadu,Tiruchirappalli,"Acute
Diarrheal
Disease",07,00,06-06-2022,07-06-2022,Under Control,"kannankottai, Sub center Noolahalli HSC, PHC Dharmapuri. Cases presented with loose stools, vomiting and fever. One water sample was sent to DPHL, Dharmapuri Pennagram and was found not suitable for potable purpose. District RRT investigated the outbreak. House to house survey in the affected area was done. Disinfection with chlorine and sanitation measures were taken. ORS sachets were distributed. Health education was given regarding importance of safe drinking water and sanitation. Cases reported from Village Nehru Nursing"
Tamil Nadu,Tiruchirappalli,Cholera,17,00,06-06-2022,07-06-2022,Under Control,"College,Inamkulathur, Sub center Periya Alampatti, PHC Inamkulathur. Cases presented with loose stools and abdominal pain. Three water samples and four stools samples were sent to DPHL Trichy. Of these, all the water samples were found suitable for potable purpose and stools samples showed no enteropathogenic organisms. District RRT investigated the outbreak. House to house survey in the affected area was done. Disinfection with chlorine and sanitation measures were taken. ORS sachets were distributed. Health education was given regarding importance of safe drinking water and sanitation. Cases reported from Village Killiyur, Sub center Pathalapettai, PHC Arasangudi. Cases presented with loose stools and vomiting. One water sample was sent to Water Lab, Trichy and was found suitable for potable purpose. Two stool samples were sent to KAPV Medical College and one sample was found positive for Vibrio Cholerae by culture. District RRT investigated the outbreak. House to house survey in the affected area was done. Disinfection with chlorine and sanitation measures were taken. ORS sachets were distributed. Health education was given regarding importance of safe drinking water and sanitation."
Tamil Nadu,Tiruchirappalli,"Acute
Diarrheal
Disease",17,00,06-06-22,14-06-22,"Under
Surveillance","Cases reported from Village Killiyur, HSC Pathalapettai, PHC Arasangudi, Block Thiruverumbur, District Tiruchirappalli. Cases presented with loose stools. One water sample was collected and sent to Water Lab, Trichy for bacteriological analysis and the water sample was found to be suitable for potable purpose. Two stool samples were collected and sent to KAPV Medical College and no enteric pathogens were found on stool culture. District RRT investigated the outbreak. House to house survey in the affected area was done. Disinfection with chlorine and sanitation measures were taken. ORS sachets were distributed. Health education was given regarding importance of safe drinking water and sanitation."
Assam,Cachar,Chickenpox,5,00,22-05-22,,"Under
Control",Cases reported from Village Khaspur grant. Sub center
Karnataka,BBMP,Cholera,169,01,31-05-22,,"Under
Control","Khaspur, PHC Udharbond BPHC, District Cachar. Cases presented with fever and rashes. Two blood samples were sent to VRDL, GMCH. Both the samples were found positive for Varicella zoster virus by IgM ELISA. District RRT investigated the outbreak. Cases were isolated. Frequent changes of bedding and personal belongings, adequate diet and plenty of fluids were emphasized upon. Vitamin A prophylaxis was given. Health education was imparted regarding importance of personal hygiene. Cases reported from Ward 150, Bellanaduru PHC,"
Kerala,Ernakulam,Dengue,69,00,24-04-22,,"Under
Surveillance","Mahadevpura Zone, District BBMP, Bengaluru. Cases presented with loose stools, fever an abdominal pain. Five stool samples were collected and sent to PHI Bengaluru. Vibrio cholerae sero type Ogawa was isolated in all the samples. The deceased case was a 50 years old male. District RRT investigated the outbreak. House to house survey was done by UPHC team. Spraying was carried out in the premises of outbreak site and tanks were cleaned. Help desk and consultation were started at the site by Bellandur UPHC team and Gunjur UPHC team. Health education was given regarding the importance of hand hygiene, clean drinking water and sanitation. Cases reported from UPHC Thammanam, Kochi Corporation Division 39, District Ernakulam. Cases presented with fever, joint pain and bodyache. 25 blood samples were collected and sent to RPH Lab Ernakulam and all samples were found positive for Dengue by IgM ELISA. District RRT investigated the outbreak and fever survey was done. All cases were given symptomatic treatment. Anti-larval spray and fogging was done. Health education was given regarding the importance of vector control measures."
Kerala,Malappuram,Shigella,02,00,29-05-22,,"Under
Control","Cases reported from FWC Anakkayam, PHC Anakkayam,
Block Pookkottur, District Malappuram. Cases presented
with loose stools and vomiting. Two stool samples were
sent to Govt. Medical College, Kozhikode and both the
samples tested positive for Shigella by PCR. Two water
samples were collected and sent to Microbiology Dept,
MCH Manjeri for bacteriological analysis. Result awaited.
District RRT investigated the outbreak and house to house
survey was conducted. All cases were given symptomatic
treatment. Health education was given on the importance
of safe drinking water and sanitation."
Kerala,"Thiruvanantha
puram",Leptospirosis,10,00,29-03-22,,"Under
Surveillance","Cases reported from FHC Vamanapuram, FWC
Venjaramoodu, Thottumpuram Ward, District
Thiruvananthapuram. Cases were. MGNREGS workers
who participated in cleaning a canal. They presented with
headache, nausea, vomiting and fever. 20 blood samples
were collected and sent to PH Lab. Of these, eight were
found positive for Leptospirosis by IgM ELISA. District
RRT investigated the outbreak. Active case search was
done. Doxycycline prophylaxis was given and
symptomatic treatment was given. Health education was
given."
"Madhya
Pradesh",Ujjain,"Acute Flaccid
Paralysis",1,0,05-05-22,,"Under
Control","Case reported from Jabran Colony ward-2, PHC-UPHC
Nagda. Case presented with acute flaccid paralysis. One
sample was sent for lab analysis and was found negative."
Maharashtra,Jalgaon,Chikungunya,9,0,23-05-22,,"Under
Control","Cases reported from Village Shelwad Tal Jalgaon Dist
Jalgaon. Cases presented with fever, bodyache and joint
pain. Nine samples were sent to GMC Dhule. Of which,
five samples were found positive for Chikungunya by IgM
ELISA. District RRT investigated the outbreak and fever
survey was done and all the cases were given symptomatic
treatment. Anti-larval spray and fogging was done. Health
education was given regarding the importance of vector
control measures."
Assam (IHIP),Jorhat,"Pyrexia of
Unknown
Origin",25,0,15-06-2022,16-06-2022,Under Control,"Cases reported from Kakojan BPHC, Subcentre-"
"Chhattisgarh
(IHIP)",Balod,"Acute
Diarrheal
Disease",8,1,15-06-2022,15-06-2022,Under Control,"Fesuwal. Cases presented with fever, body pain and headache. Blood samples were collected and sent to Cenijan MPHC. Samples were found negative for SARS-CoV-2 and for Plasmodium vivax. District RRT investigated the outbreak. Health education was given. Cases reported from Village and PHC Suregaon."
"Himachal
Pradesh",Solan,Dengue,34,00,10-06-22,18-06-22,Under Control,Cases presented with diarrhea and vomiting. No samples were collected. The deceased case was a 45 years old female. District RRT investigated the outbreak and house to house survey was conducted. All cases were given symptomatic treatment. Health education was given on the importance of safe drinking water and sanitation. Cases reported from MC Parwanoo and Taksal
"Jammu and
Kashmir
(IHIP)",Ganderbal,Chickenpox,13,0,12-06-2022,13-06-2022,Under Control,"Panchayat, District Solan. Cases presented with high fever, headache, myalgia and nausea. 1698 samples were collected for lab analysis to ESI Parwanoo hospital, of which 1022 were tested for Dengue by IgM ELISA and 676 by Rapid Card. Out of 1698, 386 were found positive in District Solan and 194 in Panchkula. District RRT investigated the outbreak and fever survey was done. All of the cases were given symptomatic treatment. Anti-larval spray and fogging was done. Health education was given regarding the importance of vector control measures. Cases reported from Bal Ashram School Block Kangan district Ganderbal PHC. Cases presented with fever and maculopapular rashes. No samples were collected. The cases were diagnosed clinically. District RRT investigated the outbreak. Cases were isolated. Frequent changes of bedding and personal belongings, adequate diet and plenty of fluids were emphasized upon. Vitamin A Prophylaxis was given. Health education was imparted regarding importance of personal hygiene."
"Jammu and
Kashmir
(IHIP)",Jammu,"Fever with
rash",8,0,17-06-2022,17-06-2022,Under Control,Cases reported from Bal Gran (Orphanage)
"Jharkhand
(IHIP)","East
Singhbhum","Acute
Diarrheal
Disease",21,1,11-06-2022,13-06-2022,Under Control,"Channi Rama, Jammu- NTPHC Chann Rama. Cases presented with fever and rashes. Six blood samples and six Throat swab samples were collected and sent to GMC Tanda. All samples were found negative for Measles by IgM ELISA. District RRT investigated the outbreak and all cases were given symptomatic treatment. Isolation of the cases was done and health education was given on the importance of immunization. Cases reported from Village Danga, Subcentre"
"Jharkhand
(IHIP)","West
Singhbhum","Fever with
Rash",5,0,16-06-2022,16-06-2022,Under Control,"Birra, CHC Patamda. Cases presented with loose stools and abdominal pain. Three water samples were sent to MGM Jamshedpur and all three samples showed growth of E.coli on culture. The deceased case was a 62 years old male. District RRT investigated the outbreak and house to house survey was conducted. All cases were given symptomatic treatment. Health education was given on the importance of safe drinking water and sanitation. Cases reported from Village Bhamarpani, Subcentre Manhgaon, PHC Ichapi. Cases presented with fever and rashes. District RRT investigated the outbreak. Frequent changes of bedding and personal belongings, adequate diet and plenty of fluids were emphasized upon. Screening was done in the village area for any case of fever with rashes. Health education was imparted regarding importance of personal hygiene."
Karnataka,"Chikkamagalu
ru","Acute
Diarrheal
Disease",37,00,11-06-22,13-06-22,Under Control,"Cases reported from Taluk Chikkamagaluru,"
Karnataka,Shivamogga,"Acute
Diarrheal
Disease",45,00,13-06-22,14-06-22,Under Control,"District Chikkamagaluru. Cases presented with loose stools and abdominal pain. One blood and one stool sample were collected and sent to SIMS Shivamogga. In stool sample, no organism was isolated. In blood sample, no organism was
isolated after eight days of incubation aerobically.
Water samples were not found fit for drinking by H2S test. District RRT investigated the outbreak and house to house survey was conducted. All cases were given symptomatic treatment. Health education was given on the importance of safe drinking water and sanitation. Cases reported from Taluk Bhadravathi, District"
Karnataka,Kolar,"Acute
Diarrheal
Disease",13,00,14-06-22,14-06-22,Under Control,"Shivamogga. Cases presented with vomiting and loose stools. One stool and six water samples were collected and sent to DSL Shivamogga. Of these, two water samples were found not suitable for portable purpose by H2S method. Stool sample showed no enteropathogenic organism. District RRT investigated the outbreak and house to house survey was conducted. All cases were given symptomatic treatment. Health education was given on the importance of safe drinking water and sanitation. Cases reported from Taluk Mulbagal, District Kolar. Cass presented with pain abdomen, vomiting and loose stools. Two water samples were sent to DPHL Kolar and were found suitable for portable purpose. District RRT investigated the outbreak and house to house survey was conducted. All cases were given symptomatic treatment. Health education was given on the importance of safe drinking water and sanitation."
Karnataka,"Dakshina
Kannada","Acute
Diarrheal
Disease",18,00,13-06-22,14-06-22,Under Control,"Cases reported from Taluk Mangalore, District"
Karnataka,Mandya,"Acute
Diarrheal
Disease",14,00,12-06-22,15-06-22,Under Control,"Dakshina Kannada. Cases presented with abdominial pain, nausea, vomiting, loose stools and fever. District RRT investigated the outbreak. One blood and three water samples were collected and sent for lab analysis. Blood sample showed no growth through culture and three water samples were found not suitable for portable purpose. District RRT investigated the RRT investigated the outbreak. 01 blood and 03 water samples collected and result SPP. District RRT investigated the outbreak and house to house survey was conducted. All cases were given symptomatic treatment. Health education was given on the importance of safe drinking water and sanitation. Cases reported from Taluk Maddur, District"
Karnataka,Vijayapura,Chikungunya,16,00,12-06-22,15-06-22,Under Control,"Mandya. Cases presented with loose stools. District RRT investigated the outbreak. Three stool samples were sent to DSL Mandya and five water samples were sent to MMCRI Mysuru. Three stool samples showed no growth of any Enteropathogenic organism. Five water samples were found not suitable for portable purpose. District RRT investigated the outbreak and house to house survey was conducted. All cases were given symptomatic treatment. Health education was given on the importance of safe drinking water and sanitation. Cases reported from Taluk Vijayapura, District Vijayapura. Cases presented with fever. 16 blood samples were collected and sent to DPHL Vijayapur. Of these, 12 samples positive for Chikungunya by IgM ELISA. District RRT investigated the outbreak and fever survey was done. All of the cases were given symptomatic treatment. Anti-larval spray and fogging was done. Health education was given regarding the importance of vector control measures."
Karnataka,"Chikkaballapu
ra",Dengue,28,01,08-06-22,17-06-22,Under Control,"Cases reported from Taluk Chikkaballapura,"
"Madhya
Pradesh (IHIP)",Rewa,"Acute
Diarrheal
Disease",20,1,12-06-2022,13-06-2022,Under Control,"District Chikkaballapura. Cases presented with fever. 21 blood samples were collected and sent to DPHL Chikkaballapura and eight samples were found positive for Dengue by NS1 ELISA and one was found positive by IgM ELISA. The deceased case was a 34 years old female. District RRT investigated the outbreak and fever survey was done. All of the cases were given symptomatic treatment. Anti-larval spray and fogging was done. Health education was given regarding the importance of vector control measures. Cases reported from Village Mado, PHC-"
"Maharashtra
(IHIP)",Gondia,Malaria,47,1,13-06-2022,15-06-2022,Under Control,"Bekunthpur, Block-Sirmour. Cases presented with loose stools. The deceased case was a 75 years old female. District RRT investigated the outbreak and house to house survey was conducted. All cases were given symptomatic treatment. ORS sachets were distributed. Health education was given on the importance of safe drinking water and sanitation. Cases reported from Chota Gondia, UPHC"
"Maharashtra
(IHIP)",Nagpur,"Acute
Diarrheal
Disease",47,00,15-06-2022,16-06-2022,Under Control,"Kumbhare Nagar, Gondia. Cases presented with fever more than 7 days. 95 peripheral smears were prepared in General Hospital, Gadchiroli and two samples were found positive for Plasmodium vivax. The deceased case was a 28 years old male. District RRT investigated the outbreak and fever survey was done. All of the cases were given symptomatic treatment. Anti-larval spray and fogging was done. Health education was given regarding the importance of vector control measures. Cases reported from Katol Block, PHC-Mandhal, Subcenter -Gothangao, Village –Karhandla. Six water samples and one bleeching sample were collected and sent to Regional Public Lab. Result awaited. District RRT investigated the outbreak and house to house survey was conducted. All cases were given symptomatic treatment. Health education was given on the importance of safe drinking water and sanitation."
Punjab (IHIP),Patiala,"Acute
Diarrheal
Disease",283,0,15-06-2022,17-06-2022,Under Control,Cases reported from Village Jhill and Shahid
Tamil Nadu,Thanjavur,Chickenpox,08,00,18-06-22,18-06-22,"Under
Surveillance","Udham Singh Nagar in Patiala town, District Patiala. Cases presented with vomiting, loose stools and abdominal pain. Three stool samples were sent to DPHL MKH, Patiala and showed growth of E.coli on culture. 10 water samples were sent to Punjab Agriculture University, Ludhiana (PAU). Of these, eight were found not suitable for potable purpose. District RRT investigated the outbreak. The outbreak was due to contamination of sewage water with drinking water. House to house survey was conducted. All cases were given symptomatic treatment. Health education was given on the importance of safe drinking water and sanitation. Cases reported from Village Karuppamudaliyarkottai (Kamtchi Amman Kovil st), HSC Karuppamudaliyarkottai, PHC/Block Ammapettai, District Tanjavur. Cases presented with fever and maculopapular rashes. Two water and three blood samples were sent to DPHL Thanjavur. Water samples were found not suitable for potable purpose. District RRT investigated the outbreak. Cases were isolated. Frequent changes of bedding and personal belongings, adequate diet and plenty of fluids were emphasized upon. Vitamin A Prophylaxis was given. Health education was imparted regarding importance of personal hygiene."
"Uttar Pradesh
(IHIP)",Kaushambi,"Acute
Diarrheal
Disease",8,2,16-06-2022,17-06-2022,Under Control,"Cases reported from Urban area- NATO Ka Dera,"
"Uttar Pradesh
(IHIP)",Lucknow,"Pyrexia of
Unknown
Origin",19,0,18-06-2022,18-06-2022,Under Control,"Bharwari Mohalla), Mehta Road, CHC-Sirathu. Cases presented with vomiting, loose stools and abdominal pain. Four water samples were sent for lab analysis and of these, two were found not suitable for potable purpose. Five stool samples were also sent for lab analysis. No enteropathogenic organism was isolated. The deceased cases were a 1 year old female and a 4 years old male. District RRT investigated the outbreak. House to house survey in the affected area was done. ORS sachets were distributed. Disinfection and sanitation measures were taken. Health education was given regarding importance of safe drinking water and sanitation. Cases reported from Khadra-urban area,"
"Uttar Pradesh
(IHIP)",Sitapur,Food Poisoning,39,0,03-05-2022,14-06-2022,Under Control,"Lucknow. Cases presented with vomiting and loose stools. District RRT investigated the outbreak. House to house survey in the affected area was done. ORS sachets were distributed. Disinfection and sanitation measures were taken. Health education was given regarding importance of safe drinking water and sanitation. Cases reported from Manwa village of Block Sidhauli, Sitapur. Cases presented with vomiting, loose stools and abdominal pain. Two samples of Ice cream (Kulfi) and one sample of adultrant (mixer) were sent to Jan Vishleshan Prayogshala, Merrut, U.P. for further investigation. Result is awaited. District RRT investigated the outbreak. Cases had apparently consumed spoilt ice cream. House to house survey in the affected area was done. ORS sachets were distributed. Disinfection and sanitation measures were taken. Health education was given regarding importance of safe drinking water and sanitation."
"Maharashtra
(IHIP)",Washim,"Measles &
Rubella",30,0,30-04-22,,"Under
Control","Cases reported from village Sudi PHC Medsi Tq Malegaon.
Cases presented with fever and maculopapular rashes. 30
samples were sent to Haffkine Laboratory Mumbai and all
were found not suitable for potable purpose. Out of which,
two samples were found positive for Rubella and one sample
positive for Measles. District RRT investigated the outbreak
and all cases were given symptomatic treatment. Isolation of
the cases was done and health education was given on the
importance of immunization."
Chhattisgarh,Balod,Food Poisoning,15,00,25-06-22,25-06-22,Under Control,Cases reported from Village Nagbel Block Gurur.
"Dadra And
Nagar Haveli
And Daman
And Diu","Dadra And
Nagar Haveli","Acute
Diarrheal
Disease",17,0,16-06-22,21-06-22,Under Control,"Cases presented with loose stools and vomiting. District RRT investigated the outbreak. No sample was collected. District RRT investigated the outbreak. District RRT investigated the outbreak and house to house survey was conducted. All cases were given symptomatic treatment. Health education was given on the importance of safe drinking water and sanitation. Cases reported from Village Naroli, Subcentre"
"Himachal
Pradesh",Mandi,"Acute
Diarrheal
Disease",19,00,22-06-22,22-06-22,"Under
Surveillance","Naroli, District-Dadra Nagar Haveli. Cases presented with loose stools. District RRT investigated the outbreak. Active surveillance was done, liquid chlorine and ORS scahets were distributed in the affected area. Six stool samples were sent for lab analysis to DPHL. Of which, all samples were found negative for Cholera. Eight blood samples were tested for Typhoid and Hepatitis A & E. Of which, all samples were found negative. 10 water samples were sent for lab analysis of which, eight samples were found not suitable for drinking. District RRT investigated the outbreak and house to house survey was conducted. All cases were given symptomatic treatment. Health education was given on the importance of safe drinking water and sanitation. Cases reported from Village Balh, P.O Gahar Sarkaghat, Block Baldwara. Cases presented with fever and loose stools. District RRT investigated the outbreak. Two water samples were sent to IHP Lab, Sarkaghat. Water samples were found unfit for drinking. District RRT investigated the outbreak and house to house survey was conducted. All cases were given symptomatic treatment. Health education was given on the importance of safe drinking water and sanitation."
Karnataka,"Bangalore
Rural","Suspected
Dengue",14,01,23-06-22,24-06-22,"Under
Surveillance","Cases reported from Taluk Doddaballapura,"
Karnataka,"Bengaluru
Rural",Human Rabies,01,01,03-03-22,22-06-22,Under Control,"District Bangalore Rural. Cases presented with fever and bodyache. Two blood samples were collected and sent to Chikkaballapura DPHL. Of these, one sample was found positive for Dengue by IgM ELISA. The deceased case was a 6 years old female. District RRT investigated the outbreak. District RRT investigated the outbreak and fever survey was done. All of the cases were given symptomatic treatment. Anti-larval spray and fogging was done. Health education was given regarding the importance of vector control measures. Cases reported from Dasaralli village, Mugabala"
Karnataka,Mysuru,"Acute
Diarrheal
Disease",26,00,20-06-22,22-06-22,Under Control,"PHC. The case was clinically diagnosed. No sample was collected. The deceased case was a 61 years old female with history of dog bite 3 months ago. All contacts were given post exposure prophylaxis. Information and awareness was given to panchayat and public regarding rabid dogs and vaccination for dog bite cases. Cases reported from Taluk Mysuru Urban,"
Karnataka,Mandya,"Acute
Diarrheal
Disease",21,00,20-06-22,24-06-22,Under Control,"District Mysuru. Three stool samples were collected and sent to MMCRI, Mysuru. No eneteropathogenic organism was isolated. District RRT investigated the outbreak. They visited hostel and inspected the kitchen hygiene and drinking water facilities. Food handlers were screened. Authorities were guided regarding the regular maintenance of water purifiers in hostel and kitchen hygiene. Cases reported from Taluk Nagamangala, District Mandya. District RRT investigated the outbreak. One stool sample was collected and sent to MMCRI, Mysore. No eneteropathogenic organism was found in stool sample. Three water samples were found suitable for potable purpose. District RRT investigated the outbreak and house to house survey was conducted. All cases were given symptomatic treatment. Health education was given on the importance of safe drinking water and sanitation."
Kerala,Ernakulam,Dengue,47,01,10-05-22,27-06-22,"Under
Surveillance","Cases reported from UPHC Ponnurunny, District"
Kerala,Kozhikode,Hepatitis A,17,00,20-06-22,27-06-22,"Under
Surveillance","Ernakulam. Cases presented with fever and bodyache. Two blood samples were sent to RPH Lab Ernakulam and were found positive for Dengue by IgM ELISA. The deceased case was a 39 years female. District RRT investigated the outbreak and fever survey was done. All of the cases were given symptomatic treatment. Anti- larval spray and fogging was done. Health education was given regarding the importance of vector control measures. Cases reported from PHC Perumnna, Block MCH"
Kerala,Wayanad,"Suspected
Mumps",11,00,25-06-22,27-05-22,Under Control,"Unit Cheruppa. Cases presented with loose stools and abdominal pain. Seven water samples were collected and sent to Govt. Medical College, KKD and showed presence of coliforms in them. District RRT investigated the outbreak and house to house survey was conducted. All cases were given symptomatic treatment. Health education was given on the importance of safe drinking water and sanitation. Cases reported from Village Vythiri, SC Pookode,"
Maharashtra,Pune,Dengue,7,0,17-05-22,22-06-22,Under Control,"PHC Suganthagiri, CHC Meppadi, District Wayanad. Cases presented with swelling of cheeks and pain. District RRT investigated the outbreak. Four blood samples were sent to NIV Alappuzha and were found negative by PCR. District RRT investigated the outbreak. Health education was given on the importance of immunization. Cases reported from Khamgaon Tek Village, under Bhavarapur Subcenter, Urlikanchan PHC Tal Haveli. 11 blood samples were sent to NIV, Pune and seven samples were found positive for Dengue by IgM ELISA. District RRT investigated the outbreak and fever survey was done. All of the cases were given symptomatic treatment. Anti- larval spray and fogging was done. Health education was given regarding the importance of vector control measures."
Maharashtra,Sangli,"Acute
Diarrheal
Disease",83,0,23-06-22,24-06-22,Under Control,"Cases reported from Village Bahe, Subcentre"
Punjab,"Fatehgarh
Sahib","Acute
Diarrheal
Disease",6,0,18-06-2022,21-06-2022,Under Control,"Bahe, PHC Nerle, Block Walwa. Cases presented with loose stools, vomiting and abdominal pain. Three stool samples were sent for microscopy and culture test to GMC, Miraj. E.coli was found in all the three samples. District RRT investigated the outbreak. District RRT investigated the outbreak and house to house survey was conducted. All cases were given symptomatic treatment. Health education was given on the importance of safe drinking water and sanitation. Cases reported from CHC Khera, District"
Punjab,Patiala,"Acute
Diarrheal
Disease",140,00,22-06-22,22-06-22,"Under
Surveillance","Fatehgarh Sahib. Cases presented with loose stools, vomiting and abdominal pain.10 water samples and two stool samples were sent to SPHL Kharar. Six water samples were found suitable for potable purpose and stool samples showed no growth of Enteropathogenic organisms. District RRT investigated the outbreak and house to house survey was conducted. All cases were given symptomatic treatment. Health education was given on the importance of safe drinking water and sanitation. Cases reported from Village Jhill, District Patiala. Cases presented with loose stools, vomiting and abdominal pain. Eight water and three stool samples were sent to DPHL, Patiala. Stools samples showed presence of E.coli. The water samples were found not suitable for potable purpose. District RRT investigated the outbreak and house to house survey was conducted. All cases were given symptomatic treatment. Health education was given on the importance of safe drinking water and sanitation."
Rajasthan,Jalore,"Acute
Diarrheal
Disease",115,0,22-06-2022,23-06-2022,Under Control,"Cases reported from Village Surajwara, PHC-"
Tamil Nadu,Thiruvarur,Food Poisoning,12,00,24-06-22,27-06-22,"Under
Surveillance","Malwara Block-Raniwara District Jalore. Cases presented with loose stools and vomiting. Food sample was collected and sent to Food testing Lab. Result awaited. District RRT investigated the outbreak and house to house survey was conducted. All cases were given symptomatic treatment. Health education was given on the importance of safe drinking water and sanitation. Cases reported from Village Radhanallur, HSC"
Tamil Nadu,Tiruvannamalai,Food Poisoning,47,00,23-06-22,27-06-22,"Under
Surveillance","Authur, PHC Komal, Block Thiruvarur, District Thiruvarur. Cases presented with abdominal pain and vomiting. District RRT investigated the outbreak. One water sample was collected and sent to DPHL Thiruvarur and was found fit for drinking. District RRT investigated the outbreak and house to house survey was conducted. All cases were given symptomatic treatment. Health education was given on the importance of safe drinking water and sanitation. Cases reported from Village Padiagraharam Alliyandhal, HSC Padiagraharam, PHC Karapattu, District Tiruvannamalai. Cases presented with abdominal pain and vomiting. District RRT investigated the outbreak. Four water and one food samples were collected and sent to DPHL Kilpenathur. Result awaited. District RRT investigated the outbreak and house to house survey was conducted. All cases were given symptomatic treatment. Health education was given on the importance of safe drinking water and sanitation."
Assam,Nagaon,"Japanese
Encephalitis",01,01,14-06-22,,"Under
Surveillance","Cases reported from Village 5 No Bhogamukh, SHC
Lawkhowa, PHC Singimari, District Nagaon. Cases
presented with fever, headache, change in mental status,
neck rigidity & unconsciousness. District RRT investigated
the outbreak. One CSF sample was sent to GMCH,
Guwahati and was found positive for Japanese Encephalitis
by IgM ELISA. The deceased case was a 65 years old
female. District RRT investigated the outbreak. Health
education was given."
Assam,Nagaon,Leptospirosis,04,00,14-06-22,,"Under
Surveillance","Cases reported from Village Topahula, HWC Hatimura,
BPHC Jakhalabandha, District Nagaon. District RRT
investigated the outbreak. Three blood samples were
collected and sent to GMCH, Guwahati and were found
positive for Leptospirosis by IgM ELISA. District RRT
investigated the outbreak. Active case search and mass fever
survey was carried out. Doxycycline tablets were
distributed. Health education was given regarding the
importance of insecticide treated bed nets."
Karnataka,"Dakshina
Kannada","Fever with
Rash",32,00,16-05-22,,"Under
Surveillance","Cases reported from Taluk Puttur, District Dakshina
Kannada. District RRT investigated the outbreak. Four
throat swabs, four nasospharygneal swabs and three blood
samples were collected and sent to NIV, Pune. Two blod
samples tested negative for Chicken pox and also for
HFMD. Frequent changes of bedding and personal
belongings, adequate diet and plenty of fluids were
emphasized upon. Vitamin A Prophylaxis was given. Health
education was imparted regarding importance of personal
hygiene."
Kerala,Ernakulam,Dengue,50,00,02-05-22,,"Under
Surveillance","Cases reported from Village Kochi Corporation UPHC
Kaloor, Cases presented with fever and bodyache. Three
blood samples were sent to RPH Lab Ernakulam and were
found positive for Dengue by IgM ELISA. District RRT
investigated the outbreak and fever survey was done. All of
the cases were given symptomatic treatment. Anti-larval
spray and fogging was done. Health education was given
regarding the importance of vector control measures."
Kerala,Ernakulam,Dengue,20,00,10-05-22,,"Under
Surveillance","Cases reported from Village UPHC Thrikkarara, Divission-
9, District Ernakulam. Cases presented with fever and body
ache. Two blood samples were sent to RPH Lab Ernakulam
and were found positive for Dengue by IgM ELISA. District
RRT investigated the outbreak and fever survey was done.
All of the cases were given symptomatic treatment. Anti-
larval spray and fogging was done. Health education was
given regarding the importance of vector control measures."
Jharkhand,Giridih,"Suspected
Measles",02,00,24-06-2022,29-06-2022,Under Control,"Cases reported from Village Dhuraita, Jamua.
Cases presented with vomiting. Two blood
samples were collected and sent to RIMS,
Ranchi. The samples were found negative for
Measles. District RRT investigated the outbreak
and all cases were given symptomatic treatment.
Isolation of the cases was done and health
education was given on the importance of
immunization."
Karnataka,Bagalkote,"Acute
Diarrheal
Disease",25,00,01-07-22,02-07-22,Under Control,"Cases reported from Taluk Badamii, District
Bagalkote. Cases presented with loose stools.
Fourteen water samples and five stool samples
were sent to DPHL Bagalkote. All the five stool
samples showed no growth of Enteropathogenic
organisms. Out of 14 water samples, three
samples were found not suitable for potable
purpose. District RRT investigated the outbreak
and house to house survey was conducted. All
cases were given symptomatic treatment. Health
education was given on the importance of safe
drinking water and sanitation."
Karnataka,Kalaburagi,"Acute
Diarrheal
Disease",19,00,26-06-22,28-06-22,Under Control,"Cases reported from Taluk Sedam, District"
Karnataka,Mandya,Rabies,01,01,24-06-22,29-06-22,Under Control,"Kalaburagi. Cases presented with loose stools. Five stool samples were sent to DPHL, Kalaburgi and were found negative for Vibrio cholerae. 14 water samples were sent to DPHL, Kalaburgi and three samples were found not suitable for potable purpose. District RRT investigated the outbreak and house to house survey was conducted. All cases were given symptomatic treatment. Health education was given on the importance of safe drinking water and sanitation. Case reported from Taluk S.R. Patna, District"
"Madhya
Pradesh",Bhopal,Chickenpox,03,00,27-06-2022,28-06-2022,Under Control,"Mandya. Case presented with fever, myalgia, hydrophobia, photophobia and acrophobia. The deceased case was a 58 years old male. He was diagnosed clinically with Rabies. District RRT investigated the outbreak. Health education was given on the importance of pre and post exposure prophylaxis for Rabies. Cases reported from Health Facility Civil"
"Madhya
Pradesh",Narsinghpur,"Acute
Diarrheal
Disease",20,00,30-06-2022,30-06-2022,Under Control,"Dispensory. Cases presented with fever with maculopapular rashes. Cases were diagnosed clinically. District RRT investigated the outbreak. Cases were isolated. Frequent changes of bedding and personal belongings, adequate diet and plenty of fluids were emphasized upon. Vitamin A Prophylaxis was given. Health education was imparted regarding importance of personal hygiene. Cases reported from village- Naktua, block- Narsinghpur dist. Nasinghpur. Cases presented with loose stools. District RRT investigated the outbreak and house to house survey was conducted. All cases were given symptomatic treatment. Health education was given on the importance of safe drinking water and sanitation."
"Madhya
Pradesh",Seoni,"Acute
Diarrheal
Disease",35,00,27-06-2022,01-07-2022,Under Control,"Cases reported from Agariyakala village,"
Nagaland,Kiphire,"Acute
Diarrheal
Disease",76,00,02-07-22,03-07-22,Under Control,"Ghansore block, Seoni district. Cases presented with vomiting and loose stools. District RRT investigated the outbreak and house to house survey was conducted. All cases were given symptomatic treatment. Health education was given on the importance of safe drinking water and sanitation. Cases reported from Village Semphure, Kiphire"
Odisha,Bargarh,"Suspected Food
Poisoning",95,00,28-06-22,29-06-22,Under Control,"Sadar, District Kiphire. Cases presented with abdominal pain and nausea after they had consumed food while attending ceremony in their village. District RRT investigated the case. Symptomatic treatment was given to all the cases. Chlorine tablets were distributed. Health education was given regarding importance of safe drinking water and properly cooked food. Cases reported from Khaliapali Sevashram"
Tamil Nadu,Villupuram,"Acute
Diarrheal
Disease",08,00,28-06-2022,28-06-2022,Under Control,"School, Block Katapali. Cases presented with vomiting, loose stools and abdominal pain after students comsumed midday meal in school. Three rectal swab samples were tested at DPHL, Bargarh. Of these, one sample showed growth of E.coli. District RRT investigated the outbreak and house to house survey was conducted. All cases were given symptomatic treatment. Health education was given on the importance of safe drinking water and sanitation. Cases reported from Village Marangayur, Mettu Colony, Subcenter Marangayur, PHC Mugaiyur, Block Villupuram. Cases presented with loose stools. Two water samples were sent to DPHL Kallakurichi and were found not suitable for potable purpose. District RRT investigated the outbreak. Chlorination was done. Cases were advised soft diet with ORS intake. Health education was given regarding the importance of clean drinking water, food and sanitation hygiene."
Telangana,Siddipet F,ood Poisoning,132,00,26-06-22,27-06-22,Under Control,"Cases reported from Girls Hostel, Telangana Minprity Residential English medium School (TMRES) Girls Hostel-1, ward no. 14, Vaddera Colony nearby Musthabad X. Road Siddipet, District Siddipet. Cases presented with vomiting and loose stools. Water sample was collected and sent to IPM, Narayanaguda. Result awaited. District RRT investigated the outbreak. and house to house survey was conducted. All cases were given symptomatic treatment. Health education was given on the importance of safe drinking water and sanitation."
Kerala,Palakkad,Hepatitis A,05,00,03-05-22,,"Under
Surveillance","Cases reported from Kongad, PHC Kalladikode, Ward 8 &
10, District Palakkad. Cases presented with loose stools.
Four blood samples were collected and sent to GMC
Palakkad and were found positive for Hepatitis A by IgM
ELISA. Water samples were sent to IRTC Lab Mundoor
and GMC Palakkad. Water samples showed presence of
Pseudomonas and Kleibsiella. District RRT investigated
the outbreak and house to house survey was conducted. All
cases were given symptomatic treatment. Health education
was given on the importance of safe drinking water and
sanitation."
"Madhya
Pradesh",Dhar,Malaria,10,00,23-06-22,,"Under
Control","Cases reported from Gram Desh Waliya. Cases presented
with fever and body ache. Samples were found positive for
Plasmodium vivax. District RRT investigated the outbreak
and fever survey was done. All of the cases were given
symptomatic treatment. Anti-larval spray and fogging was
done. Health education was given regarding the importance
of vector control measures."
Maharashtra,Chandrapur,Malaria,02,00,06-06-22,,"Under
Surveillance","Cases reported from Village Palebarsa, SC Pendhari, PHC
Pathari, Block Saoli, District Chandrapur. Cases presented
with fever and body ache. Two blood smears were sent for
lab analysis and both were found positive for Plasmodium
vivax. District RRT investigated the outbreak and fever
survey was done. All of the cases were given symptomatic
treatment. Anti-larval spray and fogging was done. Health
education was given regarding the importance of vector
control measures."
Maharashtra,"Sindhudurg
(Kudal)",Dengue,07,00,15-06-22,,"Under
Surveillance","Cases reported from Talkat Devulwadi, Taluk Dodamarg,
District Sindhurg (Kundal). Cases presented with fever and
bodyache. 12 blood samples were sent to NIV Pune and
seven were found positive for Dengue by IgM ELISA.
District RRT investigated the outbreak and fever survey
was done. All of the cases were given symptomatic
treatment. Anti-larval spray and fogging was done. Health
education was given regarding the importance of vector
control measures."
Uttar Pradesh,Ghazipur,"Acute
Diarrheal
Disease",03,01,17-05-22,,"Under
Control","Cases reported from Village Salarpur, SC Gosendepur,
PHC Karanda, Block Karanda, District Ghazipur. Cases
presented with loose stools. The deceased case was a 3
years old male. District RRT investigated the outbreak.
Chlorination was done. Cases were advised soft diet with
ORS intake. Health education was given regarding the
importance of clean drinking water, food and sanitation
hygiene."
Uttar Pradesh,Ghazipur,Chickenpox,03,00,13-04-22,,"Under
Control","Cases reported from Village Nakhas, Ghazipur, SC
Rajadepur, Block Sadar (Urban), District Ghazipur. Cases
presented with maculopapular rashes. Cases were
diagnosed clinically. District RRT investigated the
outbreak. Cases were isolated. Frequent changes of
bedding and personal belongings, adequate diet and plenty
of fluids were emphasized upon. Vitamin A Prophylaxis
was given. Health education was imparted regarding
importance of personal hygiene."
Uttar Pradesh,Ghazipur,Chickenpox,05,00,14-05-22,,"Under
Control","Cases reported from Village Jivanchak, Ghazipur, SC
Narayanpur, Kakhari, CHC Saidpur, Block Saidpur,
District Ghazipur. Cases presented with maculopapular
rashes. Cases were diagnosed clinically. District RRT
investigated the outbreak. Cases were isolated. Frequent
changes of bedding and personal belongings, adequate diet
and plenty of fluids were emphasized upon. Vitamin A
Prophylaxis was given. Health education was imparted
regarding importance of personal hygiene."
Uttar Pradesh,Ghazipur,Chickenpox,15,00,12-05-22,,"Under
Control","Cases reported from Village Jauharpur, Post Bhurkura, SC
Husanpur, Block Jakhania, District Ghazipur. Cases
presented with maculopapular rashes. Cases were
diagnosed clinically. District RRT investigated the
outbreak. Cases were isolated. Frequent changes of
bedding and personal belongings, adequate diet and plenty
of fluids were emphasized upon. Vitamin A Prophylaxis
was given. Health education was imparted regarding
importance of personal hygiene."
Uttar Pradesh,Lucknow,Food Poisoning,6,0,29-06-22,,"Under
Control","Cases reported from CHC Mall Village, Raipur. Cases
presented with vomiting and loose stools. District RRT
investigated the outbreak. All cases were given
symptomatic treatment. Health education was given on the
importance of safe drinking water and sanitation."
Haryana,Nuh,Measles,08,00,06-07-22,07-07-2022,Completed,"Cases reported from Village Nawabgarh, SC
Ganguli, PHC Kaliyaka, CHC Nuh, District Nuh.
Seven blood samples were sent for lab analysis
and three samples showed positive for Measles
by IgM ELISA. District RRT investigated the
outbreak. Cases were isolated. Frequent changes
of bedding and personal belongings, adequate
diet and plenty of fluids were emphasized upon.
Vitamin A Prophylaxis was given. Health
education was imparted regarding importance of
personal hygiene."
Jharkhand,"West
Singhbhum","Fever with
Rash",5,0,07-07-2022,07-07-2022,Completed,Cases reported from Village-Siringsia HSC-
Karnataka,Bidar,Chikungunya,36,00,06-07-22,07-07-22,Completed,"Jamdih Block-Tonto. All cases presenting with fever and macula-papular rashes with vesicles. District RRT investigated the outbreak. Cases were isolated. Frequent changes of bedding and personal belongings, adequate diet and plenty of fluids were emphasized upon. Vitamin A Prophylaxis was given. Health education was imparted regarding importance of personal hygiene. Cases reported from Kherda K Village, Kalkhora"
Karnataka,Chitradurga,"Japanese
Encephalitis",01,00,03-07-22,05-07-22,Completed,"PHC, Basawakalyan Taluka. Cases presented with fever, headache and myalgia. Three blood samples were sent to DSL Bidar and two samples were found positive for Chikungunya by IgM ELISA. District RRT investigated the outbreak. Larva and fever survey was conducted. Outdoor fogging in the village was done. Health education was given regarding the importance of vector control measures like usage of bed nets. Cases reported from Heggere Village,"
Karnataka,Raichur,"Acute
Diarrheal
Disease",42,00,03-07-22,04-07-22,"Under
Surveillance","Srirampura PHC, Hosadurga Taluk. Cases presented with fever, neck rigidity and unconsciousness. One blood sample was sent to VIMS Ballary and was found positive for Japanese Encephalitis by IgM ELISA. District RRT investigated the outbreak. Larva and fever survey was conducted. Outdoor fogging in the village was done. Health education was given regarding the importance of vector control measures like usage of bed nets. Cases reported from Valkamdinni and Jukur villages. Cases presented with loose stools, vomiting and abdominal pain. 92 water samples were sent to DSL Raichur. 17 samples were found not suitable for potable purpose by H2S test. District RRT investigated the outbreak and house to house survey was conducted. All cases were given symptomatic treatment. Health education was given on the importance of safe drinking water and sanitation."
Karnataka,Vijayapura,"Acute
Diarrheal
Disease",54,00,03-07-22,04-07-22,Completed,"Cases reported from Satapur Village,"
Maharashtra,Chandrapur,"Acute
Diarrheal
Disease",45,0,04-07-2022,05-07-2022,Completed,"Chickbevanoor PHC, Taluk Indi, District Vijayapura. Cases presented with loose stools, vomiting and abdominal pain. 25 water samples and eight stool samples and one cooked food samples were sent for lab analysis to DPHL, Vijaypura. All the 25 samples were found not suitable for potable purpose. Out of eight stool samples, one sample was found positive for Shigella species. No pathogen was isolated. District RRT investigated the outbreak and house to house survey was conducted. All cases were given symptomatic treatment. Health education was given on the importance of safe drinking water and sanitation. Cases reported from Block – Jivati PHC – Patan,"
Odisha,Subarnapur,"Acute
Diarrheal
Disease",24,00,04-07-22,11-07-22,Under Control,"Subcenter - loose stools and abdominal pain. samples were sent to DPHL, Chandrapur. All samples were found to be suitable for potable purpose. District RRT investigated the outbreak and house to house survey was conducted. All cases were given symptomatic treatment. ORS sachets were distributed. Health education was given on the importance of safe drinking water and sanitation. Cases reported from Village Sankara, PHC Sankara, CHC/Block Binka, District Subarnapur. They presented with loose stools. Four water samples were sent to DPHL, Sonepur and all were found not suitable for potable purpose. District RRT investigated the outbreak and house to house survey was conducted. All cases were given symptomatic treatment. Health education was given on the importance of safe drinking water and sanitation."
Odisha,Sundargarh,Food Poisoning,108,00,05-07-22,06-07-22,Under Control,Cases reported from Fatanagar Sebashram
Punjab,"Fatehgarh
Sahib",Dengue,19,00,28-07-2022,04-08-2022,Completed,"School. Cases presented with loose stools, vomiting and abdominal pain. Three rectal swabs and five water samples were sent to DPHL, Sundargarh. No enteropathogenic organisms were found in stool samples. Water samples were found suitable for potable purpose. District RRT investigated the outbreak and house to house survey was conducted. All cases were given symptomatic treatment. Health education was given on the importance of safe drinking water, food hygiene and sanitation. Cases reported from Village Machhurai"
Telangana,"Jogulamba
Gadwal","Acute
Diarrheal
Disease",38,00,07-07-2022,09-07-2022,Completed,"Kalan, Sub district Amloh, District Fatehgarh Sahib. Cases presented with fever with rash. 19 blood samples were found positive for dengue by IgM ELISA at DPHL Fatehgarh Sahib. District RRT investigated the outbreak. Survey of the area and fogging was done. Breeding sources were eliminated. Health education was given regarding the importance of vector control measures. Cases reported from Vedanagar, beside"
Telangana,"Jogulamba
Gadwal","Acute
Diarrheal
Disease",65,00,28-07-2022,07-08-2022,Completed,"Ghantaveedi, District Jogulamba Gadwal. Cases presented with loose stools and abdominal pain. District RRT investigated the outbreak and house to house survey was conducted. All cases were given symptomatic treatment. Health education was given on the importance of safe drinking water and sanitation. Cases reported from TSWRS Ghattu Mandal of Gadwal District. Cases presented with loose stools and abdominal pain. Stool samples and sent to Mahabubnagar. Result awaited. District RRT investigated the outbreak and house to house survey was conducted. All cases were given symptomatic treatment. Health education was given on the importance of safe drinking water and sanitation."
Uttarakhand,Rudraprayag,"Acute
Diarrheal
Disease",12,00,04-07-22,10-07-22,"Under
Surveillance","Cases reported from Village Taali, Tehsil"
Uttar Pradesh,Rae Bareli,Chickenpox,25,00,02-07-2022,07-07-2022,Completed,"Agastymuni, District Rudraprayag. Cases presented with loose stools and abdominal pain. Four blood and two water samples were sent to DPHL Rudraprayag. Both water samples were found unfit for drinking. District RRT investigated the outbreak and house to house survey was conducted. All cases were given symptomatic treatment. Health education was given on the importance of safe drinking water and sanitation. Cases reported from Gandhi Sewa Niketan Chak Dhaurahra,Thana Mill Area Distt-Raebareli. Cases presented with fever with vesicular rashes. 11 blood samples were sent to the Microbiology lab of KGMU, Lucknow and nine were positive for Chicken pox by RTPCR test. District RRT investigated the outbreak. Cases were isolated. Frequent changes of bedding and personal belongings, adequate diet and plenty of fluids were emphasized upon. Vitamin A Prophylaxis was given. Health education was imparted regarding importance of personal hygiene."
Kerala,Ernakulam,Dengue,85,00,27-06-22,,"Under
Surveillance","Cases reported from UPHC Kuthapady, Div 71 Kochi
Corporation. Cases presented with fever and bodyache.
Two blood samples were sent to RPH Lab Ernakulam and
both were found positive for Dengue by IgM ELISA.
District RRT investigated the outbreak and fever survey
was done. All of the cases were given symptomatic
treatment. Anti-larval spray and fogging was done. Health
education was given regarding the importance of vector
control measures."
Kerala,Thrissur,Shigella,01,00,01-07-22,,"Under
Surveillance","Case reported from Thrissur Corporation, SC Ollur,
PHC/Block Ollur, District Thrissur. Case presented with
abdominal pain, vomiting and loose stools. One stool
sample was sent to Microbiology department, GMCH
Thrissur and was found positive for Shigella Sonnei
through culture. District RRT investigated the outbreak and
house to house survey was conducted. All cases were given
symptomatic treatment. Health education was given on the
importance of safe drinking water and sanitation."
Kerala,Kollam,Dengue,42,00,16-06-22,,"Under
Surveillance","Cases reported from Sakthikulangara, Sakthikulangara,"
"Madhya
Pradesh",Khargone,"Acute
Diarrheal
Disease",19,00,01-07-2022,,Completed,"PHC Sakthikulangara Kollam Corporation, District Kollam. Cases presented with fever and bodyache. Five blood samples were sent to DPHL, Kollam and two were found positive for Dengue by IgM ELISA. District RRT investigated the outbreak and fever survey was done. All of the cases were given symptomatic treatment. Anti-larval spray and fogging was done. Health education was given regarding the importance of vector control measures. Cases reported from village Bither, PHC Balakwada, Block"
Mizoram,Aizawl,"Visceral
Leishmaniosis",1,0,01-06-2022,,Completed,"Kasrawad, District Khargone. Cases presented with loose stools and vomiting. District RRT investigated the outbreak and house to house survey was conducted. All cases were given symptomatic treatment. ORS sachets were distributed. Health education was given on the importance of safe drinking water and sanitation. Cases reported from Sihphir village, Aizawl district. Case"
Mizoram,Aizawl,"Acute
Diarrheal
Disease",24,0,22-06-2022,,Completed,"presented with fever, mouth ulcer, fatigue, bodyache and cough. FNAC was done and sent to Civil Hospital. Leishmania donovani bodies were seen. District RRT investigated the outbreak. Health education was given. Cases reported from Thingsulthliah village, Aizawl district."
Odisha,Jharsuguda,"Acute
Diarrheal
Disease",21,1,28-01-2022,,Completed,"Cases presented with loose stools and vomiting after consumption of fermented soyabeans. Samples were sent to Civil Hospital. No pathogenic organism was found. District RRT investigated the outbreak and house to house survey was conducted. All cases were given symptomatic treatment. ORS sachets were distributed. Health education was given on the importance of safe drinking water and sanitation. Cases reported from Village Kuhamunda, Lakhanpur Block. Cases presented with loose stools, vomiting and abdominal pain. Seven rectal swabs and nine water samples were sent to DPHL, Jharsuguda. Of these, two samples showed presence of E.coli and two samples were found not suitable for potable purpose. The deceased case was a 53 years old female. District RRT investigated the outbreak and house to house survey was conducted. All cases were given symptomatic treatment. Health education was given on the importance of safe drinking water, food hygiene and sanitation."
Tamil Nadu,Thiruvarur,Food Poisoning,12,00,25-06-2022,,Completed,"Cases reported from from Radhanallur Village, Komal
PHC, Thiruvarur Block. Cases presented with vomiting,
abdominal pain, fever, headache and loose stools following
consumption of food in a marriage function. One water
sample was sent to DPHL, Thiruvarur. Water sample was
found suitable for drinking purpose. District RRT
investigated the outbreak and house to house survey was
conducted. All cases were given symptomatic treatment.
Health education was given on the importance of safe
drinking water, food hygiene and sanitation."
Telangana,Hyderabad,"Acute
Diarrheal
Disease",65,00,27-06-22,,"Under
Control","Cases reported from Ghattutswrs, PHC Ghatu Jogulamba
Gadwal, District Hyderabad. Cases presented with loose
stools and abdominal pain. Stool and water samples were
sent to Microbiology lab Mahabubnagar. Result awaited.
District RRT investigated the outbreak and house to house
survey was conducted. All cases were given symptomatic
treatment. Health education was given on the importance
of safe drinking water and sanitation."
Karnataka,Kalaburagi,"Acute
Diarrheal
Disease",13,00,11-07-22,13-07-22,Under Control,"Cases reported from Taluk Chincholi, District
Kalaburagi. Cases presented with vomiting and
loose stools. Five stool samples were sent for lab
analysis. District RRT investigated the outbreak
and house to house survey was conducted. All
cases were given symptomatic treatment. Health
education was given on the importance of safe
drinking water and sanitation."
Karnataka,Uttar Kannada,Leptospirosis,01,01,07-07-22,13-07-22,Under Control,"Case reported from Belekeri Village, Taluk
Ankola, District Uttar Kannada. Case presented
with fever, malaise and headache. One blood
sample was sent to KMC Manipal and tested
positive for Leptospirosis by IgM ELISA. The
deceased case was a 35 years old female. District
RRT investigated the outbreak. Active case search
and mass fever survey was carried out. Health
education was given regarding the importance of
rodent control measures and proper disposal of
wastes."
Kerala,Kannur,Monkey Pox,01,00,14-07-22,14-07-22,"Under
Surveillance","Cases reported from various districts of Kerala –
Kannur, Kollam, Mallapuram and Thrissur. Cases
presented with dysuria, swelling in genital region,
fever, sorethroat, backache, headache, rashes and"
"Madhya
Pradesh",Kollam Malappuram Thrissur Hoshangabad,"Acute
Diarrheal
Disease",01 02 01 13,00 01 00,12-07-2022,14-07-2022,"Under
Surveillance Under Control","lymphadenopathy. Specimens sent for lab
analysis were nasal swab, throat swab, serum,
blister fluid, base and roof of blister and urine to
ICMR-NIV, Pune and were found positive for
Monkey pox by PCR. The deceased case was a 22
years old male. District RRT investigated the
outbreak. Isolation of case was done. Avoidance
of contact with any materials such as bedding
which were in contact with the patient was
emphasized upon. Health education was given on
the importance of good hand hygiene practices. Cases reported from Village Kandrakhadi, Block
Dolaria. Cases presented with vomiting and loose
stools. 10 water samples were sent to PHE.
Results awaited. District RRT investigated the
outbreak and house to house survey was
conducted. All cases were given symptomatic
treatment. Health education was given on the
importance of safe drinking water and sanitation."
"Madhya
Pradesh",Sagar,"Acute
Diarrheal
Disease",60,00,10-07-2022,11-07-2022,Under Control,"Cases reported from Block Banda, District Sagar.
Cases presented with loose stools. District RRT
investigated the outbreak and house to house
survey was conducted. All cases were given
symptomatic treatment. ORS sachets were
distributed. Health education was given on the
importance of safe drinking water and sanitation."
Maharashtra,Chandrapur,Malaria,04,00,11-07-2022,16-07-2022,Under Control,"Cases reported from Pahami Village in Kolsa SC
in Chichpalli PHC, Chandrapur. Cases presented
with fever and bodyache. Four blood samples
were sent to GMC Chandrapur. Three out of four
samples tested positive for Plasmodium
falciparum by Rapid Diagnostic Kit. District RRT
investigated the outbreak. Fever survey and
entomological surveillance in the area along with
fogging was done. Breeding sources were
eliminated. Health education was given regarding
the importance of vector control measures."
Odisha,Bargarh,"Acute
Diarrheal
Disease",05,00,15-07-22,18-07-22,Under Control,"Cases reported from Village Kendugudia, SC"
Tamil Nadu,"Virudhunagar-
Sivakasi","Dengue &
Scrub typhus",09,00,16-07-22,18-07-22,Under Control,"Sulsulia, CHC Bhatli, Block Bhatli, District Bargarh. Two rectal swabs and one water sample was sent for lab analysis. Water sample showed presence of E.coli. District RRT investigated the outbreak and house to house survey was conducted. All cases were given symptomatic treatment. ORS sachets were distributed. Health education was given on the importance of safe drinking water and sanitation. Cases reported from Village – Sanarpatti,"
Telangana,Nirmal,Food Poisoning,10,00,15-07-22,16-07-22,Under Control,"Subcenter – Sukkiravarpatti. Cases presented with fever and bodyache. Five blood samples were sent to DPHL, Virudhunagar. Of these, three were found positive for Dengue by NS1 antigen and one by IgM ELISA. One sample was found positive for Scrub Typhus by IgM ELISA. District RRT investigated the outbreak. Anti-larval measures and source reduction was done. Indoor and outdoor fogging was done. Health education was given regarding the importance of vector control measures. Cases reported from IIIT Basar, District Nirmal."
Uttar Pradesh,Mathura,"Acute
Diarrheal
Disease",27,00,09-07-2022,14-07-2022,Under Control,"Cases presented with loose stools, vomiting and abdominal pain. Water samples were sent to RIMS, Adilabad. Result awaited. District RRT investigated the outbreak and house to house survey was conducted. All cases were given symptomatic treatment. Health education was given on the importance of safe drinking water and sanitation. Cases reported from village Parkham, Sub district-Farah, Cases presented with loose stools, vomiting and abdominal pain after consumption of fruit juice in a wedding ceremony in the village. District RRT investigated the outbreak. All cases were given symptomatic treatment. ORS sachets were distributed. Health education was given on the importance of safe drinking water and sanitation."
Uttar Pradesh,Pratapgarh,Food Poisoning,48,00,15-07-22,15-07-22,Under Control,"Cases reported from Village Takiya Barista, PHC"
Uttarakhand,"Udhamsingh
Nagar","Acute
Diarrheal
Disease",39,00,15-07-22,17-07-22,"Under
Surveillance","Tejrarh, Block Sandwa Chandrika, District Pratapgarh. Cases presented with loose stools, vomiting and abdominal pain. Two food samples were sent for lab analysis. Result awaited. District RRT investigated the outbreak and house to house survey was conducted. All cases were given symptomatic treatment. Health education was given on the importance of safe drinking water and sanitation. Cases reported from Village Pipaliya 01 and Sanjay Nagar, Block Gadarpur, District US Nagar. Cases presented with loose stools and abdominal pain. Six water samples were collected and sent for lab analysis to GMC, Haldwani. Result awaited. District RRT investigated the outbreak and house to house survey was conducted. All cases were given symptomatic treatment. Health education was given on the importance of safe drinking water and sanitation."
Maharashtra,Pune,"Dengue and
Chikungunya",06,00,28-06-22,,"Under
Control","Cases reported from Malegan BK village under Malegaon
sub center, Malegaon PHC. Cases presented with fever,
bodyache and headache. Six blood samples were sent to
NIV, Pune. Of these, four samples were found positive for
Dengue and one for Chikungunya by IgM ELISA. District
RRT investigated the outbreak. Larva and fever survey was
conducted. Outdoor fogging in the village was done. Health
education was given regarding the importance of vector
control measures."
Odisha,Angul,"Acute
Diarrheal
Disease",85,00,02-05-22,,"Under
Control","Cases reported from Village Bajapur, Madhupur Block.
Cases presented with loose stools and abdominal pain.
District RRT investigated the outbreak and house to house
survey was conducted. All cases were given symptomatic
treatment. ORS sachets were distributed. Health education
was given on the importance of safe drinking water and
sanitation."
Bihar,"Pashchim
Champaran","Food
Poisoning",14,0,19-07-22,19-07-22,Under Control,"Cases reported from APHC Bhairoganj, Sub"
Chhattisgarh,Janjgir Champa,"Acute
Diarrheal
Disease",22,0,16-07-22,20-07-22,Under Control,"District Bagha, District Pashchim Champaran. Cases presented with vomiting and loose stools 30 minutes after consumption of locally cooked food - Halwa in village. District RRT investigated the outbreak. All cases were given symptomatic treatment. ORS sachets were distributed. Health education was given on the importance of safe drinking water, food hygiene and sanitation. Cases reported from Village Madhuwa, Sub"
Karnataka,Chamarajanagar,"Suspected
Food
Poisoning",12,00,19-07-22,20-07-22,Under Control,"district Akaltara, District Janjgir-Champa. Cases presented with loose stools and abdominal pain. District RRT investigated the outbreak. House to house active case finding was done. Halogen tablets were distributed. Super chlorination of water sources was done. Health education was given on the importance of personal hygiene and intake of safe drinking water. Cases reported from Arepalya Village, Madhuveenahalli PHC, Kollegal Taluk. District Chamarajanagar. Cases presented with loose stools and abdominal pain. Three stool samples and four water samples were sent to DPHL Chamrajnagar. No growth was found after 24 hours of incubation and all four water samples were found suitable for potable purpose. District RRT investigated the outbreak. Health education was given on the importance of personal hygiene and intake of safe drinking water with special emphasis on hygiene of food handlers and food handling techniques."
Karnataka,Chitradurga,"Food
Poisoning",58,00,21-07-22,21-07-22,Under Control,"Cases reported from Taluk Chitradurga,"
Karnataka,Gadag,Chikungunya,21,00,19-07-22,21-07-22,Under Control,"District Chitradurga. Cases presented with vomiting and abdominal pain. Four water samples were sent to DPHL, Chitradurga. Out of these, two water samples were found unfit for drinking purpose. District RRT investigated the outbreak and house to house survey was conducted. All cases were given symptomatic treatment. Health education was given on the importance of safe drinking water, food hygiene and sanitation. Cases reported from Taluk Shirahatti, District"
Karnataka,Kalaburagi,"Acute
Diarrheal
Disease",33,00,16-07-22,18-07-22,Under Control,"Gadag. Cases presented with fever and joint pain. Five blood samples were sent for lab analysis to DPHL, Gadag. Of these, three were found positive for Chikungunya by IgM ELISA. District RRT investigated the outbreak. Survey of the area was done. Fogging was done. Breeding sources were eliminated. Health education was given regarding the importance of vector control measures. Cases reported from Gopichand Tanda, Belamgi PHC, Taluk Aland, District Kalaburagi. Cases presented with loose stools and abdominal pain. Three stool samples and 10 water samples were sent to DPHL, Kalburgi. All three stool samples showed no growth of any Enteropathogenic organisms. Out of 10, three water samples were found not suitable for potable purpose. District RRT investigated the outbreak. House to house active case finding was done. Halogen tablets and ORS sachets were distributed. Health education was given on the importance of personal hygiene and intake of safe drinking water."
Karnataka,Uttara Kannada,"Food
Poisoning",21,00,18-07-22,19-07-22,Under Control,"Cases reported from Haliyal Village, Taluk"
"Madhya
Pradesh",Sagar,"Fever with
Rash",5,0,19-07-22,19-07-22,Under Control,"Haliyal, District Uttara Kannada. Cases presented with vomiting after consuming dinner in the hostel. Four water samples were sent to Haliyal Taluka Hospital and all were found suitable for potable purpose. District RRT investigated the outbreak. Health education was given on the importance of personal hygiene and intake of safe drinking water with special emphasis on hygiene of food handlers and food handling techniques. Cases reported from Kesli Block, Village"
"Madhya
Pradesh",Sagar,"Acute
Diarrheal
Disease",23,0,18-07-22,18-07-22,Under Control,"Angori, District Sagar. Cases presented with fever with rashes. Three blood samples were collected & were sent to ICMR Jabalpur. All of them were found negative for Measles. District RRT investigated the outbreak. Cases were isolated. Frequent changes of bedding and personal belongings, adequate diet and plenty of fluids were emphasized upon. Vitamin A Prophylaxis was given. Health education was imparted regarding importance of personal hygiene. Cases reported from village – Talpura, PHC –"
"Madhya
Pradesh",Sehore,"Acute
Diarrheal
Disease",15,0,20-07-22,20-07-22,Under Control,"Shahganj, Block- Budni. Cases presented with vomiting and loose stools. District RRT investigated the outbreak. House to house active case finding was done. Halogen tablets and ORS sachets were distributed. Super chlorination of water sources was done. Health education was given on the importance of personal hygiene and intake of safe drinking water and sanitation. Cases reported from CHC Budhni, PHC Sahaganj, District Sehore. Cases presented with vomiting and loose stools. District RRT investigated the outbreak. Halogen tablets and ORS sachets were distributed. Super chlorination of water sources was done. Health education was given on the importance of personal hygiene, intake of safe drinking water and sanitation."
Odisha,Bargarh,"Acute
Diarrheal
Disease",14,00,20-07-22,22-07-22,Under Control,"Cases reported from Village Sulsulia, SC"
Odisha,Nabarangpur,"Acute
Diarrheal
Disease",8,00,15-07-22,21-07-22,Under Control,"Sulsulia, CHC Bhatli, Block Bhatli, District Bargarh. Cases presented with abdominal pain and loose stools. One water and two rectal swab samples were sent to DPHL, Bargarh. Result awaited. District RRT investigated the outbreak. House to house active case finding was done. Halogen tablets and ORS sachets were distributed. Super chlorination of water sources was done. Health education was given on the importance of personal hygiene and intake of safe drinking water. Cases reported from Village Dalabeda, CHC"
Odisha,Mayurbhanj,"Acute
Diarrheal
Disease",20,00,16-07-22,20-047-22,Under Control,"Chandahandi, District Nabarangpur. Cases presented with abdominal pain and loose stools. District RRT investigated the outbreak. House to house active case finding was done. Halogen tablets and ORS sachets were distributed. Health education was given on the importance of personal hygiene and intake of safe drinking water. Cases reported from SC Chitadihi Dahikuti,"
Punjab,Mansa,"Food
Poisoning",13,00,18-07-22,18-07-22,Under Control,"CHC Under Betnoti, District Mayurbhanj. Cases presented with abdominal pain and loose stools. Three rectal swabs and four water samples were sent for lab analysis. Result awaited. District RRT investigated the outbreak. House to house active case finding was done. Halogen tablets were distributed. Super chlorination of water sources was done. Health education was given on the importance of personal hygiene and intake of safe drinking water. Cases reported from village Bajewala, District Mansa. Cases presented with abdominal pain, dizziness, loose stools after they consumed food at Gurudwara Sahib. District RRT investigated the outbreak. Health education was given on the importance of personal hygiene and intake of safe drinking water with special emphasis on hygiene of food handlers and food handling techniques."
Tamil Nadu,Kanyakumari,"Food
Poisoning",25,00,21-07-22,22-07-22,Under Control,Cases reported from Village Govt Kavimani
Tamil Nadu,Madurai,"Suspected
Measles",06,01,21-07-22,21-07-22,Under Control,"Desiya Vinaya Pillai Girls School, HSC Natrajapuram, PHC UPHC Vadiveeswaram, Block Nagerkoli, District Kanyakumari. Cases presented with abdominal pain, dizziness, loose stools. Three water samples were sent to DPHL Kanyakumari. Result awaited. District RRT investigated the outbreak. Health education was given on the importance of personal hygiene and intake of safe drinking water with special emphasis on hygiene of food handlers and food handling techniques. Cases reported from Village Vadukapatti, HSC"
"Uttar
Pradesh",Mirzapur,"Acute
Diarrheal
Disease",26,1,17-07-2022,18-07-2022,Under Control,"Kulamangalam, PHC Kulamangalam, Block Madurai West. Three blood samples were sent to Department of Virology, King Institute of Preventive Medicine and Research. Result awaited. The deceased case was an 8 months old female. District RRT investigated the outbreak. Cases were isolated. Frequent changes of bedding and personal belongings, adequate diet and plenty of fluids were emphasized upon. Vitamin A Prophylaxis was given. Health education was imparted regarding importance of immunisation. Cases reported from village Kolha, Block Halia, Subdistrict Lalganj, District Mirzapur. Cases presented with vomiting and loose stools. Four stool samples were sent to Regional Lab Swasthya Bhawan, Lucknow and none of the samples showed presence of any enteropathogenic organism. District RRT investigated the outbreak. House to house active case finding was done. A 17 year female died due to illness. Halogen tablets and ORS sachets were distributed. Super chlorination of water sources was done. Health education was given on the importance of personal hygiene and intake of safe drinking water."
"Madhya
Pradesh",Umaria,"Acute
Diarrheal
Disease",07,01,03-07-22,,"Under
Control","Cases reported from Village Post Khaloundh, Block
Manpur, District Umaria. Cases presented with vomiting
and loose stools. Two stool samples were sent for lab
analysis and were found negative for enteropathogenic
organisms. One water sample are collected and sent to
PHE department and was found suitable for potable
purpose. The deceased case was a 35 years old female.
District RRT investigated the outbreak. Halogen tablets
and ORS sachets were distributed. Super chlorination of
water sources was done. Health education was given on the
importance of personal hygiene, intake of safe drinking
water and sanitation."
Telangana,Nirmal,Food Poisoning,106,00,25-08-21,,"Under
Control","Cases reported from PHC Basar, District Nirmal. Cases
presented with vomiting and loose stools after consumption
of egg fried rice in a gathering. District RRT investigated
the outbreak. Health education was given on the
importance of personal hygiene and intake of safe drinking
water with special emphasis on hygiene of food handlers
and food handling techniques."
Chhattisgarh,Baloda Bazar,"Acute
Diarrheal
Disease",31,00,22-07-22,26-07-22,Under Control,"Cases reported from- PHC Pawni, District
Baloda Bazar. Cases presented with loose
stools. District RRT investigated the outbreak.
House to house active case finding was done.
Halogen tablets and ORS sachets were
distributed. Health education was given on the
importance of personal hygiene and intake of
safe drinking water."
Chhattisgarh,Mahasamund,"Acute
Diarrheal
Disease",20,00,26-07-22,28-07-22,Under Control,"Cases reported from Village-Bijemal, Sub-
Center-Savitripur, PHC Pirda, CHC Pithora,
District Mahasamund. Cases presented with
loose stools. Two stool samples were sent to
Department of Microbiology, J.N.M Medical
College, Raipur. No Enteropathogenic
organisms were found. District RRT
investigated the outbreak. Halogen tablets and
ORS sachets were distributed. Health education
was given on the importance of personal
hygiene and intake of safe drinking water."
Chhattisgarh,Mahasamund,"Acute
Diarrheal
Disease",29,00,25-07-22,25-07-22,Under Control,Cases reported from Village Village-Konda
Chhattisgarh,Raigarh,"Acute
Diarrheal
Disease",49,00,26-07-22,27-07-22,Under Control,"Kante, Sub-Center-Sagundhap, PHC Sakara, CHC –Pithora District Mahasamund. Cases presented with loose stools. Two stool samples were sent to Department of Microbiology, Pt.J.N.M Medical College, Raipur. No Enteropathogenic organism was found. Three water samples were sent for lab analysis and E.Coli, Klebsiella species and Pseudomonas species were found. District RRT investigated the outbreak. Halogen tablets and ORS sachets were distributed. Health education was given on the importance of personal hygiene and intake of safe drinking water. Cases reported from CHC Sarangarh, District"
Jharkhand,East Singhbum,Chickenpox,22,00,23-07-22,25-07-22,Under Control,"Raigarh. Cases presented with loose stools. Six stool samples were sent to Medical college, Raigarh. No Enteropathogenic organism was found. District RRT investigated the outbreak. Halogen tablets and ORS sachets were distributed. Health education was given on the importance of personal hygiene and intake of safe drinking water. Cases reported from Village Goglo, HSC- Ramasholi, CHC Dhalbhumgarh. Cases presented with fever with rashes. Six blood samples were sent for lab analysis and all of them were found positive for Varicella Zoster Virus by IgM ELISA. District RRT investigated the outbreak. Cases were isolated. Frequent changes of bedding and personal belongings, adequate diet and plenty of fluids were emphasized upon. Vitamin A Prophylaxis was given. Health education was imparted regarding importance of personal hygiene."
Karnataka,Ballari,"Acute
Diarrheal
Disease",44,01,23-07-22,25-07-22,Under Control,"Cases reported from Gonal Village, SRR Pura"
Karnataka,Chitradunga,"Acute
Diarrheal
Disease",29,00,29-07-22,29-07-22,Under Control,"PHC, Taluk Kampli, District Ballari. Cases presented with vomiting and loose stools. 10 water and four stool samples were sent for lab analysis to DPHL, Ballari. Of these, five water samples were found not suitable for potable purpose and all the stools samples showed no growth of Enteropathogenic organism. The deceased case was a 11 years old female. District RRT investigated the outbreak. Halogen tablets and ORS sachets were distributed. Health education was given on the importance of personal hygiene, hand washing practices and intake of safe drinking water. Cases reported from Holalkere Moraji School,"
Karnataka,Mysuru,"Pyrexia of
Unknown
Origin",60,00,29-07-22,30-07-22,Under Control,"Kanive village, Taluk Holalkere, District Chitradurga. Cases presented with vomiting and loose stools. Two water and one vomitus sample was sent to DPHL, Chitradurga. Water sample was found unfit for drinking and no organism was isolated in the vomitus sample. District RRT investigated the outbreak. Halogen tablets and ORS sachets were distributed. Health education was given on the importance of personal hygiene, hand washing practices and intake of safe drinking water. Cases reported from Moraji Desai Residential School, Doddakanya, PHC Kadakola, Taluk Mysuru, District Mysuru. Cases presented with mild fever. 17 blood samples and five water samples were sent to DSL, Mysore. No organisms were isolated from the blood samples and all the water samples were found suitable for potable purpose. District RRT investigated the outbreak. Temporary fever clinics were established. House to house case search was done. Vector borne measures were taken. Health education was given."
"Madhya
Pradesh",Damoh,"Acute
Diarrheal
Disease",56,00,27-07-22,28-07-22,Under Control,Cases reported from Village Chorai (sector
"Madhya
Pradesh",Shivpuri,"Acute
Diarrheal
Disease",14,00,28-07-22,29-07-22,Under Control,"Singranpur), District Damoh. Cases presented with fever, vomiting and loose stools. District RRT investigated the outbreak. Halogen tablets and ORS sachets were distributed. Health education was given on the importance of personal hygiene and intake of safe drinking water. Cases reported from village Sarvura, SHC"
Maharashtra,Washim,Cholera,02,00,26-07-22,28-07-22,Under Control,"Ejwara, Block CHC Badarwas. Cases presented with fever, vomiting and loose stools. District RRT investigated the outbreak. Halogen tablets and ORS sachets were distributed. Health education was given on the importance of personal hygiene and intake of safe drinking water. Cases reported from Village Manoli, SC"
Mizoram,Serchhip,"Food
Poisoning",26,00,28-07-22,28-07-22,Under Control,"Asegaon PHC Kasola. Cases presented with loose stools. Four rectal swab samples were sent to DPHL, Washim and one sample was found positive for Vibrio cholera by culture. District RRT investigated the outbreak. Halogen tablets and ORS sachets were distributed. Health education was given on the importance of personal hygiene and intake of safe drinking water. Cases reported from Kanan Venh locality, Thenzawl town. Cases presented with vomiting, loose stools and abdominal pain after consumption of fermented soyabean. Soyabean samples (both raw and fermented) were sent to Mizoram Food Testing Laboratory, Zemabawk, Aizawl. Samples were found positive for Salmonella, Proteus species, Providencia species and Staphylococcus aureus. District RRT investigated the outbreak. All cases were given symptomatic treatment. ORS sachets were distributed. Health education was given on the importance of safe drinking water, food hygiene and sanitation."
Odisha,Cuttack,"Acute
Diarrheal
Disease",12,00,27-07-22,27-07-22,Under Control,"Cases reported from Village Gopamathura, SC"
Odisha,Balasore,"Food
Poisoning",12,00,31-07-22,01-08-22,Under Control,"Sankhamari, CHC Badamba, Block Badamba, District Cuttack. Cases presented with vomiting, loose stools and abdominal pain. District RRT investigated the outbreak. All cases were given symptomatic treatment. ORS sachets were distributed. Health education was given on the importance of safe drinking water, food hygiene and sanitation. Cases reported from Village Daruha, SC"
Odisha,Koraput,"Acute
Diarrheal
Disease",08,00,28-07-22,31-07-22,"Under
Surveillance","Katisahi, CHC Jaleswarpur, Block Bhograi, District Balasore. Cases presented with vomiting, loose stools and abdominal pain. Five rectal swabs and six water samples were collected and sent to DPHL, Balasore. None of the rectal swab samples showed Enteropathogenic organisms. Two water samples showed presence of Kleibsiella species and one water sample showed presence of Citrobacter species. District RRT investigated the outbreak. All cases were given symptomatic treatment. ORS sachets were distributed. Health education was given on the importance of safe drinking water, food hygiene and sanitation. Cases reported from Village Tankua, SC Rgngiguda, Block Rabanaguda, District Koraput. Cases presented with loose stools and abdominal pain. Three rectal and two water samples were sent to DPHL, Koraput. No Enteropathogenic organisms were found. District RRT investigated the outbreak. Halogen tablets and ORS sachets were distributed. Health education was given on the importance of personal hygiene and intake of safe drinking water."
Odisha,Nuapada,Cholera,35,00,25-07-22,26-07-22,"Under
Surveillance","Cases reported from Village Jatgarh, GP"
Odisha,Subarnapur,"Acute
Diarrheal
Disease",13,00,23-07-22,26-07-22,Under Control,"Jatgarh, CHC Komna. Cases presented with loose stools and abdominal pain. 16 rectal swabs and six water samples were collected and sent to RMRC, Bhubaneshwar. Of these, 10 rectal swab samples were found positive for Vibrio cholera and four water samples were found not suitable for potable purpose. The deceased case was a 45 years old female. District RRT investigated the outbreak. Halogen tablets and ORS sachets were distributed. Health education was given on the importance of personal hygiene and intake of safe drinking water. Cases reported from PHC Digsira, CHC"
Odisha,Subarnapur,"Acute
Diarrheal
Disease",51,01,22-07-22,26-07-22,Under Control,"Dunguripalli, District Subarnapur. Cases presented with loose stools and abdominal pain. Four water samples were collected and sent to DPHL, Subarnapur and all were found not suitable for potable purpose. District RRT investigated the outbreak. Halogen tablets and ORS sachets were distributed. Health education was given on the importance of personal hygiene and intake of safe drinking water. Cases reported from Village Suryamunda, SC Naktikana, CHC Tarva, CHC Tarva, District Subarnapur. Cases presented with loose stools and abdominal pain. Two rectal swabs and 10 water samples were collected and sent to DPHL, Subarnapur. All the rectal swabs showed no Enteropathogenic organisms and all the water samples were found not suitable for potable purpose. The deceased case was a 35 years old. District RRT investigated the outbreak. Halogen tablets and ORS sachets were distributed. Health education was given on the importance of personal hygiene and intake of safe drinking water."
Tamil Nadu,Nagapatinam,"Food
Poisoning",24,00,28-07-22,02-08-22,Under Control,"Cases reported from Village Urban, HSC"
"Uttar
Pradesh",Fatehpur,Dengue,09,00,28-07-22,28-07-22,Under Control,"Vedaraniyam, PHC Urpan-Vedaraniyam, Block Vedaraniyam, District Nagapatinam. Cases presented with vomiting and loose stools after consumption of wheat porridge. One food sample was sent to DPHL, Nagapattinam and showed no Enteropathogenic organism. District RRT investigated the outbreak. All cases were given symptomatic treatment. ORS sachets were distributed. Health education was given on the importance of safe drinking water, food hygiene, hand washing and sanitation. Cases reported from Village Mugariyapur, PS-"
"Uttar
Pradesh",Kaushambi,"Acute
Diarrheal
Disease",12,00,28-07-22,28-07-22,Under Control,"Khaga, Block-Vijaipur. Cases presented with fever, headache, generalized body ache and rashes. Nine blood samples were sent to KGMU, Lucknow. Of these, one was found positive for Dengue by IgM ELISA. District RRT investigated the outbreak. Fever survey of the area was done. Fogging and spraying was done. Breeding sources were eliminated. Health education was given regarding the importance of vector control measures. Cases reported from village Jathi, CHC kanaili, Subdistrict Manjhanpur, District Kaushambi. Cases presented with loose stools and abdominal pain. District RRT investigated the outbreak. Halogen tablets, ORS sachets and zinc tablets were distributed. Health education was given on the importance of personal hygiene and intake of safe drinking water."
Chhattisgarh,Mahasamund,Malaria,09,01,20-07-22,,"Under
Control","Cases reported from Village Ramsagar, Sub-Center-Raitum,
PHC-Patewa, CHC –Tumgaon District Mahasamund. Cases
presented with fever and bodyache. 80 blood samples were
sent to PHC Patewa and nine were found positive for
Plasmodium falciparum by RDT. The deceased case was a
62 years old female. District RRT investigated the outbreak.
Survey of the area was done. Fogging and spraying was
done. Breeding sources were eliminated. Local malaria
screening centre was established. Health education was
given regarding the importance of vector control measures."
Jharkhand,Jamtara,Chickenpox,06,00,20-07-22,,"Under
Control","Cases reported from Tetuliyatar, HSC Madnadih,
Narayanpur, District Jamtara. Cases presented with fever
and vesicular rashes. Six blood samples were sent to RIMS,
Ranchi and all of them were found positive for Varicella
Zoster Virus by IgM ELISA. District RRT investigated the
outbreak. Cases were isolated. Frequent changes of bedding
and personal belongings, adequate diet and plenty of fluids
were emphasized upon. Vitamin A Prophylaxis was given.
Health education was imparted regarding importance of
personal hygiene."
Punjab,S.A.S Nagar,"Acute
Diarrheal
Disease",90,00,16-07-22,,"Under
Control","Cases reported from Ranjit Nagar, Block Kharar, District
SAS Nagar. Cases presented with loose stools and
abdominal pain. One stool sample and two blood samples
were sent to DPHL, SAS Nagar. Five water samples were
sent to State Public Health Lab. The stool sample showed
growth of normal flora and the blood samples were found
non-reactive for Hepatitis A and E. Out of five water
samples, four were found not suitable for potable purpose.
District RRT investigated the outbreak. Halogen tablets and
ORS sachets were distributed. Health education was given
on the importance of personal hygiene and intake of safe
drinking water."
Rajasthan,Pratapgarh,Dengue,11,00,16-07-22,,"Under
Control","Cases reported from Village-Sakthal, SC- Kachotiya, PHC-
Suhagpura, Block-Pipalkhunt, District Pratapgarh. Cases
presented with fever and generalized body ache. 23 blood
samples were sent for lab analysis to RNT Medical College,
Udaipur and out of them, 11 blood samples were found
positive for Dengue by IgM ELISA. District RRT
investigated the outbreak. Survey of the area was done.
Fogging and spraying was done. Breeding sources were
eliminated. Local fever camp was established. Health
education was given regarding the importance of vector
control measures."
Chhattisgarh,Janjgir - Champa,"Acute
Diarrheal
Disease",16,0,30-07-22,01-08-22,Under Control,"Cases reported from Sakarra village, Block"
Karnataka,Ballari,Cholera,147,00,05-08-22,05-08-22,Under Control,"Malkharouda, District Janjgir-Champa. Cases presented with loose stools and abdominal pain. District RRT investigated the outbreak. House to house active case finding was done. Halogen tablets and ORS sachets were distributed. Health education was given on the importance of personal hygiene and intake of safe drinking water. Cases reported from Malapur Village, Bandri"
Karnataka,Dharwad,"Acute
Diarrheal
Disease",17,00,03-08-22,04-08-22,Under Control,"PHC, Sandur Taluk. Cases presented with fever, loose stools and vomiting. Five stool samples were sent to VIMS Ballari. Seven water, 15 blood and four stool samples were sent to DPHL, Ballari for culture and sensitivity. Of these, two were found positive for Vibrio cholerae. Out of the water samples, three were found not suitable for potable purpose. None of the blood samples showed growth of any pathogenic organism. District RRT investigated the outbreak. House to house survey was done. Halogen tablets and ORS sachets were distributed in the affected houses. Health education was given regarding the importance of safe drinking water, hand washing practices and sanitation measures. Cases reported from Taluk Dharwad, District Dharwad. Cases presented with vomiting, loose stools and abdominal pain. Three water samples were sent for lab analysis and were found not suitable for potable purpose. District RRT investigated the outbreak. House to house survey was done. Halogen tablets and ORS sachets were distributed in the affected houses. Health education was given regarding the importance of safe drinking water, consumption of fresh and hot food, hand washing practices and sanitation measures."
Karnataka,Hassan,"Acute
Diarrheal
Disease",25,0,25-07-22,04-08-22,Under Control,Cases reported from Kittur Rani Chennamma
Karnataka,Mysuru,"Pyrexia of
Unknown
Origin",25,00,02-08-22,03-08-22,Under Control,"Girls Hostel, Alur Taluka, District Hassan. Cases presented with vomiting and abdominal pain following consumption of non-vegetarian dish that was prepared in the hostel. District RRT investigated the outbreak. Health education was given on the importance of personal hygiene and intake of safe drinking water with special emphasis on hygiene of food handlers and food handling techniques. Cases reported from Govt Rehabiliation Center"
Maharashtra,Akola,"Malaria and
Dengue",4,0,01-08-22,01-08-22,Under Control,"Jyothinagar, Jalapuri PHC, Mysuru Urban. Cases presented with fever, cold and cough. Most of the cases were males who belonged to the age group of 41-60 years. 20 blood samples were sent to VRDL, MMCRI, Mysuru and two samples were sent to DSL, Mysuru. All of them were found negative for COVID-19 and Dengue. District RRT investigated the outbreak. House to house fever survey was done in the area. Health education was given. Cases reported from Village Masa, SC Babhulgaon, PHC Palso, District Akola. Cases presented with fever with chills and bodyache. 27 blood smears were collected and sent to GMC Akola. Out of these, four were found positive for Plasmodium vivax. Five blood samples were sent to GMC Akola and of these, one was found positive for Dengue by IgM ELISA. District RRT investigated the outbreak. House to House surveillance activity was done. Health education was given regarding the importance of vector control measures."
Mizoram,Aizawl West,Measles,20,00,02-08-22,03-08-22,"Under
Surveillance","Cases reported from Village Melthum, UPHC"
Odisha,Nabarangpur,"Food
Poisoning",122,00,31-07-22,01-08-22,Under Control,"Hilmen, Block Tlangnuam. Cases presented with fever with rashes. Five samples were sent to Guwahati Medical College, Assam. Of these, three samples were found positive for Measles by IgM ELISA. District RRT investigated the outbreak. Cases were isolated. Frequent changes of bedding and personal belongings done, adequate diet and plenty of fluids were emphasized. Vitamin A Prophylaxis was given. Health education was imparted regarding importance of personal hygiene. Cases reported from Village Jamarunda UV 13"
Odisha,Nabarangpur,Cholera,10,00,31-07-22,04-08-22,Under Control,"and Podeiguda, SC Tilondi, PHC Badabharandi, Block Umerkote, District Nabarangpur. Cases presented with vomiting and loose stools. Two rectal and two water samples were sent to DPHL Nabarangapur. Of these, one stool sample showed presence of Salmonella typhi and one water sample was found not suitable for potable purpose. District RRT investigated the outbreak and house to house survey was conducted. All cases were given symptomatic treatment. Health education was given on the importance of safe drinking water, food hygiene and sanitation. Cases reported from Village Tulsipadar, SC Gadabakatra, PHC Maidalpur, Block Papadahandi. Cases presented with loose stools. Three rectal swabs and three water samples were sent to DPHL, Nabarangpur. Of the three rectal swab samples, two were found positive for Vibrio cholerae and one water sample was found unsafe for drinking water. District RRT investigated the outbreak. House to house survey was done. Halogen tablets and ORS sachets were distributed in the affected houses. Health education was given regarding the importance of safe drinking water, consumption of fresh and hot food, hand washing practices and sanitation measures."
Odisha,Nabarangpur,"Food
Poisoning",24,00,30-07-22,31-07-22,Under Control,"Cases reported from Village Dhansara, SC"
Punjab,S.A.S Nagar,"Acute
Diarrheal
Disease",121,0,29-07-22,04-08-22,Under Control,"Junapani, PHC Rabanaguda, Block Dabugam. Cases presented with vomiting and loose stools. Seven rectal swabs and four water samples were sent to DPHL, Nabarangpur. Two rectal swab samples showed presence of Shigella and all the water samples were found not suitable for potable purpose. District RRT investigated the outbreak and house to house survey was conducted. All cases were given symptomatic treatment. Health education was given on the importance of safe drinking water, food hygiene and sanitation. Cases reported from Desumajra Colony"
Telangana,Medak,"Acute
Diarrheal
Disease",22,00,01-08-22,02-08-22,Under Control,"Kharar, UPHC Mundi Kharar, District S.A.S Nagar. Cases presented with loose stools. District RRT investigated the outbreak. House to house survey was done. Halogen tablets and ORS sachets were distributed in the affected houses. Health education was given regarding the importance of safe drinking water, consumption of fresh and hot food, hand washing practices and sanitation measures. Cases reported from Village Kallalal, SC Kallkal, PHC Toopran, Block Toopran. Cases presented with loose stools. District RRT investigated the outbreak. Water sample was sent for lab analysis and was found suitable for potable purpose. House to house active case finding was done. Halogen tablets were distributed. Health education was given on the importance of personal hygiene and intake of safe drinking water."
Uttarakhand,Uttar Kashi,Jaundice,28,0,27-07-22,04-08-22,Under Control,"Cases reported from Village Dunda, Block"
"Uttar
Pradesh",Kaushambi,"Acute
Diarrheal
Disease",22,0,01-08-22,02-08-22,Under Control,"Dunda, District Uttar Kashi. Cases presented with jaundice, fever and abdominal pain. 16 blood samples were sent to DPHL, Uttarakashi. All the cases were found negative for Hepatitis A, E and Typhoid (typhi dot). They were not tested for Hepatitis B and C. District RRT investigated the outbreak. House to house active case finding was done. Halogen tablets were distributed. Health education was given on the importance of personal hygiene and intake of safe drinking water. Cases reported from Ward 4,5,6,7,8, Nagar"
"Uttar
Pradesh",Mirzapur,"Acute
Diarrheal
Disease",14,0,07-08-22,07-08-22,Under Control,"Panchayat Chail of Kaushambi. Cases presented with loose stools. Six stool and three water samples were sent to Regional Lab Swasthya Bhawan, Lucknow. None of the stool samples showed growth of Enteropathogenic organism. Out of three water samples, one was found non potable. District RRT investigated the outbreak. House to house active case finding was done. Halogen tablets were distributed. Health education was given on the importance of personal hygiene and intake of safe drinking water. Cases reported from Village Baghi, Block"
"Uttar
Pradesh",Mirzapur,"Acute
Diarrheal
Disease",23,0,05-08-22,05-08-22,Under Control,"Lalganj, District Mirzapur. Cases presented with loose stools. District RRT investigated the outbreak. House to house active case finding was done. Halogen tablets and ORS sachets were distributed. Health education was given on the importance of personal hygiene and intake of safe drinking water. Cases reported from Nadauli village, Block Halia, District Mirzapur. Cases presented with loose stools. District RRT investigated the outbreak. House to house active case finding was done. Halogen tablets and ORS sachets were distributed. Health education was given on the importance of personal hygiene and intake of safe drinking water."
Punjab,S.A.S Nagar,"Hand Foot and
Mouth Disease",9,0,19-07-22,,"Under
Control","Cases reported from private school in phase 7 Mohali,
District S.A.S Nagar. Cases presented with
fever, mouth sores and skin rashes. District RRT
investigated the outbreak. Six swab/blister samples were
sent to PGIMER Chandigarh. All samples were found
positive for HFMD Enterovirus-RNA. All cases were
isolated and treated. Contact tracing of cases was done.
The school was closed temporarily. Health education was
given regarding its preventive measures."
Kerala,Kollam,"Food
Poisoning",08,00,10-08-22,16-08-22,"Under
Surveillance","Cases reported from Kundara, Perinad,
Nandirikkal, Perinad (Al Rishadiya Madrasa,
Nanthrikkal), District Kollam. Cases presented
with vomiting and abdominal pain. Water
samples were collected and sent to DPHL,
Kollam. Result awaited. District RRT
investigated the outbreak and house to house
survey was conducted. All cases were given
symptomatic treatment. Health education was
given on the importance of safe drinking water,
food hygiene and sanitation."
Kerala,Kasaragod,"Acute
Diarrheal
Disease",18,00,06-08-22,08-08-22,"Under
Surveillance","Cases reported from Muliyar, GH Kasaragod,"
Maharashtra,Chandrapur,"Acute
Diarrheal
Disease",37,0,04-08-22,08-08-22,Under Control,"Thalangara Section, Thalangara, District Kasaragod. Cases presented with loose stools and vomiting. Two blood and six stool samples were collected and sent to Microbiology lab of Government Medical College, Kannur. Result awaited. District RRT investigated the outbreak. House to house survey was conducted. All cases were given symptomatic treatment. ORS sachets and halogen tablets were distributed. Super chlorination of water sources was done. Health education was given on the importance of safe drinking water and sanitation. Cases reported from Village Sondo , Subcentre"
Maharashtra,Chandrapur,"Acute
Diarrheal
Disease",5,1,01-08-22,08-08-22,Under Control,"Sondo, PHC Dewada, Rajura Block. Cases presented with loose stools and abdominal pain. District RRT investigated the outbreak. House to house survey was conducted. All cases were given symptomatic treatment. ORS sachets and halogen tablets were distributed. Super chlorination of water sources was done. Health education was given on the importance of safe drinking water and sanitation. Cases reported from Village Siddheshwar, Subcentre Dewada, PHC Dewada, Rajura Block. Cases presented with loose stools and abdominal pain. District RRT investigated the outbreak. House to house survey was conducted. The deceased case was a 72 years old female. All cases were given symptomatic treatment. ORS sachets and halogen tablets were distributed. Super chlorination of water sources was done. Health education was given on the importance of safe drinking water and sanitation."
Punjab,Ludhiana,Measles,6,0,05-08-22,09-08-22,Under Control,"Cases reported from Pakhowal CHC,"
Punjab,Patiala,"Acute
Diarrheal
Disease",110,02,06-08-22,09-08-22,Under Control,"Subdistrict East Ludhiana, District Ludhiana. Cases presented with fever and rashes. Four blood samples were sent for lab analysis. Of these, one was found positive for Measles by IgM ELISA. District RRT investigated the outbreak. Cases were isolated. Frequent changes of bedding and personal belongings, adequate diet and plenty of fluids were emphasized upon. Vitamin A Prophylaxis was given. Health education was imparted regarding importance of personal hygiene. Cases reported from Ward no 40, New"
Uttarakhand,Pauri Garhwal,Dengue,11,00,08-08-22,14-08-22,"Under
Surveillance","Mahindra Colony, near Ghalori Gate, CHC Model Town, UPHC Sullar, District Patiala. Cases presented with loose stools and abdominal pain. Seven water samples were sent for lab investigation at State Public Health Laboratory, Kharar. Of these, six samples were found non potable. District RRT investigated the outbreak. The outbreak was due to contamination of drinking water with sewage water pipeline. The deceased cases were a 2.5 years old female and a 5 years old male. House to house survey was conducted. All cases were given symptomatic treatment. ORS sachets, zinc tablets and halogen tablets were distributed. Super chlorination of water sources was done. Health education was given on the importance of safe drinking water and sanitation. Cases reported from Village Kalyasaud Dhari Devi, Block Khirsu, District Pauri Garhwal. Cases presented with fever and bodyache. 11 blood samples were sent for lab analysis. Out of these, four samples were found positive for Dengue by NS1 antigen. District RRT investigated the outbreak. Survey of the area and fogging was done. Breeding sources were eliminated. Health education was given regarding the importance of vector control measures."
West Bengal,Hooghly,"Food
Poisoning",119,00,10-08-22,10-08-22,"Under
Surveillance","Cases reported from Village Dogachhiya, Ranagachha, GP Sugandhya, Block Polba, District Hooghly. Cases presented with vomiting and loose stools after consumption of Fuchka (street food). Sixteen water, fourteen rectal swabs and sixteen stool samples were collected and sent to NICED. Out of all the rectal swabs and stool samples, eight samples were found positive for Salmonella enterica. District RRT investigated the outbreak and house to house survey was conducted. All cases were given symptomatic treatment. Health education was given on the importance of safe drinking water, food hygiene and sanitation."
"Jammu and
Kashmir",Baramulla,Chickenpox,70,0,29-07-22,,"Under
Control","Cases reported from Village Branwari, Subcentre
Khadniyar, District Baramulla. Cases presented with fever
and rashes. District RRT investigated the outbreak. Cases
were isolated. Frequent changes of bedding and personal
belongings, adequate diet and plenty of fluids were
emphasized upon. Vitamin A Prophylaxis was given. Health
education was imparted regarding importance of personal
hygiene."
West Bengal,Uttar Dinajpur,Measles,38,00,10-07-22,,"Under
Control","Cases reported from Village Bondiramgachh, SC
Bhujagaon, GP Agdimty Khunti, Block Islampur. Cases
presented with fever and rashes. Five blood and three
oropharyngeal samples were sent for lab analysis to
Guwahati Medical College and were found positive for
Measles by IgM ELISA. District RRT investigated the
outbreak. Vitamin A prophylaxis was given to all the
suspected cases. All children were immunized with MCV.
Health education was given."
Assam,Bongaigaon,"Japanese
Encephalitis",2,0,16-08-22,16-08-22,Under Control,Cases reported from Nachanguri village under
Haryana,Yamuna Nagar,"Acute
Diarrheal
Disease",25,00,18-08-22,18-08-22,Under Control,"Manikpur BPHC. Cases complained of fever, Headache & unconsciousness. CSF samples sent to FAAMCH, Barpeta, where they tested JE positive by IgM Elisa on 11-08-22 . Fever surveillance done but no other similar cases found at that area. Larva survey was conducted. Outdoor fogging in the village was done. Health education was given regarding the importance of vector control measures like usage of bed nets. Cases reported from Jammu Colony B, UPHC"
Karnataka,Bagalkote,"Acute
Diarrheal
Disease",111,00,18-08-22,19-08-22,Under control,"Camp, district Yamuna Nagar. Cases presented with loose stools and vomiting. Five water samples collected and sent to DPHL Yamuna Nagar and all tested non-satisfactory for consumption. District RRT investigated the outbreak. All cases were given symptomatic treatment. ORS sachets were distributed. Health education was given on the importance of safe drinking water, food hygiene and sanitation. Cases reported from chikkashellikeri Village, kaladagi PHC, Bagalkote Taluk, Bagalkote District. Cases presented with loose stool and vomiting. Six rectal swab samples and four water samples sent to DPHL Bagalkote out of which three water sample were found unfit for drinking while no enteropathogen was isolated from the rectal swabs. District RRT investigated the outbreak. Health education was given. Temporary clinic was opened in the village. Water was chlorinated. IEC regarding hand washing, hygiene, safe preparation of food was given"
Karnataka,Ballari,"Acute
Diarrheal
Disease",11,01,19-08-22,19-08-22,Under control,"Cases reported from Sushil Nagar Village,"
Karnataka,Raichur,"Food
Poisoning",58,00,17-08-22,17-08-22,Under control,"Taranagar PHC, Sandur Taluk, Ballari District. Cases presented with loose stool and vomiting. Six water samples collected and one stool sample were sent to DPHL Ballari. All water samples found Suitable for Potable Purposes whereas the stool sample did not show any growth. The deceased was a 25 year female. District RRT investigated the outbreak. All cases were given symptomatic treatment. ORS sachets were distributed. Health education was given on the importance of safe drinking water, food hygiene and sanitation. Cases were reported from a higher primary"
Karnataka,Vijayanagara,"Acute
Diarrheal
Disease",79,01,13-08-22,14-08-22,Under control,"school in Ameengad Village, Paman Kallur PHC, Manvi Taluk, Raichur District. Food Poisoning occurred due to consumption of contaminated MidDay Meal food. Cases presented with Vomiting and Abdominal Pain. Two water samples tested at DSL, Raichur and were found fit for drinking. Food samples were sent to FSSAI Kalburgi. Wheat rawa sample found unsafe whereas uppittu, sunflower oil & salt samples were found safe for consumption. District RRT investigated the outbreak. Treatment was given to all the children and food was discarded immediately after the incident. ORS sachets were distributed. Health education was given on the importance of safe drinking water, food hygiene and sanitation. Cases reported from Belligatta PHC, Kudligi Taluka, Vijayanagara District. loose stools. Four Stool samples sent to VIMS Ballari, and by hanging drop method were found negative for Vibrio Cholerae. No Bacterial Pathogen was isolated in stool culture. The deceased was a 5 year female. District RRT investigated the outbreak. Health education was given. Temporary clinic was set up in the area. Chlorination of water was done. IEC regarding drinking of boiled & cooled water consumption of fresh & hot food was imparted."
Odisha,Dhenkanal,"Suspected
Food
Poisoning",11,00,19-08-22,19-08-22,Under Control,Cases reported from SC Sogar School Sogar UP
Odisha,Kalahandi,Cholera,32,00,14-08-22,17-08-22,"Under
Controluj","School under Block Kamakhyanagar, District Dhenkanal. Two water samples were tested at DPHL, Dhenkanal and were found unsafe for drinking. Soya Chunks sample was tested at State Food testing laboratory which found no contamination and adultaration. District RRT investigated the outbreak. All cases were given symptomatic treatment. ORS sachets were distributed. Health education was given on the importance of safe drinking water, food hygiene and sanitation. Cases reported from Village Sandhikuliary &"
Sikkim,West District,Dengue,5,0,29-07-22,18-08-22,Under Control,"Kanhagaon, under SC Kankeri, CHC Parla, District Kalahandi. Cases presented with loose stools. 15 Rectal swab and five water samples tested at DPHL, Kalahandi. Out of 15 rectal swab, two tested positive for Vibro Cholerae and one for Shigella. All the water samples were found unsafe for drinking. District and block RRT investigated the outbreak. Disinfected the water source. Health education was given through community meeting and focus group discussion in the affected community. Cases reported with fever at CHC Soreng. 100 blood samples were tested by rapid NS1 kit at Jorethang CHC, out of which five came positive. District RRT investigated the outbreak. Health education was given along with house to house fever surveillance. Anti- Larval activities and fogging undertaken."
Tamil Nadu,Dindigul,Dengue,20,00,16-08-22,18-08-22,Under control,Cases reported from Village Kottur
Tamil Nadu,Tiruchirappalli,Chickenpox,07,00,12-08-22,15-08-22,Under Control,"Avarampatti-TP Agaram (Ward 12, Ward 15), HSC Ulagampatti, PHC Thadicombu, Block Dindigul, District Dindigul. Cases presented with fever and myalgia. Eight blood smear were sent to Thadicombu PHC of which all tested negative. Eight serum samples sent to Dindigul Medical college where three samples tested positive for dengue by tested NS1 antigen testing. Breeding sources were found. District RRT investigated the outbreak. Health education was given along with house to house fever surveillance. Anti-Larval activities and fogging undertaken. Cases reported from Village/HSC/PHC"
"Uttar
Pradesh",Mirzapur,"Acute
Diarrheal
Disease",22,0,16-08-22,18-08-22,Under Control,"Thennur, Block Tiruchirappalli City Corporation. Seven cases presented with complaints of fever, rashes and itching. District RRT investigated the outbreak. Cases were isolated. Frequent changes of bedding and personal belongings, adequate diet and plenty of fluids were emphasized upon. Vitamin A Prophylaxis was given. Health education was imparted regarding importance of personal hygiene. Cases reported from: Nagar Palika, Jamalpur, Chunar, presenting with symptoms of loose motion. One water sample sent to Regional Lab, Swasthya Bhawan Lucknow and found inappropriate for consumption. House to house survey done. All cases treated symptomatically and all cases recovered same day. Health education given by RRT."
"Uttar
Pradesh",Pratapgarh,"Food
Poisoning",6,0,13-08-22,18-08-22,Under Control,"Cases reported from: Village- Mirpur Sandura & Aamapur Berra, Block-Gaura. Cases presented with vomiting & Pain Abdomen. No sample collected, except OT test of water in which 3 samples found positive (OT test). House to house survey done. All cases treated symptomatically and all cases recovered same day. Health education given by RRT."
Chhattisgarh,Mahasamund,"Acute
Diarrheal
Disease",20,00,24-08-2022,25-08-2022,Under Control,"Cases reported from Village-Bamhani Sub-
Center-Bamhani PHC-Bamhani, CHC –Pithora
Dist:- Mahasamund with symptoms Diarrhea.
Five stool samples and four water samples sent
to Hamar Lab Department of Microbiology
District Hospital Pandri Raipur where four
Stool sample tested positive for Klebsiella Sps
and two water samples tested positive for
Salmonella typhi and E.coli. District RRT
investigated the outbreak. Health education
was given. Water chlorination was done."
Gujarat,Anand,"Acute
Diarrheal
Disease",39,00,25-08-2022,25-08-2022,Under Control,"Cases reported from CHC sojitra, with
complaints of diarrhea and vomiting. Twelve
samples of stool tested negative for cholera,
water sample tested positive for E.coli at civil
hospital, Petlad. District RRT investigated the
outbreak and broken water supply found.
Health education was given. Chlorination done
and leakages repaired."
"Jammu and
Kashmir",Bandipora,Chickenpox,06,00,23-08-2022,23-08-2022,Under Control,"Six cases reported from Village Ajas, Baghat"
Karnataka,Hassan,"Acute
Diarrheal
Disease",21,00,21-08-22,22-08-22,Under control,"Mohalla, Bandipora, presented with fever and rash. Patients were given supportive treatment. District RRT investigated the outbreak. Age group 07-15 was most affected. Health education was given. Cases reported from Dyavalapura Village,"
Karnataka,Uttara Kannada,Leptospirosis,01,01,26-08-22,26-08-22,Under control,"Bovanahalli PHC, Hassan Taluka. 21 Cases presented with vomiting and loose stools. Two stool samples sent to HIMS Hassan Referral lab and three water samples to DSL Hassan. Three water samples were found Suitable for Potable Purposes, whereas no enteric pathogens were found in two stool samples. District RRT investigated the outbreak. Health education was given. IEC activities have been done. Temporary clinic at the village was opened to treat the patients. Cases reported from Kodkani Village, Kumta"
Kerala,Ernakulam,"Food
Poisoning",16,00,21-08-22,23-08-22,Under Control,"Taluka, Uttar Kannada District. Case presented with headache, malaise, giddiness and weakness. One serum sample was sent to DSL Uttar Kannada and was positive for Leptospirosis. The deceased was a 57 year, Male. District RRT investigated the outbreak. Health education was given. Conducted fever survey in the affected area. Cases reported from Ramamangalam, Piravom"
Kerala,Malappuram,"Cutaneous
Leishmaniosis",01,00,23-08-22,29-08-22,"Under
Surveillance","Ward 14, District Ernakulam. Food samples sent to Regional Analytical lab, Kakkanad which tested negative for enteropathogenic organism. Two water samples sent to RPH Lab Ernakulam and were found unsatisfactory for consumption. District RRT investigated the outbreak. Health education was given. Cases reported from SC Kalkkulam, PHC Moothedam, Block Chungathara, District Malappuram. One Biopsy sample collected and sent to Aswini lab Calicut and result positive for cutaneous leishmaniasis. District RRT investigated the outbreak. Health education was given."
Kerala,Thrissur,"Acute
Meningoence
phalitis
(Naegleria
fowleri)",01,01,22-08-22,30-08-22,Under Control,"Case reported from SC Desa, Thrissur"
"Madhya
Pradesh",Indore,"Acute
Diarrheal
Disease",04,02,24-08-2022,25-08-2022,Under Control,"Corporation, CHC/Block Erumapetty, District Thrissur. A 36 year old male reported with fever and headache. CSF sample sent to PGI Chandigarh which tested positive for Nagleria fowleri who later passed away from the illness. District RRT investigated the outbreak. Health education was given. ANM reported that three children and their"
"Madhya
Pradesh",Katni,Scrub Typhus,08,00,23-08-2022,28-08-2022,Under Control,"grandmother from Bai gram sub village of Mhow, Indore, were suffering from fever and diarrhea for two days. Water testing reported as Suitable for Potable Purposes. Two (2.5 year male and 5 year male) out of three children, died in the morning. Blood sample for culture from grandmother and blood and stool samples of children were reported negative for enteropathogenic organism. District RRT conducted field survey, chlorination was done and health education imparted. Cases reported to Ghughra CHC, Pahadi,"
"Madhya
Pradesh",Rajgarh,"Suspected
Swine Flu
(H1N1)",01,01,20-08-2022,26-08-2022,Under Control,"Katni, presented with symptoms like fever, joint pain. Eight blood samples were sent to Nirth Jabalpur, where one tested positive for scrub typhus by IgM ELISA. District RRT team formed and rapid fever survey of complete village was done. Villagers were educated regarding disease and their prevention. Health workers were educated regarding the identification of cases and raising awareness regarding scrub typhus. Case presented with respiratory problems. All contacts were asymptomatic and healthy and kept in observation as protocol. The deceased was a 60 year male. District RRT investigated the outbreak. Health education was given. Contact tracing done, isolation as per protocol."
"Madhya
Pradesh",Sagar,"Acute
Diarrheal
Disease",07,00,25-08-2022,25-08-2022,Under Control,"Seven cases reported from district Sagar, block"
"Madhya
Pradesh",Satna,"Acute
Diarrheal
Disease",35,00,22-08-2022,24-08-2022,Under Control,"Bina, Village Chamari. Cases presented with symptoms of vomiting and loose motion. No samples were collected. Cases recovered. No death reported. District RRT investigated the outbreak. Health education was given. Cases reported from village dilha, block"
"Madhya
Pradesh",Shivpuri,"Acute
Diarrheal
Disease",58,00,23-08-2022,26-08-2022,Under Control,"Mahiar with vomiting and loose stools. 11 stool and four vomitus samples sent to SS Medical College Rewa, All Stool samples were positive for E.COLI. District RRT investigated the outbreak. All publc health measures taken. Health education was given. Case reported village -Maklizara, block-pohri"
Maharashtra,Nashik,Cholera,10,02,24-08-2022,26-08-2022,Under Control,"with symptoms of diarrhea and vomiting. Water sample sent to PGE Department- it was reported as Suitable for Potable Purposes. District RRT investigated the outbreak. All publc health measures taken. Health education was given. Cases reported from Anusayatmaja Matimand Niwasi Vidyala, Block Igatpuri with symptoms of abdominal pain and vomiting. Three stool samples were sent to DPHL, Nashik and all tested positive for Cholera 01. Juber Mohammad Shaikh 10/ male and Harshal Ganesh Bhoir 23/ male were the two deceased. District RRT investigated the outbreak. Emergency Health unit was established at Anusayatmaja Matimand Niwasi Vidyala with Ambulance support for emergency referral of patient to RH. All Sanitary measures were implementated. Health Education regarding drinking of boiled water, hand washing, food hygiene, waste disposal etc was imparted."
Maharashtra,Yavatmal,"Acute
Diarrheal
Disease",12,00,25-08-2022,26-08-2022,Under Control,Cases reported from Villlage Inapur SC
Odisha,Cuttack,"Acute
Diarrheal
Disease",16,00,22-08-22,24-08-22,Under Control,"Savaraon PHC Shembalpimpari dist Yavatmal with loose motion and vomiting. One stool sample tested and found negative for V chloerae (culture) at VNGMC YAVATMAL. Out of four water samples sent, one found non –potable whereas rest three found potable at pusad GSDL. District RRT investigated the outbreak. Health education was given. Cases reported with vomiting, abdominal pain"
Odisha,Cuttack,Hepatitis A,13,00,23-08-22,24-08-22,Under Control,"and loose stools at DREAMS College hostel, under CHC/Block Tangi of Cuttack district. District and block RRT investigated the outbreak. Active surveillance and case management done by block health team. Health education was given to students, teachers and non-teaching staffs of college. Cases reported with loose stools at TRW"
Odisha,Koraput,"Acute
Diarrheal
Disease",07,00,21-08-22,22-08-22,Under Control,"School, Village Biswanahakani, under Tangi CHC/Block, District Cuttack. 29 blood sample and five water samples tested at DPHL, Cuttack where 13 blood samples tested positive for Hepatitis A. Of five water samples, two found not suitable for consumption. District RRT investigated the outbreak. Health education was given students and teachers. Cases reported from Village Bhitardaba, GP/SC Kasandi, under Nandapur Block, Koraput district with loose stools, abdominal pain and vomiting. Four rectal swabs and three water samples tested at DPHL, Koraput which found no enteropathogenic bacteria. Of three water samples, two found unsafe for drinking. District RRT investigated the outbreak. Health education was given through community meeting and focus group discussion."
Odisha,Keonjhar,"Acute
Diarrheal
Disease",43,00,23-08-22,24-08-22,Under Control,Cases reported at Raisuan school Raisuan
Punjab,Hoshiarpur,"Acute
Diarrheal
Disease",13,00,20-08-2022,27-08-2022,Under Control,"(SSD) Govt. High school, under Telkoi CHC/Block, District Keonjhar with vomiting and loose stools. Four water and six rectal swab samples tested at DPHL, Keonjhar which found no enteropathogenic bacteria. Out of four water samples, two found unsatisfactory (not suitable for consumption). District RRT investigated the outbreak. Health education was given through sensitization meeting. 13 cases reported from Phuglana RH, from"
Uttarakhand,Dehradun,"Acute
Diarrheal
Disease",19,00,29-07-2021,24-08-2022,Under Control,"Hoshiarpur district with loose stools and vomiting. Two stool samples tested negative for any enteropathogenic organism. One food sample sent to Food and drug lab, Kharar. District RRT investigated the outbreak. Health education was given. ORS satchet were distributed. Cases were reported from village Khurbura,"
Uttarakhand,Nainital,Measles,06,00,22-08-22,29-08-22,Under Control,"Block Raipur, and district Dehradun with vomiting and loose stools. Water sample from two sites showed presence of Coliform Bacteria whereas stool culture tested negative for any enteropathogenic bacteria. District RRT investigated the outbreak. Health education was given. ORS satchet were distributed. Cases reported from Urban Area Haldwani,"
"Uttar
Pradesh",Chitrakoot,"Acute
Diarrheal
Disease",19,02,22-08-2022,23-08-2022,Under Control,"District Nainital. 15 Blood serum samples collected and result awaited. District RRT investigated the outbreak. Health education was given. Cases reported from village Choolhi, Block Maanikpur with vomiting, fever loose stools and abdominal pain. Six stool and water Samples taken, which showed no growth of Enteropathogenic bacteria. The two deceased were: Sheetal D/O Rajkishor 3yr F and Nirmla D/O Rajkishor 1 yr F. District RRT investigated the outbreak. Health education was given. ORS satchet were distributed."
"Uttar
Pradesh",Mirzapur,"Acute
Diarrheal
Disease",23,00,24-08-2022,27-08-2022,Under Control,"Cases reported from village Geruahi, Block
Patehra with loose motions. Sample not taken.
District RRT investigated the outbreak. Health
education was given. ORS satchet were
distributed."
"Uttar
Pradesh",Mirzapur,"Acute
Diarrheal
Disease",04,02,24-08-2022,24-08-2022,Under Control,"Cases reported from village Pachokhra Khurd,
block Patehra with vomiting and loose motion.
Sample not collected. The two deceased were,
75 year, Female and 55 year, male. District
RRT investigated the outbreak. Health
education was given. ORS satchet were
distributed."
"Uttar
Pradesh",Mirzapur,"Acute
Diarrheal
Disease",15,00,23-08-2022,23-08-2022,Under Control,"Cases reported from village Bahera, Block
Rajgarh with vomiting and loose motions.
Sample not taken. District RRT investigated
the outbreak. Health education was given.
ORS satchet were distributed."
"Uttar
Pradesh",Sonbhadra,Diphtheria,01,00,27-08-2022,28-08-2022,Under Control,"Case reported from village Parsoti, Block
Robertsganj with fever and sore throat. One
throat swab sample was sent. District RRT
investigated the outbreak. Health education
was given."
West Bengal,Howrah,"Acute
Diarrheal
Disease",37,00,28-08-22,28-08-22,"Under
Surveillance","Cases reported from Village Nayachal, GP
Jorgor Uluberia-II District Howrah with
diarrhea, vomiting and fever. Nine water
collected and sent to NICED And two rectal
swab samples collected and sent to
IPGME&R. Result awaited. District RRT
investigated the outbreak. Health education
was given."
Mizoram,Serchhip,"Japanese
Encephalitis",01,01,18-07-2022,,"Under
Control","A case was reported from Thenzawl town, Serchhip district
with symptoms from fever and altered sensorium. Blood
sample was sent to Lalpath Laboratory, Kolkata and tested
positive for Japanese Encephalitis virus by IgM Eliza.
Investigated by RRT and investigation and awareness
session were held by the District. Fogging was done in the
area. No other cases reported."
Punjab,Gurdaspur,"Acute
Diarrheal
Disease",12,00,16-07-2022,,"Under
Control","Cases reported from village Sohal, CHC Naushera Majha
Singh, Gurdaspur district with vomiting, abdominal pain
and loose stools. District RRT investigated the outbreak.
Health education was given. ORS satchet were distributed."
Uttar Pradesh,Chitrakoot,"Acute
Diarrheal
Disease",43,00,27-07-2022,,"Under
Control","43 cases of loose stools, vomiting and pain abdomen
reported from village-Suargadha, Panchayat-Chureh,
Block/Tehsil-Maanikpur. No sample taken. District RRT
investigated the outbreak. Health education was given.
ORS satchet were distributed. ORS satchet were
distributed."
Bihar,Nalanda,Dengue,14,00,01-09-2022,03-09-2022,Under Control,"Cases reported from PHC Rajgir, Subdistrict-"
Karnataka,Koppal,Diphtheria,01,00,02-09-22,03-09-22,Under Control,"Rajgir, District Nalanda Cases presented with fever, headache and myalgia. 14 blood samples were sent for lab analysis and all of them were found positive for Dengue by IgM ELISA. District RRT investigated the outbreak. Survey of the area and fogging was done. Breeding sources were eliminated. Health education was given regarding the importance of vector control measures. Case reported from Vanigeri village, Yalaburga"
Karnataka,Kalaburagi,Dengue,13,00,01-09-22,03-09-22,Under Control,"Taluka, District Koppala. Case presented with fever and sore throat. One throat swab sample was sent to BMCRI Bengaluru and was found positive for Diphtheria by culture. District RRT investigated the outbreak. Health education was given. Contact tracing was done and screened for fever and sore throat. No new suspects were found. Health education was given on the importance of immunization. Cases reported from Morarji Desai Minority Hostel, Filterbed area, Kalaburagi Taluka, Kalaburagi District. Cases presented with fever and generalised body ache. 33 blood samples were sent to DPHL Kalburgi for lab analysis. Of these, 13 were found positive for Dengue by IgM ELISA. District RRT investigated the outbreak. House to house fever survey of the area and fogging was done. Breeding sources were eliminated. Health education was given regarding the importance of vector control measures."
Karnataka,Shivamogga,Diphtheria,01,00,28-08-22,30-08-22,Under Control,"Case reported from Nagappa Keri, Gandhi"
Karnataka,Uttara Kannada,Leptospirosis,01,01,31-08-22,03-09-22,Under Control,"Bazar, KOTE PHC, Shivamogga Taluka, Shivamogga District. Cases presented with fever, cough, sore throat. Patches were present in the oropharynx and tonsils. One throat swab sample was sent to Nanjappa Hospital and Diagnostic Centre, Shivamogga and was found positive for Diphtheria using culture. District RRT investigated the outbreak. Health education was given. Case management was done at Chandragiri Private Hospital, Shivamogga, Contact tracing was done and screened for fever and sore throat. No new suspects were found. Health education was given on the importance of immunization. Case reported from Bisalcoppa Village, SIRSI"
"Madhya
Pradesh",Mandla,"Acute
Diarrheal
Disease",06,00,30-08-2022,30-08-2022,Under Control,"Taluka, Uttara Kannada. Case presented with fever and body pain. One blood sample was sent to Justice K.S. Hegde Charitable Hospital and was found positive for Leptospira by IgM ELISA. The deceased case was a 41 years old male. District RRT investigated the outbreak. House to house fever survey was done in the affected area. Health education was given on the importance of rodent control measures. Cases reported from Village Bahurpani, Subcentre Hathitara, Block Niwas, District Mandla. Cases presented with loose stools. Six rectal swab samples were sent to DPHL Jabalpur and none of the samples showed any enteropathogenic organism. District RRT investigated the outbreak and house to house survey was conducted. All cases were given symptomatic treatment. ORS sachets and halogen tablets were distributed. Health education was given on the importance of safe drinking water and sanitation."
Odisha,Kalahandi,Cholera,17,01,02-09-22,04-09-22,"Under
Surveillance",Cases reported from Village Simelpadar
Odisha,Mayurbhanj,"Acute
Diarrheal
Disease",13,00,01-09-22,05-09-22,"Under
Surveillance","(Kendupada), Rampur block, District Kalahandi. Cases presented with loose stools. Two water and five rectal swab samples were sent to DPHL, Kalahandi. Of the rectal swabs samples, four were found positive for Vibrio cholerae by culture and all the water samples were found safe for potable purpose. District RRT investigated the outbreak. The deceased cases were 62 years old female and 70 years old male. House to house survey was conducted. All cases were given symptomatic treatment. ORS sachets, zinc tablets and halogen tablets were distributed. Super chlorination of water sources was done. Health education was given on the importance of safe drinking water and sanitation. Cases reported from Madhuban, W.No-09, Bhumija Sahi under Baripada Municipality, District Mayurbhanj. Cases presented with loose stools. Three rectal swabs and one water sample were sent to DPHL, Mayurbhanj. None of the samples showed any enteropathogenic organisms. Water sample was found unsafe for drinking. District RRT investigated the outbreak. Disinfection of drinking water sources was done. House to house survey was conducted. All cases were given symptomatic treatment. ORS sachets, zinc tablets and halogen tablets were distributed. Health education was given on the importance of safe drinking water and sanitation."
Uttarakhand,Dehradun,"Suspected
Acute Viral
Hepatitis",05,00,26-08-22,26-08-22,Under Control,Cases reported from Suraj Basti Chander Rd
Uttarakhand,Nainital,"Fever with
Rash",10,00,30-08-2022,30-08-2022,Under Control,"Dalanwala, District Dehradun. Cases presented with yellowish discolouration of eyes, fever, loose stools and vomiting. Four water samples and eight blood samples were sent for lab analysis, DPHL, Dehradun. Result awaited. District RRT investigated the outbreak. Cases were given symptomatic treatment. ORS sachets, zinc and halogen tablets were distributed. Health education was given on the importance of safe drinking water and sanitation. Cases reported from Himalayan Academy"
Uttarakhand,"Udhamsingh
Nagar","Chemical Gas
Poisoning",38,00,31-08-2022,31-08-2022,Under Control,"Ganja, Jyolikot, District Nainital. Cases presented with fever and rashes. 10 blood samples were collected and sent to PHC Jyolikot. Result awaited. District RRT investigated the outbreak. Vitamin A prophylaxis was given to all the suspected cases. Health education was given on the importance of immunisation. Cases reported from Scrap Godown in Azad"
Uttarakhand,"Udhamsingh
Nagar","Fever with
Rash",04,00,29-08-22,31-08-2022,Under Control,"Nagar area, Rudrapur, District U.S.Nagar. Cases presented with breathlessness, nausea and burning sensation in the eyes. An event of Chlorine gas leakage occurred from a cylinder which was stored in the Scrap Godown. District administration, Police department, SDRF, Fire Department and Health Department had taken quick action to mitigate the event. District RRT investigated the outbreak and closely monitored the situation along with local health unit. Cases were given symptomatic treatment at District JLN Hospital. Cases reported from Rudrapur Kheda, District Udham Singh Nagar. Cases presented with fever and rashes. One blood sample was sent for lab analysis and was found negative. District RRT investigated the outbreak. All cases were between 2-8 years old. House to house survey was done. Vitamin A prophylaxis was given to all the suspected cases. Health education was given on the importance of immunisation."
"Uttar
Pradesh",Ghaziabad,"Food
Poisoning",29,00,01-09-2022,03-09-2022,Under Control,"Cases reported from Kasba road, Muradnagar,"
"Uttar
Pradesh",Mirzapur,"Acute
Diarrheal
Disease",04,02,30-08-2022,31-08-2022,Under Control,"Sub district Modinagar, District Ghaziabad. Cases presented with vomiting and abdominal pain after consumption of meal in the hostel. District RRT investigated the outbreak. Eight water samples were sent for lab analysis. Of these, two samples showed presence of E.coli and hence found unfit for drinking. All cases were given symptomatic treatment. Health education was given on the importance of safe drinking water, food hygiene and sanitation. Cases reported from Village Barbakpur, Block"
"Uttar
Pradesh",Mirzapur,"Acute
Diarrheal
Disease",09,00,31-08-2022,31-08-2022,Under Control,"Chunar, District Mirzapur. Cases presented with loose stools and vomiting. District RRT investigated the outbreak. The deceased cases were 1.7 months and 2.5 years old males. All cases were given symptomatic treatment. ORS sachets, zinc and halogen tablets were distributed. Super chlorination of water sources was done. Health education was given on the importance of safe drinking water and sanitation. Cases reported from Dherhi, Subdistrict"
"Uttar
Pradesh",Mirzapur,Dengue,04,00,20-08-2022,30-08-2022,Under Control,"Lalganj, District Mirzapur. Cases presented with loose stools and vomiting. District RRT investigated the outbreak. All cases were given symptomatic treatment. ORS sachets, zinc and halogen tablets were distributed. Super chlorination of water sources was done. Health education was given on the importance of safe drinking water and sanitation. Cases reported from Surakhapuram Colony, Chandradeepa, District Mirzapur. Cases presented with fever, rashes and bodyache. Seven blood samples were sent to IMS BHU Varanasi. Of these, four samples were found positive for Dengue by IgM ELISA. District RRT investigated the outbreak. Survey of the area and fogging was done. Breeding sources were eliminated. Health education was given regarding the importance of vector control measures."
"Uttar
Pradesh",Sitapur,Malaria,205,00,27-08-2022,30-08-2022,Under Control,"Cases reported from Village Narhi and Devipur,"
"Uttar
Pradesh",Sonbhadra,"Acute
Diarrheal
Disease",13,00,27-08-2022,01-09-2022,Under Control,"Khairabad, Sitapur. Cases presented with fever and bodyache. 205 blood samples were sent for lab analysis and of these, five samples were found positive for Plasmodium vivax by Rapid diagnostic kit. District RRT investigated the outbreak. Survey of the area and fogging was done. Breeding sources were eliminated. Health education was given regarding the importance of vector control measures. Cases reported from Khaliyari, Madhupur, Subdistrict Robertsganj, District Sonbhadra. Cases presented with loose watery stools. District RRT investigated the outbreak. All cases were given symptomatic treatment. ORS sachets, zinc and halogen tablets were distributed. Super chlorination of water sources was done. Health education was given on the importance of safe drinking water and sanitation. District RRT investigated the outbreak."
Maharashtra,Ahmednagar,Dengue,03,00,17-08-2022,,"Under
Control","Cases reported from Vitha TR, Sub-district Akola, District
Ahmednagar. Cases presented with fever and bodyache.
Three blood samples were sent for lab analysis to Sentinel
Centre, Ahmednagar and all of them were found positive for
Dengue by IgM ELISA. District RRT investigated the
outbreak. Survey of the area and fogging was done.
Breeding sources were eliminated. Health education was
given regarding the importance of vector control measures."
Maharashtra,Ahmednagar,"Dengue &
Chikungunya",04,00,19-08-2022,,"Under
Control","Cases reported from Baradgaon Sudrik, Sub- district Karjat,
District Ahmednagar. Cases presented with bodyache and
fever. Four blood samples were sent for lab analysis. Of
these, one sample was found positive for Dengue by IgM
ELISA and three were found positive for Chikungunya by
IgM ELISA. District RRT investigated the outbreak. Survey
of the area and fogging was done. Breeding sources were
eliminated. Health education was given regarding the
importance of vector control measures."
Uttarakhand,Nainital,Measles,06,00,24-08-2022,,"Under
Control","Cases reported from UPHC Banboolpura, Subdistrict
Haldwani, District Nainital. Cases presented with fever with
rashes. Two blood samples were sent for lab analysis and
both were found positive for Measles by IgM ELISA.
District RRT investigated the outbreak. All cases were less
than 5 years old. House to house survey was done. Vitamin
A prophylaxis was given to all the suspected cases. Health
education was given on the importance of immunisation."
Bihar,Nalanda,Dengue,10,0,05/09/22,06/09/22,Under Control,"blood samples were sent for lab analysis and all of them were found positive for Dengue by Rapid test kit. District RRT investigated the outbreak. Survey of the area and fogging was done. Breeding sources were eliminated. Health education was given regarding the importance of vector control measures. Cases reported from Village Belsonda, Sub centre Belsonda, PHC Birkoni, CHC Mahasamund, Dist:rict Mahasamund. Cases presented with loose stools. District RRT"
Chhattisgarh,Mahasamund,Diarrheal,29,0,06/09/22,07/09/22,Under Control,"Mahasamund, Dist:rict Mahasamund. Cases presented with loose stools. District RRT investigated the outbreak. All cases were given symptomatic treatment. ORS sachets, zinc tablets and halogen tablets were distributed. Health education was given on the importance of safe drinking water and sanitation. Cases reported from Village Samadhiyala, Subdistrict Mendarda, District Junagadh. Cases presented with vomiting and abdominal pain after consumption of food in the hostel. Cases"
Gujarat,Junagadh,Food Poisoning,47,0,08/09/22,08/09/22,Under Control,"presented with vomiting and abdominal pain after consumption of food in the hostel. Cases were treated symptomatically in the nearest health facility. District RRT investigated the outbreak. Health education was given to the hostel staff on the importance of safe drinking water, food hygiene and sanitation. Cases reported from CHC Sunderbani, Subdistrict Sundarbani, District Rajauri. Cases presented with fever, loose stools and abdominal pain. District RRT investigated the"
Jammu and Kashmir,Rajauri,Diarrheal,25,0,07/09/22,07/09/22,Under Control,"abdominal pain. District RRT investigated the outbreak. All cases were given symptomatic treatment. ORS sachets, zinc tablets and halogen tablets were distributed. Health education was given on the importance of safe drinking water and sanitation. rom Village Srikund, Subcentre HC barharwa. Cases presented nt pain and breathlessness. Seven ere sent to DPHL Sadar ganj and of these, four were itive for Dengue by IgM ELISA."
Jharkhand,Sahebganj,Dengue,7,0,02/09/22,06/09/22,Under Control,"ganj and of these, four were itive for Dengue by IgM ELISA. vestigated the outbreak. Survey fogging was done. Breeding iminated. Health education was the importance of vector from Village-Marsul, Block- rsul, PHC- Mulawa. Cases vomiting, headache and kness. Five food samples were ent Food Laboratory, Nagpur und safe for consumption."
Maharashtra,Yavatmal,Diarrheal,64,0,08/09/22,09/09/22,Under Control,"District RRT investigated the outbreak. ent Food Laboratory, Nagpur und safe for consumption. vestigated the outbreak. common water source was were given symptomatic sachets, zinc tablets and were distributed. Health iven on the importance of safe and sanitation. from SC Merdanuagaon, CHC District Mayurbhanj. Cases loose stools. Three rectal swabs amples were sent for lab t awaited. District RRT e outbreak. Chlorination of"
Odisha,Mayurbhanj,Diarrheal,11,0,10-09-22,13-09-22,Under Control,"t awaited. District RRT e outbreak. Chlorination of urce was done. All cases were ic treatment. ORS sachets, d halogen tablets were alth education was given on the afe drinking water and rom Village Vandandi, apuram and Pappanasam TP, ur. Cases presented with se stools. Two stool samples, les and three water samples b analysis. Of these, water nd to be unfit for potable"
Tamil Nadu,Thanjavur,ing,48,0,09/09/22,09/09/22,Under Control,"b analysis. Of these, water nd to be unfit for potable ropathogenic organisms were amples. District RRT outbreak and house to house cted. All cases were given tment. Health education was ortance of safe drinking water, sanitation. rom TS ST Girls Ashram High Hostel Phiran Gigadda strict Arangal. Three water t for lab analysis. Result t RRT investigated the outbreak"
Telangana,Warangal,ing,33,0,05-09-22,06-09-22,Under Control,"t for lab analysis. Result t RRT investigated the outbreak se survey was conducted. All symptomatic treatment. was given on the importance water, food hygiene and rom Chandreshwar Nagar, ict Dehradun. Cases presented odyache. 36 blood samples Hospital, Rishikesh. Of these, were found positive for"
Uttarakhand,Dehradun,Dengue,23,0,05-09-22,,Under Control,"Dengue by IgM ELISA. District RRT Hospital, Rishikesh. Of these, were found positive for ISA. District RRT outbreak. Survey of the area done. Breeding sources were th education was given portance of vector control rom Shankarpuri, Roorkee, presented with fever, sore and joint pain. 100 blood t to Sentinel Site Civil e, of these 74 samples were All of them were found positive"
Uttarakhand,Haridwar,Dengue,110,0,05-09-22,05-09-22,Under Surveillance,"e, of these 74 samples were All of them were found positive M ELISA. District RRT outbreak. Survey of the area done. Breeding sources were th education was given portance of vector control rom Village Adalpur Sandhoo, strict Amroha. Cases omiting and loose stools. was sent for lab analysis and were found. District RRT"
Uttar Pradesh,Amroha,ng,39,0,06/09/22,08/09/22,Under Control,"was sent for lab analysis and were found. District RRT outbreak and house to house cted. All cases were given tment. Health education was ortance of safe drinking water, sanitation. rom Village Gadwa (Purwa Rajgarh, District Mirzapur. with loose stools. District RRT outbreak. The deceased case"
Uttar Pradesh,Mirzapur,Diarrheal,3,1,10/09/22,10/09/22,Under Control,"was 40 years old male. All cases were given outbreak. The deceased case male. All cases were given tment. ORS sachets, zinc gen tablets were distributed. was given on the importance water and sanitation. t s Cases reported from CHC Valayam, FHC Chekkiad, District Kozhikode. Cases presented with vomiting and abdominal pain. Two water samples were sent for lab analysis and both were found unfit for potable purpose."
Kerala,Kozhikode,Food Poisoning,18,0,29-08-22,,Under Surveillance,"abdominal pain. Two water samples were sent for lab analysis and both were found unfit for potable purpose. ance District RRT investigated the outbreak and house to house survey was conducted. All cases were given symptomatic treatment. Health education was given on the importance of safe drinking water, food hygiene and sanitation. w.gov.in/"
Assam,Goalpara,Diarrheal,4,0,16-09-22,16-09-22,Under Control,"Model hospital/ Agia BPHC with vomiting and loose motions. District RRT Deployed, Treatment Given, Health education was given regarding cleanliness and hygiene. ORS satchet were distributed. Cases with acute diarrhea and vomiting reported by local community leader at PHC Ajarpura. Two water samples sent for"
Gujarat,Anand,Diarrheal,10,0,11-09-22,15-09-22,Under Control,"reported by local community leader at PHC Ajarpura. Two water samples sent for microbiological examination at petlad civil hospital where one was found positive for E.coli. Daily survey, chlorination and water pipeline leakage repair and survey done. Cases reported from Village Meoli Khurd & Rehna, Rithoda, PHC Bai Nuh, District Nuh with fever and rash. Ten blood & throat samples collected and sent to Maharishi"
Haryana,Nuh,Measles,30,0,08-08-22,16-09-22,Under Surveillance,"with fever and rash. Ten blood & throat samples collected and sent to Maharishi Valmiki Infection Hospital (MVID) Delhi out of which four samples tested positive. District RRT investigated the outbreak. Health education was given. Cases reported from Village –Faridpur HSc- Faridpur CHC –Barharwa, where approximately 20 people suffered from loose motion and pain abdomen. The villagers"
Jharkhand,Sahebganj,Diarrheal,20,0,10-09-22,13-09-22,Under Control,"approximately 20 people suffered from loose motion and pain abdomen. The villagers consumed drinking water from an unprotected well. District RRT investigated the outbreak. Door to door survey done, health camp organized. Symptomatic treatment given. es reported from Mandeval Village, argi Taluka, Kalburgi District with ptoms of vomiting and loose stools. Five ol samples sent to DPHL Kalburgi which wed no growth in stool culture test and out 21 water samples collected 9 were found to"
Karnataka,Kalaburagi,Acute Gastroenteri,67,0,10-09-22,12-09-22,Under control,"be non-potable. District RRT investigated the wed no growth in stool culture test and out 21 water samples collected 9 were found to non-potable. District RRT investigated the break. Health education was given. ventive and control measures such as reness creation of personal hygiene and nking of boiled and cooled water, tribution of Halogen tablets, house to house ive case finding was done. es reported from Ambrarahalli village, dur village, Mandya. On 16.09.2022, 29 es identified in govt higher primary school h vomiting. Three water samples sent to L Mandya where one sample was found suitable for potable purposes. Samples of"
Karnataka,Mandya,Food Poisoning,29,0,16-09-22,17-09-22,Under control,"L Mandya where one sample was found suitable for potable purposes. Samples of e and sambar sent to PHI bangalore and it found satisfactory. District RRT estigated the outbreak. All cases treated in S Mandya. IEC activities regarding ease and hygiene is given to students,staff those who prepare food. e reported from Belambar village, Belse , Ankola Taluka, District Uttar Kannada. sented with fever with chills from 08-09- 2. One serum sample sent to DSL (Uttar nada) and it tested positive for"
Karnataka,Uttara Kannada,Leptospirosis,1,1,12-09-22,15-09-22,Under control,"2. One serum sample sent to DSL (Uttar nada) and it tested positive for tospirosis by IgM antibody. The deceased 35 year old female. District RRT estigated the outbreak. Health education given. Fever survey was conducted in the ected area. reported from Apsarakonda village, var Taluka, District Uttar Kannada. presented with fever for ten days. One sample sent to DPHL (Dakshin da) and it tested IgM positive for"
Karnataka,Uttara Kannada,Leptospirosi,1,1,14-09-22,,Case Honna serum ontrol Kanna lepto femal Healt fever drink 12 Ca Segao,sample sent to DPHL (Dakshin da) and it tested IgM positive for spirosis. The deceased was a 38 year old e. District RRT investigated the outbreak. h education was given. House to house survey conducted. Super chlorination of ing water source has been done. ses reported from Village Segaon Block n District Khargone. Cases presented vomiting and diarrhoea after eating food Shraddh program. A total of 8 food es were collected and sent to State food
Madhya Pradesh,Khargone,Food Poisoning,12,0,11-09-22,13-09-22,Under Control,"laboratory Bhopal for the test of food Shraddh program. A total of 8 food es were collected and sent to State food atory Bhopal for the test of food eration. District RRT investigated the eak. Four male and eight female from 4 to ars of age were affected. District RRT tigated the outbreak. Health education iven. reported from Village/PHC ancode, SC Puzhakkara, Block cherry, District Malappuram with"
Kerala,Malappuram,Food Poisoning,15,0,11-09-22,20-09-22,abdominal pain and vomiting. One water,"ancode, SC Puzhakkara, Block cherry, District Malappuram with inal pain and vomiting. One water e was found positive for coliforms. ict RRT investigated the outbreak. Health tion was given. ses reported from, Village- Dihiya, – Govindgarh, District Rewa with oms of diarrhea. Four stool sample cted and sent to district public health lab - where all samples tested negative for"
Madhya Pradesh,Rewa,Diarrheal,30,0,07-09-22,12-09-22,Under Control,cted and sent to district public health lab - where all samples tested negative for opathogenic organisms. Water sample cted by PHE department which was found suitable for potable purposes. District nvestigated the outbreak. Health tion was given. orted from TSST Girls Ashram High Phairangigadda & Warddhannapet pain abdomen. Symptomatic
Telangana,Warangal,Diarrheal,33,0,05-09-22,12-09-22,Under Control,"treatment given. Investigated by RRT Team. Phairangigadda & Warddhannapet pain abdomen. Symptomatic given. Investigated by RRT Team. ucation also given to affected area through IEC regarding food safety and hygiene. reported from vill Patala, Block i, District Rudraprayag. A total of and 01 Water samples collected and PHL Rudraprayag. No pathogen"
Uttarakhand,Rudra Prayag,Diarrheal,12,0,08-09-22,12-09-22,Under Control,"detected in blood and water samples. District and 01 Water samples collected and PHL Rudraprayag. No pathogen in blood and water samples. District tigated the outbreak. Symptomatic of all cases, chlorine tablets ed and Health education and conducted ported from: Pathror (Karwar Basti), garh sented with symptoms: Loose stool"
Uttar Pradesh,Chandauli,Diarrheal,13,0,07-09-22,12-09-22,Under Control,"samples: 3 water & 7 rectal swab samples sented with symptoms: Loose stool 3 water & 7 rectal swab samples water samples found inappropriate, 06 abs negative for Cholera, while 1 terile. rted from Sandi Road, Nagar Hardoi, presented with symptoms of roat pain. Case reported from KGMU,"
Uttar Pradesh,Hardoi,Diphtheria,4,4,13-09-22,15-09-22,Under Control,"Hardoi, presented with symptoms of roat pain. Case reported from KGMU, hrough WHO. The four deceased ear old male, 7 year female. 4 year e. 7 year old female. presented with Diarrohea from Block Mainpur, ainpurkala ,Mahuapara. 11 person affected after ming Nonvegetarian food. District RRT"
Chhattisgarh,Gariyaband,Diarrheal,11,0,09-09-22,,Under Control,"investigated the outbreak. Block Surveillance Team ming Nonvegetarian food. District RRT tigated the outbreak. Block Surveillance Team ed affected area. Health education was given ding cleanliness and hygiene. All Are Cured and tion Is Under Control. reported from CHC –Khairagarh PHC-Atariya, nted with vomiting and diarrhea. District RRT"
Chhattisgarh,Rajnandgaon,Diarrheal,11,0,08-09-22,,Under Control,"investigated the outbreak. Door to door survey done, nted with vomiting and diarrhea. District RRT tigated the outbreak. Door to door survey done, h camp organized. Health education was .Symptomatic treatment given. reported from CHC-Mohla, PHC-Gotatola,"
Chhattisgarh,Rajnandgaon,Diarrheal,22,0,02-09-22,,Under Control,"nted with vomiting and diarrhea. District RRT tigated the outbreak. Door to door survey done, h camp organized. Health education was given ding cleanliness and hygiene. Symptomatic ment given. ORS satchet were distributed. reported from Village Mohammadpur, PHC wan, District Nuh with fever and rash. 15 blood & t samples collected and sent to Maharishi Valmiki"
Haryana,Nuh,Measles,19,0,22-08-22,,Under Surveillance,"wan, District Nuh with fever and rash. 15 blood & t samples collected and sent to Maharishi Valmiki tion Hospital (MVID) Delhi, where four samples d positive. District RRT investigated the outbreak. h education was given. reported from Village/SC Sakras, PHC Firozpur a, District Nuh. 10 blood & throat samples collected"
Haryana,Nuh,Measles,5,0,09-09-22,,Under Surveillance,"and sent to Maharishi Valmiki Infection Hospital reported from Village/SC Sakras, PHC Firozpur a, District Nuh. 10 blood & throat samples collected ent to Maharishi Valmiki Infection Hospital ) Delhi, result awaited. District RRT investigated utbreak. Health education was given. Kinigoli village, Kateel PHC, kshin Kannda District with hroat irritation and mild cough. 24 sent to NIV Bengaluru, 3 throat HIMS Hassan. 8 samples tested"
Karnataka,Dakshina In Kannada (,fluenza H3N2),230,0,07-09-22,,Under Active,"sent to NIV Bengaluru, 3 throat HIMS Hassan. 8 samples tested istrict RRT investigated the cation was given. Active fever ried out in school. Sufficient stocks es including Oseltamivir (Tamiflu) ade available at PHC. Valachil Village, Adyar PHC, shin Kannada District, presenting Four throat and Nasopharygneal samples sent to NIV Bengaluru"
Karnataka,Fev Dakshina Kannada (Ent,Rash,11,0,08-09-22,,,"Four throat and Nasopharygneal samples sent to NIV Bengaluru ested positive for entero virus. gated the outbreak. Health education eam has visited the college and r HFMD. Village Kondotty, SC Kaloth, PHC ondotty, District Malappuram with"
Kerala,Malappuram,Food Poisoning,9,0,04-09-22,,Under Surveillance,"vomiting and loose stools. One stool sample collected Village Kondotty, SC Kaloth, PHC ondotty, District Malappuram with tools. One stool sample collected ve. District RRT investigated the cation was given. Sihphir village, Aizwal District. 16 h loose motions, abdominal pain, mples of Soyabean (Fermented &"
Mizoram,Aizawl,Diarrheal,16,0,01-09-22,,Under Control,Raw) sent to Civil Hospital Microbiology Laboratory mples of Soyabean (Fermented & ospital Microbiology Laboratory bacteria found in the samples. rict RRT and symptomatic treatment ion was given. - DH Dausa with symptoms of pain vomiting. Two water sample and lected where water samples sent to ood sample sent to Food Safety &
Rajasthan,Dausa,Diarrheal,115,0,10-05-22,,Under Control,"lected where water samples sent to ood sample sent to Food Safety & and they were all found ak investigated by RRT Team. Health to affected area patients through afety and personal hygiene. Cases reported from BCMO Dausa with pain abdomen, nausea, vomiting. Two water samples sent to PHED lab Dausa and one food sample (Khichadi) sent to CPA lab er Jaipur. Water sample was found satisfactory whereas"
Rajasthan,Dausa,Diarrheal,22,0,07-05-22,,Under Control,Dausa and one food sample (Khichadi) sent to CPA lab er Jaipur. Water sample was found satisfactory whereas trol food sample showed growth of Staphylococci and bacillus spp. Investigated by RRT Team. Health education also given to affected area patients through IEC regarding food safety and personal hygiene. w.mohfw.gov.in/
and Nicobar,South Andaman,Diarrheal,23,0,17-09-22,20-09-22,Under Control,"Stomach Pain and General Weakness. No sample was taken. District RRT investigated the outbreak. Health education was given regarding cleanliness and hygiene. Symptomatic treatment given. ORS satchet were distributed. Cases reported from PHC Rajgir with complaints of fever. The blood samples were tested by rapid diagnostic kit and all tested positive for dengue. All recovered, no deaths"
Bihar,Nalanda,Dengue,39,0,20-09-22,24-09-22,Under Control,"tested by rapid diagnostic kit and all tested positive for dengue. All recovered, no deaths reported. District RRT investigated the outbreak. Health education was given. Anti- larval measures along with fogging were undertaken. Cases reported to Kesariya PHC with loose stools and vomiting. 14 water samples sent to PHED, Purbi Champaran and seven stool samples sent to SKMCH, Muzaffarpur. Seven water samples had presence of Total coliforms above desirable level and had iron in water"
Bihar,Purbi Champaran,Diarrheal,72,0,24-09-22,25-09-22,Under Control,"above desirable level and had iron in water above permissible limit whereas stool sample showed normal microbial flora of GI tract. District RRT investigated the outbreak. Door to door survey done, health camp organized. Health education was given regarding cleanliness and hygiene. Symptomatic treatment given. ORS satchet were distributed. Cases reported from Village- Barekel Khurd Sub-Center- Thakurdiya Khurd PHC- Pithora, CHC-Pithora Dist:-Mahasamund with vomiting and loose motions. District RRT"
Chhattisgarh,Mahasamund,Diarrheal,22,0,20-09-22,23-09-22,Under Control,"CHC-Pithora Dist:-Mahasamund with vomiting and loose motions. District RRT investigated the outbreak. Door to door survey done, health camp organized. Health education was given regarding cleanliness and hygiene. Symptomatic treatment given. ORS satchet were distributed. m village- Ringo-Chingo lock-Narayanpur, Jamtara, ver with rash. Total five mples had been collected Ranchi, Microbiology Lab"
Jharkhand,Jamtara,Measles,4,0,24-08-22,22-09-22,Under Control,"where four persons found positive for Measles. mples had been collected Ranchi, Microbiology Lab s found positive for Measles. stigated the outbreak. Door ne, health camp organized. ment had been given to health education also given to om village Kenjara HSC nto, presented with fever eadache. Blood sample of 94 d with Rapid Diagnostic kits ere found PF positive. ver cases survey was"
Jharkhand,West inghbhum,Malaria,11,0,24-09-22,25-09-22,Under Control,"ere found PF positive. ver cases survey was ontact were done, IEC and d regarding malaria, health ven to the villagers and reporting for prompt ic living habits and sleeping ggested to villagers. om Taluk Hassan, District ing, stomach ache and fever. ee food samples collected Bangalore and all were found"
Karnataka,Hassan,Diarrheal,12,0,22-09-22,22-09-22,Under Control,"suitable for consumption. District RRT ee food samples collected Bangalore and all were found umption. District RRT outbreak. Health education activities regarding disease ven to students, staff and food. om Taluk Chincholi, District ymptoms of Vomiting and stool samples were sent to re both stool samples V. cholera. District RRT"
Karnataka,Kalaburagi,Cholera,7,0,17-09-22,19-09-22,Under Control,"investigated the outbreak. Health education re both stool samples V. cholera. District RRT outbreak. Health education ess creation of personal ing of boiled and cooled on of Halogen tablets, Super chlorination of water from Taluk Kalaburagi, District ith fever and generalised blood samples sent to DPHL"
Karnataka,Kalaburagi,Leptospirosis,7,0,18-09-22,20-09-22,Under Control,"Kalaburgi where one sample tested positive for ith fever and generalised blood samples sent to DPHL re one sample tested positive for IgM District RRT investigated Health education was given. l measures were taken. d from Taluk Jewargi, District th vomiting and loose stools. 14 water samples sent to DPHL ere stool sample showed no s five water samples were found"
Karnataka,Kalaburagi,Diarrheal,12,0,21-09-22,23-09-22,Under Control,"nonpotable. District RRT investigated the ere stool sample showed no s five water samples were found istrict RRT investigated the lth education was given. ation of personal hygiene and oiled and cooled water. of Halogen tablets and ORS was d from Taluk Tumkur, District cute pain abdomen, vomiting & Two water and two stool samples umkur in which normal enteric teria was isolated. District"
Karnataka,Suspec Tumkur Food Poison,ted 16 ing,0,19,20-09-22,,carried out. Cases reporte Tumkur with a loose stools. sent to DPHLT commensal bac RRT investiga education was the disease & all Patients treated at Di Cases present black eschar,"umkur in which normal enteric teria was isolated. District ted the outbreak. Health given. IEC activities regarding personal hygiene was given to & community. All the cases were strict hospital Tumkur. ed with symptoms of fever and to NIRTH, Jabalpur from Village ugan Block Mohgaon. Five sent to AIIMS Bhopal through lpur, All 5 found Negative in"
Madhya Pradesh,Mandla,with h,5,0,23-09-22,23-09-22,Under Control,"IgM Antibody test against Scrub Typhus. sent to AIIMS Bhopal through lpur, All 5 found Negative in test against Scrub Typhus. investigated the outbreak. Case omatically, door to door fever insecticide spray was done inside f houses including bushes, health en and IEC activities done. mptoms of fever and ge Poniya Sec. Poniya lood sample collected l through DPHL Lab le was found positive rientia tsutsugamushi."
Madhya Pradesh,Mandla,,6,0,23-09-22,23-09-22,Under Control,"le was found positive rientia tsutsugamushi. ed the outbreak. Case , Door to Door Fever e Spray has been done ouses including bushes, and IEC activities lage Khodakhudra Sec. h symptoms of loose b collected, and sent to wo water samples HE department of samples were found lera, all cases treated"
Madhya Pradesh,Mandla,Diarrheal,5,0,19-09-22,19-09-22,Under Control,"symptomatically. District RRT investigated the lera, all cases treated ct RRT investigated the rganized, chlorination ORS and chlorine d in the community. and IEC activities l hygiene and hand- onsumption of safe lage- Salaiya, Block – . With loose motions. and sent to DPHL was observed. Water department which deaths were reported,"
Madhya Pradesh,Rewa,Diarrheal,32,2,24-09-22,24-09-22,Under Control,"of 24 year and 7 year old females and cause of deaths were reported, ld females and cause of e acute gastritis. ed the outbreak. Door alth camp organized. ven regarding . Symptomatic tchet were distributed. by Medical Officer, Ordinance l, Jawahar nagar, Sawari, presented with - Fever, & knee joint, sore in mouth, symptoms. Four whole blood ine sample, four Oropharyngeal um and one crust samples sent"
Maharashtra,Bhandara,Mouth,19,0,20-09-22,20-09-22,Under Control,"ine sample, four Oropharyngeal um and one crust samples sent where two patients were for Enterovirus using RTPCR. nducted house to house survey active case surveillance. IEC and to parents regarding hand, foot se. Symptomatic treatment ed. from Village Kolari, Sub BPHC- Aher navargaon, ri with fever, nausea, che etc. Nine samples sent to out of which, three were"
Maharashtra,Chandrapur,Dengue,17,0,19-09-22,24-09-22,Under Control,"positive for Dengue by IgM ELISA. District che etc. Nine samples sent to out of which, three were ngue by IgM ELISA. District conducted fever survey, Anti , container survey, fogging, urvey, contact survey and introduced in local water from Heti Ward, Sub Centre Wasera, Taluka Sindewahi. with fever,nausea,weakness amples sent to PHC Wasera Lab d negative. Haridas Benduji Male, died due to mixed"
Maharashtra,Chandrapur,Malaria,14,1,22-09-22,24-09-22,Under Control,"d negative. Haridas Benduji Male, died due to mixed nfection at Gadchiroli District ict RRT visited and conducted nti Larval activity, container , entomological survey, contact y fish was introduced in local ported from Ashram school, Jaldhara PHC- Jaldhara, Kinwat Block, istrict. Cases Presented with , Generlised weakness etc. 56 Food collected by FDA team, sent to GMC"
Maharashtra,Nanded,Diarrheal,56,0,20-09-22,21-09-22,Under Control,"Nanded, 11 were positive. District RRT , Generlised weakness etc. 56 Food collected by FDA team, sent to GMC 11 were positive. District RRT ated the outbreak. Door to door survey alth camp organized. Health education n regarding cleanliness and hygiene. tic treatment given. ORS satchet tributed. esented with loose stools, fever, g and blood in stools. Median age was 12 years and ranges from 1 to 86 early 60% of the cases were Children years. 54% of the cases were Three stool and three blood samples t to Pasteur Institute Shilling where hia Coli was detected in all three stool blood samples did not detect any organism and was sterile after 7 incubation. Two serum samples were Civil Hospital Shillong which tested"
Meghalaya,East Khasi Hills,Diarrheal,142,0,20-09-22,20-09-22,Under Control,"IgM and IgG Typhidot Negative. Four water incubation. Two serum samples were Civil Hospital Shillong which tested IgG Typhidot Negative. Four water were sent to State Food Testing Lab, Institute Shillong where in all four mples Escherichia coli was , Coliform detected, Presence of s, iron content was slightly higher, of Heavy metals was found to be tory. Overall water quality was found satisfactory. District RRT investigated reak. Awareness campaign relating to hing practices, good sanitary boiling of drinking water was done. tion of drinking water supply was out. ted from Village Bhatisalguda Sahi), Wad no 01 under Municipality, Nabarangpur. 06 ol samples collected and 4 nos. of es were collected and tested at"
Odisha,Nabarangpur,Diarrheal,10,0,19-09-22,22-09-22,Under Control,"DPHL, Nabarangpur. Of those rectal swabs, all ol samples collected and 4 nos. of es were collected and tested at angpur. Of those rectal swabs, all ignificant for organism. 2 nos. of es found unsafe for drinking. T investigated the outbreak. Health as given through community ted from Koviladi & Sukkambar bcenter – Koviladi with fever and n. 11 Water sample and 14 Blood sent to DPHL, Kumbakonam samples were found non potable lood samples were found positive"
Tamil Nadu,Thanjavur,Typhoid,29,0,23-09-22,23-09-22,Under Control,"samples were found non potable lood samples were found positive . District and Block RRT d the outbreak. Vector control were carried out. Health Education head tank cleaning & super n done. Fever Surveillance Symptomatic treatment given. ted from Telangana Minority School. Balagala, Kagaz Nagar. muram Bheem Asifabad. District gated the outbreak. Door to door"
Telangana,A Kumuram Di Bheem Asifabad D,Diarrheal,70,0,19-09-22,22-09-22,Under Control,"muram Bheem Asifabad. District gated the outbreak. Door to door , health camp organized. Health as given regarding cleanliness and mptomatic treatment given. ORS e distributed. nted with fever and rash. Out of 11 ven tested positive for Scrub five positive for leptospirosis from w. Eight followup samples sent ere all tested postive for both typhus and leptospirosis."
Uttar Pradesh,Fatehpur,Scrub yphus,11,0,21-09-22,25-09-22,Under Control,"ere all tested postive for both typhus and leptospirosis. eatment given to all patients and c treatment to their contacts. rol measures were undertaken and bushes around the affected patients ne. Miking & drum beating for as done. Cases reported from: vill-Jagdishpur, Block- Bawan with fever. 31 samples taken out of which one sample tested positive for Malaria (mixed). District and Block RRT investigated"
Uttar Pradesh,Hardoi,Fever,31,0,23-09-22,23-09-22,Under Control,"which one sample tested positive for Malaria (mixed). District and Block RRT investigated ol the outbreak. Vector control activities were carried out. Health Education given. Super chlorination done. Fever Surveillance conducted. Cases reported from: Kastoorbha gandhi vidhyalay, urban Hardoi with abdominal pain and vomiting. District RRT investigated the outbreak. Door to door survey done, health"
Uttar Pradesh,Hardoi,Diarrheal,35,0,18-09-22,19-09-22,Under Control,"outbreak. Door to door survey done, health ol camp organized. Health education was given regarding cleanliness and hygiene. Symptomatic treatment given. ORS satchet were distributed. reported from PHC/Block: Dalgoma SD/ Matia, ri SD/ Lakhipur and Jaypur SHC/ Agia with aints of Fever with Altered Sensorium. One CSF"
Assam,Goalpara,ese alitis,3,0,24-08-22,,Under Control,"ri SD/ Lakhipur and Jaypur SHC/ Agia with aints of Fever with Altered Sensorium. One CSF e tested for IgM ELISA test at DPHL, Civil tal, Goalpara. District RRT Deployed, Fogging in the village. Health education was given. mara ME School under vomiting and abdominal onsumption of Mid-Day Meal n. One tube well water sample llected and send to GMCH on. Water sample showed the 80/100ml, which is"
Assam,Kamrup,Food Poisoning,34,0,14-09-22,,Under Control,"on. Water sample showed the 80/100ml, which is g. Food sample showed heavy flora predominantly r species & Kocuria nvestigated the outbreak. regarding cleanliness and ment given. ORS satchet were e- Sabanpur Under HSC ur, Jamtara with fever and hroat samples had been Ranchi, Microbiology where"
Jharkhand,Jamtara,Measles,3,0,27-08-22,,Under Control,"three persons found positive for Measles. District RRT hroat samples had been Ranchi, Microbiology where ve for Measles. District RRT Door to door survey done, ptomatic treatment had been health education also given to School, PHC Thenkurissi, halmannam, District"
Kerala,Palakkad,Chickenpox,7,0,14-09-22,,Under Surveillance,"Palakkad with fever and rash. District RRT investigated School, PHC Thenkurissi, halmannam, District sh. District RRT investigated tion was given. Cases were g, Nausea, abdominal pain 2, Khatikan Pyau, Ramgarh cases consumed food in a t 80 people. A total 51 cases itted and treated garh and discharged same s and one stool samples were"
Rajasthan,Sikar,Food Poisoning,10,0,10-09-22,,Under Control,"taken and sent to DPHL (IDSP), Sikar. Water, Vomitus garh and discharged same s and one stool samples were SP), Sikar. Water, Vomitus re satisfactory. Four food , Poori, Ladoo) were taken , Jaipur. Microbial examination wed growth of Bacillus species. outbreak. Chlorination survey. Health education d food intake is given. ohfw.gov.in/"
Bihar,Nalanda,Dengue,31,0,26-09-22,27-09-22,Under Control,"of these, two samples were found positive for Dengue by IgM ELISA. District RRT investigated the outbreak. Survey of the area and fogging was done. Breeding sources were eliminated. Health education was given regarding the importance of vector control measures. Cases reported from Village Chediya, CHC Gurur. Cases presented with loose stools. District RRT investigated the outbreak. All cases were given symptomatic treatment. ORS"
Chhattisgarh,Balodabazar,Acute Diarrheal Disease,43,0,29-09-22,30-09-22,Under Control,"District RRT investigated the outbreak. All cases were given symptomatic treatment. ORS sachets, zinc tablets and halogen tablets were distributed. Health education was given on the importance of safe drinking water and sanitation. Cases reported from Village Kukro, Subdistrict Patamda, District East Singhbhum. Cases presented with loose stools. District RRT investigated the outbreak. All cases were given"
Jharkhand,East Singhbum,Acute Diarrheal Disease,15,0,30-09-22,30-09-22,Under Control,"presented with loose stools. District RRT investigated the outbreak. All cases were given symptomatic treatment. ORS sachets, zinc tablets and halogen tablets were distributed. Health education was given on the importance of safe drinking water and sanitation. Cases reported from SC North Aryad, Government UPS Thambalachuvadu ward-8, CHC Chettikad, PHC Mannancheri, District Alappuzha. Cases presented with vomiting and abdominal pain.SOURCE Food samples were"
Kerala,Alappuzha,Food Poisoning,27,0,30-09-22,01-10-22,Under Surveillance,"Alappuzha. Cases presented with vomiting and abdominal pain.SOURCE Food samples were sent for lab analysis. They were found not satisfactory for consumption. District RRT investigated the outbreak. Health education was given on the importance of safe drinking water, food hygiene and sanitation. Kollam Corporation, llam Corporation mam, Kollam), District nted with vomiting and r stool samples were sent"
Kerala,Kollam,,20,0,23-09-22,28-09-22,Under Surveillance,"nted with vomiting and r stool samples were sent these, one sample was Salmonella species. District e outbreak. Health on the importance of safe d hygiene and sanitation. Chavara, Ward 3, arming at ward3), ses presented with loose . Two water samples were"
Kerala,Kollam,,65,0,29-09-22,06-10-22,"sent to DPHL, Kollam. Both the samples were","ses presented with loose . Two water samples were m. Both the samples were nking purpose. District RRT tbreak. Health education portance of safe drinking and sanitation. Muliyar. CHC Muliyar, t Kasaragod. Case es on upper and lower en samples were collected"
Kerala Kas,aragod Monkey Pox,01 00,28,22,,,"iven on the im , food hygiene reported from ovval, Distric nted with rash and face. Sev ent to NIV Pun ound positive District RRT i h education wa ge. Cases pres ing. Four stoo","es on upper and lower en samples were collected e and of these, one sample for Monkey Pox by RT- nvestigated the outbreak. s given. Government Medical ented with loose stools and l samples were sent to e of them showed eropathogenic organism. sent for lab analysis to"
Madhya Pradesh,Indore,Diarrheal,37,0,22-09-22,26-09-22,Under Control,"PHE Department and were found not suitable sent for lab analysis to were found not suitable . District RRT investigated ases were given nt. ORS sachets, zinc tablets were distributed. s given on the importance ter and sanitation. from Gangapur Block and . Cases presented with nausea, bdominal pain.SOURCE 10 ere sent to NIV, Pune and no"
Maharashtra,Aurangabad,od oning,7,0,27-09-22,27-09-22,Under Control,"enteropathogenic organism was isolated from bdominal pain.SOURCE 10 ere sent to NIV, Pune and no ic organism was isolated from RRT investigated the outbreak. on was given on the importance ng water, food hygiene and from Village Ambedkar Nagar guda, District Koraput. Cases fever and bodyache. 17 blood ent to DPHL, Koraput. Of ples were found positive for antigen test. The deceased"
Odisha,Koraput,ected gue,10,4,27-09-22,01-10-22,Under Surveillance,"ples were found positive for antigen test. The deceased and 25 years old females, 14 and ales. District RRT investigated Survey of the area and fogging ding sources were eliminated. on was given regarding the vector control measures. from Village Jandriguda, SC dabharandi, Block Umerkote, angpur. Cases presented with"
Odisha,Nabarangpur,od oning,7,0,27-09-22,28-09-22,Under Control,"vomiting and abdominal pain. District RRT dabharandi, Block Umerkote, angpur. Cases presented with bdominal pain. District RRT he outbreak. Health education he importance of safe drinking giene and sanitation. from Village Ghanghata, Block . Cases presented with loose ct RRT investigated the outbreak. given symptomatic treatment."
Uttar Pradesh,Bahraich,od oning,12,0,25-09-22,26-09-22,Under Control,"ct RRT investigated the outbreak. given symptomatic treatment. inc tablets and halogen tablets ed. Health education was given nce of safe drinking water and Case reported from Village Gidhour, Nanakmata, Sitarganj, District US Nagar. Case presented with headache and giddiness. One er CSF sample was sent for lab analysis to"
Uttarakhand,Udhamsingh Jap Nagar Ence,anese phalitis,1,0,26-09-22,03-10-22,"Government Medical College, Haldwani. It","presented with headache and giddiness. One er CSF sample was sent for lab analysis to Government Medical College, Haldwani. It llance was found positive for Japanese Encephalitis by IgM ELISA. District RRT investigated the outbreak. House to house fever survey was done. Health education was given. Case reported from Nagavalli town, Nagavalli PHC, Taluk Tumkur, District Tumkur. Case presented with headache, giddiness and weakness. One blood sample"
Karnataka,Tumkur,panese ephalitis,1,0,19-09-22,,Under Control,"Taluk Tumkur, District Tumkur. Case presented with headache, giddiness and weakness. One blood sample was sent to NIMHANS Bangalore and was found positive for Japanese Encephalitis by IgM ELISA. District RRT investigated the outbreak. House to house fever survey was done. Health education was given. Cases reported from Cheranellur, PHC Kakkanad, Thrikkarara, District Ernakulam. Cases presented with loose stools. Two water samples were sent to RPH Lab, Ernakulam. No enteropathogenic organisms were detected. They were found safe for drinking purpose."
Kerala,Ernakulam,Hepatitis A,21,0,11-09-22,,Under Surveillance,"Ernakulam. No enteropathogenic organisms were detected. They were found safe for drinking purpose. District RRT investigated the outbreak. All cases were given symptomatic treatment. ORS sachets, zinc tablets and halogen tablets were distributed. Health education was given on the importance of safe drinking water and sanitation. Cases reported from Village Makkaraparambu, SC Pothukundu, PHC Makkaraparambu, Block Mankada, District Malappuram. Cases presented with abdominal pain and loose stools. Five blood samples were sent to PH Lab, Malappuram. All the samples were found"
Kerala,Malappuram,Hepatitis A,17,0,11-09-22,,Under Surveillance,"pain and loose stools. Five blood samples were sent to PH Lab, Malappuram. All the samples were found ance positive for Hepattis A by IgM ELISA. District RRT investigated the outbreak. All cases were given symptomatic treatment. Health education was given on the importance of safe drinking water, food hygiene and sanitation. Cases reported from Village Sirol, Subcentre Kandel, CHC Kesinga. District Kalahandi. Cases presented with loose stools and vomiting. Two rectal swabs and four water samples were sent to DPHL, Kalahandi. Of these, two rectal swabs had isolated Shigella. Water samples"
Odisha,Kalahandi,Diarrheal,48,0,18-09-22,,Under Surveillance,"water samples were sent to DPHL, Kalahandi. Of these, two rectal swabs had isolated Shigella. Water samples ance were found fit for drinking. District RRT investigated the outbreak. All cases were given symptomatic treatment. ORS sachets, zinc tablets and halogen tablets were distributed. Health education was given on the importance of safe drinking water and sanitation Cases reported from Village Kolathur, Subcentre Chinnamettur, District Salem. Cases presented with vomiting, giddiness and headache. Five food samples and two water samples were sent for lab analysis. All the"
Tamil Nadu,Salem,Food Poisoning,13,0,19-09-22,,Under Control,"vomiting, giddiness and headache. Five food samples and two water samples were sent for lab analysis. All the water samples were found fit for drinking purpose. l Results of food samples are awaited. District RRT investigated the outbreak. Health education was given on the importance of safe drinking water, food hygiene and sanitation. ohfw.gov.in/"
Gujarat,Gandhinagar,Food Poisoning,114,0,03-10-22,04-10-22,Under Control,"sent for lab analysis to GMERSG, Gandhi Nagar and were found suitable for drinking purpose using coliform count method by Multiple tube testing. District RRT investigated the outbreak. All cases were given symptomatic treatment. Health education was given on the importance of safe drinking water, food hygiene and sanitation. Case reported from Taluk Aurad, District Bidar. Case presented with fever, localized weakness and hydrophobia. There was a history of dog bite four months ago and was not vaccinated. The case was diagnosed clinically. The deceased case was a 10 years"
Karnataka,Bidar,Rabies,1,1,04-10-22,06-10-22,Under Control,"not vaccinated. The case was diagnosed clinically. The deceased case was a 10 years old male. District RRT investigated the outbreak. For all family members pre-exposure prophylaxis was given. Health education was imparted in the community regarding the importance of post-exposure prophylaxis following a dog bite. Cases reported from Taluk Koppal, District Koppal. Cases presented with fever, joint pain and bodyache. Six blood samples were sent to DPHL, Koppal. Of these, one sample was found positive for Chikungunya by IgM ELISA. District RRT investigated the"
Karnataka,Koppal,Chikungunya,33,0,06-10-22,07-10-22,Under Control,"found positive for Chikungunya by IgM ELISA. District RRT investigated the outbreak. House to house fever survey and fogging was done. Temporary clinics were established and appropriate drugs distributed in the village. Breeding sources were eliminated. Health education was given regarding the importance of vector control measures. d from Dapodi village under tre, Nangaon PHC, District resented with fever and blood samples were sent for lab IV, Pune. Of these, 13 samples sitive for Dengue by IgM"
Maharashtr,a Pune De,20 ngue,1,17,07-10-22,,Cases reporte Dapodi Subcen Pune. Cases p bodyache. 19 analysis to N were found po ELISA. The de female. Distr House to hous done. Breedin Health educat importance of,"IV, Pune. Of these, 13 samples sitive for Dengue by IgM ceased case was a 33 years old ict RRT investigated the outbreak. e fever survey and fogging was g sources were eliminated. ion was given regarding the vector control measures. d from Village Paiksahi (Harijana aghara, CHC Madhapur under ock, District Angul. One rectal e water samples were sent to Rectal swab showed presence ter samples were also found"
Odisha,Angul,Diarrheal,14,0,04-10-22,08-10-22,Under Control,"unsafe for drinking. District RRT investigated Rectal swab showed presence ter samples were also found inking. District RRT investigated and house to house survey was l cases were given symptomatic S sachets and halogen tablets ted. Health education was given ance of safe drinking water and d from Village and Subcentre B. dahandi Block, Nabarangpur rectal swabs and five water sent to DPHL, Nabarangapur. ogenic organism was found in abs. Of the five water samples, amples were found unsafe for"
Odisha,Ac Nabarangpur Dia Di,ute 17 rrheal sease,0,7,09-10-22,,"Maliguda, Nan District. Six samples were No enteropath the rectal sw three water s drinking. Dis outbreak and conducted. Al treatment. OR were distribu on the import sanitation.","abs. Of the five water samples, amples were found unsafe for trict RRT investigated the house to house survey was l cases were given symptomatic S sachets and halogen tablets ted. Health education was given ance of safe drinking water and t s Cases reported from Badegudra, Kawasipara. Cases presented with loose stools. Nine stool samples were sent to Medical college, Jagdalpur. No enteropathogenic organism was isolated. Four water samples were sent to PHE department lab, Raipur. All the water samples were found fit for drinking. The deceased cases were 28 years"
Chhattisgarh,Dantewada,Diarrheal,15,2,15-09-22,,Under Control,"PHE department lab, Raipur. All the water samples were found fit for drinking. The deceased cases were 28 years ol and 50 years old females. District RRT investigated the outbreak and house to house survey was conducted. All cases were given symptomatic treatment. ORS sachets and halogen tablets were distributed. Health education was given on the importance of safe drinking water and sanitation. mohfw.gov.in/"
Gujarat,Dang,Food Poisoning Fever with,102,0,14-10-2022,15-10-2022,Under Control,"with pain abdomen and vomiting. Ten Blood Samples were sent to District Civil Hospital, Alwa lab where all samples were found to be negative for microbial pathogens. District RRT investigated the outbreak. Health education was given. Cases reported from Arki CHC, Khunti with fever and rashes. No samples were collected."
Jharkhand,Khunti,Poisoning Fever with Rash,3,0,15-10-2022,15-10-2022,Under Control,"Cases reported from Arki CHC, Khunti with fever and rashes. No samples were collected. District RRT investigated the outbreak. Health education was given. Symptomatic treatment given to the affected. Case reported from Pesalaparthi and Dasaravaripalli Village, Taluk Bagepalli, District Chikkaballapura. The patient 48 year old female (Pesalaparthi village) and her family (3 members) were all bitten by dog. All were partially vaccinated, after 3 month of bite. The patient got symptoms of Hydrophobia and Airophobia, and was admitted at ED Hospital on 3rd June 2022 from where she was referred"
Karnataka,Chikkaballapura,Rabies,2,2,07-06-22,13-10-22,Under Control,"Airophobia, and was admitted at ED Hospital on 3rd June 2022 from where she was referred to NIMHANS Hospital and died on 7th June 2022. No samples collected, clinically confirmed Rabies. Another 58 year old male and died on 27th Feb 2022 at Home. District RRT investigated the outbreak. Health education was given. The deceased’s family members and people in community were sensitized regarding the preventive measures. Instructed the patient’s family members for complete vaccination. ported from Dodda Gollara Hatti Taluk Kudligi, District Vijayanagar se stools. Five water samples sent to gi of which three were Not Suitable ble Purposes. District RRT visited the"
Karnataka,Ac Vijayanagar Dia Di,ute 4 rrheal sease,3,10,13-10-22,,"Cases re Village, with loo GH Kudli rol for Pota affected village, leakages drink bo and hot Pettamap","gi of which three were Not Suitable ble Purposes. District RRT visited the area. Temporary clinic started in the Grama panchayat repaired pipeline and cleaned overhead tank, IEC to iled and cooled water and to eat fresh food given. ORS distribution done. ported from Aldal and Bonal Village, ura PHC, Taluk Shorapur, District with symptoms of fever, seizures and . Two serum sample sent to Micro lab"
Karnataka,Yadgiri,anese phalitis,2,0,10-10-22,15-10-22,Under Control,"(VDRL) which tested positive for JE by IgM with symptoms of fever, seizures and . Two serum sample sent to Micro lab hich tested positive for JE by IgM istrict RRT investigated the outbreak. ducation was given. House to House rvey done. Instructed to maintain around the houses. Fogging done. ported from Dr. SMCSI MCH am Vellarada, FHC Kunnathukal, Pullenthery, Kunnathukal with loose vomiting & abdominal pain. Food, d Three Stool samples collected and"
Kerala,Trivandrum,Diarrheal,9,0,11-10-22,12-10-22,Under Control,"sent to PH lab Trivandrum where no pathogens vomiting & abdominal pain. Food, d Three Stool samples collected and PH lab Trivandrum where no pathogens lated in stool culture (No parasites & seen), food samples were satisfactory r sample showed presence of s. District RRT investigated the . Health education was given. ported from village Mewasa, SHC District Shajapur with symptoms of a and Vomiting. No sample collected. RRT investigated the outbreak. IEC"
Madhya Pradesh,Shajapur,Diarrheal,24,0,04-10-2022,10-10-2022,Under Control,"a and Vomiting. No sample collected. RRT investigated the outbreak. IEC done in village regarding personal (Hand washing) and prevention of m being contaminated. ed from Village Government Nurse Centre Nagapattinam, k Nagapatiinam. District . One food and one water samples d sent to DPHL Nagapattinam. was contaminated with dead"
Tamil Nadu,Nagapattinam,od Borne Illness,30,0,11-10-22,12-10-22,Under Surveillance,"d sent to DPHL Nagapattinam. was contaminated with dead t showed no growth of Salmonella, d Vibrio Cholera whereas water ound Non-potable. District RRT the outbreak. Health education was fection of premises and cooking hlorination of water sources done. ed from Naveen Hotel, HSC ard 21, PHC Sivagangai UPHC, ngai MPTY, District Sivaganga. d Two water samples collected and Karaikudi, Sivagnaga. All food"
Tamil Nadu,Sivaganga,od Borne Illness,15,0,13-10-22,14-10-22,Under Control,"samples and water samples were found fit for d Two water samples collected and Karaikudi, Sivagnaga. All food water samples were found fit for District RRT investigated the alth education was given. Hygeine mises and cooking area are isinfection of premises and cooking hlorination of water sources done. ported from Murkilanka, Village Gram Panchayat of Kerameri Mandal, Komarumbheem Asifabad with and abdominal pain. 08 families families from the village consumed t after one day of cutting. It has d by the laboratory tests, that the two water samples were potable and the cause for the outbreak may be due to soning as they have consumed pork er one day at RWS lab. The deceased"
Telangana,Kumuram D Bheem Asifabad,Diarrheal,15,2,08-10-2022,13-10-2022,Under Control,"were Sidiam Kannivai 25 years/Female and er one day at RWS lab. The deceased iam Kannivai 25 years/Female and aithu-7years/Male. District RRT ated the outbreak. Health education was edical Camps were conducted and patients with for diarrheal symptoms. House syndromic survey was d. Health Education was given to local hich included hand wash techniques, ess of premises, consumption of the cooked food and to drink chlorinated or ater. All Drinking water sources were ted. ported from Village Penuballi, PHC ar, District Khammam. Eighteen collected and sent to DPHL Lab Found engue) Positive. District RRT"
Telangana,Khammam,Dengue,18,0,12-10-22,15-10-22,Under Control,"collected and sent to DPHL Lab Found engue) Positive. District RRT ated the outbreak. Health education was ewatering done. Anti-Larval and Anti asures were done. Health camp d. Chlorination of water Done. orted from Village Juntupally, Yalal istrict Vikarabad. Five water samples and result awaited. Borewell water f 5 bore wells in village of Juntupally WS (Rural water supply testing lab), borewell water sample was found to able. District RRT investigated the"
Telangana,Vikarabad,Diarrheal,34,0,14-10-22,16-10-22,Under Control,"borewell water sample was found to able. District RRT investigated the Immediately after getting the on water supply through bore wells lternative arrangements for water . Special Sanitation drive was n in all the wards in the village, health on consuming clean water & food n by health teams. orted from Rathora Mohddinpur, alganj with symptoms of loose omiting after taking food and Prasad gious gathering. No sample collected."
Uttar Pradesh,Farrukhabad,Diarrheal,11,0,09-10-2022,14-10-2022,Under Control,"omiting after taking food and Prasad gious gathering. No sample collected. RRT investigated the outbreak. Health was given. Disinfection of premises ng area done. Symptomatic treatment all, all recovered. orted from Laksar, Haridwar with bodyache. 45 serum samples sent to Hospital Haridwar where 40 ere found Positive for Dengue by . District RRT investigated the"
Uttarakhand,Haridwar,Dengue,40,0,11-10-22,17-10-22,outbreak. Health education was given.,"ere found Positive for Dengue by . District RRT investigated the Health education was given. ic treatment provided to all the T conducted fever survey, ogical & entomological surveillance ea. Source reduction, Fogging and IEC . ported from Kedila Village, Bantwal Taluka, Kannda District. A 65 year old man was admitted ate hospital on 08-10-2022 with symptoms of fever, chest pain, breathlessness and pedal oedema. One ample sent to Father Muller Medical College"
Karnataka,Dakshina L Kannada,Leptospirosis,1,1,01-10-22,08-10-2022,Under Control,"chest pain, breathlessness and pedal oedema. One ample sent to Father Muller Medical College l and tested IgM positive for leptospirosis. The expired on 13-10-22. District RRT investigated the k. Health education was given. The deceased’s members and people in community were sensitized ng the preventive measures. Fever Survey was done eported from SC Karukayi, PHC Nehruthophy, GH ha, District Aluppuzha. Eight students in the"
Kerala,Alappuzha,Food Poisoning,8,0,05-10-22,,Under Control,"hostel complained of abdominal pain and diarrhea. eported from SC Karukayi, PHC Nehruthophy, GH ha, District Aluppuzha. Eight students in the complained of abdominal pain and diarrhea. t RRT investigated the outbreak. Health education en. Symptomatic treatment given. eported from Village Kalpakanchery, SC ani, PHC Kalpakanchery, Block Valavannur with nd weakness. Two blood samples sent to PH Lab"
Kerala,Malappuram,Hepatitis A,13,0,28-09-22,,Under Surveillance,"ani, PHC Kalpakanchery, Block Valavannur with nd weakness. Two blood samples sent to PH Lab ram which tested positive for Hepatitis A Ig M District RRT investigated the outbreak. Health on was given. eported from PHC Nadathara, CHC/Block kara, District Thrissur with fatigue and jaundice. rum samples collected out of which three serum"
Kerala,Thrissur,Hepatitis A,13,0,15-09-22,,Under Surveillance,"kara, District Thrissur with fatigue and jaundice. rum samples collected out of which three serum tested positive for Hepatitis A by Ig M ELISA. t RRT investigated the outbreak. Health education en. eported from Village-Narhe, PHC- Khadakwasala, Haweli, District- Pune with fever, general s, bodyache etc. Total 16 Blood Samples were NIV Pune, out of which 04 samples were positive"
Maharashtra,Pune,Dengue,16,0,19-09-2022,,Under Control,"s, bodyache etc. Total 16 Blood Samples were NIV Pune, out of which 04 samples were positive gue by IgM. District RRT investigated the k. Container survey, fogging, IEC done, dry day, a fish etc. measures were taken. Cases reported from vill- Suketi, Block- Bahua with fever and headache. 11 serum samples sent to KGMU, of which er eight tested positive for leptospirosis by IgM. District RRT"
Uttar Pradesh,Fatehpur,Leptospirosis,8,0,25-09-2022,,Under Control,"and headache. 11 serum samples sent to KGMU, of which er eight tested positive for leptospirosis by IgM. District RRT trol investigated the outbreak. Health education was given. The community was sensitized regarding the preventive measures. Fever Survey was done fw.gov.in/"
Delhi,West Delhi,Measles,2,0,20-10-22,20-10-22,Under Control,"Uttar Pradesh 17 days before rash onset. Another 4 yr old, neighbor of first case, with unknown vaccination status and no travel history reported with similar symptoms. Blood samples of both tested IgM positive for measles. Regular follow up of the cases was carried out by DIO & MOIC MCW Khayala. House to House survey was done in the area by ANM and ASHA teams. Vitamin A supplementation was carried out. Cases reported from Village- Nari, CHC - Kisko, Block - Kisko with fever and bodyache. Total 45 serum samples were collected and tested for Dengue IgM ELISA. Two found positive at Microbiology department,"
Jharkhand,Lohardaga,Fever Acute,45,0,15-10-22,17-10-22,Under Control,"tested for Dengue IgM ELISA. Two found positive at Microbiology department, RIMS,Ranchi. District RRT investigated the outbreak. House to house survey done, IEC done & Anti larval activities has been done. DDT spray and house to house survey is done. Cases reported from Pathna subdistrict with loose stools and pain abdomen. No samples collected. District RRT investigated the"
Jharkhand,Sahebganj,Acute Diarrheal Disease,5,0,18-10-22,19-10-22,Under Control Cases reported Kobodur thanda,"loose stools and pain abdomen. No samples collected. District RRT investigated the outbreak. Health education imparted in the community regarding hygiene and sanitation. Symptomatic treatment given from Gothagi village and Village, Taluk Kustagi, l with loose stools and a few had fever. 18 water e stool sample sent to DPHL our water samples were found or potable purposes and stool show any pathogenic bacterial"
Karnataka,Koppal,Diarrheal,50,0,16-10-22,18-10-22,Under Control,"growth. The outbreak was suspected to be or potable purposes and stool show any pathogenic bacterial tbreak was suspected to be gienic surroundings in the ine damage in village, percolation in the drinking water source. nvestigated the outbreak. Health given. Door to Door fever village, IEC activities in the one. Pipelines were repaired and ve was held in the villages. from Kumbidi, PHC Kumbidi, ock Kumbidi, District vomiting and loose stools. Stool ent to State PH Lab where viral s panel was negative by PCR."
Kerala,Palakkad,Diarrheal,131,0,19-10-22,23-10-22,Under Surveillance,"ent to State PH Lab where viral s panel was negative by PCR. was negative by culture. Water ent to IRTC Mundur where liforms detected. District RRT he outbreak. Health education from Ashram school, FHC in Centre Malampuzha, lock Kongad. District samples collected and sent to"
Kerala,Palakkad,Chickenpox,21,0,15-10-22,15-10-22,Under Surveillance,"lock Kongad. District samples collected and sent to where five samples tested hicken pox, VZV PCR tests. nvestigated the outbreak. Health given. ed from Village– Thana, SC- ock-Soegaon, Dist.Aurangabad s of loose-motion and weakness. mples were collected and sent to rangabad for testing. OT Test"
Maharashtra,Aurangabad,Diarrheal,20,0,16-10-22,17-10-22,Under Control,"done at village level. Both water samples were mples were collected and sent to rangabad for testing. OT Test age level. Both water samples were itable for potable purposes. investigated the outbreak. Health has been deployed and through treatment has been given to the ients. ed from Village Wagholi, PHC uka Haveli with fever, headache . 10 Samples were collected for"
Maharashtra,Pune,Dengue,10,0,23-09-22,21-10-22,Under Control,"IgM and sent to NIV Pune, all 10 Samples. uka Haveli with fever, headache . 10 Samples were collected for to NIV Pune, all 10 Samples. visits were done, health survey EC Activities done, fogging was ed from Village Koregaon, Sub aon, PHC – Bagani, Taluka ever, weakness, bodyache etc. tested for dengue IgM and all"
Maharashtra,Sangli,Dengue,12,0,20-10-22,20-10-22,Under Control,"found positive for dengue IgM at PPR Hospital ever, weakness, bodyache etc. tested for dengue IgM and all ve for dengue IgM at PPR Hospital strict RRT visits were conducted. & container survey was done, ry day was done, indoor & ing activity was done. ed from Ramnath Devaria rban) with symptoms of loose ample taken. District RRT"
Uttar Pradesh,Deoria,Diarrheal,48,0,14-10-22,17-10-22,Under Control,"rban) with symptoms of loose ample taken. District RRT the outbreak, health survey EC Activities done, Chlorination ply done. eported from Tummalur village, PHC adu, Nandyal (dist.) with symptoms of vomiting se watery stools. Water samples collected from ected area and sent for analysis to regional lab, which was found potable. Stool samples"
Andhra Pradesh,Nandyal,Diarrheal,32,0,04-08-22,,Under Control,"collected from affected patients and sent for analysis to which was found potable. Stool samples ed from affected patients and sent for analysis to ology Deptt, Kurnool Medical College where it orted negative for bacterial growth. District RRT gated the outbreak. Health education imparted in munity regarding hygiene and sanitation. atic treatment given. eported from SC Naikkarppadi, Agali, CHC District Palakkad with fever and rash. No Lab"
Kerala,Palakkad,Chickenpox,31,0,12-10-22,,Under Surveillance,"samples collected. District RRT investigated the eported from SC Naikkarppadi, Agali, CHC District Palakkad with fever and rash. No Lab collected. District RRT investigated the k. Health education was given. Symptomatic nt given. eported from Village Wagholi, PHC Wagholi, Haveli with fever, headache and bodyache. 10 were collected for IgM and sent to NIV Pune,"
Maharashtra,Pune,Dengue,10,0,23-09-22,,Under Control,"Haveli with fever, headache and bodyache. 10 were collected for IgM and sent to NIV Pune, Samples. District RRT visits were done, health conducted, IEC Activities done, fogging was eported from Pulivalam village, Thiruvarur block trict, where following a baby shower function held valam Thiruvasal area, loose motions were d by people who attended the function. Water"
Tamil Nadu,Thiruvarur,Diarrheal,11,1,07-10-22,,Under Control,"samples sent to DPHL, Mannarkudi which were found to d by people who attended the function. Water sent to DPHL, Mannarkudi which were found to ble. The deceased was a 24 year old male. District estigated the outbreak, health survey conducted, ivities done, OverHead Tank cleaning and ation done. w.mohfw.gov.in/"
Arunachal Pradesh,Lohit,Acute Diarrheal Disease (Shigella),116,0,25-10-22,25-10-22,Under Control,"were collected for laboratory confirmation and sent to RMRC, ICMR Dibrugarh, Assam. All the samples were tested positive for E. Coli & Shigella Sonnei. Health camp was organized at VKV Tafragam on 25th & 26th Oct. 2022. All the infected patients after treatment fully recovered. Health education was given to all. Case reported from PHC Rasikpur with symptoms of fever with headache. Eight blood sample sent to DPHL Lab Dumka for"
Jharkhand,Dumka,Dengue,3,0,22-10-22,28-10-22,Under Control,"symptoms of fever with headache. Eight blood sample sent to DPHL Lab Dumka for confirmation of IgM Dengue. Three blood samples found positive for dengue by IgM ELISA. District RRT investigated the outbreak. Health education was given. Cases reported from Village Mudenur, PHC/CHC Batkurki, Taluk Ramdurag, District Belagavi with vomiting and loose stools. Three water and Eighteen stool, samples collected and"
Karnataka,Belagavi,Cholera,328,1,25-10-22,26-10-22,Under Control,"Belagavi with vomiting and loose stools. Three water and Eighteen stool, samples collected and send to BIMS Belagavi, where two water sapmles were found to be unsatisfactory and four stool samples culture showed growth of Vibrio cholera. District RRT investigated the outbreak. Health education was given. m Village Bandipalya, Taluk Mysuru Rural, even stool and six water and sent to DPHL Mysuru, ogen isolated in seven stool x water sample, one is Non ubtful and rest four samples"
Karnataka,Mysuru,Diarrheal,15,0,26-10-22,28-10-22,Under Control,"ubtful and rest four samples ict RRT investigated the ducation was given. RRT ge, house to house survey e treated symptomatically on communication to g overhead tank clean and ter done m Village Hotpeth, aluk Shahapur, District and four water samples to DPHL Yadgiri where stool ow any growth whereas water"
Karnataka,Yadgiri,Diarrheal,40,1,21-10-22,25-10-22,Under Control,"ow any growth whereas water not suitable for potable ases was a 90 years Female. tigated the outbreak. Health n. House to house survey ne were repaired. m Palathara, Eravipuram, m Corporation. Nine HL, KLM where five"
Kerala,Kollam,Dengue,5,1,22-09-22,29-10-22,samples tested positive for Dengue by IgM,"HL, KLM where five itive for Dengue by IgM d was a 35year old female. tigated the outbreak. Health n. ted from CHC Vilvattom, Thrissur , District Thrissur with loose stools domen at a police academy. 15 Stool t to Microbiology department at"
Kerala,Thrissur,Food oisoning,20,0,28-10-22,02-11-22,Under Surveillance,"domen at a police academy. 15 Stool t to Microbiology department at r where they were found negative lla, Shigella and Vibrio. District gated the outbreak. Health as given. ted from Village Lalapetai, HSC La C/Block Rishivandiyam, District i. Two Serum samples sent to King Guindy Chennai result awaited."
Tamil Nadu,Kallakurichi,Chickenpox,15,0,20-10-22,28-10-22,Under Control,"i. Two Serum samples sent to King Guindy Chennai result awaited. T investigated the outbreak. Health as given. Vaccination of d close contacts done. Infectious re isolated and treated. ted from Village Devaruppula Devaruppula, District Jangaon stools and pain abdomen. Three"
Telangana,Jangoan,Diarrheal,13,0,28-10-22,28-10-22,Under Control,"water samples collected and sent to RWS, where Devaruppula, District Jangaon stools and pain abdomen. Three es collected and sent to RWS, where found not suitable for potable istrict RRT investigated the ealth education was given. ted from Village Pedda Shivanoor, Himmaipaaly, HSC Chegunta, trict Medak. Eleven water samples"
Telangana,Medak,Diarrheal,25,0,25-10-22,27-10-22,Under Control,"trict Medak. Eleven water samples result awaited. District RRT d the outbreak. Health education was eported from Polakal Village, PHC Polakal, C Mandal, Kurnool District with symptoms of g and loose stools. Water samples are sent for l Public Health Laboratory where out of four"
Andhra Pradesh,Kurnool,Acute Diarrh Disease,5,0,16-10-22,,Under Control,"samples, two came positive for Klebsiella. District l Public Health Laboratory where out of four , two came positive for Klebsiella. District estigated the outbreak. Safe drinking water S was provided twice a day. House to house done by ANM and ASHA and given health on. Medical camp conducted 24/7 in the village. eported from village-Telicoat, PHC-Turekela, harsia with loose motions and pain abdomen. ter samples were sent to PHE Raigarh, where m bacteria was found above permissible limit in"
Chhattisgarh,Raigarh,Acute Diarrh Disease,18,0,11-10-22,,Under Control,"all nine samples. District RRT investigated the m bacteria was found above permissible limit in e samples. District RRT investigated the k. Door-to-door survey was done by health hlorination of water was done. Health education arted regarding personal hygiene and mental sanitation. eported from Village Araladinni, PHC/CHC di, Taluk Bagewadi, District Vijayapura. t RRT investigated the outbreak. Ten Blood"
Karnataka,Vijayapura,Chikungunya,20,0,18-10-22,,Under Control,"di, Taluk Bagewadi, District Vijayapura. t RRT investigated the outbreak. Ten Blood collected and sent to DPHL Vijaypura, where l tested positive. District RRT investigated the k. Health education was given. eported from Kalady, Thuravur, Kidangoor, t Ernakulam with symptoms of Mild fever, , Maculopapular rash. No samples collected."
Kerala,Ernakulam,Chickenpox,12,0,05-10-22,,Under Surveillance,"District RRT investigated the outbreak. Health , Maculopapular rash. No samples collected. t RRT investigated the outbreak. Health on was given. Vaccination of unvaccinated close s done. Infectious patients were isolated and . Cases reported from Thrikkadavoor, Sakthikulangara, Ward 3 (St. Joseph Island, St. George Island, St Thomas Island, Fathima Island) Kollam Corporation. Twenty-Two samples sent to DPHL, KLM where14 Under"
Kerala,Kollam,Dengue,14,1,04-10-22,,Under Surveillance,"Twenty-Two samples sent to DPHL, KLM where14 Under samples sent to IAV Thonnakkal, TVM and all found rveillance positive for Dengue Type 2 serotype. The deceased was a 34 year female who died from dengue encephalitis. District RRT investigated the outbreak. Health education was given. Cases reported from CHC Kanyakulangara, FHC Karakulam, (FWC Karakulam, FWC Earnikkara) Under District Thituvananthapuram with fever & Jaundice in a"
Kerala,Thi Kerala,Hepatitis A,3,0,09-10-22,,Under Control,"Karakulam, (FWC Karakulam, FWC Earnikkara) Under District Thituvananthapuram with fever & Jaundice in a Control family. Three blood samples tested HAV Positive. District RRT investigated the outbreak. Health education was given. Cases reported from Government Nurse Training Centre, Nagapattinam, Subcenter – Nagapattinam where 227 Nursing Students had taken Dosa for dinner. One of the students found one dead centipede in her dosa. One food and one water sample sent to DPHL Under Nagapattinam where food sample was found negative"
Tamil Nadu,Nagapattinam,Food Poisoning,30,0,12-10-22,,Under Control,"dosa. One food and one water sample sent to DPHL Under Nagapattinam where food sample was found negative Control for salmonella, shigella, and vibrio cholera whereas water sample was found to be nonpotable. District RRT investigated the outbreak. Health education was given regarding Mess, Dining Hall And Cooking Place to be kept clean. Hand Washing facilities to be ensured. Symptomatic treatment given to affected. hfw.gov.in/"
Jharkhand,Bokaro,Diarrheal,5,1,04-11-22,05-11-22,Under Control,"loose watery stools, vomiting and abdominal pain. District RRT investigated the outbreak. Cases were given symptomatic treatment. ORS sachets and zinc tablets were distributed. The deceased case was a 55 years old female. Health education was given on the importance of safe drinking water, food hygiene and sanitation. Cases reported from Village Montepadav, PHC Natekal, Taluk Mangalore, District Dakshina Kannada. Cases presented with fever, nausea, abdominal pain and yellowish discolouration of eyes. Six blood samples were sent to DPHL,"
Karnataka,Dakshin Kannad,Hepatitis A,10,0,03-11-22,03-11-22,Under Control,"eyes. Six blood samples were sent to DPHL, Dakshin Kannada and all the six samples were found positive for Hepatitis A by IgM ELISA. District RRT investigaqted the outbreak. Open water sources were chlorinated. Health education was given on the importance of safe drinking water and sanitation. Cases reported from Village Hydranagar, PHC/CHC Kavaloor, Taluk Koppal, District Koppal. Cases presented with fever and bodyache. Three blood samples were sent to VIMS Ballari. Of these, two samples were"
Karnataka,Koppal,Chikungunya,45,0,01-11-22,06-11-22,found positive for Chikungunya by IgM ELISA.,"VIMS Ballari. Of these, two samples were found positive for Chikungunya by IgM ELISA. District RRT investigated the outbreak. Daily surveillance activities were carried out for active search of cases. Health education was imparted regarding the importance of vector control measures. d from Village Melekotte, PHC/CHC Tavarekere, Taluk Sira, ur. Cases presented with fever and lood and three water samples were Tumkur. Result awaited. District ted the outbreak. Cases were"
Karnataka,Tumkur,pected kenpox,24,0,31-10-22,05-11-22,Under Surveillance,"Tumkur. Result awaited. District ted the outbreak. Cases were quent changes of bedding and ngings, adequate diet and plenty of mphasized upon. Vitamin A as given. Health education was rding importance of personal d from Vijayanagara H B Halli, , PHC Bennekal, District Cases presented with loose , vomiting and abdominal pain. 24 and one stool sample was sent for result awaited. District RRT"
Karnataka,Vijayanagara,Diarrheal,83,0,01-11-22,01-11-22,Under Control,"investigated the outbreak. It was found that and one stool sample was sent for result awaited. District RRT the outbreak. It was found that tamination of drinking water with pipeline. Cases were given reatment. ORS sachets and zinc distributed. Health education was importance of safe drinking water, and sanitation. d from PHC Thuravur, Block ict Ernakulam. Cases presented l pain, loose stools and vomiting. ple was collected and sent to RPH"
Kerala,Ernakulam,od oning,22,0,01-11-22,07-11-22,"Lab, Ernakulam. No enteropathogenic organism","ple was collected and sent to RPH m. No enteropathogenic organism District RRT investigated the lth education was given on the safe drinking water, food hygiene n. from PHC Chelembra, Block District Malappuram. Cases abdominal pain, loose stools and water and food sample was sent for lab analysis. Colliforms"
Kerala,Malappuram,od oning,16,0,29-10-22,01-11-22,were detected in water samples and no,"sent for lab analysis. Colliforms in water samples and no anism was isolated in food ct RRT investigated the outbreak. on was given on the importance ng water, food hygiene and from PHC/Block Vengara, puram. Cases presented with , loose stools and vomiting. Two were collected and sent for lab"
Kerala,Malappuram,od oning,70,0,29-10-22,01-11-22,"analysis. Colliforms were detected and hence,","were collected and sent for lab iforms were detected and hence, able for potable purpose. District ed the outbreak. Health given on the importance of safe , food hygiene and sanitation. from Village Malegaon Bk, k, Taluk- Baramati, District esented with fever, bodyache and n blood samples were sent to these, four samples were found engue by IgM ELISA. The"
Maharashtra,Pune,Dengue,7,1,26-09-22,01-11-22,Under Control,"deceased case was a 11 years old female. these, four samples were found engue by IgM ELISA. The was a 11 years old female. nvestigated the outbreak. Fever survey of the area and fogging ding sources were eliminated by ppy fishes. Health education rding the importance of vector es. ed from A/P Waddi Taluka, District s presented with fever, bodyache . 20 blood samples were sent for to GMC, Miraj. Of these, nine found positive for Dengue by IgM eceased case was 30 years old ct RRT investigated the outbreak. ntainer survey of the area was"
Maharashtra,Sangli,Dengue,36,1,29-10-22,31-10-22,Under Control,"ct RRT investigated the outbreak. ntainer survey of the area was and outdoor fogging was done. rces were eliminated by Guppy fishes and anti-larval ere conducted like use of Temifos in , un-used tyres and pits were Health education was given e importance of vector control ed from Village Kamalapuram Matric Hr Sec School), HSC PHC Vellalapatti, Block iyur, District Salem. Cases th vomiting and abdominal pain. ples were collected and sent to"
Tamil Nadu,Salem,d ning,29,0,04-11-22,05-11-22,Salem Food Lab. Result awaited. Two water,"ples were collected and sent to ab. Result awaited. Two water collected and sent to DPHL, ere found suitable for potable trict RRT investigated the outbreak. tion was given on the importance king water, food hygiene and ed from Village Chaudhrana, ehpur. Case presented with fever and e blood sample was sent to w and was tested positive for"
Uttar Pradesh,Fatehpur,Leptospirosis,1,0,03-11-22,04-11-22,Under Control,"e blood sample was sent to w and was tested positive for s by IgM ELISA. District RRT the outbreak. Door to door survey alth education was given on the f rodent control measures. Case reported from Village Naubasta, near Primary School, Hathgam, Fatehpur. Case presented with upper respiratory tract infection. One throat swab sample was sent to SNCH, Prayagraj and was found positive for"
Uttar Pradesh,Fatehpur,Diphtheria,1,1,15-10-22,31-10-22,Under Control,"One throat swab sample was sent to SNCH, Prayagraj and was found positive for Cornyebacterium diphtheria. District RRT investigated the outbreak. The deceased case was a 5 years and 11 months old male. Health education was given regarding the importance of immunization. reported from Appapuram village, PHC Laveru, Mandalam, Srikakulam district. Cases ted with fever and abdominal pain. Seven blood s were sent to Regional lab SVIMS Tirupati. Of four samples were found to be positive for Scrub by IgM ELISA. District RRT investigated the"
Andhra Pradesh,Srikakulam,Scrub typhus,14,0,18-10-22,,Under Control,"four samples were found to be positive for Scrub by IgM ELISA. District RRT investigated the ak. Prophylactic treatment with Cap. cline was given to all the adults. Prophylactic ent with Tab. Azithromycin was given to all en aged below 10 years, to pregnant women and ing mothers. Health education was given. Door to ever surveillance was done. Village Selakarachal, Subcentre ict Coimbatore. Cases presented ache and abdominal pain. Water ted from four different sources and ter Testing Laboratory, awaited. Food samples were sent"
Tamil Nadu,Coimbatore,Food Poisoning,13,0,20-09-22,,Under Control,"ter Testing Laboratory, awaited. Food samples were sent alysis Laboratory, Coimbatore and for potable purpose. 13 blood or lab analysis. Result awaited. igated the outbreak. Health on the importance of safe drinking and sanitation. Village Galatha, PS Aung Block- nted with fever and body ache. were sent to LLR Hospital for lab one sample was found positive for . District RRT investigated the"
Uttar Pradesh,Fatehpur,Dengue,6,1,29-10-22,,Under Control,"outbreak. The deceased case was a 30 years old male. . District RRT investigated the sed case was a 30 years old male. survey of the area was done. fogging was done. Breeding ated and anti-larval activities were ducation was given regarding the r control measures. Dhakrani, Block Vikasnagar, Cases presented with fever, he. Two water and seven blood o DPHL Coronation District"
Uttarakhand,Dehradun,Dengue,24,0,13-10-22,,Under Surveillance,Hospital Dehradun. Result awaited. District RRT o DPHL Coronation District Result awaited. District RRT tbreak. Daily surveillance activities r active search of cases. Health ted regarding the importance of ures. fw.gov.in/
Bihar,Muzaffarpur,Dengue,2,0,03-11-22,8-11-22,Under Control,"Muzaffarpur of PHC Minapur and were found positive for Dengue by IgM ELISA. District RRT investigated the outbreak. Fever and container survey of the area and fogging was done. Breeding sources were eliminated. Health education was given regarding the importance of vector control measures. Cases reported from Village Chanchvel, Subdistrict Vagra, District Bharuch. Cases presented with loose stools and vomiting after consumption of food in a gathering. Two food samples were sent for lab analysis. Result awaited. Three water samples were sent to WASMO Lab and all were found suitable for"
Gujarat,Bharuch,Food Poisoning,343,0,13-11-22,13-11-22,Under Control,"awaited. Three water samples were sent to WASMO Lab and all were found suitable for drinking. District RRT investigated the outbreak and house to house survey was conducted. All cases were given symptomatic treatment. ORS sachets and halogen tablets were distributed. Health education was given on the importance of safe drinking water, food hygiene and sanitation. d from Belagutti, Nyamathi CHC, district Nyamathi, District ases presented with loose stools after consumption of food in hering. Two stool samples were analysis. No enteropathogenic"
Karnataka,Davangere,od oning,60,0,07-11-22,07-11-22,Under Control,"organism was isolated. District RRT analysis. No enteropathogenic isolated. District RRT the outbreak and house to house nducted. All cases were given reatment. ORS sachets and ts were distributed. Health given on the importance of safe r, food hygiene and sanitation. d from Village Arundi, PHC/CHC luk Honnali, District Davangere. ed with loose stools and vomiting. two stool and four blood samples d and sent to DPHL, Davangere. ples were found unfit for"
Karnataka,Davangere,Diarrheal,63,0,07-11-22,07-11-22,drinking. No enteropathogenic organism was,"ples were found unfit for enteropathogenic organism was trict RRT investigated the outbreak house survey was conducted. All ven symptomatic treatment. ORS alogen tablets were distributed. ion was given on the importance ing water and sanitation. from Village Chonakere, Napoklu ndane, Taluk Madikeri, District presented with upper respiratory on. One throat swab sample was sent to KOIMS, Madikeri and was"
Karnataka,Kodagu,Diphtheria,1,1,03-11-22,07-11-22,Under Control,"on. One throat swab sample was sent to KOIMS, Madikeri and was e for Corny bacterium diphtheria. case was a 22 years old male. investigated the outbreak. Health given on the importance of . d from Village Vijaynagar Colony PHC Kinnal, Taluk Koppal, al. Cases presented with loose miting. Eight water, three stool and ples were sent to DPHL, Koppal. ples were found suitable for se by MPN test. Out of three stool"
Karnataka,Koppal,Cholera,41,0,05-11-22,08-11-22,"samples, one sample was found positive for","se by MPN test. Out of three stool sample was found positive for ae. District RRT investigated the house to house survey was l cases were given symptomatic S sachets and halogen tablets ted. Health education was given on e of safe drinking water and d from Village Motakpalli, , Taluk Sedam, District ases presented with loose stools Two stool samples were collected PHL Kalaburagi. No nic organism was isolated."
Karnataka,Kalaburagi,Diarrheal,13,0,05-11-22,07-11-22,Under Surveillance,"nic organism was isolated. investigated the outbreak and e survey was conducted. All cases mptomatic treatment. ORS sachets ablets were distributed. Health given on the importance of safe r and sanitation. reported from Pampakuda, m Ward 2, District Ernakulam. ed with vomiting and abdominal ater samples were sent to Regional ealth Lab Ernakulam. No"
Kerala,Ernakulam,ood soning,21,0,09-11-22,16-11-22,Under Control,"ater samples were sent to Regional ealth Lab Ernakulam. No nic organism was isolated. investigated the outbreak. All ven symptomatic treatment. Health given on the importance of safe r, food hygiene and sanitation. from Kulamavu, Javahar laya, PHC Arakulam, Block ct Idukki. Cases presented with bdominal pain. Water samples"
Kerala,Idukki,ng,167,0,06-11-22,07-11-22,Under Control,"were collected and sent for lab analysis and bdominal pain. Water samples and sent for lab analysis and suitable for potable purpose. nvestigated the outbreak. Health given on the importance of safe , food hygiene and sanitation. from BPHC Athirampuzha, PHC ward 12, Kunnath Hostel, trict Kottayam. Cases presented and abdominal pain. Water ted and sent to Rubber Board,"
Kerala,Kottayam,ng,22,0,06-11-22,14-11-22,Under Surveillance,"and abdominal pain. Water ted and sent to Rubber Board, were found not suitable for e. District RRT investigated the th education was given on the safe drinking water, food hygiene . from Ettumanoor, KMCHC rd 5, Mangalam Engineering noor, Kottayam. Cases presented ent to MCH Lab Kottayam and"
Kerala,Kottayam,Poisoning,37,0,09-11-22,14-11-22,were found positive for E.coli. Stool samples,"ent to MCH Lab Kottayam and itive for E.coli. Stool samples CH Lab Kottayam and were for Norovirus G2. District RRT he outbreak. Health education was mportance of safe drinking water, nd sanitation. om BPHC Panachikkadu, FHC , Govt. HS LPS trict Kottayam. Cases miting and abdominal pain."
Kerala,Kottayam,g,20,0,04-11-22,14-11-22,Water samples were collected and sent to MCH,"miting and abdominal pain. e collected and sent to MCH no organism was isolated. stigated the outbreak. Health en on the importance of safe ood hygiene and sanitation. ed from Thrikkadavoor, Ward 3 (Arulappanthuruth) n. Case presented with nd weakness. One blood"
Kerala,Kollam,Zika virus,1,0,08-11-22,11-11-22,Under Surveillance,"n. Case presented with nd weakness. One blood or lab analysis to IAV, found positive for Zika District RRT investigated the education was given. om Kongad, Mundur, r, District Palakkad. Cases miting and loose stools. Two e collected and sent to eriology, RDC Palakkad & h lab, Thiruvananthapuram and"
Kerala,Palakkad,Diarrheal,21,0,13-11-22,16-11-22,Under Control,"h lab, Thiruvananthapuram and t to IRTC Mundur. No organism was isolated. stigated the outbreak. ORS en tablets were distributed. was given on the importance water and sanitation. eported from Murmadi Tup Health y, Subdistrict Lakhani, District Bhandara. resented with fever, chest pain, essness and altered sensorium. One blood was sent to Shree Pathology & ology Lab, Bhandara and found positive"
Maharashtra,Bhandara,Scrub Typhus,8,1,06-11-22,10-11-22,Under Control,"was sent to Shree Pathology & ology Lab, Bhandara and found positive ub typhus by IgM ELISA. The deceased s a 73 years old female. District RRT gated the outbreak. Active case search e and all fever cases were managed as tocol. Health education was given. eported from Village Pudupatti, St. Paul High School, Muthandipatti. Cases ed with redness and discharge from eyes."
Tamil Nadu,Thanjavur,Allergic njunctivitis,22,0,10-11-22,10-11-22,Under Control,"District RRT investigated the outbreak. Cases ed with redness and discharge from eyes. t RRT investigated the outbreak. Cases eated in the nearby health facility. Health on was given on the importance of hand techniques. eported from Ward 37 and 38, Sub Muniyaandavar Colony. Cases presented ose stools and vomiting. Two stools, lood and five water samples were sent to umbakonam. Stool samples showed no athogenic organisms. No organism was"
Tamil Nadu,Thanjavur,Diarrheal,15,0,09-11-22,09-11-22,Under Control,"isolated in blood samples. Out of five water umbakonam. Stool samples showed no athogenic organisms. No organism was d in blood samples. Out of five water , three were found not suitable for purpose. District RRT investigated the k. ORS sachets and halogen tablets were uted. Health education was given on the nce of safe drinking water and ion. resented with Village Darrang a Mela, trict Tamulpur, District Baksa. Case presented ifficulty in breathing and hydrophobia. The case"
Assam,Baksa,Human Rabies,1,1,10-08-22,,Under Control,"trict Tamulpur, District Baksa. Case presented ifficulty in breathing and hydrophobia. The case agnosed clinically with Rabies. The deceased seven years old male. Health education was on the importance of Post exposure prophylaxis. reported from Village Kalpakanchery, SC hani, Kallingalparamb, Thavalanchina, PHC anchery, Block Valavannur, District uram. Cases presented with fever and rashes."
Kerala,Malappuram,Measles,21,0,19-10-22,,Under Surveillance,"Eight blood samples were collected and sent to PH Lab uram. Cases presented with fever and rashes. blood samples were collected and sent to PH Lab drum. Of these, one sample was found positive asles by IgM ELISA. District RRT investigated tbreak. Health education was given on the ance of immunization. reported from various sectors of Dehradun ct namely Patel Nagar, Chukkuwala, Rajeev Chandan Nagar, Ajabpur, Raipur, Kargi, Gandhi Bhaniya Wala, Yamuna Colony, Niranjan Pur, i Road, Chandar Mani. Cases presented with and bodyache. 1226 blood samples were sent for"
Uttarakhand,Dehradun,Chikungunya,423,0,13-10-22,,Under Control,lab analysis to Govt. Doon Medical College and of and bodyache. 1226 blood samples were sent for alysis to Govt. Doon Medical College and of 423 samples were found positive for gunya by IgM ELISA. District RRT igated the outbreak. Fever and container survey area and fogging was done. Breeding sources liminated. Health education was given regarding portance of vector control measures. mohfw.gov.in/
Gujarat,Valsad,Diarrheal,34,0,19-11-22,19-11-22,Under Control,"isolated from tap water source. District RRT investigated the outbreak. Symptomatic treatment was given. ORS sachets were distributed. Hostel rooms and mess area were inspected. Health education was given on the importance of safe drinking water, food hygiene and sanitation. Cases reported from Village Nangla Ahsanpur, SC Sevli, CHC Aurangabad, District Palwal. Cases presented with fever, rashes, coryza and joint pain. Five blood samples were sent for lab analysis and of these, two samples were found positive for Measles by IgM ELISA. All the"
Haryana,Palwal,Measles,5,0,15-11-22,23-11-22,Under Control,"analysis and of these, two samples were found positive for Measles by IgM ELISA. All the cases were below 5 years of age. Out of five cases, only one was immunized with MR vaccine. District RRT investigated the outbreak. Vitamin A supplementation among the affected cases was given. House to house case search was done. Health education was given on the importance of immunization. Cases reported from Village nearby Town Police Station Koppal, PHC-CH Urban Primary Health center, Taluk Koppal, District Koppal. Cases presented with fever, vomiting, loose stools and abdominal pain. 29 stool samples and 12 blood samples were sent to DPHL, Koppal."
Karnataka,Koppal,Food Poisoning,45,0,17-11-22,17-11-22,Under Control,"stools and abdominal pain. 29 stool samples and 12 blood samples were sent to DPHL, Koppal. No enteropathogenic organism was isolated. District RRT investigated the outbreak. Symptomatic treatment was given. ORS sachets and halogen tablets were distributed. Health education was given on the importance of food and hand hygiene. d from Village Yavoor, PHC-CHC alagi, Taluk Shorapur, District s presented with fever and blood samples were sent to alore and both were found Japanese Encephalitis by IgM"
Karnataka,Yadgiri,nese halitis,2,0,12-11-22,15-11-22,Under Surveillance,"alore and both were found Japanese Encephalitis by IgM ct RRT investigated the outbreak. were close by and surroundings ic. Fogging was done. Active er cases was done. Health given on the importance of d hygiene. d from CHC Irivery, FHC WC Palayam, District Kannur. ed with vomiting, abdominal pain, ose stools after consumption of teen inside Medical College samples were sent to KWA Lab, were found positive for coliforms."
Kerala,Kannur,od oning,9,0,14-11-22,19-11-22,District RRT investigated the outbreak.,"samples were sent to KWA Lab, were found positive for coliforms. investigated the outbreak. reatment was given. ORS sachets ablets were distributed. Strict were given to improve personal rkers and of the preparation lth education was given on the food and hand hygiene of d from Muliyar, Chengala, trict Kasaragod. Cases presented , abdominal pain, fever, and loose consumption of food in the ur stool samples were collected egional Analytical lab, Calicut. were sent to Food and Safety"
Kerala,Kasaragod,od oning,33,0,15-11-22,16-11-22,Under Surveillance,"egional Analytical lab, Calicut. were sent to Food and Safety istrict RRT investigated the enteropathogenic organism was ptomatic treatment was given. nd halogen tablets were Health education was given on the food and hand hygiene of d from Village Vazhappally, hanganassery, District Kottayam. ed with vomiting and loose stools tion of food in hostel premises. ple was sent to Water Authority,"
Kerala,Kottayam,od oning,20,0,14-11-22,18-11-22,Thiruvalla. No enteropathogenic organisms,"tion of food in hostel premises. ple was sent to Water Authority, o enteropathogenic organisms . District RRT investigated the ptomatic treatment was given. nd halogen tablets were Health education was given on the food and hand hygiene. d from Village Perumbaikkadu, And Athirampuzha, PHC Zone, Arppookkara and Block Athiramphuza, District es presented with fever, ominal pain and loose stools after f food in a Hotel. Water samples d and sent to MCH Kottayam and"
Kerala,Kottayam,od oning,11,0,14-11-22,18-11-22,Under Surveillance,"f food in a Hotel. Water samples d and sent to MCH Kottayam and Puthuppally. No coliforms were ater samples. Stool samples ce of Norovirus G2 and strict RRT investigated the ptomatic treatment was given. nd halogen tablets were Health education was given on the food and hand hygiene. d from Latur Corporation area, ayaram Road, UPHC Siddharth s presented with fever and blood smears and 14 blood"
Maharashtra,Latur,Unknown,20,0,14-11-22,14-11-22,Under Control,"samples were sent for lab analysis to Sentinel s presented with fever and blood smears and 14 blood sent for lab analysis to Sentinel GMC Nanded. No organism was trict RRT investigated the outbreak. tainer survey was done. Fogging lth education was given. Cases reported from Village Nirkhi, Block Amauli, Sub-district Bindki, District Fatehpur. Cases presented with fever and bodyache. 10 blood samples were sent for lab analysis to GSVM, Kanpur. Of these, three samples were"
Uttar Pradesh,Fatehpur,Dengue,10,0,16-11-22,19-11-22,Under Control,"blood samples were sent for lab analysis to GSVM, Kanpur. Of these, three samples were found positive for Dengue by IgM ELISA. District RRT investigated the outbreak. Active search of cases was done. Elimination of breeding sites and fogging was done. Health education was given on the importance of vector control measures. reported from HSC Bhairava, PHC Bisfi, District bani. Cases presented with fever and rashes.Five samples were sent to PMCH, Patna. All the"
Bihar,Madhubani,Chickenpox,14,0,22-10-22,,Under Control,"samples were found positive for Varicella Zoster virus bani. Cases presented with fever and rashes.Five samples were sent to PMCH, Patna. All the es were found positive for Varicella Zoster virus M ELISA. District RRT investigated the outbreak. h education was given on the importance of nal hygiene and proper sanitation measures. reported from NAC Santoshgarh, CHC shgarh, Block Basdehra, District Una. Cases nted with loose stools and vomiting. District RRT tigated the outbreak. Symptomatic treatment was"
Himachal Pradesh,Una,ute Diarrhea Disease,73,0,21-05-22,,Under Control,"nted with loose stools and vomiting. District RRT tigated the outbreak. Symptomatic treatment was . ORS sachets and halogen tablets were ibuted. Health education was given on the tance of safe drinking water, food hygiene and ation. Village Chittardih, Village t Jamua, District Giridih. Cases r and rashes. District RRT"
Jharkhand,Giridih,Fever with Rash,30,0,29-10-22,,Under Control,"t Jamua, District Giridih. Cases r and rashes. District RRT tbreak. Vitamin A drops was given n. Health education was given on the ization. Village Jharkhi, Pesam Block idih. Cases presented with fever and mples were sent to RIMS, Ranchi."
Jharkhand,Giridih,Rash Fever with,20,0,26-10-22,,Under Control,"Result awaited. District RRT investigated the outbreak. idih. Cases presented with fever and mples were sent to RIMS, Ranchi. trict RRT investigated the outbreak. given to affected children. Health on the importance of Village Chikka Hunsur, SC CHC Hunsur Urban, Taluk suru. Cases presented with fever ood samples were sent to DPHL, ne sample was found positive for"
Karnataka,Mysuru,Dengue,13,0,10-11-22,,Under Control,"ood samples were sent to DPHL, ne sample was found positive for . District RRT investigated the house fever and larva survey was s were eliminated and fogging done. s given on the importance of vector Village Sirsi, PHC-CHC UPHC District Uttara Kannada. Case r and vomiting. One blood sample akshin Kannada and was found"
Karnataka,Uttar Kannada,Leptospirosis,1,1,04-11-22,,Under Control,"r and vomiting. One blood sample akshin Kannada and was found pirosis by IgM ELISA. The 24 years old male. District RRT tbreak. Health education was given f rodent control measures. Nettur, CHC Nettur, Maradu, Cases presented with fever and d samples were sent to RPH Lab, , two samples were found positive LISA and NS1 antigen test"
Kerala,Ernakulam,Dengue,12,0,19-10-22,,Under Surveillance,", two samples were found positive LISA and NS1 antigen test t RRT investigated the outbreak. r and larva survey was done. eliminated and fogging done. s given on the importance of vector ngalatanda, Subcentre strict Auragabad. Cases dy pain. Nine blood"
Maharashtra,Aurangabad,Unknown,24,0,11-11-22,,Under Control,"samples were sent for DPHL, Aurangabad. None of the dy pain. Nine blood Aurangabad. None of the for any organism. District ak. Fever survey was done. nagar, Municipal gabad. Cases presented o blood samples wwere b. None of the samples organism. The deceased"
Maharashtra,Aurangabad,Dengue,2,1,11-11-22,,Under Control,"b. None of the samples organism. The deceased ale. District RRT Fever and mosquito survey re eliminated. Fogging was given on the importance of rpur Warwade (Urban ict Dhule. Cases presented ess. Five blood samples to Shree Bhausaheb Hirey Of these, one sample"
Maharashtra,Dhule,Dengue,4,1,31-10-22,,Under Control,"was found positive for Dengue by IgM ELISA. The to Shree Bhausaheb Hirey Of these, one sample ue by IgM ELISA. The s old female. District RRT Active search of cases was ng sites and fogging was given on the importance of arwadi, Subcentre Bhuye, istrict Kolhapur. Cases and abdominal pain. 10 were sent for lab analysis to les showed presence of ter samples were found unfit"
Maharashtra,Kolhapur,Cholera,233,2,10-11-22,,Under Control,"les showed presence of ter samples were found unfit cases were 38 years old and RRT investigated the ment was given. ORS were distributed. Health importance of safe drinking lgavan, Taluk Igatpuri, ted with loose stools and nd four stool samples lab analysis. All the d positive for Vibrio"
Maharashtra,Nashik,Cholera,58,0,31-10-22,,Under Control,"cholerae and the water samples were found not suitable lab analysis. All the d positive for Vibrio s were found not suitable RRT investigated the nt was given. ORS ere distributed. Health portance of safe drinking ganpada Pimpri Sado, puri, District Nashik. ools and vomiting. Two were sent for lab analysis our samples were positive"
Maharashtra,Nashik,Cholera,52,1,17-10-22,,Under Control,"for Vibrio cholerae 01. The deceased case was a 45 were sent for lab analysis our samples were positive eceased case was a 45 investigated the outbreak. en to all cases. ORS ere distributed. Health portance of safe drinking illage, Ajamabad Palam, District h fever, bodyache and were sent to GMC Nanded ositive for Chikungunya"
Maharashtra,Parbhani,Chikungunya,76,0,29-09-22,,Under Control,"were sent to GMC Nanded ositive for Chikungunya vestigated the outbreak. a survey was done. d and fogging done. the importance of vector Niwas, Gavdevi Mandir Kalyan- Dombiwali rict Thane. Case presented neralized swelling. Seven Jupiter Hospital Lab, was found positive for"
Maharashtra,Thane,Dengue,1,1,28-10-22,,Under Control,"Jupiter Hospital Lab, was found positive for The deceased case was a ct RRT investigated the cases was done. Elimination ng was done. Health importance of vector Hostel, Jaahar Nagar nted with vomiting, od samples and five water Health Lab and NMCH e found satisfactory. One"
Rajasthan,Kota,Diarrheal ease,31,0,30-09-22,,Under Control,"water sample was found unfit for drinking purpose. Health Lab and NMCH e found satisfactory. One t for drinking purpose. he outbreak. Symptomatic cases. ORS sachets and buted. Health education was safe drinking water and Kuterwani, District h fever, headache and s were sent to NIRTH, ple was found positive for estigated the outbreak. es and change in mental"
Madhya Pradesh,Mandla,nese halitis,5,0,22-10-22,,Under Control,"estigated the outbreak. es and change in mental omological survey done in eduction activities were ers were advised to clean lar intervals. Health importance of vector Cases reported from UPHC Bhadohi, District Bhadohi. Cases presented with fever and bodyache. 13 blood samples were sent for lab analysis and all 13 samples Under were found positive for Dengue by IgM ELISA."
Uttar Pradesh,Bhadohi,Dengue,13,0,25-09-22,,Under Control,samples were sent for lab analysis and all 13 samples Under were found positive for Dengue by IgM ELISA. District RRT investigated the outbreak. Active search Control for fever cases was done. Entomological survey done in the affected area. Source reduction activities were carried out. Health education was given on the importance of vector control measures. ohfw.gov.in/
Karnataka,Dakshina Kannada,Diarrheal,15,0,21-11-22,22-11-22,,"they tested negative for dengue and malaria. Three water samples were also tested, out of which one found not potable. District RRT investigated the outbreak. Health education was given. Advised to strictly provide boiled water for drinking purpose to all students. Instructions were given to maintain the AMC aquagaurd, cleanliness at the kitchen. Case reported from Village Sarashwathi Nagara, PHC-CHC UFWC-3, Taluk Davangere, District Davangere with symptoms of fever and cough since one month. One blood sample collected and sent to Father Muller Institute of Medical"
Karnataka,Davangere,Leptospirosis,1,1,18-11-22,23-11-22,Under Surveillance,"month. One blood sample collected and sent to Father Muller Institute of Medical Education And Research, Mangalore where it tested positive for leptospirosis. Case was also suffering from co-morbidities including liver disease. The deceased was a 37year male. District RRT investigated the outbreak. Health education was given. orted from Village Nera By Circle Ward No: 1 SC Colony i, PHC-CHC Kanakagiri, Taluk i, District Koppal with vomiting"
Karnataka,Koppal,Diarrheal,13,0,22-11-22,23-11-22,and abdominal pain. Two water samples,"i, District Koppal with vomiting inal pain. Two water samples and sent to DPHL Koppal, where e was found not suitable for purposes. District RRT investigated eak. Health education was given. orted from Village Kalpakanchery, hani, PHC Kalpakanchery, Block r, District Malappuram with of fatigue, single nodular ulcer harge in genital area, papules &"
Kerala,Malappuram,Monkey Pox,2,0,25-11-22,12-01-22,Under Surveillance,"of fatigue, single nodular ulcer harge in genital area, papules & over hand & trunk. Two samples , which tested PCR Positive for at NIV Pune. District RRT ted the outbreak. Health education . orted from Deulwadi, PHC: SC: Vesarde, Tal: Bhudargad, Dist: with symptoms of loose motion, bdomen and weakness. 16 water ere collected and sent to DPHL lab All water samples were negative"
Maharashtra,Kolhapur,Diarrheal,14,0,23-11-2022,23-11-2022,Under Control,"All water samples were negative genic organism and all were potable. RRT investigated the outbreak. ucation was given. Active case rough house-to-house survey, ion of medichlor, repair of valve and leakages were done. Cases reported from Dilkhan village, Saitual District with symptoms of loose motion, abdominal pain, fever and nausea. Soyabean Samples (Fermented & Raw) were sent to Civil Hospital Microbiology"
Mizoram,Saitual,Diarrheal,21,0,22-11-2022,23-11-2022,Laboratory,"sent to Civil Hospital Microbiology Laboratory Aerobic Spore bearer contamination found. Investigated by District RRT and symptomatic treatment given. Investigation done and outbreak under control. Health education given. g in the Panchvada Village complained of fever, three days. Patient took symptomatic treatment re he was investigated and report showed et count, hence patient got admitted at Sir T l, Bhavnagar. He was treated as CCHF and the report came positive for CCHF on ict RRT investigated the outbreak, following rveillance using the working case definition of d in the village. Temperature monitoring"
Gujarat,Bhavnagar,Crimean- Congo Hemorrhagic Fever,1,0,01-10-2022,01/10/22,Under Control,"rveillance using the working case definition of d in the village. Temperature monitoring f all contacts implemented. Anti-tick Measures ealth department & Animal Husbandry which included Insecticide spraying over animals, households, Deltaforce liquid for and treatment for animals was given. Indoor Powder Dusting was done in 40 houses and s of village & total 08 Gaman covered during rvices were started in the village for screening ses. , Taluka.Sihor Dist Bhavnagar, inal discomfort and suspected cases had been cases showed elevated Liver our cases were clinically samples were also taken"
Gujarat,Bhavnagar,Jaundice,15,0,08-10-2022,,Under Control,"from village and sent to Microbiology Department of Medical samples were also taken iology Department of Medical T hospital) where all samples . District RRT investigated the as been conducted in 197 area. Water sources has been en done for drinking water. buted in the affected area. Area, Shivendranagar Bhavnagar, with symptoms of in a shepherd (cattle work) who e. Due to persistent to tertiary care BIMS cian diagnosed patient as eferred him to Government tal, Bhavnagar on 19/10/22 for CCHF on 22/10/2022. e Team visited the affected"
Gujarat,Bhavnagar,Crimean- Congo Hemorrhagic Fever,1,0,22-10-2022,19/10/22,Under Control,"for CCHF on 22/10/2022. e Team visited the affected eak. Active Surveillance using CCHF started in the village s and 18 Health care contacts ures taken by Health epartment which include rin) over animals, households, nimals and treatment for +Lime Powder Dusting done ts of village & total 06 Gaman illage Bangward Payeen, Block D H h symptoms of loose stools and s were in the age group of 8-14 years. lected for analysis were sent to DPHL"
Jammu and Kashmir,Kulgam,Hepatitis A,20,0,19-09-2022,,Under Control,"s were in the age group of 8-14 years. lected for analysis were sent to DPHL found unsatisfactory. District RRT reak. Water sources were cleaned and done for drinking water. ChlorineTablet in affected area. arappuzha, Alangad, Neerikode, th vomiting and loose stools. Four"
Kerala,Ernakulam,Diarrheal,13,0,08-11-22,,Under Surveillance,"Water samples collected and sent to RPH Lab Ernakulam, No th vomiting and loose stools. Four ed and sent to RPH Lab Ernakulam, No istrict RRT investigated the outbreak. given. tive. Rectal swab report: - No solated in Culture Report. Water Ratlam microbiology lab report"
Madhya Pradesh,Ratlam,Diarrheal,32,0,26-10-2022,,Under Control,"Ratlam microbiology lab report for presumptive coliform count: - < 1 PHE Ratlam: Water sample Report hivajinagar, UPHC Phirangai Kolhapur, -Kolhapur with symptoms of fever, cold, . Five Blood samples were sent to hapur, where all tested positive for"
Maharashtra,Kolhapur,Dengue,5,1,01-11-2022,,Under Control,"dengue by IgM ELISA. The deceased was Mr. Omkar Vinay hapur, where all tested positive for The deceased was Mr. Omkar Vinay trict RRT investigated the outbreak. es through house to house survey done, carried out, Regular follow up of carried out, IEC Done. illage Lahrapur, Block Sahar with fever les were tested for dengue in which ive for Dengue (04 by NS1 ELISA, 1 by rict RRT investigated the outbreak."
Uttar Pradesh,Auraiya,Dengue,101,0,12-11-2022,,Under Control,"Active search for cases through house to house survey done, rict RRT investigated the outbreak. es through house to house survey done, carried out, Regular follow up of carried out. Health education was propagation of vector and how to avoid Cases reported from Village Salijuddi, Block-Meghakhri with symptoms of fever and body ache. 10 blood samples were sent and all samples found positive for Dengue by NS1 ELISA at District Hospital Muzaffarnagar. District RRT investigated the"
Uttar Pradesh,Muzaffarnagar,Dengue,10,0,02-11-2022,,Under Control,"and all samples found positive for Dengue by NS1 ELISA at District Hospital Muzaffarnagar. District RRT investigated the l outbreak. Health education was given. Active search for cases through house to house survey done, Container survey was carried out, Regular follow up of entomological indices carried out. hfw.gov.in/"
Karnataka,Ballari,Rabies,2,2,28-11-22,28-11-22,had received 04 doses of anti-rabies vaccine,"they were advised to get rabies vaccine. 3 Y/F had received 04 doses of anti-rabies vaccine (ID route). The witnesses felt that dog appeared to be mad, had aggressive behavior with hyper salivation. On 1st Nov 2022 dog has been killed by public. District and Taluka RR Team visited and conducted Surveillance activities in the village. THO, MO and CHO were instructed to conduct the survey to find any other suspected Rabies dog bite cases, to conduct IEC activities for the villagers about Rabies disease, wound management and importance of ARV in any Animal bite conditions. Grama Panchayath and Veterinary department conducted the necessary rabies preventive and control measures especially dog restraining activities. ed from Village/PHC/CHC uk East, District Bangalore oose stools, vomitting, fever & . Two stool and Eight water ected and sent to PHI Bengaluru,"
Karnataka,Bangalore Urban,Diarrheal,104,0,26-11-22,29-11-22,Under Surveillance,"ected and sent to PHI Bengaluru, samples tested negative for rae and all water samples were not suitable for potable purposes. investigated the outbreak. tion was given. ed from Village Kotehalu, uru, Taluk Honnali, District th symptoms of vomiting, ckpain, headache and fever with"
Karnataka,Davangere,Japanese Encephalitis,1,0,28-11-22,30-11-22,Under Surveillance,"th symptoms of vomiting, ckpain, headache and fever with serum sample sent to SIMS, hich tested positive for JE by istrict RRT investigated the alth education was given. ed from Village Kalvekallapura, , Tauk Hanagal, District s had fever on and off for two d history of head ache, nd weakness. Ten Blood samples"
Karnataka,Haveri,Japanese Encephalitis,4,1,15-11-22,01-12-22,Under Control,"d history of head ache, nd weakness. Ten Blood samples d sent to KIMS Hubli, where four ive for JE by IgM ELISA. The a 7 year female child. District ated the outbreak. Health s given. from Village Bachanhalli, napur, Taluk Kushtagi, with vomiting, nausea and Three water samples sent to e found suitable for potable"
Karnataka,Koppal,Diarrheal,45,0,19-11-22,03-12-22,purposes. District RRT investigated the,"e found suitable for potable ict RRT investigated the h education was given ing of boiled and cooled ion of hot cooked food, hing after defecation. atment was given. from Village Archakarahalli, aluk Ramanagara, gara with loose motions, vomiting and fever. The ed at Patel Nursing College,"
Karnataka,Ramanagara,Diarrheal,15,0,29-11-22,30-11-22,where 90 students staying in ladies PG Hostel,"ed at Patel Nursing College, ts staying in ladies PG Hostel prepared in mess and 15 oms. Two water samples managara and were found fit . District RRT investigated ealth education was given. from Village Havnal, andra, Taluk Sira, District er and vomiting. Four water and Three blood DPHL Tumkur. Vomitus and"
Karnataka,Tumkur,Diarrheal,18,0,02-12-22,03-12-22,Under Surveillance,"DPHL Tumkur. Vomitus and howed no growth, whereas all ere found not potable. vestigated the outbreak. n was given. Symptomatic iven. ted from Iritty Municipality, Municipality and Payam District Kannur with symptoms th rash. Serum and Throat swab"
Kerala,Kannur,Measles,11,0,23-10-22,30-11-22,Under Surveillance,"District Kannur with symptoms th rash. Serum and Throat swab lected and sent to NIV Alappuzha positive by IgM and RTPCR. T investigated the outbreak. ation was given. reported from Mankada, mbu, Pthukundu, mbu, District Malappuram. Five"
Kerala,Malappuram,Hepatitis-A,17,0,11-09-22,07-10-22,samples collected and sent to PH Lab,"mbu, District Malappuram. Five lected and sent to PH Lab where 17 samples tested HAV ive. District RRT investigated the ealth education was given ted from CHC Guruvayur Area, UPHC Guruvayur, Block District Thrissur with fever & body ache. 14 samples"
Kerala,Thrissur,Dengue,21,0,24-11-22,05-12-22,tested NS1 positive by RDT. Seven samples,"fever & body ache. 14 samples positive by RDT. Seven samples nd sent to PH Lab Thrissur where S1 positive by ELISA. District gated the outbreak. Health as given. ted from Village Maheshpuriya a, PHC Kukdeshwar Block symptoms of Fever with"
Madhya Pradesh,Neemuch,Chickenpox,11,0,03/12/2022,03/12/2022,Under Control,"a, PHC Kukdeshwar Block symptoms of Fever with ar rashes. District RRT d the outbreak. Health education house to house survey was done. from Sub centre – Jurgu, st Shahdol by ANM with r with rash on body. 15 re collected and sent to here all tested negative for t RRT investigated the"
Madhya Pradesh,Shahdol,Fever with Rash,15,0,23/11/2022,30/11/2022,outbreak. House to house survey done around,"t RRT investigated the to house survey done around fever with rash identification . Public health measures such taken of suspected, isolation nalysis done for vaccination ear children and vitamin A spected child. rom: Dawrpui Vengthar wl with symptoms of loose l pain, fever and nausea."
Mizoram,Aizawl,Diarrheal,26,0,29/11/2022,29/11/2022,Samples of Soyabean (Fermented & Raw),"l pain, fever and nausea. ean (Fermented & Raw) il Hospital Microbiology bawk and Citrobacter lated. Investigated by district ts given. rom Village Rajadanga, U.P , CHC Khamara, Block ict Angul. Two water samples"
Odisha,Angul,Food Poisoning,17,0,29-11-22,01-12-22,"tested at DPHL, Angul which were found","ict Angul. Two water samples Angul which were found able purposes. District RRT outbreak. Health education rom Tejabula Govt. UP tli block. Cases presented ke vomiting, loose motion . No sample collected for"
Odisha,Bargarh,Food poisoning,39,0,03/12/2022,03/12/2022,Under Control,"ke vomiting, loose motion . No sample collected for . District RRT investigated mptomatic treatment given. tudents and teachers on and sanitation. from village Jaljaliya, block- ymptoms of fever and throat ased was a 6year old female d Vaccination in her lifetime. munized children found in"
Uttar Pradesh,Sonbhadra,Diphtheria,1,1,10/11/2022,30/11/2022,<7 year age for (Penta/DPT) among affected,"munized children found in r (Penta/DPT) among affected villages-84, No. of such age appropriate diphtheria cine (Penta/DPT) -77. District ed the outbreak. Health given from Ravigram, Upper Bazar, imath, District Chamoli. Five collcted and sent to WHO"
Uttarakhand,Chamoli,Measles,5,0,20-10-22,04-12-22,Authenticated Laboratory Sushila Tiwari,"collcted and sent to WHO Laboratory Sushila Tiwari ical College, Haldwani . District RRT investigated the th education was given y ANM of Ward 79 and Uttarasi village, Zone Malharganj to District Surveillance re. 50 patients presented with Fever & Joint 2-3 days. Blood samples of 46 cases sent to ege and 4 to DPHL Lab, Indore and st, out of which five samples came positive ic health measures taken were-Rapid survey the symptomatic cases, IEC at affected area and"
Madhya Pradesh,Indore,Dengue,5,0,19/11/2022,,Under Control,"education of community on the risks of mosquito-borne the symptomatic cases, IEC at affected area and munity on the risks of mosquito-borne of personal household protection measures, creens, repellents, coils and vaporizers, ng and cleaning of domestic water storage weekly basis, water collection sites were also -larval measures were taken in the form of mephos and Anti-adult measures were taken ogging using Pyrethrum spray. District RRT outbreak. Health education was given. rom MBI Brick Kiln area of Bejimara GP C of Sepahijala District with vomiting and ild reported dead, Prince Asur, S/o Laleswar le. District RRT investigated the outbreak."
Tripura,Sepahijala,Diarrheal,9,1,17/11/2022,,Under Control,"le. District RRT investigated the outbreak. organized by respective PHC (Dhanpur) of medicines, ORSs and Zinc tablets was cation on hand washing and water household level was imparted. rom Mathiya tola and Hathi Madari in urban s of fever and bodyache. Seven samples"
Uttar Pradesh,Mau,Dengue,7,2,13/11/2022,,Under Control,"tested positive for dengue by IgM ELISA. The deceased were s of fever and bodyache. Seven samples for dengue by IgM ELISA. The deceased were 65 year male. District RRT investigated the education was given Cases reported from different areas of blocks Myorpur, Robertsganj and Kakrahi with fever and muscle pain. All"
Uttar Pradesh,Sonbhadra,Dengue,32,0,05/10/2022,,Under Control,"Cases reported from different areas of blocks Myorpur, Robertsganj and Kakrahi with fever and muscle pain. All ol tested positive by NS1 ELISA. District RRT investigated the outbreak. Health education was given ohfw.gov.in/"
Assam,Marigaon,Diarrheal,15,0,01-12-2022,09-12-2022,education was given. Active case search was,"RRT investigated the outbreak. Health education was given. Active case search was done in affected area. Paramedical Staffs were engaged for strict vigilance in that area for any fresh cases for 7 days. Awareness activities were conducted on Food washing, safe drinking water, hand washing, hygiene in that affected area and ask to seek medical attention immediately if any unusual happens. Cases reported from village- Bhabanpura, PHC- Ghoshi, Subdistrict- Ghoshi with symptoms of fever with rash. Six serum samples were sent to KGMU, Lucknow for"
Bihar,Jehanabad,Measles,6,0,07-04-2022,08-12-2022,"IgM ELISA, where three tested positive for","samples were sent to KGMU, Lucknow for IgM ELISA, where three tested positive for measles. District RRT investigated the outbreak. Health education was given. All cases treated symptomatically. Vitamin A dose given. ported from Village Deori, Block Rural District Dhamtari with of vomiting, diarrhea, abdominal gastritis. Three water samples d and sent to PHE in which coliform"
Chhattisgarh,Dhamtari,Diarrheal,103,0,13-10-2022,06-12-2022,was found in two samples. District RRT,"d and sent to PHE in which coliform d in two samples. District RRT ated the outbreak. Health education n. Chlorine and zinc tablets were ted during the survey to all the houses he survey and affected people were to drink boiled water. ported from Village Madeli, Block istrict Dhamtari with vomiting, and abdominal pain. One stool sample Pvt Lab of Dhamtari for stool culture but ism growth was found. Eight water collected and sent to PHE Lab in"
Chhattisgarh,Dhamtari,Diarrheal,207,0,19-09-2022,06-12-2022,which 3 water samples were found non potable.,"collected and sent to PHE Lab in water samples were found non potable. RRT investigated the outbreak. Health n was given. Tablets and ORS distributed in area. Water disinfected with bleaching Pipeline leakage repair was done by ported from Chaple, Kharasia and ing with diarrhea. District RRT ated the outbreak. Health education"
Chhattisgarh,Raigarh,Diarrheal,58,0,06-12-2022,06-12-2022,"was given, health camp organized. Door to","ated the outbreak. Health education n, health camp organized. Door to vey done by Medical Officer along trict Epidemiologist and health team tomatic treatment given to affected. Cases reported from Village Bharamasagara/ Kogunde, PHC/CHC Kogunde, Taluk Chitradurga, District Chitradurga. Cases reported with history of vomiting, loose stool, pain abdomen, headache etc., after consumption of food in marraige on 4/12/2022"
Karnataka,Chitradurga,Food Poisoning,54,0,04-12-22,04-12-22,Under Surveillance,"pain abdomen, headache etc., after consumption of food in marraige on 4/12/2022 around 12pm to 3pm. Eleven water and Two stool samples collected and sent to DPHL Chitradurga, no growth found in stool sample and all water samples found fit for drinking purpose. District RRT investigated the outbreak. Health education was given. Cases reported from Village Dodda-Nayaka Street (10th Ward), PHC/CHC UPHC Kollegal, Taluk Kollegal, District Chamarajanagara. Cases reported with"
Karnataka,Chamarajanagar,Diarrheal,26,0,04-12-22,08-12-22,Diarrhea and vomiting. Twenty Three water,"Chamarajanagara. Cases reported with Diarrhea and vomiting. Twenty Three water samples collected and sent to UPHC Kollegal where all found non-potable for consumption. District RRT investigated the outbreak. Health education was given Cases reported from Village M. Venkatapura, PHC/CHC Byarakur, Taluk Mulbagal, District Kolar. 11 cases reported with vesicles, headache and fever. Three blood sent to DPHL"
Karnataka,Kolar,Chickenpox,11,0,04-12-22,05-12-22,"Kolar, where all samples tested positive.","headache and fever. Three blood sent to DPHL Kolar, where all samples tested positive. District RRT investigated the outbreak. Health education was given. Routine Fever and contact survey was carried out in the Village. Isolation of active cases was done. es reported from Village- K.M Doddi A, /CHC- K.M Doddi, CHC- Taluk Maddur, trict- Mandya with fever. Five blood, teen RAT Samples and Thirty six samples lected and sent to DSL Mandya, where all"
Karnataka,Mandya,Fever,36,0,05-12-22,09-12-22,five Blood Sample collected for Dengue &,"lected and sent to DSL Mandya, where all e Blood Sample collected for Dengue & kungunya tested negative, 15 tested for came Covid negative and 36 Blood Smear lected were negative. District RRT estigated the outbreak. Health education given. es reported from Village Gillesugur Camp, /CHC Gillesugur, Taluk Raichur, District chur with pain abdomen and vomiting. One"
Karnataka,Raichur,Food Poisoning,18,0,06-12-22,07-12-22,water sample collected and sent to DSL,"chur with pain abdomen and vomiting. One er sample collected and sent to DSL chur, and found unfit for consumption. trict RRT investigated the outbreak. Health cation was given. es reported from Village Gillesugur Camp, Gillesugur, Taluk Raichur, District chur. All cases had mild abdominal pain. water sample collected and sent to DSL"
Karnataka,Raichur,Food Poisoning,18,0,06-12-2022,07-12-2022,Under Control,"chur. All cases had mild abdominal pain. water sample collected and sent to DSL chur, where it was found fit for drinking by method. District RRT investigated the break. Health education was given. tribution of ORS packets was done. es reported from Village- Koli Camp, /CHC- Kallur, Taluk- Manvi, District- chur. Patient had history of Fever, vomiting, se stools & headache. One blood and Urine ple collected and sent to RCVRDL, NIV"
Karnataka,Raichur,Zika Virus,1,0,15-11-22,09-12-22,"Pune, which tested positive for zika virus.","ple collected and sent to RCVRDL, NIV e, which tested positive for zika virus. trict and state RRT investigated the break. Health education was given. Larva vey, source reduction activity, fever veillance, indoor fogging was done. Fever nic opened in Anganwadi center. es reported from PHC Kuppur and one case itted at GH Chikkanayakana Halli with iting, loose motions and pain abdomen. trict RRT investigated the outbreak. Health"
Karnataka,Tumakuru,Diarrheal,11,0,02-12-22,05-12-22,education on personal hygiene and sanitation,"trict RRT investigated the outbreak. Health cation on personal hygiene and sanitation given to the village authorities, ORS hets were distributed and health workers e advised to keep watch on new cases and ort immediately. es reported from Alappuzha Municipality en and child hospital- Zakariya ward and ch ward, SC Laganath, District Alappuzha. lve watr and Thirteen stool samples tested,"
Kerala,Alappuzha,Diarrheal,161,0,02-12-22,13-12-22,Under Surveillance,"lve watr and Thirteen stool samples tested, re three stool samples found positive for o virus and one for Entero virus. District investigated the outbreak. Health cation was given. es reported from Village Chelembra, SC lipparambu, PHC Chelembra, Block dotty, District Malappuram. One water"
Kerala,Malappuram,Food Poisoning,16,0,29-10-22,09-12-22,Under Surveillance,"lipparambu, PHC Chelembra, Block dotty, District Malappuram. One water ple tested, which showed presence of iforms. District RRT investigated the break. Health education was given. es reported from Village Vengara, SC iyora, PHC Vengara, Block Vengara, trict Malappuram. Two water samples"
Kerala,Malappuram,Food Poisoning,70,0,29-10-22,09-12-22,tested which showed presence of coliforms and,"trict Malappuram. Two water samples ted which showed presence of coliforms and ple found unsatisfactory for drinking poses. District RRT investigated the break. Health education was given. es reported from Village Pookkottur, SC dithodika, SC Pullara, MC Pookkottur, ck Pookkottur, District Malappuram. Ten"
Kerala,Malappuram,Measles,30,0,13-11-22,09-12-22,samples tested positive for PCR Measles in,"ck Pookkottur, District Malappuram. Ten ples tested positive for PCR Measles in te PH Lab Trivandrum. District RRT estigated the outbreak. Health education given. eported from SC Main Centre ram Municipality, UPHC ram, Block Pookkottur, District"
Kerala,Malappuram,Measles,28,0,14-11-22,09-12-22,Malappuram. Eleven samples collected and,"ram, Block Pookkottur, District ram. Eleven samples collected and positive for measles PCR. District RRT gated the outbreak. Health education en. eported from SC Kalkkulam, CHC , Block Chungathara, District ram. Two Skin Biopsy samples"
Kerala,Malappuram,Cutaneous Leishmaniasis,2,0,18-11-22,07-12-22,Under Surveillance,", Block Chungathara, District ram. Two Skin Biopsy samples ed and tested PCR positive at VCRC m. District RRT investigated the k. Health education was given. eported from Village Vadakarapathy, ipara, Ahalia IIT Palakkad, CHC de, FHC Ozhalapathy, District d. Water samples sent for lab"
Kerala,Palakkad,Food Poisoning,13,0,07-12-22,10-12-22,Under Control,"de, FHC Ozhalapathy, District d. Water samples sent for lab gation found unsatisfactory for tion purposes. District RRT gated the outbreak. Health education en. eported from CHC Ollur, Thrissur tion, District Thrissur. Four stool sent to GMC Thrissur and NIV ha, where two samples came culture"
Kerala,Thrissur,Diarrheal,66,0,24-11-22,10-12-22,positive for Nontyphoidal Salmonella from,"ha, where two samples came culture e for Nontyphoidal Salmonella from . Samples found (NIV ALP) e for Entero virus & Norovirus. District estigated the outbreak. Health on was given. presented to Jivanpura (urban Area), Achalpur,, Amaravati with following ms- Loose Motion, Vomiting, Nausea, nal pain, fever etc. Cases consumed jalebi, rabadi, dal, rice, mix veg, curd vada on the event of engagement on at Anil Inn mangalam Astamasiddhi. as prepared at 11.00 am on 02/12/2022 umed on 02/12/2022 at 2.30 pm. Food"
Maharashtra,Amravati,Diarrheal,61,0,06-12-22,07-12-22,Under Control,"umed on 02/12/2022 at 2.30 pm. Food nsumed by 1050 people and 61 were ed. No Food Sample & human samples ollected. Public Health Action taken Field epidemiological investigation done e day, immediate admission at SDH. nation of drinking water in affected area, to house Survey, Health Education food eating during summer season, food ation & personal hygiene was given. reported with fever with ocytopenia, headache, giddiness from e- Enjar, SC- Naduvapatti, PHC- aperi of district Virudhunagar. Eight samples taken, where three tested IgM Positive and one tested positive for d by Widal test. District RRT igated the outbreak. Health education"
Tamil Nadu,Virudhunagar,Fever,12,0,30-11-2022,07-12-2022,Under Control,"d by Widal test. District RRT igated the outbreak. Health education ven. House to House Fever surveillance ted. Source reduction done. 427 Houses overed with Antilarval work. Indoor and r thermal fogging done. Pipeline es was detected and the local body was cted to rectify that immediately. OHT d and chlorination done in the affected e. reported from UPHC Baikunthdham with vomiting, , loose stools and pain abdomen. 53 samples of water cted for testing by nagar nigam bhilai. Stool samples were cted and sent to aiims raipur for cultre sensitivity test. On .2022 formation of special task team done by Chief al Officer, Durg with dean of CCM Medical College,"
Chhattisgarh,Durg,Diarrheal,194,0,23-11-2022,,Under Control,"al Officer, Durg with dean of CCM Medical College, in which one md medicine, md pediatrics, psm and biology department were included. The team visited the ted area and discussed about clinical and field practices to plemented in affected area. Houshold survey, distribution S, zinc tablets, chlorine tablets was done. Emergency call e and base camp was established at UPHC Baikunthdham. with vomiting, pain abdomen and loose motions were ted from Kamleshbhai ki chawl, Dadra. Affected patients' samples and affected area’s water samples were taken for atory investigation. Patients found negative for Cholera. samples found not suitable for drinking from affected"
Dadra and Nagar Haveli,Haveli And,Diarrheal,10,0,12-11-2022,,Under Control,"area. Most probable chances of Outbreak would be by samples found not suitable for drinking from affected Most probable chances of Outbreak would be by minated food and drinking water consumption. District nvestigated the outbreak. Health education was given. recommended that the hygienic practices should be nicated in the affected area with behavior change nication to the affected local community. with fever and bodyache were reported from Block la, where larval density was found to be raised. ological indices being HI-4.84, BI-4.84 and CI-2.47"
Maharashtra,Kolhapur,Dengue,32,0,28-10-2022,,Under Control,"and the affected area being high risk, as it’s a center area where ological indices being HI-4.84, BI-4.84 and CI-2.47 he affected area being high risk, as it’s a center area where e from all over city and neighboring district visit in view mmercial point of view. District RRT investigated the eak. Health education was given. Cases reported from Vaishali Nagar, in Latur Block area, Sub center Babhalgaon, PHC Bori with fever less than 7 days. Nine blood serum sample tested for Chikungunya at Sentinel Testing Lab, Nanded from which eight people were found Chikungunya Under Positive by IgM ELISA. Blood serum for malaria sample of 10"
Maharashtra,Latur,Fever,19,0,30-11-2022,,Under Control,"Lab, Nanded from which eight people were found Chikungunya Under Positive by IgM ELISA. Blood serum for malaria sample of 10 Control people tested by DMO office Latur were all found negative by peripheral smear. District RRT investigated the outbreak. Health education was given. All necessary actions like fever survey, Container survey, fogging, abetting, IEC, sanitation survey were undertaken as per state guidelines. Cases reported from village- Mayapurwa, SD-Chhibramau, district –Kannauj with fever and sore throat. 10 samples collected and sent to Dept. of Microbiology KGMU, Lucknow for testing, in which 01 patient, the close contact of the Under"
Uttar Pradesh,Kannauj,Diphtheria,10,0,15-09-2022,,Under Control,"for testing, in which 01 patient, the close contact of the Under deceased was found Positive for Corynebacterium diphtheria Control on 22.09.2022. Thus 1 case lab confirmed & another 1 (the deceased) epidemiologically linked to the lab confirmed case. District RRT investigated the outbreak. Health education was given. Cases reported from village- Dunduwa Buzurg, Block Talgram, district Kannauj. Total 11 suspected children with Measles like symptoms were reported in the area. Under Serum samples of five children and Throat swab samples of"
Uttar Pradesh,Kannauj,Kannauj,11,0,12-10-2022,,Under Control,"reported in the area. Under Serum samples of five children and Throat swab samples of Control two children, a total of seven samples were collected on 14.10.2022 and sent to Lab for serological and virological testing where five children were found Measles Positive by PCR on 29.10.2022. District RRT investigated the outbreak. Health education was given. /www.mohfw.gov.in/"
Gujarat,Anand,Diarrheal,25,0,17-12-2022,17-12-2022,unsatisfactory for drinking with isolation of,"food sample. The water sample was found unsatisfactory for drinking with isolation of faecal E. coli while the food sample was found to be of substandard quality and showed growth of staphylococcus aureus. District RRT investigated the outbreak. Health education was given. Team gave treatment and surveillance continued in jol village. Cases reported from Village Kelawadi, PHC/CHC Katageri, Taluk Badami, District Bagalakote. Children at Kelawadi village of Brick kiln of Badami taluka reported with maculo papular, vasicular rahes. Six serum samples collected and sent to BMCRI,"
Karnataka,Bagalakote,Chickenpox,12,0,16-12-22,17-12-22,Under Surveillance,"maculo papular, vasicular rahes. Six serum samples collected and sent to BMCRI, Bengaluru, where they tested positive Herpes zoster by PCR. District RRT investigated the outbreak. Health education was given. Vit A administered. IEC regarding the prevention of disease and personal protective measures were done by the front line workers. ted from Village Balepuni, nadu, Taluk Bantwal, District nnada where students had fever, cold, cough and vomiting. t swab samples seven blood d three water samples collected HIMS, Hassan, VRDL Mangalore. hroat samples tested positive for (H3N2). Seven blood samples are"
Karnataka,Dakshina Kannada,Influenza A (H3N2),48,0,12-12-22,17-12-22,tested negative for Dengue and leptospirosis,"(H3N2). Seven blood samples are tive for Dengue and leptospirosis three Water samples are not r portable purpose. District RRT d the outbreak. Health education RRT team visited the hostel and etailed information. Active e for search of fever cases in the done. Instructed hostel authority s to maintain clean and hygienic ted from Village Haramaghatta, hatta, Shivamogga Taluk, ivamogga. Fever with rashes cases ed. One blood serum sample sent"
Karnataka,Shivamogga,Fever With Rash,12,0,12-12-22,16-12-22,"to NIV Bengaluru, and the result was negative","ed. One blood serum sample sent aluru, and the result was negative la zoster. District RRT investigated k. Health education was given. use Survey conducted by the . ted from Village Kadavanthra, Kadavanthara, CHC/Block District Ernakaulam. Two water"
Kerala,Ernakulam,Food Poisoning,31,0,11-12-22,12-12-22,samples collected and sent to Regional,"District Ernakaulam. Two water lected and sent to Regional lab, Ernakulam, where one found . District RRT investigated the ealth education was given. s reported from CHC Pappinissery, PHC ukunnu (P), MC Cherukunnu, Cherukunu District Kannur with pain abdomen and"
Kerala,Kannur,Food Poisoning,179,0,10-12-22,13-12-22,Under Surveillance,"ukunnu (P), MC Cherukunnu, Cherukunu District Kannur with pain abdomen and ting. No samples collected for ination. District RRT investigated the reak. Health education was given. s reported from Tirurangadi Municipal , SC Tirurangadi, CHC Neduva, Block va, District Malappuram with fever and"
Kerala,Malappuram,Hepatitis A,49,0,11-11-22,19-12-22,loose motions. Six samples collected and sent,"va, District Malappuram with fever and e motions. Six samples collected and sent H Lab Malappuram and all tested Hep A positive. District RRT investigated the reak. Health education was given. s reported from PO-Shimpala, Taluka- li, PHC-Sagroli, SC-Sagroli, District- ed with symptoms of vomiting, diarrhea stomach pain. Five Stool & Vomiting le were collected & sent to DPHL, ed where Salmonella spp was isolated. rict RRT investigated the outbreak. Health"
Maharashtra,Nanded,Diarrheal,121,0,15-12-2022,15-12-2022,Under Control,"rict RRT investigated the outbreak. Health ation was given. RRT advised village orities for immediate supply of purified r to villagers and for ensuring availability hlorinated water to all. Gram sevak along health team was asked to monitor ssary mitigation activities daily for next n days. s reported from ZPHS (Girls) Khanapur, Pembi, District Nirmal with loose stools pain abdomen. Two water samples sent to"
Telangana,Nirmal,Food Poisoning,16,0,15-12-22,16-12-22,Under Control,"Pembi, District Nirmal with loose stools pain abdomen. Two water samples sent to where no pathogens were found. District investigated the outbreak. Health ation was given. Cases reported from Village Kotaladinne, PHC/CHC Hossuru, Taluk Gauribidanur, District Chikkaballapura. One blood"
Karnataka,Chikkaballapura,Rabies,4,1,30-10-22,,Under Surveillance,"Taluk Gauribidanur, District Chikkaballapura. One blood sample collected and sent to NIV Bengaluru result negative. nce The deceased was a 5 year old male child. District RRT investigated the outbreak. Health education was given. Cases reported from Village Vadakarapathy, SC Ozhalapathy, FHC Nanniyode, CHC Ahalia IIT Palakkad, District Palakkad"
Kerala,Palakkad,Food Poisoning,13,0,07-12-22,,Under Surveillance,"FHC Nanniyode, CHC Ahalia IIT Palakkad, District Palakkad with vomiting and loose motions. Water samples collected and nce coliforms detected in them. District RRT investigated the outbreak. Health education was given. hfw.gov.in/"
Chhattisgarh,Balod,Diarrheal,15,0,19-12-2022,20-12-2022,sent to PHE balod. All water samples found,"abdomen and vomiting. Seven water sample sent to PHE balod. All water samples found safe for drinking. District RRT investigated the outbreak. Health Education given in village. Cases reported from Area VPO Jattal, Shiv nagar and ara azad nagar Panipat, PHC/CH Kawi/Madlauda, District Panipat with fever"
Haryana,Panipat,Measles,7,0,03-12-22,20-12-22,and rashes. District RRT investigated the,"Kawi/Madlauda, District Panipat with fever and rashes. District RRT investigated the outbreak. Health education was given. Symptomatic treatment was given. Vitamin A prophylaxis given to suspected. Cases reported from Village Suresh Nagara, PHC/CHC SMK Nagara, Taluk Davangere, District Davangere. Patient suffered from nausea, breathlessness and tachycardia. One"
Karnataka,Davangere,Leptospirosis,1,1,19-12-22,20-12-22,sample collected and sent to Yenapoya,"nausea, breathlessness and tachycardia. One sample collected and sent to Yenapoya Medical College Hospital, tested positive for leptospirosis. The deceased was a 28 years old female. District RRT investigated the outbreak. Health education was given. Cases reported from Village/PHC/CHC Sarve, Taluk Puttur, District Dakshina Kannada. Patient reported with symptoms of fever, cough, pain in the abdomen. One blood"
Karnataka,Dakhina Kannada,Leptospirosis,1,1,24-11-22,20-12-22,sample collected and sent to DPHL Dakshin,"cough, pain in the abdomen. One blood sample collected and sent to DPHL Dakshin Kannada, tested positive for leptospirosis. The deceased was a 57years old male. District RRT investigated the outbreak. Health education was given. om Village Alawandi Village ment Hospital Alwandi, Taluk Koppal, District orted from pre metric girls h symptoms of Vomiting, dominal pain, dysentery ter samples collected and"
Karnataka,Koppal,Food Poisoning,20,0,19-12-22,20-12-22,Under Control,"dominal pain, dysentery ter samples collected and r and found SPP with H2S RRT investigated the education was given and rden regarding supply of tered water, maintenance of paring food. proper storage the hostel om Village Chinakuralli, inakuralli CHC, Taluk rict Mandya. Cases of fever ted from Karnataka public"
Karnataka,Mandya,Chickenpox,37,0,19-12-22,20-12-22,school Chinnakurali. Six blood samples,"ted from Karnataka public li. Six blood samples t to NIV Bengaluru, where ed positive for chickenpox. stigated the outbreak. Health en. om Village/PHC/CHC SS r, District Tumkur with ls, vomiting and nausea from Vomitus, Thirteen water ples collected, where one owed no growth after 48"
Karnataka,Tumkur,Food Poisoning,80,0,15-12-22,20-12-22,Under Surveillance,"ples collected, where one owed no growth after 48 on, out of 13 water samples, to be non-potable by MPN ic bacterial pathogens samples. District RRT outbreak. Health education rted from Village Aralikerehalli, ppuru, Taluk C N Halli, District h fever and cough. One stool and samples sent to DPHL Tumkur of 5 water samples, 4 samples"
Karnataka,Tumkur,Fever & URTI,16,0,10-12-22,22-12-22,Under Surveillance,"samples sent to DPHL Tumkur of 5 water samples, 4 samples on potable by MPN Test and the le showed no enteric bacterial strict RRT investigated the Health education was given. on of water supplies was carried out. rted from Ezhikkala, PHC , Kottuvally ward VII, District"
Kerala,Ernakulam,Food Poisoning,23,0,18-12-22,26-12-22,Ernakulam with pain abdomen and vomiting.,", Kottuvally ward VII, District with pain abdomen and vomiting. RT investigated the outbreak. Health was given. rted from Village Makreri, SC yi, PHC Peralassery, CHC/Block"
Kerala,Kannur,Food Poisoning,37,0,19-12-22,20-12-22,"Irivery, District Kannur with vomiting and","yi, PHC Peralassery, CHC/Block istrict Kannur with vomiting and en. District RRT investigated the Health education was given. rted from CHC Thiruvilwamala, pully, District Thrissur. Six stool llected and sent to GMC Thrissur"
Kerala,Thrissur,cute Gastro- Enteritis Acute,22,0,05-12-22,27-12-22,Under Surveillance,"pully, District Thrissur. Six stool llected and sent to GMC Thrissur ed no growth. District RRT ed the outbreak. Health education rted from ZPHS, Khanapur, Pembi ing, abdominal pain and headache. samples sent to RWS lab and no as isolated. District RRT"
Telangana,Nirmal,Diarrheal,16,0,17-12-2022,19-12-2022,Under Control,"as isolated. District RRT ed the outbreak. Health education DSO and Team visited ZPHS- nd created awareness on personal d conducted health camp. rba Ghandi Balika igonda, District e water samples S Adilabad, where"
Telangana,Adilabad,Diarrheal,35,0,25-12-22,26-12-22,one food sample showed presence of,"S Adilabad, where esence of reas the water District RRT . Health education rom Nava Nagar UHC, South East Zone of Corporation, Surat with fever and rash. atema Ahmad Asgar Shaikh, 03 Years 09 s per preliminary investigation fifteen cases ted in which 03 cases are Vaccinated as per cases vaccination status is unknown, so poor rea may contribute in spreading of Infection &"
Gujarat,Surat,Measles,15,0,01-11-2022,,Under Control,"play major part. District RRT investigated the outbreak. rea may contribute in spreading of Infection & District RRT investigated the outbreak. education was given. more cases & Immunization Session was ization by Local leaders during RI Sessions. lvement of local leaders, Maulana of e practioners, miking done by Maulana at maz, message was shared in Gujarati and rom AGMC-Vijayanagar health Centre in ipal Corporation area with maculopapular Seven blood samples have been sent to NIV, examination where four samples were found"
Maharashtra,Aurangabad,Measles,6,0,02-12-2022,,Under Control,"measles positive. District RRT investigated the outbreak. examination where four samples were found . District RRT investigated the outbreak. was given. Rapid Fever Survey was al Isolation Ward has been set up for the measles patients, special vaccination drive affected areas. ule, SC: Kirave, PHC: Niwade, apur with symptoms of loose akness etc. 12 water samples PHL, where out of 12 water be contaminated. District RRT ealth education was given. Valve"
Maharashtra,Kolhapur,Diarrheal,16,0,07-12-2022,,Under Control,"leakages were repaired, House to house survey and ealth education was given. Valve e to house survey and s carried out. Rapid & Daily m the onset of cases, Interruption g the disease through Personal through Davandi and Health phylaxis Treatment of cases hened. adi masa/Allabad, SC: Blewadi Tal: Kagal, Dist: Kolhapur with dominal pains, weakness etc. stool samples were collected and water samples were found to be s were grown in stool culture. e outbreak. Health education was"
Maharashtra,Kolhapur,Diarrheal,50,0,05-12-2022,,Under Control,"given. Active identification & controlling source of infection. e outbreak. Health education was & controlling source of infection. , House to house survey and s carried out Rapid & Daily m the onset of cases, Interruption g the disease through Personal through Davandi and Health phylaxis Treatment of cases hened. choti, PHC- Revdanda, Taluka symptoms of dyspnea, B/L leg etc. Total 28 Sample were sent Lab. for ELISA Test where two"
Maharashtra,Raigad,Leptospirosis,28,1,25-11-2022,,Under Control,"samples found positive. The decerased was Mr. Shankar Posu Lab. for ELISA Test where two decerased was Mr. Shankar Posu trict RRT investigated the as given. Rapid Fever Survey going to the field barefoot Cases reported with fever and rash. The index case 6 yr old male child, student of GPS Vadamangalam, traced to Murungan koil street on 22nd Nov 2022. His mother suffered from Herpes Zoster for one week. Out of the 15 affected 3 children belonged to neighbouring Tamilnadu area and after line listing cross notified. The school children were screened"
Puducherry,Puducherry,Chickenpox,15,0,30-11-2022,,Under Control,"line listing cross notified. The school children were screened for signs and symptoms of the chicken pox on 30th Nov 2022. Directorate of Education informed of the incidence and School closed for a week and disinfected. Active case search maintained for a period of 28 days. All cases isolated and managed symptomatically. All the school children of GPS Vadmangalam immunized for age. Relevant IEC/BCC activities carried out. Cases reported from village- Kesari Kheda, Kudha, Mohanlalganj with fever and rash. 4 Samples out of total five were found positive for Varicella Zoster Virus. District RRT investigated the outbreak. Health education was given. A"
Uttar Pradesh,Lucknow,Chickenpox,5,0,09-12-2022,,Under Control,"were found positive for Varicella Zoster Virus. District RRT investigated the outbreak. Health education was given. A medical team under Dr Ashok Kumar, with LT & BHW was constituted and visited the affected area. Essential medicines have been distributed in the village. House to house surveillance has been done. .gov.in/"
Karnataka,Chikkaballapura,Fever,15,0,24-12-22,30-12-22,Under Control,"investigated the outbreak. Health education was given regarding use of mosquito repellants & use of safe drinking water. Fever & larva survey was done by health workers. Health check-up was done to all school children by the Sadli PHC Medical officer. Adviced for source reduction & larvae surveillance activities. Instructed to Gram Panchayath to take up fogging activity & maintain sanitation of the village. Cases reported from Village Dasakoppa, PHC/CH Anadapura, Taluk Sagara, District Shivamogga with loose motions and vomiting after attending a religious ceremony and eating food from there. Three water samples"
Karnataka,Shivamogga,Food Poisoning,25,0,26-12-22,28-12-22,Under Surveillance,"after attending a religious ceremony and eating food from there. Three water samples collected and sent to DSL Shivamogga, where one sample found to be unsatisfactory for consumption by H2S method. District RRT investigated the outbreak. Health education was given. illage Mahalakshmi , Taluk Gubbi, fever and cough from esidential school. Four serum samples"
Karnataka,Tumkur,r & I,25,0,26-12-22,26-12-22,"collected and sent to DPHL Tumkur, where","serum samples DPHL Tumkur, where e found to be non- samples tested negative ganism. District RRT reak. Health education illage Kote Beedi, SC Vadagere, Taluk Tumkur with fever and ples collcted and sent positive for SA, and two water Tumkur where both"
Karnataka,Tumkur,Chickenpox,12,0,25-12-22,29-12-22,Under Surveillance,"SA, and two water Tumkur where both MPN test. District RRT reak. Health education ntact survey carried out Isolation of active cases. ing the disease & iven to all students and alayidamthuruth, bavoor, Perumbavur t Ernakulam with tions. Two water"
Kerala,Ernakulam,d ning,16,0,26-12-22,26-12-22,sample collected and sent to Regional public,"tions. Two water sent to Regional public where both samples oliforms and were investigated the outbreak. given. ted from SC Keezhvaipur, Ward Panchayath Mallpally, Block m, District Pathanamthitta with n, vomiting and loose motions. es collected and sent to Public"
Kerala,Pathanamthitta,Food Poisoning,23,0,29-12-22,02-01-22,"Health Laboratory, Kozhenchery and State","es collected and sent to Public ratory, Kozhenchery and State where samples were found PCR r viral gastroenteritis and culture, r pathogens. District RRT d the outbreak. Health education ted from PO- Shindewadi, SC- -Borpadale, Tal- Panhala, Dist- th symptoms of nausea, vomiting ion etc. 11 water samples and samples were collected and were L, out of 11 water samples 10 e contaminated whereas no owth was detected in stool o deceased were Ku. Ritu Suresh"
Maharashtra,Kolhapur,Diarrheal,44,2,28-12-2021,28-12-2021,"Pawra, 04yrs. Female and Mrs. Rajeshri","o deceased were Ku. Ritu Suresh s. Female and Mrs. Rajeshri r, 50yrs female. District RRT d the outbreak. Health education Active identification and control of nfection carried out. Valve leakages ed, Medichlor distribution to all the se to house survey and n of water samples carried out. and prophylactic treatment of uspects done. Cases reported from Village – Avarampatti, Subcenter – Mylapur with symptoms of vomiting and loose stools. Seven Stool and seven water samples were sent for investigation where they showed absence of Under"
Tamil Nadu,Dindigul,Diarrheal,48,0,28-12-2021,29-12-2021,"Salmonell, Shigella, Vibrio cholera and","investigation where they showed absence of Under Salmonell, Shigella, Vibrio cholera and Control pathogenic Escherichia coli. District RRT investigated the outbreak. Health education was given. Advised to chlorinate the drinking water. The entire area kept under surveillance by Health staff. Cases reported from village Arajpuri and Bhimdo, Block- Dondilohara with fever. Two serum sample collected and sent"
Chhattisgarh,Balod,Sc lod Typ,2,0,10-12-2021,,Under Control,Dondilohara with fever. Two serum sample collected and sent to AIIMS Raipur which is found positive for Scrub typhus. District RRT investigated the outbreak. Health education was given. Door to door survey done. v.in/
Assam,Lakhimpur,Acute Diarrheal Disease,16,0,03-01-2025,03-01-2025,Under Surveillance,"Cases were reported from Village Bilotia Kathani, Sub-District Naobaicha, District Lakhimpur. Cases presented with loose motion and pain abdomen. 4 stool samples and 1 water sample were collected and sent to DPHL, Telahi Model hospital. Stool samples did not show growth of any pathogenic organism. Water sample found unfit for potable purpose. District RRT investigated the outbreak. Community awareness and health education given by peripheral team on control measures, hygiene and sanitation."
Chhattisgarh,Durg,Acute Diarrheal Disease,49,0,30-12-2024,31-12-2024,Under Surveillance,"Cases were reported from Village Puraina, Sub-District Patan, District Durg. Cases presented with loose motion, and vomiting. 10 water samples were collected and sent to PHE Balod. District RRT investigated the outbreak. Community awareness and health education given by peripheral team on control measures, hygiene and sanitation."
Chhattisgarh,Mahasamund,Acute Diarrheal Disease,59,0,03-01-2025,05-01-2025,Under Surveillance,"Cases were reported from Village Garhsiwani, Sub-District Mahasamund, District Mahasamund. Cases presented with loose motion, and vomiting. 3 stool samples sent to Hamar lab Raipur. Stool samples did not show growth of any pathogenic organism. District RRT investigated the outbreak. Community awareness and health education given by peripheral team on control measures, hygiene and sanitation."
Gujarat,Mahesana,Acute Diarrheal Disease,8,0,04-01-2025,04-01-2025,Under Surveillance,"Cases were reported from Sub-District Mahesana, District Mahesana. Cases presented with loose motion, and vomiting. 2 stools samples were collected and sent to DPHL Mehsana. Both samples found negative for Vibrio cholera. District RRT investigated the outbreak. Community awareness and health education given by peripheral team on control measures, hygiene and sanitation."
Jammu and Kashmir,Pulwama,Hepatitis A,21,0,02-01-2025,02-01-2025,Under Surveillance,"Cases were reported from Village Naibugh, Sub-District Tral, District Pulwama. Cases presented with jaundice, fatigue and abdominal pain. Total 10 blood samples and 5 water samples were collected and sent to DPHL Pulwama. 2 blood samples came positive for Hepatitis A IgM by ELISA and 4 water samples found unfit for potable purpose. District RRT investigated the outbreak. Age group of the affected cases were 6-20 years. Cases treated symptomatically. Community awareness and health education given by peripheral team on hygiene and sanitation."
Jharkhand,Latehar,Enteric fever,25,0,04-01-2025,04-01-2025,Under Surveillance,"Cases were reported from Village Barwadih (CT), Kalyanpur, Luhur, Sub-District Barwadih, District Latehar. Cases presented with fever, abdominal discomfort and nausea. 25 blood samples out of 58 came positive for salmonella infection (8 for Salmonella typhi and 17 for salmonella Para typhi) by Widal at CHC. District RRT investigated the outbreak. Cases treated symptomatically. Community awareness and health education given by peripheral team on hygiene, and sanitation."
Karnataka,Mysuru,Food Poisioning,36,0,03-01-2025,03-01-2025,Under Control,"Cases were reported from Govt. high School, Village Hosaramanahalli, Sub-District Hunsur, District Mysuru. Cases presented with loose stools, pain abdomen and vomiting. 2 stool sample and 2 water samples were collected and sent to DPHL Mysuru. Stool samples did not show growth of any pathogenic organism. Water samples found fit for potable purpose. District RRT investigated the outbreak. All the cases developed the symptoms after eating cake from a nearby bakery. Cases treated symptomatically. Community awareness and health education given by peripheral team on hygiene and sanitation."
Kerala,Kannur,Food Poisioning,359,0,03-01-2025,05-01-2025,Under Surveillance,"Cases were reported from Village Kankole, Sub-District Payyannur, District Kannur. Cases presented with loose stools, pain abdomen and vomiting. 1 water sample found unfit for potable purpose (Coliform detected). District RRT investigated the outbreak. All the cases developed the symptoms after eating the food in a festival. Cases treated symptomatically. Community awareness and health education given by peripheral team on hygiene and sanitation."
Kerala,Kasaragod,Food Poisioning,40,0,31-12-2024,31-12-2024,Under Control,"Cases were reported from Govt. Higher Secondary School, Chayyoyh, Village Cheruvathur (OG), Sub-District Hosdurg, District Kasaragod. Cases presented with pain abdomen, nausea, vomiting and loose stools. 1 stool sample was sent for culture, did not show growth of any pathogenic organism. District RRT investigated the outbreak. All the cases developed the symptoms after eating the food in school cultural event. Food was arranged from a local restaurant. Cases treated symptomatically. Community awareness and health education given by peripheral team on hygiene and sanitation."
Kerala,Kollam,Food Poisioning,22,0,30-12-2024,30-12-2024,Under Surveillance,"Cases were reported from Darool Uloom Madrasa in Meppady, Village Sasthamkotta, Sub-District Kunnathur, District Kollam. Cases presented with pain abdomen, nausea, vomiting. District RRT investigated the outbreak. All the cases developed the symptoms after eating the food in a meeting. Cases treated symptomatically. Community awareness and health education given by peripheral team on hygiene and sanitation."
Kerala,Palakkad,Food Poisioning,44,0,02-01-2025,03-01-2025,Under Surveillance,"Cases were reported from Village Ongallur -I (CT), Sub-District Pattambi, District Palakkad. Cases presented with loose stools and vomiting. District RRT investigated the outbreak. All the cases developed the symptoms after eating the food in a marriage function. Cases treated symptomatically. Community awareness and health education given by peripheral team on hygiene and sanitation."
Kerala,Palakkad,Mumps,36,0,01-01-2025,02-01-2025,Under Surveillance,"Cases were reported from SBS Olaseri Govt. added school, Village Kodumba, Sub-District Palakkad, District Palakkad. Cases presented with throat pain and swelling in parotid glands. Cases were clinically diagnosed as Mumps. District RRT investigated the outbreak. Cases treated symptomatically. Age group of the affected cases was 3-33 years. Community awareness and health education given by peripheral team on, hygiene and sanitation."
Madhya Pradesh,Narsinghpur,Acute Diarrheal Disease,19,0,04-01-2025,04-01-2025,Under Surveillance,"Cases were reported from Village Mohad, Sub- District Kareli, District Narsinghpur. Cases presented with loose stools, vomiting, weakness and pain abdomen. District RRT investigated the outbreak. Cases treated symptomatically. Community awareness and health education given by peripheral team on hygiene and sanitation."
Madhya Pradesh,Sehore,Measles,11,0,30-12-2024,30-12-2024,Under Surveillance,"Cases were reported from Village Tiladia, Sub- District Nasrullaganj, District Sehore. Cases presented with fever with rash. 12 blood samples were collected and sent to GMC Bhopal. 11 samples found positive for the Measles IgM by ELISA. District RRT investigated the outbreak. Age group of the affected cases was 1-10 years. Cases treated symptomatically. Vitamin A solution was given to the susceptible. Vaccination status Community awareness and health education given by peripheral team on vaccination, hygiene and sanitation."
Maharashtra,Amravati,Acute Diarrheal Disease,20,0,29-12-2024,30-12-2024,Under Surveillance,"Cases were reported from Village Adgaon, Sub-District Morshi, District Amravati. Cases presented with vomiting, loose stools, nausea and pain abdomen. 2 stool samples and 4 water samples were collected and sent to DPHL Amravati. Stool samples did not show growth of any pathogenic organism. Water samples found unfit for potable purpose. District RRT investigated the outbreak. Cases treated symptomatically. Community awareness and health education given by peripheral team on hygiene and sanitation."
Maharashtra,Raigad,Acute Diarrheal Disease,62,0,29-12-2024,30-12-2024,Under Surveillance,"Cases were reported from Village Dighode, Sub-District Uran, District Raigad. Cases presented with vomiting, loose stools, nausea and pain abdomen. 5 stool samples were collected and sent to Grant Medical College Hospital, Mumbai. Stool samples did not show growth of any pathogenic organism. District RRT investigated the outbreak. Cases treated symptomatically. Community awareness and health education given by peripheral team on hygiene and sanitation."
Maharashtra,Satara,Chikungunya,17,0,01-01-2025,01-01-2025,Under Surveillance,"Cases were reported from Village Shendurjane, Sub-District Koregaon, District Satara. Cases presented with fever with weakness. 19 Blood samples were collected and sent NIV Pune. 17 samples found positive for Chikungunya IgM by ELISA. District RRT investigated the outbreak. Cases treated symptomatically. Community awareness and health education given by peripheral team on vector control measures, hygiene, and sanitation."
Odisha,Deogarh,Acute Diarrheal Disease,17,0,30-12-2024,30-12-2024,Under Control,"Cases were reported from Village Basudebpur, Sub-District Debagarh, District Deogarh. Cases presented with vomiting abdominal cramps and loose stools. 2 water samples were collected and sent to DPHL Deogarh. Both samples found fit for potable purpose. District RRT investigated the outbreak. Cases treated symptomatically. Community awareness and health education given by peripheral team on hygiene and sanitation."
Odisha,Rayagada,Malaria,24,0,31-12-2024,01-01-2025,Under Control,"Cases were reported from Village Sukalpadu, Sub-District Gudari, District Rayagada. Cases presented with fever with headache. A total 24 samples found positive for malaria (20 for Plasmodium falciparum and 4 for Plasmodium vivax by RDT and Peripheral Blood Smear at DPHL Rayagada. District RRT investigated the outbreak. Cases treated with anti-malarial and other supportive measures. Community awareness and health education given by peripheral team on vector control measures, hygiene, and sanitation."
Odisha,Rayagada,Malaria,16,0,31-12-2024,01-01-2025,Under Control,"Cases were reported from Village Poligam, Sub-District Kalyanasingpur, District Rayagada. Cases presented with fever with headache. A total 17 samples found positive for malaria (09 for Plasmodium falciparum, 05 for Plasmodium vivax and 03 mixed) by RDT and Peripheral Blood Smear at DPHL Rayagada. District RRT investigated the outbreak. Cases treated with anti-malarial and other supportive measures. Community awareness and health education given by peripheral team on vector control measures, hygiene, and sanitation."
Odisha,Rayagada,Malaria,13,0,31-12-2024,01-01-2025,Under Control,"Cases were reported from Village Mushki, Sub-District Padmapur, District Rayagada. Cases presented with fever with headache. A total of 13 samples found positive for malaria (10 for Plasmodium falciparum, 02 for Plasmodium vivax and 01 mixed) by RDT and Peripheral Blood Smear at DPHL Rayagada. District RRT investigated the outbreak. Cases treated with anti-malarial and other supportive measures. Community awareness and health education given by peripheral team on vector control measures, hygiene, and sanitation."
Odisha,Rayagada,Malaria,30,0,31-12-2024,01-01-2025,Under Control,"Cases were reported from Village J K Paper mill colony area, Sub-District Rayagada, District Rayagada. Cases presented with fever with headache. A total of 30 samples found positive for malaria (29 for Plasmodium falciparum, 01 for Plasmodium vivax) by RDT and Peripheral Blood Smear at DPHL Rayagada. District RRT investigated the outbreak. Cases treated with anti-malarial and other supportive measures. Community awareness and health education given by peripheral team on vector control measures, hygiene, and sanitation."
Tamil Nadu,Erode,Diphtheria,1,1,29-12-2024,30-12-2024,Under Control,"Case was reported from Village Iyampalayamarisana colony, Sub-District Bhavani, District Erode. A 39-year-old male, presented with fever. 1 blood sample was collected and sent to SPHL Chennai. It came positive for Diphtheria on culture. District RRT investigated the outbreak. Cases treated symptomatically. He expired on 30-12-2024 due to Severe Refractory Metabolic acidosis, Cardigenic shock/Acute Coronary Syndrome, Subacute Infective endocarditis and Type II Diabetes Mellitus Community awareness and health education given by peripheral team on hygiene and sanitation."
Tamil Nadu,Tiruchirappalli,Mumps,6,0,31-12-2024,02-01-2025,Under Surveillance,"Cases were reported from Village Nagamangalam (CT), Sub-District Srirangam, District Tiruchirappalli. Cases presented with swelling of parotid glands, pain and fever. 3 serum and 3 swabs were collected and sent to King Institute Chennai. All three serum samples came positive for Mumps IgM by ELISA and 3 swabs came positive for Mumps by RT-PCR. District RRT investigated the outbreak. Cases treated symptomatically. Age group of the affected cases was 1-15 years. Community awareness and health education given by peripheral team on, hygiene and sanitation."
Uttar Pradesh,Lalitpur,Fever with rash,12,0,29-01-2024,30-12-2024,Under Surveillance,"Cases were reported from village Bijouri, CHC Birdha, District Lalitpur. Cases presented with fever with rash. 5 blood samples and 2 throat swabs were collected and sent to SGPGI Lucknow. Throat swabs found negative for Measles and Rubella by RT-PCR. One sample found positive for Measles IgM by ELISA. District RRT investigated the outbreak. Age group of the affected cases was 3-15 years Cases treated symptomatically. Community awareness and health education given by peripheral team on vaccination, hygiene and sanitation."
Bihar,Jamui,Typhoid,37,0 03-12-2024,,,Under Surveillance,"Cases were reported from health facility CHC Gidhaur, Villages Sansarpur, Sewa, Bandhaura, Banadih, Gidhaur, Gangra, Dhobghat and Ketru Nawada, Sub-District Gidhaur, District Jamui. Cases presented with fever, nausea, loss of appetite. 37 blood samples came positive for Typhoid by Widal at CHC Gidhaur. District RRT investigated the outbreak. Cases treated symptomatically. Community awareness and health education given by peripheral team on hygiene, and sanitation."
Uttar Pradesh,Balrampur,Acute Diarrheal Disease,31,0 25-08-2024,,,Under Control,"Cases were reported from village Gulriha Hisampur, Sub- District Tulsipur, District Balrampur. Cases presented with loose stools and vomiting. District RRT investigated the outbreak. Cases treated symptomatically. Community awareness and health education given by peripheral team on hygiene and sanitation."
Uttar Pradesh,Balrampur,Acute Diarrheal Disease,21,0 21-08-2024,,,Under Control,"Cases were reported from village Choubey Bithuriya, under CHC Shivpura, Sub-District Balrampur, District Balrampur. Cases presented with loose stools and vomiting. District RRT investigated the outbreak. Cases treated symptomatically. Community awareness and health education given by peripheral team on hygiene and sanitation."
Andhra Pradesh,Anakapalli,Acute Diarrheal Disease,22,0,08-01-2025,09-01-2025,Under Surveillance,"Cases were reported from a hostel in Sub- District Narsipatnam, District Anakapalli. Cases presented with vomiting and loose stools. One stool and 4 water samples were collected and sent to Andhra Medical College and Regional lab, Vishakhapatnam respectively. One stool sample showed growth of E.coli on culture. Water samples were found to be potable. District RRT investigated the outbreak. Cases treated symptomatically. Community awareness and health education given by peripheral team on hygiene and sanitation."
Andhra Pradesh,Tirupati,Food Poisoning,23,0,04-01-2025,06-01-2025,Under Surveillance,"Cases were reported from a Girls High School in Village Chandragiri, Sub-District Chandragiri, District Tirupati. Cases presented with vomiting and pain abdomen. All the case developed the symptoms after eating mid-day meal in the school. Water samples sent for testing, were found to be fit for potable purpose. District RRT investigated the outbreak. Cases treated symptomatically. Community awareness and health education given by peripheral team on hygiene and sanitation."
Assam,Nagaon,Diphtheria,1,1,11-01-2025,11-01-2025,Under Surveillance,"Case was reported from Juria MPHC, Village: Pub- Chatian, Sub-District: Rupahi, District: Nagaon. A 15 year old female presented with fever, cough and throat pain. The vaccination status of the case was unknown. one throat swab was collected and sent to Microbiology department, GMCH & Arya Wellness Centre, Guwahati, in which “few KLB like bacilli seen” in Albert Stain. District RRT investigated the outbreak. Community awareness and health education given by peripheral team on control measures, hygiene and sanitation. Death of a 15 year old female has occurred due to Diphtheria n 10-01-2025 at Guwahati Medical College and Hospital (GMCH), Guwahati."
Assam,Nagaon,Measles,8,0,06-01-2025,07-01-2025,Under Surveillance,"Cases were reported from Simonabosti BPHC, Village: Lengteng Gaon, Sub-District: Kaliabor, District: Nagaon. Cases presented with fever with rash & cough. The most affected age group was 1-30 years. Total 7 blood samples were collected and sent to Microbiology department, GMCH, Guwahati, out of which 1 was positive for Measles IgM by ELISA. The affected case had receive 1 dose of MR vaccine. All other cases were clinically diagnosed. District RRT investigated the outbreak. Community awareness and health education given by peripheral team on control measures, hygiene and sanitation."
Bihar,Jehanabad,Chickenpox,15,0,08-01-2025,08-01-2025,Under Surveillance,"Cases were reported from Village Bhawani Chak, Sub-District Jehanabad, District Jehanabad. Cases presented with fever with rash. Age group of the affected cases was 1-6 years. Three blood samples were collected and sent to PMCH, Patna, all were positive for Varicella Zoster IgM by ELISA. All other cases were epidemiologically linked cases. District RRT investigated the outbreak. Cases treated symptomatically. Vitamin A solution were given to them. Community awareness and health education given by peripheral team on vaccination, hygiene and sanitation."
Bihar,Purbi Champaran,Chickenpox,5,0,09-01-2025,10-01-2025,Under Surveillance,"Cases were reported from Village Kairabani, Sub-District Dumka, District Dumka. Cases presented with fever with rash. Age group of the affected cases was 4-15 years. Three blood samples were collected and sent to DPHL Dumka, all were positive for Varicella Zoster IgM by ELISA. District RRT investigated the outbreak. Cases treated symptomatically. Vitamin A solution were given to susceptible. Community awareness and health education given by peripheral team on vaccination, hygiene and sanitation."
Chhattisgarh,Baloda Bazar,Mumps,15,0,09-01-2025,09-01-2025,Under Control,"Cases were reported from Health Facility: Lavan, Village: Amera, Sub-District: Baloda Bazar, District: Baloda Bazar. Cases presented with swelling in cheek, pain in the neck, fever, and difficulty in swallowing. All cases were less than 10 years of age. Two samples were sent to AIIMS Raipur, both were negative for Mumps. All cases were diagnosed clinically. District RRT investigated the outbreak. Community awareness and health education given by the peripheral team on hygiene and sanitation."
Chhattisgarh,Kondagaon,Food Poisoning,45,0,10-01-2025,10-01-2025,Under Surveillance,"Cases were reported from Health Facility: Bahigaon, Sub-District: Keskal. Cases presented with diarrhea and vomiting after consumption of food in a death ceremony. District RRT investigated the outbreak. Community awareness and health education given by peripheral team on hygiene and sanitation."
Haryana,Gurugram,Acute Diarrheal Disease,59,0,08-01-2025,09-01-2025,Under Control,"Cases were reported from PHC: Bhangrola, Village: Sikanderpur Badha, Sub-District: Harsaru ST, District: Gurugram. Cases presented with diarrhea, fever, pain abdomen. All age groups were affected. Water samples sent to SSH Lab Sector 10, which were found to be fit. District RRT investigated the outbreak. Community awareness and health education given by peripheral team on control measures, hygiene and sanitation."
Jammu and Kashmir,Baramulla,Hepatitis A,13,0,06-01-2025,07-01-2025,Under Surveillance,"Cases reported from Village Zamboor, Block Pattan, District Baramulla. Cases presented with chief complaints of fever, yellow discoloration of eyes and fatigue. The affected age group was 8-14 years. Total 6 blood samples were collected and sent to DPHL Baramulla, out of which 4 were positive for Hepatitis A IgM by ELISA. Two water samples were also collected and sent to DPHL Baramulla, both were found to be satisfactory. District RRT investigated the outbreak. Community awareness and health education given by peripheral team on control measures, hygiene and sanitation."
Jammu and Kashmir,Ganderbal,Acute Hepatitis,16,0,10-01-2025,10-01-2025,Under Surveillance,"Cases reported from Bhat Mohalla, Huda Mohalla and Zadi Mohalla, Block Lar, District Ganderbal. Cases presented with chief complaints of fever, yellow discoloration of eyes, fatigue. The affected age group was 5-20 years. Total 6 blood samples were collected and sent to DPHL Ganderbal, all were positive for Hepatitis A IgM by ELISA. Three water samples were also collected and sent to DPHL Ganderbal. All were found to be satisfactory. District RRT investigated the outbreak. Community awareness and health education given by peripheral team on control measures, hygiene and sanitation."
Jammu and Kashmir,Poonch,Acute Diarrheal Disease,16,0,08-01-2025,08-01-2025,Under Surveillance,"Cases were reported from a Madarsa in Village: Arai, Health Facility: Mendhar, Chatt, Sub-District: Mendhar, District: Poonch. Cases presented with diarrhea and vomiting. The affected age group was 8-15 years and 30-45 years. District RRT investigated the outbreak. Community awareness and health education given by peripheral team on control measures, hygiene and sanitation."
Jharkhand,Dumka,Chickenpox,7,0,09-01-2025,10-01-2025,Under Surveillance,"Cases were reported from Village Kairabani, Sub-District Dumka, District Dumka. Cases presented with fever with rash. Age group of the affected cases was 4-15 years. Three blood samples were collected and sent to DPHL Dumka, all were positive for Varicella Zoster IgM by ELISA. District RRT investigated the outbreak. Cases treated symptomatically. Vitamin A solution were given to susceptible. Community awareness and health education given by peripheral team on vaccination, hygiene and sanitation."
Jharkhand,Dumka,Chickenpox,12,0,08-01-2025,09-01-2025,Under Surveillance,"Cases were reported from Village Namimahal, Sub-District Masalia, District Dumka. Cases presented with fever with rash. Age group of the affected cases was 1-12 years. Seven blood samples were collected and sent to DPHL Dumka, all were positive for Varicella Zoster IgM by ELISA. District RRT investigated the outbreak. Cases treated symptomatically. Vitamin A solution were given to susceptible. Community awareness and health education given by peripheral team on vaccination, hygiene and sanitation."
Jharkhand,West Singhbhum,Malaria (Plasmodium falciparum),15,0,11-01-2025,11-01-2025,Under Surveillance,"Cases were reported from Village Goelkera, Sub-District Chaibasa, District West Singhbhum. Cases presented with fever with chills. Total 47 blood samples were tested, out of which 17 were positive for Plasmodium falciparum by RDK. District RRT investigated the outbreak. Cases treated with anti-malarial and other supportive measures. Community awareness and health education given by peripheral team on vector control measures, hygiene, and sanitation."
Karnataka,Shivamogga,Kyasanur Forest Disease,5,0,10-01-2025,10-01-2025,Under Surveillance,"Cases were reported from PHC: Devangi, Village: Basavani, Sub-District: Tirthahalli, District: Shivamogga. Cases presented with fever malaise. Five samples were collected & sent for testing, all were positive for KFD by RTPCR. District RRT investigated the outbreak. Community awareness and health education given by peripheral team on vector control measures, hygiene and sanitation."
Kerala,Kottayam,Mumps,6,0,08-01-2025,08-01-2025,Under Surveillance,"Cases were reported from a school under PHC Karikattoor, Village: Manimala, Sub-District: Kanjirappally, District: Kottayam. Cases presented with fever and swelling of cheeks. The affected cases were in the age group of 4-7 years. All cases were diagnosed clinically. District RRT investigated the outbreak. Community awareness and health education given by peripheral team on control measures, hygiene and sanitation."
Kerala,Kozhikode,Hepatitis A,47,0,01-01-2025,07-01-2025,Under Surveillance,"Cases were reported from FHC Kottur, Village: Avitanallur, Sub-District: Koyilandi, District: Kozhikode. Cases presented with jaundice after attending a social gathering on. 01-12-2024. Four samples were sent to Santhi hospital, one each from Malabar Medical College and Iqraa Hosital, all were positive for Anti-HAV IgM by ELISA. All other cases were epidemiologically linked cases. District RRT investigated the outbreak. Community awareness and health education given by peripheral team on control measures, hygiene and sanitation."
Kerala,Malappuram,Hepatitis A,14,0,08-01-2025,08-01-2025,Under Surveillance,"Cases were reported from PHC Moothedam, Sub-District: Nilambur, District: Malappuram. Cases presented with jaundice. One sample was sent for testing, which was positive for Hepatitis A IgM by ELISA. All other cases were epidemiologically linked cases. District RRT investigated the outbreak. Community awareness and health education given by peripheral team on control measures, hygiene and sanitation."
Kerala,Palakkad,Acute Gastroenterit is (Norovirus),5,0,07-01-2025,09-01-2025,Under Surveillance,"Cases were reported from CHC Pazhambalakode, Sub-District: Alathur, District: Palakkad. Cases presented with fever, diarrhea. One stool sample was collected and sent to State Public Health Lab, which was positive for Noro virus. District RRT investigated the outbreak. Community awareness and health education given by peripheral team on control measures, hygiene and sanitation."
Kerala,Pathanamthitta,Chickenpox,12,0,09-01-2025,10-01-2025,Under Surveillance,"Cases were reported from a school under CHC Vallana, Village: Mallapuzhassery, Sub- District: Kozhenchery, District: Pathanamthitta. Cases presented with fever with rash. All cases were diagnosed clinically. District RRT investigated the outbreak. Community awareness and health education given by peripheral team on control measures, hygiene and sanitation."
Kerala,Thrissur,Mumps,9,0,03-01-2025,08-01-2025,Under Surveillance,"Cases were reported from a school under FHC Varantharappilly, Village: Varandarappilly, Sub-District: Chalakkudy, District: Thrissur. Cases presented with fever with swelling of cheeks. Eight samples were sent for testing, all were positive for Mumps. District RRT investigated the outbreak. Community awareness and health education given by peripheral team on mumps prevention and hygiene practices to teachers and staffs."
Kerala,Wayanad,Acute Gastroenterit is (Norovirus),29,0,06-01-2025,08-01-2025,Under Surveillance,"Cases were reported from a hostel under PHC Sugandhagiri, THQH Vythiri, District: Wayanad. Cases presented with vomiting, abdominal pain, nausea, and loose stools. Three rectal swabs were collected and sent to NIV Alappuzha, out of which one tested positive for Norovirus. Water samples were taken and sent to the KWA, Kalpetta, which were found to be potable. District RRT investigated the outbreak. Community awareness and health education given by peripheral team on control measures, hygiene and sanitation."
Madhya Pradesh,Ashoknagar,Acute Diarrheal Disease,90,0,10-01-2025,10-01-2025,Under Surveillance,"Cases reported from PHC Rajpur, Village: Seji, Sub-District: Shadhora, District: Ashoknagar. Cases presented with loose motion, vomiting and abdominal pain. All age groups were affected. Five stool and water samples were collected and sent to DPHL Bhopal. One stool samples was positive for Salmonella spp. All water samples were found to be non-potable. District RRT investigated the outbreak. Community awareness and health education given by peripheral team on control measures, hygiene and sanitation."
Maharashtra,Raigad,Leptospirosis,15,1,31-12-2024,06-01-2025,Under Control,"Cases were reported from PHC: Ambewadi, Village: Borghar, Sub-District: Roha, District: Raigad. Cases presented with fever. One sample was sent to Civil Hospital Alibag, which was positive for Leptospirosis IgM by ELISA. District RRT investigated the outbreak. Community awareness and health education given by peripheral team on vector control measures, hygiene and sanitation. Death of a 65 year old male had occur due to the illness at Civil Hospital Alibag on 31-12- 2024 (positive for Leptospirosis)."
Meghalaya,West Jaintia Hills,Malaria,6,0,08-01-2025,08-01-2025,Under Control,"Cases were reported from Nartiang PHC, Sub- District: Thadlaskein, District: West Jaintia Hills. Cases presented with fever and chills. The most affected cases were below 10 years of age. RDT was done at MCH Hospital, Jowai, which were positive for Malaria (Plasmodium falciparum). District RRT investigated the outbreak. Community awareness and health education given by peripheral team on vector control measures, hygiene and sanitation."
Odisha,Jajapur,Measles,11,0,10-01-2025,10-01-2025,Under Surveillance,"Cases reported from Health Facility: Markandapur, Village: Bankasahi, Sub- District: Jajpursadar, District: Tiruvannamalai. Cases presented with symptoms of fever with rash. The most affected age group was 5-14 years. Five blood samples were collected & sent to ICMR-RMRC Bhubaneswar, all were positive for Anti-Measles IgM by ELISA. All other cases were epidemiologically linked cases. District RRT investigated the outbreak. Community awareness and health education given by peripheral team on control measures, hygiene and sanitation."
Tamil Nadu,Dindigul,Mumps,13,0,09-01-2025,10-01-2025,Under Control,"Cases were reported from a school under Thottanuthu PHC, Village: Jambuliampatti, Sub-District: Dindigul East, District: Dindigul. Cases presented with fever, swelling of cheeks. The affected age group was 6-10 years. Five throat swab & serum samples were sent to Kings Institute, Guindy, out of which 2 throat swabs & 4 serum samples were positive for Mumps RT-PCR & Mumps IgM by ELISA, respectively. District RRT investigated the outbreak. Community awareness and health education given by peripheral team on control measures, hygiene and sanitation."
Tamil Nadu,Pudukkottai,Chikungunya,20,0,06-01-2025,08-01-2025,Under Control,"Cases were reported from Adanakkottai CHC, Village: Ganapathipuram, Sub-District: Pudukkottai, District: Pudukkottai. Cases presented with fever. Total 14 serum samples were sent to IVCZ Hosur, DPHL Thiruvarankulam, out of which 5 were positive for Chikungunya IgM by ELISA. District RRT investigated the outbreak. Community awareness and health education given by peripheral team on vector control measures, hygiene and sanitation."
Tamil Nadu,Tenkasi,Chickenpox,13,0,08-01-2025,09-01-2025,Under Control,"Cases were reported from Nettur CHC, Village: Thattaparai, Sub-District: Alangulam, District: Tenkasi. Cases presented with fever, itchy rash. 5 Serum samples were sent to King institute, Chennai, out of which 5 were positive for Chickenpox (Varicella Zoster) IgM by ELISA. District RRT investigated the outbreak. Community awareness and health education given by peripheral team on control measures, hygiene and sanitation."
Tamil Nadu,Tiruvannamalai,Chickenpox,16,0,09-01-2025,10-01-2025,Under Control,"Cases were reported from Pudupalayam PHC, Sub-District: Chengam, District: Tiruvannamalai. Cases presented with fever with rash. The most affected age group was 1- 15 years. All cases were diagnosed clinically. District RRT investigated the outbreak. Community awareness and health education given by peripheral team on control measures, hygiene and sanitation."
Tamil Nadu,Tuticorin,Mumps,13,0,07-01-2025,09-01-2025,Under Control,"Cases were reported from Pudukottai CHC, Pudukottai CH, Village: Mullakkadu Part 2, Sub-District: Thoothukkudi, District: Tuticorin. Cases presented with fever. The affected age group was 1-10 years. 2 Serum sample, 2 Throat swabs were sent to King Institute of Preventive, Guindy Chennai, out of which 2 serum samples were positive for Mumps IgM by ELISA & 1 throat swab for Mumps by PCR. District RRT investigated the outbreak. Community awareness and health education given by peripheral team on control measures, hygiene and sanitation."
West Bengal,Howrah,Acute Diarrheal Disease,57,0,03-01-2025,06-01-2025,Under Surveillance,"Cases were reported from Howrah District Hospital, District: Howrah. Cases presented with loose motion, pain abdomen, few cases of mild fever and vomiting. The most affected age group was 15 to 44 years. Four water samples were collected & sent to Howrah District Hospital for bacteriological testing, out of which 3 showed presence of Coliform. District RRT investigated the outbreak. Community awareness and health education given by peripheral team on control measures, hygiene and sanitation. The outbreak might be caused by consumption of contaminated water due to pipeline leakage."
Arunachal Pradesh,Pakke Kessang,Human Rabies,1,1 25-12-2024,,,Under Surveillance,"Cases were reported from CHC Seijosa, Village Niti Darlong, Sub-District: ADC Seijosa, District Pakke Kessang. A 39 year old male presented with hydrophobia, fever, weakness with myalgia and Transdermal bites (CAT- III). The case didn’t take rabies vaccine. District RRT investigated the outbreak. Case was treated symptomatically. Community awareness and health education given by peripheral team on vaccination, hygiene and sanitation. The case expired on 25-12-2024 due to suspected rabies infection."
Madhya Pradesh,Chhatarpur,Measles,9,0 17-12-2024,,,Under Surveillance,"Cases reported from Ward 20 & 31 of Chhatarpur Urban. Cases presented with fever with rash, cough. The affected age group was 1-11 years. Nine blood serum samples were sent to ICMR Jabalpur, out of which 7 were positive for Measles IgM by ELISA. All other cases were epidemiologically linked cases. District RRT investigated the outbreak. Community awareness and health education given by peripheral team on control measures, hygiene and sanitation."
Meghalaya,West Jaintia Hills,Scrub Typhus,15,0,08-12-2024,,Under Surveillance,"Cases reported from from Barato PHC, Laskein Block. Cases presented with what symptoms of fever and body ache. The affected individuals were above 15 years of age. Three samples were sent to DPHL, Ialong Civil Hospital, Jowai, which were positive for Scrub Typhus IgM by ELISA. District RRT investigated the outbreak. Community awareness and health education given by peripheral team on control measures, hygiene and sanitation."
Sikkim,Gangtok,Jaundice,136,0,23-12-2024,,Under Surveillance,"Cases of fever, malaise, loss of appetite, nausea and abdominal pain were reported from Village Bojoghari, New STNM Multi-specialty hospital, Sub-District/District Gangtok. District RRT investigated the outbreak. Out of 31 water samples collected & tested, 2 were found to be contaminated by H2S test. District RRT investigated the outbreak. Community awareness and health education given by peripheral team on control measures, hygiene and sanitation."
Assam,Sonitpur,Dysentery,17,0,16-01-2025,18-01-2025,Under Surveillance,"Cases were reported from No.3 Hirajuli Bagan, Sub-District Dhekiajuli (Pt), District Sonitpur. Cases presented with dysentry. 3 stool samples and 4 water samples were collected and sent to DPHL Sonitpur. Stool samples did not show growth of any pathogenic organism and water samples found fit for potable purpose. District RRT investigated the outbreak. Cases treated symptomatically. Community awareness and health education given by peripheral team on hygiene and sanitation."
Bihar,Jehanabad,Fever with Rash,8,0,10-01-2025,14-01-2025,Under Surveillance,"Cases were reported from village Chiri, Sub- District Hulasganj, District Jehanabad. Cases presented with fever with rash. 5 blood samples were collected and sent to AIIMS, Patna. All the samples found negative for the Measles IgM by ELISA. District RRT investigated the outbreak. Age group of the affected cases was 4-17 years. Cases treated symptomatically. Vitamin A solution was given to susceptible. Community awareness and health education given by peripheral team on vaccination, hygiene and sanitation."
Bihar,Purbi Champaran,Fever with Rash,14,0,12-01-2025,18-01-2025,Under Surveillance,"Cases were reported from village Chand Saraia, Sub-District Piprakothi, District Purbi Champaran. Cases presented with fever with rash. 5 blood samples were collected and sent to AIIMS, Patna. All the samples found negative for the Measles IgM by ELISA. District RRT investigated the outbreak. Age group of the affected cases was 1-13 years. Cases treated symptomatically. Vitamin A solution was given to susceptible one. Community awareness and health education given by peripheral team on vaccination, hygiene and sanitation."
Jammu and Kashmir,Kupwara,Acute Diarrheal Disease,8,0,19-01-2025,19-01-2025,Under Surveillance,"Cases were reported from village Tulwari, block Villgam, District Kupwara. Cases presented with loose motion and vomiting. 3 stool samples and 2 water samples were collected and sent to DPHL Kupwara. Stool samples did not show growth of any pathogenic organism and both the water samples found unfit for potable purpose. District RRT investigated the outbreak. Community awareness and health education given by peripheral team on control measures, hygiene and sanitation."
Jammu and Kashmir,Udhampur,Hepatitis E,8,0,14-01-2025,17-01-2025,Under Surveillance,"Cases were reported from village Charwa, Sub-District Majalta, District Udhampur. Cases presented with symptoms of loose motion and loss of appetite. 2 blood samples tested in a Pvt. lab came positive for Hepatitis E IgM by ELISA. 2 water samples were collected and sent to DPHL AH GMC Udhampur. Both the samples found unfit for potable purpose. District RRT investigated the outbreak. Cases treated symptomatically. Community awareness and health education given by peripheral team on hygiene and sanitation."
Karnataka,Davangere,Food Poisoning,29,0,13-01-2025,15-01-2025,Under Control,"Cases were reported from a Residential School, village Mavinahole, Sub-District Channagiri, District Davangere. Cases presented with loose stools and vomiting after consumption of food from the mess. 2 water samples found fit for potable purpose. District RRT investigated the outbreak. Affected age group was 11-14 years. Cases treated symptomatically. Community awareness and health education given by peripheral team on hygiene and sanitation."
Karnataka,Hassan,Leptospirosis,1,1,13-01-2025,16-01-2025,Under Surveillance,"Case was reported from Alur G.Hospital, Village Kiragadalu, Sub-District Alur, District: Hassan. A 32-year-old male presented with fever, diarrhea, vomiting and body pain. One sample was tested at HIMS, Hassan, which was positive for Leptospirosis IgM by ELISA. District RRT investigated the outbreak. Community awareness and health education given by peripheral team on control measures, hygiene and sanitation. Fever survey conducted in the village. No new cases reported. All preventive measures taken. Health education given. Patient succumbed to the disease on 8.01.2025."
Kerala,Ernakulam,Hepatitis A,12,0,14-01-2025,14-01-2025,Under Surveillance,"Cases were reported from Kabeer Apartment, Karimakkad kanal bund road, ward 33, health facility UPHC Thrikkakkara, Sub-District Kanayannur, District Ernakulam. Cases presented with jaundice. Total 3 blood samples were collected and sent to PHL Ernakulam. 2 came positive for Hepatitis A IgM by ELISA. District RRT investigated the outbreak. Cases treated symptomatically. Community awareness and health education given by peripheral team on hygiene and sanitation"
Kerala,Kannur,Food Poisoning,86,0,15-01-2025,18-01-2025,Under Surveillance,"Cases were reported from village Peringalam, Sub-District Thalassery, District Kannur. Cases presented with nausea, vomiting and fever. 1 water sample found unfit for potable purpose (Coliforms detected). District RRT investigated the outbreak. All the cases developed the symptoms after consuming food in a social gathering. Cases treated symptomatically. Community awareness and health education given by peripheral team on hygiene and sanitation."
Kerala,Kannur,Mpox,1,0,11-01-2025,14-01-2025,Under Surveillance,"Case was reported from village Muzhappilangad (CT), Sub-District Kannur, District Kannur. A 43-year-old male presented with complaints of rash, fever and throat pain. Recently he returned to India from Dubai on 27-12-2024. He was tested positive for Mpox on 17th January, 2025 from VRDL Calicut by RT-PCR. District RRT investigated the outbreak. He was treated at Amrita hospital. Community awareness and health education given by peripheral team on hygiene and sanitation."
Kerala,Kottayam,Food Poisoning,25,0,15-01-2025,16-01-2025,Under Surveillance,"Cases were reported from hostel in St. Antony’s School, village Edakkunnam, Sub- District Kanjirappally, District Kottayam. Cases presented with loose stools, fever and vomiting. Water sample found fit for potable purpose. District RRT investigated the outbreak. Cases treated symptomatically. All the cases developed the symptoms after eating food in their canteen on 11-01-2025. Community awareness and health education given by peripheral team on hygiene and sanitation."
Kerala,Malappuram,Food Poisoning,30,0,10-01-2025,15-01-2025,Under Surveillance,"Cases were reported from Sub-District Kondotty, District Malappuram. Cases presented with loose stools, fever and vomiting. District RRT investigated the outbreak. Cases treated symptomatically. All the cases developed the symptoms after eating food in their school function. Community awareness and health education given by peripheral team on hygiene and sanitation."
Kerala,Thrissur,Mpox,1,0,11-01-2025,16-01-2025,Under Surveillance,"Case was reported from village Poyya (CT), Sub-District Kodungallur, District Thrissur. A 43-year-old male presented with complaints of rash over face and genital area. Recently he returned to India from Abu Dhabi on 09-01- 2025. He was tested positive for Mpox on 11th January, 2025. District RRT investigated the outbreak. He was treated at Government hospital. Community awareness and health education given by peripheral team on hygiene and sanitation."
Maharashtra,Amravati,Food Poisoning,133,0,12-01-2025,13-01-2025,Under Surveillance,"Cases were reported from village Nandgaon peth, Sub-District Amravati, District Amravati. Cases presented with pain abdomen, loose stools and vomiting after consumption of food in a social gathering. 5 water samples and 2 food samples were collected and sent DPHL Amravati. All the water samples found fit for potable purpose, while food sample found of substandard quality (Bacillus Cereus detected). District RRT investigated the outbreak. Affected age group was 15-45 years. Cases treated symptomatically. Community awareness and health education given by peripheral team on hygiene and sanitation."
Maharashtra,Buldhana,Acute Diarrheal Disease,12,1,14-01-2025,14-01-2025,Under Surveillance,"Cases were reported from village Koregaon, Sub-District Shegaon, District Buldhana. Cases presented with loose stools and vomiting. 3 water samples were collected and sent DPHL Buldhana. 2 samples found unfit for potable purpose, District RRT investigated the outbreak. Affected age group was 10-18 years. Cases treated symptomatically. A 11- year-old boy succumbed to the death. Community awareness and health education given by peripheral team on hygiene and sanitation."
Meghalaya,North Garo Hills,Chickenpox,11,0,17-01-2025,17-01-2025,Under Surveillance,"Cases were reported from Village-Chirimdare, Sub-District Resubelpara, District North Garo Hills. Cases presented with fever with maculo- papular rash. 5 blood samples were collected and sent to ICMR-RMRC, Dibrugarh. All the samples found positive for the Varicella Zoster IgM by ELISA. District RRT investigated the outbreak. Age group of the affected cases was 5-23 years. Cases treated symptomatically. Community awareness and health education given by peripheral team on vaccination, hygiene and sanitation."
Odisha,Dhenkanal,Acute Diarrheal Disease,32,0,16-01-2025,18-01-2025,Under Surveillance,"Cases were reported from village Sahala, Sub- District Kankadahad, District Dhenkanal. Cases presented with loose stools, pain abdomen and vomiting. 2 rectal swabs and 2 water samples were collected and sent to DPHL Dhenakal. Rectal swabs did not show growth of any pathogenic organism, water samples found fit for potable purpose. District RRT investigated the outbreak. Age group of the affected cases was 15-44 years. Cases treated symptomatically. Community awareness and health education given by peripheral team on hygiene and sanitation."
Odisha,Koraput,Food Poisoning,22,0,17-01-2025,17-01-2025,Under Surveillance,"Cases were reported from village sundiguda, Sub-District Kundura, District Koraput. Cases presented with loose stools and vomiting. 5 rectal swabs and 4 water samples were collected and sent to DPHL Koraput. Rectal swabs did not show growth of any pathogenic organism, water sample found unfit for potable purpose. District RRT investigated the outbreak. Age group of the affected cases was 5-14 years. All the cases developed the symptoms after having food in a traditional festival. Cases treated symptomatically. Community awareness and health education given by peripheral team on hygiene and sanitation"
Tamil Nadu,Kallakurichi,Acute Diarrheal Disease,9,0,17-01-2025,17-01-2025,Under Surveillance,"Cases were reported from village Karuvelampadi (P), Sub-District Kalvarayan Hills, District Kallakurichi. Cases presented with loose stools and vomiting. 2 stool samples and 2 water samples were collected and sent to DPHL Kallakurichi. Stool samples found negative for Cholera by hanging drop, water samples found unfit for potable purpose (Faecal coli detected). District RRT investigated the outbreak. Cases treated symptomatically. Community awareness and health education given by peripheral team on hygiene and sanitation."
Uttar Pradesh,Shravasti,Chickenpox,6,0,15-01-2025,15-01-2025,Under Surveillance,"Cases were reported from Village Bangi, Sub- District Jamunaha, District Shravasti. Cases presented with fever with rash. District RRT investigated the outbreak. Age group of the affected cases was 5-15 years. Cases treated symptomatically. Community awareness and health education given by peripheral team on vaccination, hygiene and sanitation."
West Bengal,24 Paraganas North,Food Poisoning,31,0,14-01-2025,16-01-2025,Under Surveillance,"Cases were reported from Sub-District Barasat - II, District 24 Paraganas North. Cases presented with vomiting and loose stools. 2 rectal swabs and 3 food samples were collected and sent to DPHL of BGMCH and Public Health lab respectively. Rectal swabs did not show growth of any pathogenic organism. District RRT investigated the outbreak. All the cases developed the symptoms after eating left over food in school. Cases treated symptomatically. Community awareness and health education given by peripheral team on hygiene and sanitation."
West Bengal,Coochbehar,Food Poisoning,11,1,13-01-2025,13-01-2025,Under Control,"Cases were reported from village Nagar Sobhaganj, Sub-District Sitalkuchi, District Coochbehar. Cases from 2 families presented with vomiting, weakness, headache, disoriented after consuming wild potato. Food sample was collected and sent to Regional food testing laboratory, Siliguri. District RRT investigated the outbreak. Cases treated at MJN MCH. A 62-year old female brought dead to the hospital on 12-01-2025. Community awareness and health education given by peripheral team on hygiene and sanitation."
Bihar,Bhagalpur,Paratyphoid,8,0 16-12-2024,,,Under Surveillance,"Cases were reported from village Rangra, Sub-District Rangra Chowk, District Bhagalpur. Cases presented with fever. A total of eight samples tested positive for Salmonella paratyphoid A by Typhi Dot District RRT investigated the outbreak. Age group of the affected cases were 16-40 years. Community awareness and health education given by peripheral team on hygiene and sanitation."
Kerala,Ernakulam,Mumps,22,0 06-01-2025,,,Under Surveillance,"Cases were reported from CKCLP, school Ponnurunny, Sub- District Kanayannur, District Ernakulam. Cases presented with swelling and pain in parotid gland with mild fever. Cases were clinically diagnosed as Mumps. District RRT investigated the outbreak. Cases treated symptomatically. Community awareness and health education given by peripheral team on, hygiene and sanitation."
Kerala,Pathanamthitta,Mpox,1,0,30-12-2024,,Under Surveillance,"Case was reported from Sub-District Adoor, District Pathanamthitta. A 38-year-old male presented with complaints of rash over face and genital area. Recently he returned to India from Dubai. He was tested positive for Mpox on 30th December, 2024. District RRT investigated the outbreak. He was treated at MCH TVM. Community awareness and health education given by peripheral team on hygiene and sanitation."
Kerala,Thrissur,Chickenpox,21,0,07-01-2025,,Under Surveillance,"Cases were reported from Sub-jail Irinjalakuda, village Porathissery (CT), Sub-District Mukundapuram, District Thrissur. Cases presented with fever with rash. District RRT investigated the outbreak. All the cases were inmates. They treated symptomatically. Community awareness and health education given by peripheral team on hygiene and sanitation."
Madhya Pradesh,Bhopal,Chickenpox,19,0,02-01-2025,,Under Surveillance,"Cases were reported from village Khejra Ghat, Sub-District Berasia, District Bhopal. Cases presented with fever with rash. 6 blood samples were collected and sent to AIIMS Bhopal. 4 samples found positive for the Varicella Zoster IgM by ELISA. District RRT investigated the outbreak. Age group of the affected cases was 1-60 years. Cases treated symptomatically. Community awareness and health education given by peripheral team on vaccination, hygiene and sanitation."
Rajasthan,Kota,Hepatitis A,15,0,17-12-2024,,Under Surveillance,"Cases were reported from Village Pissaheda, Sub-District Kanwas, District Kota. Cases presented with symptoms of Yellowish coloration of the eyes, fever, abdominal pain and vomiting. 8 blood samples and 12 water samples were collected and sent to Medical College, Kota. 7 samples found Hepatitis A positive by ELISA. Water samples found fit for potable purpose. District RRT investigated the outbreak. 02 year to 22 years old age group are affected in which mostly are children. The main cause of outbreak is contaminated borewell water supply. Cases treated symptomatically. Community awareness and health education given by peripheral team on hygiene and sanitation."
Uttar Pradesh,Shamli,Human Rabies,1,1,07-01-2025,,Under Control,"Case was reported from District Shamli. Health Facility Kairana. A 20-year-old male presented with complaints of fever, hydrophobia and delirium. District RRT investigated the outbreak. History of dog bite 2 and half months back on left hand middle finger. He received single dose of ARV on 03-11-2024. He expired on 02-01-2025. All contact relatives received ARV on 13-01-2025. Community awareness and health education given by peripheral team on vaccination for dog bite, hygiene and sanitation."
Andhra Pradesh,Vizianagara m,Acute Diarrheal Disease,15,0,21-01-2025,22-01-2025,Under Surveillance,"Cases were reported from Village Billalavalasa, Sub-District Gajapathinagaram, District Vizianagaram. Cases presented with vomiting and loose stools. Five stool and four water samples were collected and sent to DPHL Visakhapatnam and RPHL Visakhapatnam, respectively. Stool samples did not show growth of any pathogenic organism. Two water samples were found to be unfit for potable purpose. District RRT investigated the outbreak. Cases treated symptomatically. Community awareness and health education given by peripheral team on hygiene and sanitation."
Arunachal Pradesh,East Kameng,Human Rabies,1,1,18-01-2025,20-01-2025,Under Surveillance,"Case was reported from PHC Bameng, Village Tara, Sub-District ADC Bameng, District East Kameng. A 50 years old female presented with complaints of fever, pain right hand and hydrophobia on 18-01- 2025. There is a history of dog bite three months ago. The patient did not receive any Post exposure prophylaxis. District RRT investigated the outbreak. Community awareness and health education given by peripheral team on vaccination for dog bite, hygiene and sanitation. She expired on 19- 01-2025 at TRIHMS Naharlagun due to suspected rabies."
Assam,Bongaigaon,Acute Encephalitic Syndrome,1,1,20-01-2025,20-01-2025,Under Surveillance,"Cases reported from M G Model Hospital Boitamari, Village: Maligaon, Sub-District: Boitamari, District: Bongaigaon. Cases presented with fever and episodes of abnormal jerky body movement (febrile seizure). One CSF and one serum sample was sent to VRDL, FAAMCH, Barpeta, which was negative for Japanese Encephalitis IgM by ELISA. District RRT investigated the outbreak. Community awareness and health education given by peripheral team on vector control measures, hygiene and sanitation. Death of an 11 month old female expired on 18/01/2025 at FAAMCH, Barpeta due to acute encephalitis syndrome in shock."
Assam,Hailakandi,Typhoid,74,0,20-12-2024,20-01-2025,Under Surveillance,"Cases were reported from S.K.Roy Civil Hospital, Village: Bondukmara, Sub- District: Hailakandi, District: Hailakandi. Cases presented with fever with headache, nausea, loss of appetite, constipation. The affected age group was 5-70 years. Total 55 serum samples were collected & sent to DPHL S K Roy Civil Hospital Hailakandi, out of which 10 were positive for Salmonella typhi by Widal test. District RRT investigated the outbreak. Community awareness and health education given by peripheral team on control measures, hygiene and sanitation."
Assam,Tinsukia,Human Rabies,1,1,24-01-2025,24-01-2025,Under Surveillance,"Case was reported from Kakopathar BPHC, Sub-District: Doom Dooma, District: Tinsukia. A 2 year old girl presented with fever, hydrophobia and aerophobia on 19/01/2024. There is a history of dog bite on her face on 1/11/2024. The patient didn’t receive ARV. Case was diagnosed clinically as Rabies. District RRT investigated the outbreak. Community awareness and health education given by peripheral team on control measures, hygiene and sanitation. Death of a 2 year old girl has occurred on 23-01-2025 due to suspected rabies at AMCH Dibrugarh."
Gujarat,Bharuch,Food Poisoning,224,0,19-01-2025,20-01-2025,Under Surveillance,"Cases were reported from CHC Netrang, Village: Baladva, Borjai, Khata Amla, Sub- District: Jhagadia, District: Bharuch. Cases presented with abdominal pain & diarrhea after consumption of food in a marriage function on 18.01.2025. The most affected age group was 10-40 years. District RRT investigated the outbreak. Community awareness and health education given by peripheral team on control measures, hygiene and sanitation."
Haryana,Karnal,Typhoid,10,0,20-01-2025,20-01-2025,Under Surveillance,"Cases reported from Village Kunjpura, CHC Kunjpura. Cases presented with fever. The most affected age group was 18-60 years. Ten blood samples were sent to Microbiology Lab, KCGMCH Karnal, out of which 1 was positive for Typhoid on culture. District RRT investigated the outbreak. Community awareness and health education given by peripheral team on control measures, hygiene and sanitation."
Jharkhand,Chatra,Typhoid,7,0,22-12-2024,22-01-2025,Under Surveillance,"Cases were reported from Sadar Hospital, Sub-District Chatra, District Chatra. Cases presented with fever, nausea, loss of appetite. Seven blood samples came positive for Typhoid by Widal test at Sadar Hospital District RRT investigated the outbreak. Cases treated symptomatically. Community awareness and health education given by peripheral team on hygiene, and sanitation."
Jharkhand,Garhwa,Malaria,5,0,25-01-2025,25-01-2025,Under Surveillance,"Cases were reported from Village Bhandaria, Sub-District Bhandaria, District Garhwa. Cases presented with fever. A total of 5 samples were positive for malaria (Plasmodium falciparum) by RDT kits. District RRT investigated the outbreak. Cases treated with anti-malarial and other supportive measures. Community awareness and health education given by peripheral team on vector control measures, hygiene, and sanitation."
Jharkhand,Giridih,Acute Diarrheal Disease,8,0,21-01-2025,21-01-2025,Under Control,"Cases were reported from Village Jamtara, Sub-District Dumri, District Giridih. Cases presented with vomiting and loose stools. District RRT investigated the outbreak. Cases treated symptomatically. Community awareness and health education given by peripheral team on hygiene and sanitation."
Kerala,Ernakulam,Dengue,1,1,21-01-2025,21-01-2025,Under Surveillance,"Case was reported from District: Ernakulam. Case presented with fever. District RRT investigated the outbreak. Community awareness and health education given by peripheral team on vector control measures, hygiene and sanitation. Two deaths have occurred due to Dengue 60 year/male)."
Kerala,Ernakulam,Malaria,1,1,21-01-2025,21-01-2025,Under Surveillance,"Case was reported from District: Ernakulam. Case presented with fever. District RRT investigated the outbreak. Community awareness and health education given by peripheral team on vector control measures, hygiene and sanitation. Two deaths have occurred due to Malaria (46 year/male)."
Kerala,Ernakulam,Hepatitis A,12,0,18-01-2025,20-01-2025,Under Surveillance,"Cases were reported from THQH Fort Kochi, Sub-District: Kochi, District: Ernakulam. Cases presented with fever, abdominal pain and jaundice. The most affected age group was 16-35 years. One blood sample was sent to RPH Lab Ernakulam, which was positive for HAV IgM by ELISA. All other cases were epidemiologically linked cases. District RRT investigated the outbreak. Community awareness and health education given by peripheral team on control measures, hygiene and sanitation. Suspected source of outbreak might be contaminated drinking water."
Kerala,Idukki,Mumps,20,0,20-01-2025,21-01-2025,Under Surveillance,"Cases were reported from a girl’s hostel under PHC Poomala, Village: Velliyamattom, Sub-District: Thodupuzha, District: Idukki. Cases presented with fever and painful swelling of the parotid glands. Affected cases were within the age group of 11-16 years. All cases were diagnosed clinically. District RRT investigated the outbreak. Community awareness and health education given by peripheral team on control measures, hygiene and sanitation."
Kerala,Kannur,Food Poisoning,35,0,24-01-2025,25-01-2025,Under Surveillance,"Cases were reported from CHC Mattool, Village: Mattool, Sub-District: Kannur, District: Kannur. Cases presented with abdominal pain and diarrhea following a religious gathering on 22.01.2025. District RRT investigated the outbreak. Community awareness and health education given by peripheral team on control measures, hygiene and sanitation."
Kerala,Kasaragod,Food Poisoning,417,0,25-01-2025,25-01-2025,Under Surveillance,"Cases were reported from BFHC Muliyar, FHC Mulleria, Village: Adhur, Sub- District: Kasaragod, District: Kasaragod. Cases presented with fever, vomiting, diarrhea, and abdominal discomfort after consumption of food from a common place. Two stool samples were sent for testing, both were negative on culture. District RRT investigated the outbreak. Community awareness and health education given by peripheral team on control measures, hygiene and sanitation."
Kerala,Kollam,Food Poisoning,22,0,23-01-2025,24-01-2025,Under Surveillance,"Cases were reported from CHC Kulakkada, Village: Puthur, Sub-District: Kottarakkara, District: Kollam. Cases presented with vomiting and diarrhea after attending a wedding reception on 18th January 2025. Two water samples were sent to KWA Kottakara for quality tests. Both were found to be potable. District RRT investigated the outbreak. Community awareness and health education given by peripheral team on control measures, hygiene and sanitation."
Kerala,Kottayam,Hepatitis A,6,0,20-01-2025,22-01-2025,Under Surveillance,"Cases were reported from a school under PHC Puthupally, Village: Puthuppally, Sub- District: Kottayam, District: Kottayam. Cases presented with fever, loss of appetite and vomiting. The affected cases were in the age category of 9-40 years. Six blood samples were collected & sent to GH Kottayam, out of which 3 were positive for HAV IgM by ELISA. All other cases were epidemiologically linked cases. Three water samples were also collected & sent to Kerala Water Authority, out of which 2 were found to be non-payable. District RRT investigated the outbreak. Community awareness and health education given by peripheral team on control measures, hygiene and sanitation."
Kerala,Malappuram,Food Poisoning,60,0,21-01-2025,23-01-2025,Under Surveillance,"Cases were reported from a college under CHC Vettom, Sub-District: Tirur, District: Malappuram. Cases presented with vomiting and loose stools following intake of food from a common kitchen. District RRT investigated the outbreak. Community awareness and health education given by peripheral team on control measures, hygiene and sanitation."
Kerala,Palakkad,Acute Gastroenteri tis,115,0,22-01-2025,22-01-2025,Under Surveillance,"Cases were reported from Village: Vellinezhi, Sub-District: Ottappalam, District: Palakkad. Cases presented with symptoms of loose stool, vomiting and abdominal pain & fever after attending a marriage and reception function on 25-01- 2025. Three water samples were collected & sent for both bacteriological and chemical analysis, out of which one showed presence of E.coli. District RRT investigated the outbreak. Community awareness and health education given by peripheral team on control measures, hygiene and sanitation."
Kerala,Pathanamthi tta,Mumps,13,0,22-01-2025,22-01-2025,Under Surveillance,"Cases were reported from a school under CHC Vechoochira, Village: Ezhamkulam, Sub-District: Adoor, District: Pathanamthitta. Cases presented with fever, throat pain, swelling in parotid area. All cases were diagnosed clinically. District RRT investigated the outbreak. Community awareness and health education given by peripheral team on control measures, hygiene and sanitation."
Kerala,Thiruvanant hapuram,Food Poisoning,113,0,20-01-2025,21-01-2025,Under Control,"Cases were reported from FHC Thonnakal, Village: Ayirooppara, Sub-District: Thiruvananthapuram, District: Thiruvananthapuram. Cases presented with loose stools after consumption of food served in ""Annadanam"" as part of a temple festival in Pothenkodu. Two water samples were collected and sent to State Analytical Lab, Thiruvananthapuram for biological and chemical examination, both showed presence of Coliforms and E.coli. District RRT investigated the outbreak. Community awareness and health education given by peripheral team on control measures, hygiene and sanitation."
Kerala,Wayanad,Food Poisoning,48,0,20-01-2025,22-01-2025,Under Surveillance,"Cases were reported from a residential school under PHC Sugandhagiri, Sub- District: Vythiri, District: Wayanad. Cases presented with loose stools after consumption of food mfrom a common place. District RRT investigated the outbreak. Community awareness and health education given by peripheral team on control measures, hygiene and sanitation."
Kerala,Wayanad,Mumps,7,0,20-01-2025,21-01-2025,Under Surveillance,"Cases were reported from a high school under FHC Noolpuzha, Village: Noolpuzha, Sub-District: Sulthanbathery, District: Wayanad. Cases presented with fever, throat pain, swelling in parotid area. One sample was collected and sent to NIV Alappuzha, which was negative for Mumps. All cases were diagnosed clinically. District RRT investigated the outbreak. Community awareness and health education given by peripheral team on control measures, hygiene and sanitation."
Madhya Pradesh,Dhar,Chikunguny a,11,0,22-01-2025,22-01-2025,Under Surveillance,"Cases reported from HWC Takari, Block Bagh, District Dhar. Cases presented with headache, muscle pain, swelling in joints, rash, fatigue, nausea. The most affected age group was 21-40 years. Total 13 serum samples were collected & sent to MGM Medical College, Indore, out of which 11 were positive for Chikungunya IgM by ELISA. District RRT investigated the outbreak. Community awareness and health education given by peripheral team on control measures, hygiene and sanitation."
Madhya Pradesh,Dindori,Acute Diarrheal Disease,13,0,19-01-2025,20-01-2025,Under Surveillance,"Cases were reported from PHC Manikpur, Village: Payali Ghughari Mal., Sub-District: Shahpura, District: Dindori. Cases presented with diarrhea & vomiting. The most affected age group was 18-60 years. Three water samples were collected & sent to Medical College Jabalpur (Microbiology Department), out of which 2 were found to be unfit for drinking. District RRT investigated the outbreak. Community awareness and health education given by peripheral team on control measures, hygiene and sanitation."
Maharasht ra,Nanded,Food Poisoning,54,0,26-01-2025,26-01-2025,Under Surveillance,"Cases were reported from Mahoor Urban Area, Sub-District: Mahoor, District: Nanded. Cases presented with vomiting, abdominal pain, loose motions after consumption of food in a religious gathering in Mahurgad. The affected age group was 15-45 years. Two vomitus & one food sample was collected & sent to GMC Nanded & FDA. All cases were admitted in the Rural Hospital (RH) in Mahoor for treatment. District RRT investigated the outbreak. Community awareness and health education given by peripheral team on control measures, hygiene and sanitation."
Maharasht ra,Osmanabad,Chickenpox,15,0,17-01-2025,20-01-2025,Under Surveillance,"Cases reported from a school in Village Sarati, SC Keshegao, PHC Andur, Block Tuljapur. Cases presented with symptoms of fever, generalized weakness. The affected age group was 5-15 years. Five blood smear samples were collected & sent to PHC Andur. All cases were diagnosed clinically. District RRT investigated the outbreak. Community awareness and health education given by peripheral team on vector control measures, hygiene and sanitation."
Maharasht ra,Palghar,Chikunguny a & Dengue,13,0,22-01-2025,23-01-2025,Under Surveillance,"Cases were reported from Washala TR, Dolhsra Village, Sub-District: Mokhada, District: Palghar. Cases presented with fever with body and joint pain. Total 13 samples were sent for testing, out of which 9 were positive for Chikungunya IgM by ELISA and 4 for Dengue IgM by ELISA. District RRT investigated the outbreak. Community awareness and health education given by peripheral team on vector control measures, hygiene and sanitation."
Maharasht ra,Sangli,Food Poisoning,29,0,20-01-2025,22-01-2025,Under Surveillance,"Cases were reported from Rural Hospital, Vita, Village: Balvadi (Kha), Sub-District: Khanapur, District: Sangli. Cases presented with nausea, vomiting, loose motion and pain in abdomen after consumption of food from a common place. The affected age group was 10-17 years. District RRT investigated the outbreak. Community awareness and health education given by peripheral team on control measures, hygiene and sanitation."
Meghalaya,Eastern West Khasi Hills,Human Rabies,1,1,17-01-2025,20-01-2025,Under Control,"Case was reported from Mairang DH, Village: Nongktieh Manai, Sub-District: Mairang, District: Eastern West Khasi Hills. Case presented with symptoms of fever, headache, muscle spasms, aerophobia, hyper salivation, insomnia, and hydrophobia on 12th January 2025. There is history of dog bite 3 months ago. Case was diagnosed clinically as Rabies. The case didn’t receive ARV. District RRT investigated the outbreak. Family members who were in contact with the case were advised to undergo post-exposure prophylaxis (PEP). IEC activities, including a public health awareness campaign was conducted in the presence of the local headman, which was carried out in the local language. The patient expired on 16th January 2025 at Civil Hospital Shillong."
Odisha,Cuttack,Acute Diarrheal Disease,9,0,22-01-2025,22-01-2025,Under Surveillance,"Cases reported from Health Facility: Maniabandha, Village: Jaganathpur, Sub- District: Badamba, District: Cuttack. Cases presented with symptoms of loose motion, fever, abdominal pain & vomiting. The affected age group was 15-44 years. Two rectal swabs and three water samples were collected & sent to DPHL Cuttack. No entero-pathogenic organism was found in rectal swabs on culture. Water samples were H2S positive, OT<0.01 PPM. District RRT investigated the outbreak. Community awareness and health education given by peripheral team on control measures, hygiene and sanitation."
Odisha,Kendujhar,Hepatitis A,23,0,22-01-2025,24-01-2025,Under Surveillance,"Cases reported from Health Facility: Harichandanpur, Village: Harichandanpur, Sub-District: Harichandanpur, District: Kendujhar. Cases presented with symptoms of fever, jaundice. The most affected age group was 5-14 years. Total 23 blood samples were collected & sent to DPHL Kendujhar, out of which 5 were positive for Anti-HAV IgM by ELISA. All other cases were epidemiologically linked cases. District RRT investigated the outbreak. Community awareness and health education given by peripheral team on control measures, hygiene and sanitation."
Odisha,Nabarangpu r,Acute Gastroenteri tis,127,0,24-01-2025,24-01-2025,Under Surveillance,"Cases reported from CHC: Tentulikhunti, Village: Khatiguda, Sub-District: Khatiguda, District: Nabarangpur. Cases presented with symptoms of loose motion and pain abdomen after consumption of food from a common place. The most affected age group was 5-14 years. Eight water samples & three rectal swabs were collected & sent to DPHL Nabarangpur. Water samples were H2S positive, OT<0.01 PPM. Rectal swabs showed growth of E.coli on culture. District RRT investigated the outbreak. Community awareness and health education given by peripheral team on control measures, hygiene and sanitation."
Odisha,Nuapada,Food Poisoning,7,0,25-01-2025,25-01-2025,Under Surveillance,"Cases were reported from a school hostel under Dharambandha PHC, Village: Golabandh, Sub-District: Nuapada, District: Nuapada. Cases presented with loose motion and vomiting after consumption of food from a common place. The affected age group was 5-14 years. One rectal swab was sent to DPHL Nuapada, which showed growth of E.coli on culture. District RRT investigated the outbreak. Community awareness and health education given by peripheral team on control measures, hygiene and sanitation."
Odisha,Rayagada,Food Poisoning,12,0,20-01-2025,21-01-2025,Under Control,"Cases reported from aschool under Health Facility: Kolnora, DHH Rayagada, Village: Therubali-1, Sub-District: Seskhal, District: Rayagada. Cases presented with symptoms of vomiting and abdominal pain after consuming Jatropha fruits. The most affected age group was 5-14 years. District RRT investigated the outbreak. Community awareness and health education given by peripheral team on control measures, hygiene and sanitation."
Odisha,Rayagada,Malaria,18,0,20-01-2025,20-01-2025,Under Control,"Cases reported from Health Facility: Jagannathpur, Gunupur, Village: Mangiliguda, Sub-District: Gunupur, District: Rayagada. Cases presented with symptoms of fever. The most affected age group was 5-14 years. Total 18 blood samples were collected & sent to DPHL Rayagada, out of which 11 were positive for Malaria (P.falciparum) and 7 for Malaria (P.vivax) on Microscopy-Peripheral Blood Smear (MP) & RDT (Malaria Ag). District RRT investigated the outbreak. Community awareness and health education given by peripheral team on vector control measures, hygiene and sanitation."
Tamil Nadu,Pudukkottai,Mumps,12,0,24-01-2025,25-01-2025,Under Control,"Cases were reported from Perungalur PHC, Village: Kummupatti, Sub-District: Pudukkottai, District: Pudukkottai. Cases presented with fever. The affected age group was 6-15 years. Five serum & buccal swab samples were sent to SRL King Institute Chennai, out of which all 5 serum & 2 buccal swabs samples were positive for Mumps IgM by ELISA & PCR, respectively. All other cases were epidemiologically linked cases. District RRT investigated the outbreak. Community awareness and health education given by peripheral team on control measures, hygiene and sanitation."
Tamil Nadu,Sivaganga,Mumps,8,0,24-01-2025,25-01-2025,Under Control,"Cases were reported from a school under Nattarasankottai PHC, Village: Puliyadithammam, Sub-District: Kalaiyarkoil, District: Sivaganga. Cases presented with fever, throat pain, swelling in parotid area. The affected age group was 6-15 years. Two serum & throat swab samples were sent to King Institute of Preventive Medicine & Research, Chennai, both were positive for Mumps IgM by ELISA. All other cases were epidemiologically linked cases. District RRT investigated the outbreak. Community awareness and health education given by peripheral team on control measures, hygiene and sanitation."
Tamil Nadu,Sivaganga,Mumps,12,0,22-01-2025,23-01-2025,Under Control,"Cases were reported from Kalayarmangalam PHC, Village: Ilanthamangalam, Sub-District: Kalaiyarkoil, District: Sivaganga. Cases presented with fever, throat pain, swelling in parotid area. The affected age group was 1-15 years. Two throat swabs were sent to King Institute of Preventive Medicine & Research, Chennai, out of which 1 was positive for Mumps by PCR. All other cases were epidemiologically linked cases. District RRT investigated the outbreak. Community awareness and health education given by peripheral team on control measures, hygiene and sanitation."
Tamil Nadu,Thanjavur,Hepatitis A,64,0,21-01-2025,22-01-2025,Under Surveillance,"Cases were reported from Kothangud PHC, Village: Neerathanallur, Sub-District: Kumbakonam, District: Thanjavur. Cases presented with fever with jaundice. The most affected age group was 11-15 years. Total 64 blood serum & 6 water samples were sent to DPHL Kumbakonam, out of which 19 serum samples were positive for HAV IgM by ELISA & all 6 water samples showed presence of Coliform (E.coli). District RRT investigated the outbreak. Community awareness and health education given by peripheral team on control measures, hygiene and sanitation."
Tamil Nadu,The Nilgiris,Hepatitis A,9,0,23-01-2025,24-01-2025,Under Control,"Cases were reported from Melur Hossatty PHC, Village: Selas, Sub-District: Coonoor, District: The Nilgiris. Cases presented with fever with jaundice. Nine blood samples were sent to DPHL Ooty, all were positive for Anti-HAV IgM by ELISA. District RRT investigated the outbreak. Community awareness and health education given by peripheral team on control measures, hygiene and sanitation."
West Bengal,Medinipur West,Acute Diarrheal Disease,15,0,21-01-2025,22-01-2025,Under Control,"Cases were reported from Sabang RH, Village: Barada, Sub-District: Sabang, District: Medinipur West. Cases presented with diarrhea. All age groups were affected. Four rectal swabs were sent for testing, out of which one showed growth of E.coli. Three water samples sent for testing, all were found to be safe for drinking. District RRT investigated the outbreak. Community awareness and health education given by peripheral team on control measures, hygiene and sanitation."
Assam,Goalpara,Hepatitis A,49,0 14-01-2025,,,Under Control,"Cases were reported from a school under Dudhnoi FRU, Village: Thekashu Pt.-II, Sub-District: Dudhnai, District: Goalpara. Cases presented with yellowish discoloration of skin and eyes. The affected age group was 13-19 years. Total 109 blood samples were collected and sent to DPHL Goalpara, out of which 12 were positive for Hepatitis A IgM by ELISA. All other cases were epidemiologically linked cases. District RRT investigated the outbreak. Community awareness and health education given by peripheral team on control measures, hygiene and sanitation."
Bihar,Begusarai,Measles,8,0 16-01-2025,,,Under Surveillance,"Cases were reported from Village Jaimangal Garh, Sub- District Cheria Bariarpur, District Begusarai. Cases presented with fever with rash. Age group of the affected cases was 1-14 years. Five blood samples were collected and sent to AIIMS, Patna, out of which 4 were positive for Measles IgM by ELISA. District RRT investigated the outbreak. Cases treated symptomatically. Vitamin A solution was given to the susceptible one. Community awareness and health education given by peripheral team on vaccination, hygiene and sanitation."
Bihar,Purbi Champaran,Fever with Rash,21,0 16-01-2025,,,Under Surveillance,"Cases were reported from CHC Sugauli, Sub-District: Sugauli, District: Purbi Champaran. Cases presented with fever with rash. Five samples were sent for testing. Medicine and Vitamin A Solution was provided by medical team. District RRT investigated the outbreak. Community awareness and health education given by peripheral team on control measures, hygiene and sanitation."
Jammu and Kashmir,Shopian,Hepatitis A,34,0 15-01-2025,,,Under Surveillance,"Cases reported from Village Shadab Karewa, Block Keller, District Shopian. Cases presented with chief complaints of fever, yellow discoloration of eyes and fatigue. The affected age group was 1-35 years. A total of 34 samples were taken and sent to DPHL Shopian for serology of HAV and HEV, out of which 20 were positive for Hepatitis A. A total of 12 water samples were collected and sent to DPHL Shopian for analysis, out of which 8 were found to be unsatisfactory. District RRT investigated the outbreak. Community awareness and health education given by peripheral team on control measures, hygiene and sanitation."
Jharkhand,Sahebganj,Measles,7,0,18-12-2024,,Under Control,"Cases were reported from Village Chhota Mahgama, Sub- District Pathna, District Sahebganj. Cases presented with fever with rash. Age group of the affected cases was 4-10 years. Seven blood samples were collected and sent for testing, all were negative for Measles IgM by ELISA. District RRT investigated the outbreak. Cases treated symptomatically. Vitamin A solution was given to the susceptible one. Community awareness and health education given by peripheral team on vaccination, hygiene and sanitation."
Kerala,Ernakulam,Mumps,11,0,01-01-2025,,Under Surveillance,"Cases were reported from a school under FHC Paipra, Sub- District: Muvattupuzha, District: Ernakulam. Cases presented with fever, throat pain, swelling in parotid area. All cases were diagnosed clinically. District RRT investigated the outbreak. Community awareness and health education given by peripheral team on control measures, hygiene and sanitation."
Kerala,Thrissur,Food Poisoning,107,0,15-01-2025,,Under Surveillance,"Cases were reported from a school under CHC Mattathur, Village: Mattathur, Sub-District: Chalakkudy, District: Thrissur. Cases presented with symptoms of abdominal pain, vomiting and loose stools after consumption of food from a common place. District RRT investigated the outbreak. Community awareness and health education given by peripheral team on control measures, hygiene and sanitation."
Maharashtra,Jalgaon,Measles,17,0,13-01-2025,,Under Surveillance,"Cases reported from an ashram school under SC Toli, PHC Tamaswadi, Block Parola. Cases presented with symptoms of fever with rash, cough and cold. The affected age group was 5-8 years. Five blood serum samples were collected & sent to Haffkine Institute Mumbai, out of which 2 were positive for Measles IgM by ELISA. All other cases were epidemiologically linked cases. District RRT investigated the outbreak. Active surveillance was done and Vitamin A solution was administered to all the cases. Extra immunization session was conducted to cover the due beneficiaries for MR vaccine and extra doses. Community awareness and health education given by peripheral health team on hygiene, sanitation and importance of vaccination."
Andhra Pradesh,Alluri Sitharama Raju,Fever with Rash,15,0,27/01/2025,28/01/2025,Under Surveillance,"Cases were reported from Villages Gochangi and Landulu, Sub-District Munchingi Puttu, District Alluri Sitharama Raju. Cases presented with fever with rash. District RRT investigated the outbreak. Age group of the affected cases was 2-14 years. Cases treated symptomatically. Community awareness and health education given by peripheral team on vaccination, hygiene and sanitation."
Assam,Dibrugarh,Acute Diarrheal Diseases,19,0,01/02/2025,01/02/2025,Under Surveillance,"Cases were reported from Village Napather under Dikhari Kinar Sub Centre, Sub-District Moran, District Dibrugarh. Cases presented with loose watery stools. 1 rectal swab and 3 water samples were collected and sent to AMCH, Dibrugarh. Stool sample showed growth of Shigella flexneri. Water samples found fit for potable purpose. District RRT investigated the outbreak. Cases treated symptomatically. Community awareness and health education given by peripheral team on hygiene and sanitation."
Assam,Golaghat,Food Poisoning,11,0,30/01/2025,30/01/2025,Under Surveillance,"Cases were reported from Village Sonaribil, Sub-District Sarupathar, District Golaghat. Cases presented with pain abdomen, vomiting and loose watery stools after attending a weekly bazar. 3 rectal swabs and 2 water samples were collected and sent to DPHL, SKKCH, Golaghat. Stool samples did not show growth of any pathogenic organism. Water samples found fit for potable purpose. District RRT investigated the outbreak. Cases treated symptomatically. Community awareness and health education given by peripheral team on hygiene and sanitation."
Assam,Karimganj,Human Rabies,1,1,29/01/2025,29/01/2025,Under Surveillance,"Case was reported from Village Kurikhala, Sub-District Karimganj, District Karimganj. A 30-year-old male presented with complaints of hydrophobia. District RRT investigated the outbreak. History of fox bite on 17-12-2024. He did not receive ARV. He expired on 26-01- 2025. Community awareness and health education given by peripheral team on vaccination for fox bite, hygiene and sanitation."
Assam,Lakhimpur,Hepatitis A,11,0,30/01/2025,30/01/2025,Under Surveillance,"Cases were reported from Village Baikunthapur, Sub-District Kadam, District Lakhimpur. Cases presented with jaundice, mild fever and pain abdomen. Total 3 blood samples and 2 water samples were collected and sent to DPHL Lakhimpur. All the blood samples came positive for Hepatitis A IgM by ELISA, and water samples found unfit for potable purpose. District RRT investigated the outbreak. Cases treated symptomatically. Community awareness and health education given by peripheral team on hygiene and sanitation."
Bihar,Begusarai,Fever with Rash,13,0,27/01/2025,01/02/2025,Under Surveillance,"Cases were reported from Village Panchveer, Sub-District Sahebpur Kamal, District Begusarai. Cases presented with fever with rash. 8 blood samples were collected and sent to AIIMS, Patna. All the samples found negative for the Measles IgM by ELISA. District RRT investigated the outbreak. Age group of the affected cases was 2-60 years. Cases treated symptomatically. Community awareness and health education given by peripheral team on vaccination, hygiene and sanitation."
Bihar,Begusarai,Fever with Rash,14,0,27/01/2025,29/01/2025,Under Surveillance,"Cases were reported from Village Pahsara, Sub-District Naokothi, District Begusarai. Cases presented with fever with rash. 6 blood samples were collected and sent to AIIMS, Patna. All the samples found negative for the Measles IgM by ELISA. District RRT investigated the outbreak. Age group of the affected cases was 1-37 years. Cases treated symptomatically. Community awareness and health education given by peripheral team on vaccination, hygiene and sanitation."
Bihar,Patna,Fever with Rash,8,0,30/01/2025,30/01/2025,Under Surveillance,"Cases were reported from Village Abdullah Chak, Sub-District Fatwah, District Patna. Cases presented with fever with rash. 8 blood samples were collected and sent to AIIMS, Patna. All the samples found negative for the Measles IgM by ELISA. District RRT investigated the outbreak. Age group of the affected cases was 2-12 years. Cases treated symptomatically. Community awareness and health education given by peripheral team on vaccination, hygiene and sanitation."
Chhattisgarh,Balod,Acute Diarrheal Disease,59,0,29/01/2025,30/01/2025,Under Surveillance,"Cases were reported from Village Kumhar Khan, Sub-District Gurur, District Balod. Cases presented with loose motion and vomiting. 2 stool samples and 7 water samples were collected and sent to District hospital, Balod and PHE Balod respectively. Stool samples did not show growth of any pathogenic organism and the water samples found unfit for potable purpose. District RRT investigated the outbreak. Community awareness and health education given by peripheral team on control measures, hygiene and sanitation."
Gujarat,Jamnagar,Crimean- Congo Hemorrhagic Fever,1,1,28/01/2025,28/01/2025,Under Surveillance,"Cases were reported from Sub-District Jamnagar City, District Jamnagar. A 51-year-old male presented with disorientation and confusion and found positive for CCHF. Blood sample was collected and sent to NIV Pune, found positive for the Nairovirus. District RRT investigated the outbreak. Cases treated at hospital, later he expired due to illness. Community awareness and health education given by peripheral team on hygiene and sanitation."
Gujarat,Tapi,Measles,2,0,30/01/2025,30/01/2025,Under Surveillance,"Cases were reported from Village Moti Khervan, Sub-District Songadh, District Tapi. Cases presented with fever with rash. 2 blood samples were collected and sent to Civil Hospital, Asarwa. Both samples found positive for the Measles IgM by ELISA. District RRT investigated the outbreak. Age group of the affected cases was 1-20 years. Cases treated symptomatically. Vitamin A solution was given to susceptible one. Community awareness and health education given by peripheral team on vaccination, hygiene and sanitation."
Jammu and Kashmir,Anantnag,Hepatitis A,9,0,26/01/2025,28/01/2025,Under Surveillance,"Cases were reported from Village Gutligund, Sub-District Dooru, District Anantnag. Cases presented with fever, jaundice. Total 10 blood samples and 2 water samples were collected and sent to DPHL. 9 blood samples came positive for Hepatitis A IgM by ELISA and water samples found unfit for potable purpose. District RRT investigated the outbreak. Cases treated symptomatically. Community awareness and health education given by peripheral team on hygiene and sanitation."
Jammu and Kashmir,Kulgam,Jaundice,19,0,28/01/2025,29/01/2025,Under Surveillance,"Cases were reported from Village Khah Gund, Sub-District Devsar, District Kulgam. Cases presented with fever, jaundice. Total 10 blood samples and 2 water samples were collected and sent to DPHL GMC Anantnag. One sample came positive for Hepatitis A IgM by ELISA and water samples found unfit for potable purpose. District RRT investigated the outbreak. Cases treated symptomatically. Community awareness and health education given by peripheral team on hygiene and sanitation."
Jharkhand,Godda,Chickenpox,7,0,25/01/2025,27/01/2025,Under Surveillance,"Cases were reported from Villages Kusaha and Dewdanr, Sub-District Poreyahat, District Godda. Cases presented with fever with rash. 9 blood samples were collected and sent to RIMS, Ranchi. 7 samples found positive for the Varicella Zoster IgM by ELISA. District RRT investigated the outbreak. Age group of the affected cases was 7-41 years. Cases treated symptomatically. Community awareness and health education given by peripheral team on hygiene and sanitation."
Jharkhand,Latehar,Food Poisoning,25,0,31/01/2025,31/01/2025,Under Surveillance,"Cases were reported from Kasturba Gandhi Balika Vidyalaya, Village Herhanj, Sub- District Herhanj, District Latehar. Cases presented with pain abdomen, loose stools and vomiting after consumption of food in the school on 26th January, 2025. District RRT investigated the outbreak. Affected age group was 12-16 years. Cases treated symptomatically. Community awareness and health education given by peripheral team on hygiene and sanitation."
Jharkhand,Lohardaga,Japanese Encephalitis,2,0,27/01/2025,27/01/2025,Under Surveillance,"After the cross notification of a JE cases from RIMS, Ranchi, RRT visited Village Nari Nawadih, Sub-District Kisko, District Lohardaga. During house to house survey total 8 samples were collected and sent to RIMS, Ranchi. 2 samples came positive for JE IgM by ELISA. Age of the cases were 21 and 25 years. Cases treated symptomatically. Community awareness and health education given by peripheral team on vector control measures, hygiene, and sanitation."
Karnataka,Bagalkot,Chickenpox,15,0,28/01/2025,28/01/2025,Under Surveillance,"Cases were reported from Village Gaddankeri, Sub-District Bagalkot, District Bagalkot. Cases presented with maculopapular vesicular rashes. The affected age group was 5-15 years. Six serum samples were collected & sent to Shivamogga institute of Health sciences, out of which 5 were positive for Varicella zoster IgM by ELISA. District RRT investigated the outbreak. Community awareness and health education given by peripheral team on control measures, hygiene and sanitation."
Karnataka,Bidar,Chikungunya,5,0,30/01/2025,31/01/2025,Under Surveillance,"Cases were reported from Village Mahadongaon, Sub-District Aurad, District Bidar. Cases presented with fever. Nine blood samples were sent to SSL Bidar, out of which 5 were positive for Chikungunya IgM by ELISA. District RRT investigated the outbreak. Community awareness and health education given by peripheral team on vector control measures, hygiene and sanitation."
Karnataka,Uttar Kannad,Acute Diarrheal Disease,8,0,27/01/2025,28/01/2025,Under Surveillance,"Cases were reported from PHC Arshinageri, TH Mundgod, Village: Kopp, Sub-District: Mundgod, District: Uttar Kannad. Cases presented with diarrhea. The affected age group was 12-66 years. Two stool samples were collected and sent to KRIMS Karwar, both were negative for any enteric pathogens on culture and negative for cholera. Total 29 water samples were sent for testing, out of which 2 were found unfit for potable purpose. District RRT investigated the outbreak. Community awareness and health education given by peripheral team on control measures, hygiene and sanitation."
Kerala,Alappuzha,Food Poisoning,27,0,27/01/2025,28/01/2025,Under Surveillance,"Cases were reported from Village Arattupuzha, Sub-District Karthikappally, District Alappuzha. Cases presented with pain abdomen, loose stools and vomiting after consumption of food in a house warming party on 24-01-2025. District RRT investigated the outbreak. Affected age group was 5-48 years. Cases treated symptomatically. Community awareness and health education given by peripheral team on hygiene and sanitation."
Kerala,Ernakulam,Food Poisoning,23,0,26/01/2025,30/01/2025,Under Surveillance,"Cases were reported from Sub-District Kochi, District Ernakulam. Cases presented with pain abdomen, loose stools and vomiting after consumption of food in a hostel on 27-01- 2025. District RRT investigated the outbreak. Cases treated symptomatically. Community awareness and health education given by peripheral team on hygiene and sanitation."
Kerala,Wayanad,Acute Diarrheal Diseases,31,0,28/01/2025,28/01/2025,Under Surveillance,"Cases were reported from Polytechnic College, Meppadi hostel Sub-District Vythiri, District Wayanad. Cases presented with loose stools and vomiting. 2 water samples were collected and sent to KWA Kalpetta. Both samples found unfit for potable purpose (Coliform and E. coli detected). District RRT investigated the outbreak. Cases treated symptomatically. Community awareness and health education given by peripheral team on hygiene and sanitation."
Madhya Pradesh,Burhanpur,Chickenpox,10,0,01/02/2025,01/02/2025,Under Surveillance,"Cases were reported from Village Mohangarh, Sub-District Khaknar, District Burhanpur. Cases presented with fever with rash. District RRT investigated the outbreak. Age group of the affected cases was 1-28 years. Cases treated symptomatically. Community awareness and health education given by peripheral team on vaccination, hygiene and sanitation."
Madhya Pradesh,East Nimar,Food Poisoning,98,0,26/01/2025,27/01/2025,Under Surveillance,"Cases were reported from Government Middle School and Anganwadi Centre, Village Kasrawad, Sub-District Harsud, District East Nimar. Cases presented with loose stools and vomiting after eating meal at the centers. 5 stool samples were collected and sent to DPHL Indore. Stool samples did not show growth of any pathogenic organism. District RRT investigated the outbreak. Cases treated symptomatically. Community awareness and health education given by peripheral team on hygiene and sanitation."
Madhya Pradesh,Khargone,Cholera,69,0,28/01/2025,28/01/2025,Under Surveillance,"Cases were reported from Village Kunwarjifaliya, PHC Mandaw Kheda, Sub- District Bhagwanpura, District Khargone. Cases presented with loose stools vomiting and weakness. 6 stool samples and 3 water samples were collected and sent to DPHL Indore. Stool samples showed growth of vibrio cholerae water samples found unfit for potable purpose. District RRT investigated the outbreak. Cases treated symptomatically. Community awareness and health education given by peripheral team on hygiene and sanitation."
Maharashtra,Pune,Food Poisoning,20,0,28/01/2025,29/01/2025,Under Surveillance,"Cases were reported from Flore institute Hostel, Village Khopi, Sub-District Bhor, District Pune. Cases presented with loose stools and vomiting after eating meal at the hostel. District RRT investigated the outbreak. Cases treated symptomatically. Community awareness and health education given by peripheral team on hygiene and sanitation."
Maharashtra,Sangli,Food Poisoning,34,0,28/01/2025,29/01/2025,Under Surveillance,"Cases were reported from Village Arwade, Sub-District Tasgaon, District Sangli. Cases presented with loose stools and vomiting after eating food in a social gathering. District RRT investigated the outbreak. Cases treated symptomatically. Community awareness and health education given by peripheral team on hygiene and sanitation."
Manipur,Senapati,Food Poisoning,28,0,29/01/2025,29/01/2025,Under Surveillance,"Cases were reported from Tungam Khullen Village, Sub-District Paomata, District Senapati. Cases presented with loose stools, fever and vomiting. District RRT investigated the outbreak. Cases treated symptomatically. All the cases developed the symptoms after eating food in a Birth day party on 27-01-2025. Community awareness and health education given by peripheral team on hygiene and sanitation."
Odisha,Anugul,Acute Diarrheal Disease,31,0,29/01/2025,29/01/2025,Under Surveillance,"Cases were reported from Village Sirigida, Sub-District Talcher Sadar, District Anugul. Cases presented with pain abdomen, loose stools and vomiting. 5 stool samples and 12 water samples were collected and sent to DPHL. Stool samples did not show growth of any pathogenic organism, All the water samples found unfit for potable purpose (E. coli detected). District RRT investigated the outbreak. Age group of the affected cases was 15-44 years. Cases treated symptomatically. Community awareness and health education given by peripheral team on hygiene and sanitation."
Odisha,Boudh,Chickenpox,18,0,31/01/2025,31/01/2025,Under Surveillance,"Cases were reported from Village Sangrampur, Sub-District Baunsuni, District Boudh. Cases presented with fever with rash. 5 blood samples were collected and sent to RMRC- ICMR, Bhubaneshwar. Result is awaited. Diagnosis was done on the basis of clinical features. District RRT investigated the outbreak. Age group of the affected cases was 4-65 years. Cases treated symptomatically. Community awareness and health education given by peripheral team on vaccination, hygiene and sanitation."
Odisha,Kendujhar,Food Poisoning,26,0,29/01/2025,30/01/2025,Under Surveillance,"Cases were reported from Village Telkoi, Sub- District Telkoi, District Kendujhar. Cases presented with loose stools and vomiting. 2 rectal swabs and 3 water samples were collected and sent to DPHL Cuttack. Stool samples did not show growth of any pathogenic organism, and water samples found fit for potable purpose. District RRT investigated the outbreak. All the cases developed the symptoms after eating left over food. Age group of the affected cases was 5-14 years. Cases treated symptomatically. Community awareness and health education given by peripheral team on hygiene and sanitation."
Odisha,Nuapada,Food Poisoning,38,0,29/01/2025,29/01/2025,Under Surveillance,"Cases were reported from Pharsara Ashram School, Village Pharasara, Sub-District Boden, District Nuapada. Cases presented with loose stools pain abdomen and vomiting. 4 rectal swabs and 2 water samples were collected and sent to DPHL Cuttack. Stool samples did not show growth of any pathogenic organism, and water samples found unfit for potable purpose. District RRT investigated the outbreak. All the cases developed the symptoms after eating food on 29th Jan in School. Age group of the affected cases was 5-14 years. Cases treated symptomatically. Community awareness and health education given by peripheral team on hygiene and sanitation."
Tamil Nadu,Coimbatore,Mumps,12,0,31/01/2025,01/02/2025,Under Surveillance,"Cases were reported from Village Gudalur Goundampalayam, Sub-District Coimbatore North, District Coimbatore. Cases presented with swelling of parotid glands, pain and fever. 2 serum samples and 2 throat swabs were collected and sent to King Institute. Both serum samples came positive for Mumps IgM by ELISA. District RRT investigated the outbreak. Cases treated symptomatically. Age group of the affected cases 1-10 years. Community awareness and health education given by peripheral team on, hygiene and sanitation."
Tamil Nadu,Nagapattinam,Leptospirosis,2,0,27/01/2025,27/01/2025,Under Surveillance,"Cases were reported from Village Maharajapuram (West), Sub-District Vedaranyam, District Nagapattinam. Cases presented with fever. 11 samples were collected and sent to DPHL, Thirumarugal, Nagapattinam. 2 samples came positive for the Leptospirosis IgM by ELISA. District RRT investigated the outbreak. Cases treated symptomatically. Community awareness and health education given by peripheral team on vector control measures, hygiene, and sanitation."
Tamil Nadu,Namakkal,Mumps,15,0,29/01/2025,30/01/2025,Under Surveillance,"Cases were reported from Village Pudupalayam, Sub-District Tiruchengode, District Namakkal. Cases presented with swelling of parotid glands, pain and fever. 5 serum samples and 5 throat swabs were collected and sent to King Institute. 4 serum samples came positive for Mumps IgM by ELISA and 4 throat swab came positive by PCR. District RRT investigated the outbreak. Cases treated symptomatically. Age group of the affected cases 6-15 years. Community awareness and health education given by peripheral team on, hygiene and sanitation."
Tamil Nadu,Sivaganga,Mumps,10,0,28/01/2025,29/01/2025,Under Surveillance,"Cases were reported from Village Keelapoongudi, Sub-District Sivaganga, District Sivaganga. Cases presented with swelling of parotid glands, pain and fever. 3 serum samples and 3 throat swabs were collected and sent to King Institute. All the serum samples came positive for Mumps IgM by ELISA and one throat swab came positive by PCR. District RRT investigated the outbreak. Cases treated symptomatically. Age group of the affected cases 6-15 years. Community awareness and health education given by peripheral team on, hygiene and sanitation."
Tamil Nadu,Thanjavur,Chickenpox,16,0,28/01/2025,29/01/2025,Under Surveillance,"Cases were reported from Ambedkar Nagar Rajagiri, Sub-District Papanasam, District Thanjavur. Cases presented with fever with rash. 6 blood samples were collected and sent to King Institute and DPHL Kumbakonam. 4 samples found positive for the Varicella Zoster IgM by ELISA. District RRT investigated the outbreak. Cases treated symptomatically. Community awareness and health education given by peripheral team on vaccination, hygiene and sanitation."
Tamil Nadu,Tirupathur,Mumps,29,0,29/01/2025,29/01/2025,Under Surveillance,"Cases were reported from Village Mallapalli, Sub-District Natrampalli, District Tirupathur. Cases presented with swelling of parotid glands, pain and fever. 5 serum samples were collected and sent to SRL King Institute. All the samples came positive for Mumps IgM by ELISA. District RRT investigated the outbreak. Cases treated symptomatically. Age group of the affected cases 6-15 years. Community awareness and health education given by peripheral team on, hygiene and sanitation."
Tamil Nadu,Tuticorin,Hepatitis A,17,0,28/01/2025,29/01/2025,Under Surveillance,"Cases were reported from Village Ottainatham, Sub-District Ottapidaram, District Tuticorin. Cases presented with fever, jaundice. Total 6 blood samples were collected and sent to DPHL. 5 samples came positive for Hepatitis A IgM by ELISA. District RRT investigated the outbreak. Age group of the affected cases was 6-15 years. Cases treated symptomatically. Community awareness and health education given by peripheral team on hygiene and sanitation."
Tamil Nadu,Villupuram,Mumps,8,0,27/01/2025,29/01/2025,Under Surveillance,"Cases were reported from Village Navamalkapper, Sub-District Viluppuram, District Viluppuram. Cases presented with swelling of parotid glands, pain and fever. 3 serum samples were collected and sent to VRDL Villupuram. All the samples came positive for Mumps IgM by ELISA. District RRT investigated the outbreak. Cases treated symptomatically. Age group of the affected cases 1-15 years. Community awareness and health education given by peripheral team on, hygiene and sanitation."
Uttar Pradesh,Farrukhabad,Food Poisoning,30,0,01/02/2025,01/02/2025,Under Surveillance,"Cases were reported from Village Athruiya, Sub-District Kaimganj, District Farrukhabad. Cases presented with loose stools, vomiting and pain abdomen after consumption of food in a social gathering. District RRT investigated the outbreak. Affected age group was 11-60 years. Cases treated symptomatically. Community awareness and health education given by peripheral team on hygiene and sanitation."
West Bengal,Hooghly,Cholera,13,0,02/02/2025,02/02/2025,Under Surveillance,"Cases were reported from Village Purbba Durgapur, Sub-District Jangipara, District Hooghly. Cases presented with loose stools and vomiting. 4 stool samples and 4 water samples were collected and sent to NICED. 2 stool samples came positive for Vibrio cholera on culture. District RRT investigated the outbreak. Cases treated symptomatically. Community awareness and health education given by peripheral team on hygiene and sanitation."
Bihar,Samastipur,Fever with Rash,22,0 16/01/2025,,,Under Surveillance,"Cases were reported from Sub-District Warisnagar, District Samastipur. Cases presented with fever with rash. 8 blood samples were collected and sent to AIIMS, Patna. All the samples found negative for the Measles IgM by ELISA. District RRT investigated the outbreak. Age group of the affected cases was 5-23 years. Cases treated symptomatically. Community awareness and health education given by peripheral team on vaccination, hygiene and sanitation."
Jharkhand,Latehar,Paratyphoid,14,0,27/12/2024,,Under Surveillance,"Cases were reported from Village Mahuadanr, Sub-District Mahuadanr, District Latehar. Cases presented with fever, nausea, loss of appetite. 14 blood samples came positive for Para Typhoid A and B by Widal. District RRT investigated the outbreak. Cases treated symptomatically. Community awareness and health education given by peripheral team on hygiene, and sanitation."
Odisha,Ganjam,Measles,54,0,07/01/2025,,Under Surveillance,"Cases were reported from Village Jaganathpur, Sub-District Purusottampur, District Ganjam. Cases presented with fever with rash. 5 blood samples were collected and sent to RMRC-ICMR, Bhubaneshwar. 2 samples found positive for the Measles IgM by ELISA. District RRT investigated the outbreak. Age group of the affected cases was 5-14 years. Cases treated symptomatically. Vitamin A solution was given to susceptible one. Community awareness and health education given by peripheral team on vaccination, hygiene and sanitation."
Odisha,Ganjam,Acute Diarrheal Disease,15,0,21/01/2025,,Under Control,"Cases were reported from Village Jilundi, Sub-District Tarasingi, District Ganjam. Cases presented with loose stools and vomiting. 2 rectal swabs and 2 water samples were collected and sent to DPHL Cuttack. Rectal swabs did not show growth of any pathogenic organism and water samples found fit for potable purpose. District RRT investigated the outbreak. Cases treated symptomatically. Community awareness and health education given by peripheral team on hygiene and sanitation."
Punjab,Patiala,Hepatitis A,27,0,01/01/2025,,Under Surveillance,"Cases were reported from street no. 3,4 and 5 Bharat Nagar, Nabha Road, CHC Model Town, District Patiala. Cases presented with fever, jaundice. Total 15 blood samples and 15 water samples were collected and sent to SPHL Kharar. 11 blood samples came positive for Hepatitis A IgM by ELISA and 9 water samples found unfit for potable purpose. District RRT investigated the outbreak. Cases treated symptomatically. Pipeline leakage was found during the visit, which was repaired. Community awareness and health education given by peripheral team on hygiene and sanitation."
Assam,Lakhimpur,Diarrheal Disease,9,0,06-02-2025,06-02-2025,Surveillance Under,"after 48 hours of aerobic incubation. One water sample was collected from the source for MPN test & sent to DPHL Telahi Model Hospital, which was found to be unsatisfactory for drinking purpose (13 MPN/100 ml). District RRT investigated the outbreak. Community awareness and health education given by peripheral team on control measures, hygiene and sanitation. Cases were reported from PHC Daniyawan, Village: Nabi Chak, Sub-District: Daniawan, District: Patna. Cases presented with fever with rash. The affected age group was 3-12 years. Five samples were collected and sent for testing, out of which 2 were positive for Anti-"
Bihar,Patna,Measles,5,0,07-02-2025,07-02-2025,Surveillance,"Measles IgM by ELISA. All other cases were epidemiologically linked cases. District RRT investigated the outbreak. Community awareness and health education given by peripheral team on control measures, hygiene and sanitation."
Bihar,Champaran,Measles Acute,6,0,29-01-2025,Surveillance Under,"positive for epidemiologically linked cases. the outbreak. Community awareness and health education given by peripheral team on control measures, hygiene and sanitation. Cases were reported from PHC Begur, Village: Thrissilery, Sub-District: presented with loose stools. District RRT investigated the","Measles IgM by ELISA. All other cases were District RRT investigated Mananthavady, District: Wayanad. Cases"
Gujarat Jammu and,Tapi,Poisoning Human,25,0,06-02-2025,06-02-2025,Control Under,"sent to General Hospital Vyara, both were negative for any entero-pathogen on culture. District RRT investigated the outbreak. Community awareness and health education given by peripheral team on control measures, hygiene and sanitation. Case was reported from Sub-District: Thathri, District: Doda. Case presented with fever, fatigue, hydrophobia, headache, loss of appetite & aggression on 4th of February 2025. The patient has a history of dog bite 1.5 months back. The patient didn’t receive ARV."
Jharkhand,Deoghar,Malaria,12,0,31-01-2025,07-02-2025,Surveillance Under,"were positive for Malaria (P.falciparum) by RDT. District RRT investigated the outbreak. Community awareness and health education given by peripheral team on vector control measures, hygiene and sanitation. Cases were reported from Village: Patrobad, Sub-District: Tundi, District: Dhanbad. Cases presented with fever with rash. The affected age group was 1-35 years. Nine samples were sent to RIMS Ranchi, all were positive for"
Jharkhand,Dhanbad,Chickenpox,16,0,06-02-2025,07-02-2025,Surveillance,"Chickenpox IgM by ELISA. All cases were diagnosed clinically. District RRT investigated the outbreak. Community awareness and health education given by peripheral team on control measures, hygiene and sanitation."
Jharkhand,Dumka,Measles,9,0,06-02-2025,07-02-2025,Surveillance Under,"were collected and sent to DPHL Dumka, out of which 2 were positive for Measles IgM by ELISA. All other cases were diagnosed clinically. District RRT investigated the outbreak. Community awareness and health education given by peripheral team on control measures, hygiene and sanitation. Cases were reported from PHC Asansol, Village: Bansjhora, Sub-District: Dumka, District: Dumka. Cases presented with fever with vesicular rash. The most affected age group was 5-18 years. Eight blood samples were collected and sent to DPHL Dumka, out"
Jharkhand,Dumka,Chickenpox,10,0,05-02-2025,06-02-2025,Surveillance Under,"of which 3 were positive for Chickenpox IgM by ELISA. All other cases were diagnosed clinically. District RRT investigated the outbreak. Community awareness and health education given by peripheral team on control measures, hygiene and sanitation. Cases were reported from Village: Nimadih, Sub-District: Gawan, District: Giridih. Health Facility: Gawan. Cases presented with fever with rash. The affected age group was 2-34 years. Eight samples were sent to RIMS Lab, out of which 6 were positive for Chickenpox"
Jharkhand,Giridih,Chickenpox,14,0,04-02-2025,04-02-2025,Control,"IgM by ELISA. All other cases were diagnosed clinically. District RRT investigated the outbreak. Community awareness and health education given by peripheral team on vector control measures, hygiene and sanitation."
Jharkhand,Koderma,Typhoid Food,8,0,06-02-2025,08-02-2025,Surveillance Under,"Salmonella paratyphi-A on Widal test. District RRT investigated the outbreak. Community awareness and health education given by peripheral team on control measures, hygiene and sanitation. Cases were reported from Kodrma Sadar Hospital, Village: Aragaro, Sub-District: Dumka, District: Koderma. Cases presented with stomach pain, loose stools after consumption of food from a common place."
Jharkhand,Koderma Bengaluru,Poisoning Acute,18,0,07-02-2025,07-02-2025,Control Under,"The affected age group was 3-14 years. District RRT investigated the outbreak. Community awareness and health education given by peripheral team on control measures, hygiene and sanitation. Cases were reported from Robertson Road UPHC, District: Bengaluru Urban. Cases presented with loose stools, vomiting. All age groups were affected. Water samples were sent to PHI Lab. District RRT investigated the"
Kashmir Jammu and,Doda,Rabies,1,1,05-02-2025,06-02-2025,Surveillance Under,"Case was diagnosed clinically as Human Rabies. District RRT investigated the outbreak. Community awareness and health education given by peripheral team on control measures, hygiene and sanitation. Death of a 7 year old boy had occur due to the illness at GMC Doda on 5-2-25. Cases of jaundice reported from Village Saidpora, Block Kulgam, District Kulgam. Cases presented with yellow discoloration of eyes, fever and fatigue. The affected age group was 5-45 years. Total 11 blood samples were collected and sent to DPHL Anantnag for serology of HAV and HEV, out of which 3"
Kashmir,Kulgam,Hepatitis A,11,0,05-02-2025,05-02-2025,Surveillance,"were positive for HAV IgM by ELISA. Three water samples were collected and sent to DPHL Anantnag for MPN count, all 3 were found to be unsatisfactory for drinking. District RRT investigated the outbreak. Health education imparted regarding the spread of disease."
Kashmir,Srinagar,Hepatitis A,18,0,06-02-2025,06-02-2025,Surveillance Under,"DPHL Srinagar for serology of HAV and HEV, out of which 2 were positive for HAV. Four water samples were collected and sent to DPHL Srinagar for analysis, all were found to be satisfactory for drinking. District RRT investigated the outbreak. Health education imparted regarding the spread of disease. Cases were reported from Village: Saruka, Sub-District: Devipur, District: Deoghar. Cases presented with fever. Total 13 blood samples were sent for testing, out of which 2"
Kerala,Kannur,Poisoning Food,77,0,05-02-2025,09-02-2025,Surveillance Under,"(Bore well) collected and sent to KWA Irikkur for bacteriological study, which showed presence of coliforms (83 CFU/100mL). District RRT investigated the outbreak. Community awareness and health education given by peripheral team on control measures, hygiene and sanitation. Cases were reported from TH Peringome, Village: Vayakkara, Sub-District: Payyannur, District: Kannur. Cases presented with abdominal pain, vomiting, and diarrhea after attending a social gathering held at a Masjid in"
Kerala,Kannur,Poisoning Acute,58,0,03-02-2025,09-02-2025,Surveillance Under,"Ward 6, Peringome Vayakkara Panchayat on 02.02.2025. District RRT investigated the outbreak. Community awareness and health education given by peripheral team on control measures, hygiene and sanitation. Cases were reported from PHC Eramam Kuttoor, Village: Kadannappalli, Sub-District: Payyannur, District: Kannur. Cases presented with vomiting, nausea, abdominal pain and diarrhea after attending a temple festival in Mathamangalam, Ward 14 of Eramamkuttur Panchayat, held from 25.01.2025 to 28.01.2025. Two water samples were sent to"
Kerala,Kannur,Gastroenterit is,1529,0,30-01-2025,03-02-2025,Surveillance,"KWA Payyannur, both showed presence of E.coli and Total Coliform at unacceptable levels. Two rectal swabs were sent to IAV Thonnakkal, one was positive for Noro G2 Virus & another for Human Astrovirus. District RRT investigated the outbreak. Community awareness and health education given by peripheral team on control measures, hygiene and sanitation."
Kerala,Kozhikode,Poisoning,76,0,06-02-2025,06-02-2025,Surveillance Under,"stool samples were sent to RPHL KKD. Cultures of both stool samples were negative for Salmonella, Shigella and Vibrio. District RRT investigated the outbreak. Community awareness and health education given by peripheral team on control measures, hygiene and sanitation. Cases were reported from CHC Edavanna, Sub-District: Ernad, District: Malappuram. Cases presented with jaundice. Two blood samples were sent to GMCH Manjeri, both were positive for Hepatitis A IgM ELISA. All"
Kerala,Kasaragod,Poisoning,55,0,04-02-2025,04-02-2025,Surveillance Under,"Lab, GMC Kannur & NIV Alappuzha, both were negative for any entero-pathogen on culture and on viral panel. District RRT investigated the outbreak. Community awareness and health education given by peripheral team on control measures, hygiene and sanitation. Cases were reported from a hospital under FHC Ramapuram, Village: Ramapuram, Sub- District: Meenachil, District: Kottayam. Cases presented with fever, abdominal discomfort, vomiting and fatigue. The affected cases were in the age group of 24-56 years. Total 13 serum samples were sent to GH Kottayam, all"
Kerala,Kottayam,Hepatitis A,32,0,06-02-2025,07-02-2025,Surveillance Under,"were positive for Hepatitis A IgM by ELISA. All other cases were epidemiologically linked cases. Three water samples were sent to KWA, which showed presence of coliforms. District RRT investigated the outbreak. Community awareness and health education given by peripheral team on control measures, hygiene and sanitation. Cases were reported from a boy’s hostel under FHC Mutholy, Sub-District: Meenachil, District: Kottayam. Cases presented with fever with rash. The affected age group was 18-20"
Kerala,Kottayam,Chickenpox,12,0,31-01-2025,06-02-2025,Surveillance,"years. All cases were diagnosed clinically. District RRT investigated the outbreak. Community awareness and health education given by peripheral team on control measures, hygiene and sanitation."
Kerala,Malappuram,Hepatitis A,14,0,06-02-2025,06-02-2025,Surveillance Under,"other cases were epidemiologically linked cases. District RRT investigated the outbreak. Community awareness and health education given by peripheral team on control measures, hygiene and sanitation. Cases were reported from PHC Thrippanachi, Sub-District: Ernad, District: Malappuram. Cases presented with jaundice. Two blood samples were sent to MCH Manjeri, both were positive for Hepatitis A IgM ELISA. All other"
Kerala,Malappuram,Hepatitis A,20,0,06-02-2025,06-02-2025,Surveillance,"cases were epidemiologically linked cases. District RRT investigated the outbreak. Community awareness and health education given by peripheral team on control measures, hygiene and sanitation."
Kerala,Thrissur,Mumps Acute,30,0,03-02-2025,04-02-2025,Surveillance Under,"confirmation, out of which one was positive for Mumps by PCR. All other cases were epidemiologically linked cases. District RRT investigated the outbreak. Community awareness and health education given by peripheral team on control measures, hygiene and sanitation. Cases were reported from FHC Poothadi, Sub- District: Sulthanbathery, District: Wayanad. Cases presented with loose stools. District"
Kerala Madhya,Wayanad,Diarrheal Disease,8,0,02-02-2025,04-02-2025,Surveillance Under,"RRT investigated the outbreak. Community awareness and health education given by peripheral team on control measures, hygiene and sanitation. Cases reported from Village Tinsi, HWC Nadan Khedi, CHC Mungaoli, Block Mungaoli. Cases presented with fever with rash. The affected age group was 4-16 years. All cases were vaccinated. Total 7 samples were collected and sent to GMC Bhopal, all 7"
Kerala,Wayanad,Diarrheal Disease,11,0,28-01-2025,Surveillance,outbreak. Community awareness and health education given by peripheral sanitation.,"team on control measures, hygiene and"
Karnataka,Urban,Diarrheal Disease,32,0,05-02-2025,05-02-2025,Control,"outbreak. Community awareness and health education given by peripheral team on control measures, hygiene and sanitation. The outbreak might be caused by consumption of contaminated water due to the mixing of sewage water to with Kaveri river water."
Meghalaya,North Garo Hills,Rabies,1,1,05-02-2025,05-02-2025,Surveillance,"Case was diagnosed clinically as human rabies. District RRT investigated the outbreak. Community awareness and health education given by peripheral team on control measures, hygiene and sanitation. Death of an 8 year old male had occur due to suspected rabies on 23rd January 2025."
Maharashtra,Amravati,Gastroenterit is,16,0,03-02-2025,04-02-2025,Surveillance,"collected & sent to DPHL Amravati, out of which 4 were found to be non-potable. District RRT investigated the outbreak. Community awareness and health education given by peripheral team on control measures, hygiene and sanitation."
Maharashtra,Kolhapur,Poisoning,651,0,05-02-2025,05-02-2025,Surveillance Under,"on culture. Six water samples were collected & sent to DPHL, out of which three were found to be unfit for drinking. District RRT investigated the outbreak. Community awareness and health education given by peripheral team on control measures, hygiene and sanitation. Cases were reported from Village: Sawarne, Sub-District: Murbad, District: Thane. Cases presented with fever. All age groups were affected. Total 15 blood samples were sent to District Civil Hospital Thane, out of which 6"
Maharashtra,Thane,Chikungunya Human,15,0,01-02-2025,06-02-2025,Surveillance Under,"were positive for Chikungunya & and 1 was positive for both Dengue & Chikungunya. District RRT investigated the outbreak. Community awareness and health education given by peripheral team on vector control measures, hygiene and sanitation. Cases were reported from Dainadubi PHC, Keragalram Village, Sub-District: Resubelpara, District: North Garo Hills. Cases presented with fever, body ache and headache on 20th January 2025. There is history of dog bite on 7th December 2024 and the case did not receive post-exposure prophylaxis (PEP)."
Pradesh Madhya,Ashoknagar,Measles,11,0,05-02-2025,05-02-2025,Surveillance Under,"were positive for Measles IgM by ELISA. All other cases were epidemiologically linked cases. District RRT investigated the outbreak. Community awareness and health education given by peripheral team on control measures, hygiene and sanitation. Cases reported from Ward 20 & 31, Chhatarpur Urban. Cases presented with what fever with rash, cough. The affected age group was 1-9 years. Nine blood serum samples were sent to ICMR Jabalpur, out of which 7 were"
Pradesh,Bhopal,Hepatitis A Acute,11,1,22-01-2025,Control Under,"outbreak. Community awareness and health education given by peripheral sanitation. Death of a 30 year old male had occur due to Acute Viral Hepatitis A on 28.01.2025. Cases Bandarapalli, Sub-District: Krishnagiri, District: Krishnagiri. Cases affected cases were more than 15 years of age. Six water & one stool sample","team on control measures, hygiene and were reported from Thanampatti PHC, Village: presented with vomiting, diarrhea, nausea. The was sent to DPHL Krishnagiri, Kauvery"
Pradesh,Chhatarpur,Measles,9,0,08-02-2025,08-02-2025,Surveillance,"positive for Measles IgM by ELISA. District RRT investigated the outbreak. Community awareness and health education given by peripheral team on control measures, hygiene and sanitation."
Pradesh Madhya,Guna,Measles Acute,16,0,03-02-2025,03-02-2025,Surveillance Under,"was positive for Measles IgM by ELISA. All other cases were epidemiologically linked cases. District RRT investigated the outbreak. Community awareness and health education given by peripheral team on control measures, hygiene and sanitation. Cases were reported from PHC Sirsod, CHC Karera, Village: Mamoni Kalan, Sub-District: Karera, District: Shivpuri. Cases presented with loose stool, fever & vomiting after attending a religious gathering. The most affected age group was 15-44 years."
Pradesh,Shivpuri,Diarrheal Disease Acute,184,0,03-02-2025,03-02-2025,Surveillance Under,"Three stool samples were collected and sent to GMC Shivpuri, all showed growth of Salmonella species on culture. District RRT investigated the outbreak. Community awareness and health education given by peripheral team on control measures, hygiene and sanitation. Cases reported from Mandwa Village, Ghuikhed PHC, Block Chandur Railway. Cases presented with loose motions, vomiting, nausea and abdominal pain. All age groups were affected. Total 13 water samples were"
Odisha,Boudh,Chickenpox Acute,13,0,08-02-2025,09-02-2025,Surveillance Under,"were diagnosed clinically. District RRT investigated the outbreak. Community awareness and health education given by peripheral team on control measures, hygiene and sanitation. Cases reported from: Village Harirajpur, Sub- District: Banki, District: Cuttack. Cases presented with abdominal cramps, loose stools and vomiting. The most affected age group was 15-44 years. Two water samples and rectal swab samples were collected & sent to DPHL"
Odisha,Cuttack,Diarrheal Disease Acute,67,0,03-02-2025,03-02-2025,Surveillance Under,"Cuttack. Water samples were H2S positive, OT<0.01 PPM. No entero-pathogenic organism was found in rectal swabs on culture. District RRT investigated the outbreak. Community awareness and health education given by peripheral team on control measures, hygiene and sanitation. Cases reported from a school under PHC Babuniktimal, Village: Dukhujharmunda, Sub- District: Mahulpalli, District: Sambalpur. Cases presented with abdominal cramps, loose motion and vomiting after consumption of food in a religious gathering on 4th February 2025. The affected age group was 5-14 years. Total 5 water and 2 rectal swab samples were"
Odisha,Sambalpur,Gastroenterit is,8,0,04-02-2025,04-02-2025,Surveillance,"collected & sent to DPHL Sambalpur. Water samples were H2S negative, OT<0.01 PPM. No entero-pathogenic organism was found in rectal swabs on culture. District RRT investigated the outbreak. Community awareness and health education given by peripheral team on control measures, hygiene and sanitation."
Punjab,Faridkot,Hepatitis E,17,0,31-01-2025,03-02-2025,Surveillance Under,"SPHL Kharar, 13 samples were found to be non-potable. District RRT investigated the outbreak. Community awareness and health education given by peripheral team on control measures, hygiene and sanitation. The outbreak might be caused by consumption of contaminated drinking water due to pipeline leakages. Cases of fever with rash were reported from a college in Ropar, Sub-District: Rup Nagar, District: Rup Nagar. Cases were in the age group of 17-19 years. All cases were"
Punjab,Rupnagar,Chickenpox Food,19,0,03-02-2025,04-02-2025,Surveillance Under,"diagnosed clinically. Cases were treated symptomatically at Rupnagar District Hospital. District RRT investigated the outbreak. Health education given regarding isolation of cases, hygiene maintenance and proper nutrition. Cases were reported from Village Gajipur, Sub-District: Nadbai, District: Bharatpur. Cases presented with loose stools after attending a marriage ceremony. All age groups"
Rajasthan,Bharatpur,Poisoning,77,0,02-02-2025,03-02-2025,Control,"were affected. District RRT investigated the outbreak. Community awareness and health education given by peripheral team on control measures, hygiene and sanitation."
Tamil Nadu,"Krishnagiri th March, 2020. The States have been reporting the COVID-19 cases and deaths on a real-time basis and the same was being updated on the website of",Diarrheal Disease,28 COVID-19 STATUS,0,28-01-2025,Control,"Hospital, Hosur. Two water samples were positive for E.coli on culture. pathogen. Community peripheral team on control measures, hygiene and sanitation.",Stool sample was negative for any entero- District RRT investigated the outbreak. awareness and health education given by
Tamil Nadu,Madurai,Poisoning,31,0,05-02-2025,06-02-2025,Control Under,"Microbiology Lab GRH Madurai. Water & stool samples were sent to DPHL Madurai. Water samples showed presence of Coliforms. Stool samples were negative for any entero- pathogen. District RRT investigated the outbreak. Community awareness and health education given by peripheral team on control measures, hygiene and sanitation. Cases were reported from Sathankudi PHC, Village: Kandukulam, Sub-District: Thirumangalam, District: Madurai. Cases presented with fever with arthralgia. Four blood samples were sent to DPHL Madurai,"
Tamil Nadu,Madurai,Chikungunya,7,0,05-02-2025,06-02-2025,Control Under,"out of which 3 were positive for Chikungunya IgM by ELISA. District RRT investigated the outbreak. Community awareness and health education given by peripheral team on control measures, hygiene and sanitation. Cases were reported from Thenthiruperai PHC, Sub-District: Srivaikuntam, District: Tuticorin. Cases presented with fever, throat pain, swelling in parotid area. The affected age group was 6-15 years. Two blood samples were sent to King Institute of Preventive,"
Tamil Nadu,Tuticorin,Mumps,11,0,04-02-2025,05-02-2025,Surveillance,"Guindy Chennai, both were positive for Mumps IgM by ELISA. All other cases were epidemiologically linked cases. District RRT investigated the outbreak. Community awareness and health education given by peripheral team on control measures, hygiene and sanitation."
West Bengal Name of State-UT,Purulia OUTBREAKS OF PREVIOUS WEEKS REPORTED LATE Name of District Purbi,Typhoid Disease- Illness,32 No. of Cases,0 No. of Deaths,07-02-2025 Date of Start Outbreak,07-02-2025 Current Status Under,"Control Comments- Action Taken Cases were reported from Ghorasahan, with fever with rash. The most affected age group was 5-15 years. Five samples were sent for testing, out of which 1 was","samples. All other cases were epidemiologically linked cases. Water sample was collected by PHE. District RRT investigated the outbreak. Community awareness and health education given by peripheral team on control measures, hygiene and sanitation. CHC Ghorasahan, Sub-District: District: Purbi Champaran. Cases presented"
Pradesh,Raju,Diarrheal Disease,14,0,08-02-2025,10-02-2025,Control Under,"the affected cases were 11-19 years. Cases treated symptomatically. Community awareness and health education given by peripheral team on control measures, hygiene and sanitation. Cases were reported from Village Thlanghoi, Sub-District Haflong, District Dima Hasao. Cases presented with fever with rash. 10 blood samples were collected and sent to Dinhu Medical College & Hospital, Karbi Anglong. 8 samples found positive for the Varicella Zoster"
Pradesh,Manyam,Diarrheal Disease,27,0,21-01-2025,Control,"Cases treated symptomatically. Possible cause of outbreak may be due to drinking of polluted water. awareness and health education given by peripheral team on control measures, hygiene and sanitation.",Community
Assam,Dima Hasao,Chickenpox,19,0,14-02-2025,16-02-2025,Surveillance Under,"IgM by ELISA. District RRT investigated the outbreak. Age group of the affected cases was 1-15 years. Cases treated symptomatically. Community awareness and health education given by peripheral team on vaccination, hygiene and sanitation. Cases were reported from Village Hetanpur, Sub-District Dinapur-Cum-Khagaul, District Patna. Cases presented with fever with rash. 2 blood samples were collected and sent to PMCH,"
Bihar,Patna,Chickenpox,5,0,08-02-2025,10-02-2025,Surveillance,Patna. One sample found positive for Varicella Zoster IgM by ELISA. District RRT investigated the outbreak. Cases treated symptomatically. Community awareness and health education given by peripheral team on hygiene and sanitation.
Bihar,Saran,Rash Acute,7,0,08-02-2025,15-02-2025,Surveillance Under,"Measles IgM by ELISA. District RRT investigated the outbreak. Age group of the affected cases was 4-22 years. Cases treated symptomatically. Community awareness and health education given by peripheral team on vaccination, hygiene and sanitation. Cases were reported from Village Bhilai 3, Sub-District Patan, District Durg. Cases presented with loose stools and vomiting. 4 water samples were collected and sent to Hamar lab, Raipur. 2 Water samples"
Chhattisgarh,Durg,Diarrheal Disease Acute,34,0,12-02-2025,13-02-2025,Surveillance Under,"found unfit (Coliforms detected) for potable purpose. District RRT investigated the outbreak. Cases treated symptomatically. Community awareness and health education given by peripheral team on hygiene and sanitation. Cases were reported from Village Hangwa, Sub-District Kondagaon, District Kondagaon. Cases presented with loose stools and vomiting. District RRT investigated the"
Chhattisgarh,Kondagaon,Diarrheal Disease Acute,26,0,12-02-2025,14-02-2025,Control Under,"outbreak. Cases treated symptomatically. Community awareness and health education given by peripheral team on hygiene and sanitation. Cases were reported from Sub-District Viramgam, District Ahmedabad. Cases presented with loose stools and vomiting. 2 Stool samples were collected and sent to Civil Hospital, Ahmedabad. Stool"
D&N Haveli Uttar,Nagar Haveli Ambedkar,Diarrheal Disease,41,0,12-02-2025,13-02-2025,Surveillance Under,"Cholera by hanging drop method. Out of 25 water samples 3 samples found unfit for potable purpose. District RRT investigated the outbreak. Cases treated symptomatically. Community awareness and health education given by peripheral team on hygiene and sanitation. Cases were reported from Sub-District Tanda, District Ambedkar Nagar. Cases presented with fever with rash. District RRT investigated the outbreak. Age group of"
Gujarat,Ahmedabad,Diarrheal Disease,11,0,16-02-2025,16-02-2025,Control,samples did not show growth of any pathogenic organism. District RRT investigated the outbreak. Cases treated symptomatically. Community awareness and health education given by peripheral team on hygiene and sanitation.
Gujarat,Dwarka,Poisoning Food,61,0,12-02-2025,12-02-2025,Surveillance Under,"unfit for potable purpose. District RRT investigated the outbreak. All the cases developed the symptoms after consuming food in a marriage function. Cases treated symptomatically. Community awareness and health education given by peripheral team on hygiene and sanitation. Cases were reported from Village Sultanpur, Sub-District Jalalpore, District Navsari. Cases presented with loose stools and vomiting. 2 Stool samples and 4 water samples were collected and sent to DPHL Navsari. Stool samples did not show growth of any pathogenic organism and water samples found"
Gujarat,Navsari,Poisoning Fever with,107,0,15-02-2025,15-02-2025,Surveillance Under,"unfit for potable purpose (Klebsiella detected). District RRT investigated the outbreak. All the cases developed the symptoms after consuming food in a social gathering. Cases treated symptomatically. Community awareness and health education given by peripheral team on hygiene and sanitation. Cases were reported from Village Siri, Sub- District Devipur, District Deoghar. Cases presented with fever with rash. 2 blood samples were collected and sent to RIMS Ranchi. All samples found negative for the"
Jharkhand,Deoghar,Rash,3,0,07-02-2025,15-02-2025,Surveillance,"Measles IgM by ELISA. District RRT investigated the outbreak. Age group of the affected cases were 3-8 years. Community awareness and health education given by peripheral team on vaccination, hygiene and sanitation."
Jharkhand,Deoghar,Rash,3,0,12-02-2025,14-02-2025,Surveillance Under,"Measles IgM by ELISA. District RRT investigated the outbreak. Age group of the affected cases were 3-5 years. Community awareness and health education given by peripheral team on vaccination, hygiene and sanitation. Cases were reported from Village Kodadih, Rajganj, Sub District Bagodar, District Giridih. Cases presented with fever with maculo popular rash. 10 blood samples were collected and sent to RIMS Ranchi. 4 samples found"
Jharkhand,Giridih,Chickenpox,4,0,15-02-2025,15-02-2025,Surveillance Under,"positive for the Varicella Zoster IgM by ELISA. District RRT investigated the outbreak. Community awareness and health education given by peripheral team on vaccination, hygiene and sanitation. Cases were reported from Village Jamdiha, Sub-District Gande, District Giridih. Cases presented with fever with maculo popular rash. 12 blood samples were collected and sent to RIMS Ranchi. 8 samples found"
Jharkhand,Giridih,Chickenpox,8,0,11-02-2025,11-02-2025,Surveillance Under,"positive for the Varicella Zoster IgM by ELISA. District RRT investigated the outbreak. Community awareness and health education given by peripheral team on vaccination, hygiene and sanitation. Cases were reported from Village Arjundih, Sub-District Narayanpur, District Jamtara. Health Facility: Narayanpur. Cases presented with fever with rash. 5 blood samples were collected and sent to RIMS Ranchi. All the"
Jharkhand,Jamtara,Chickenpox,5,0,11-02-2025,11-02-2025,Surveillance,"samples found positive for the Varicella Zoster IgM by ELISA. District RRT investigated the outbreak. Community awareness and health education given by peripheral team on vaccination, hygiene and sanitation."
Jharkhand,Latehar,Typhus Food,38,0,15-02-2025,15-02-2025,Surveillance Under,"All the cases admitted to the Gandhiji Private Hospital Barwadih with complaints of fever. They were tested positive for Scrub typhus by RDT Kits. District RRT investigated the outbreak. They were treated at the hospital. Community awareness and health education given by peripheral team on hygiene and sanitation. Cases were reported from a school under Nuggehalli CHC, Village M.Dasapura, Sub- District Channarayapatna, District Hassan. Cases presented with vomiting, stomach pain and diarrhea after consumption of food from a common place. The affected age group was"
Kerala,Ernakulam,Hepatitis A,15,0,11-02-2025,15-02-2025,Surveillance Under,"found positive for Hepatitis A IgM by ELISA. Water samples found unfit for potable purpose (Coliforms detected). District RRT investigated the outbreak. Cases treated symptomatically. Community awareness and health education given by peripheral team on hygiene and sanitation. Cases were reported from Infravantage flat, ward 16 of Thikkakara Municipality, Sub- District Kanayannur, District Ernakulam. Cases presented with fever, jaundice, general weakness. 4 blood samples and 6 water samples were collected and sent to RPH Lab Ernakulam. All 4 blood samples found positive"
Kerala,Ernakulam,Hepatitis A,19,0,15-02-2025,15-02-2025,Surveillance Under,"for Hepatitis A IgM by ELISA. Water samples found unfit for potable purpose. District RRT investigated the outbreak (Coliforms and E. coli detected). Cases treated symptomatically. Community awareness and health education given by peripheral team on hygiene and sanitation. Cases were reported from St. Francis AILPS, Mulavukad, Sub-District Kanayannur, District Ernakulam. Cases presented with swelling and pain in parotid gland with mild fever. Cases were clinically diagnosed as Mumps. District"
Kerala,Ernakulam,Mumps,5,0,08-02-2025,13-02-2025,Surveillance,"RRT investigated the outbreak. Cases were of age group 5-6 years. Cases treated symptomatically. Community awareness and health education given by peripheral team on, hygiene and sanitation."
Kerala,Ernakulam,Dengue,12,0,10-02-2025,10-02-2025,Surveillance Under,"for Dengue NS1 by ELISA. District RRT investigated the outbreak. Cases treated symptomatically. Community awareness and health education given by peripheral team on vector control measures, hygiene and sanitation. Cases were reported from Village Unnikulam, Sub-District Thamarassery, District Kozhikode. Cases presented with fever, jaundice, general weakness. 1 blood samples sample found positive for Hepatitis A IgM by"
Kerala Madhya,Kozhikode,Jaundice,94,0,13-02-2025,13-02-2025,Surveillance Under,"ELISA from Santhi Hospital. District RRT investigated the outbreak. Cases treated symptomatically. Community awareness and health education given by peripheral team on hygiene and sanitation. Case was reported from Village Shisholar, Sub-District Gaurihar, District Chhatarpur. 1-year old girl child presented with fever with rash, cold and itching. She came positive for Rubella IgM by ELISA tested at RDMC,"
Kerala,Thrissur,Chickenpox Food,22,0,06-02-2025,Surveillance Under,"rash. All the cases were diagnosed clinically. investigated the outbreak. Cases treated symptomatically. Community peripheral team on hygiene and sanitation. Cases were reported from Village Porunnanore, Sub-District Mananthavady, loose stools, pain abdomen and vomiting. District RRT investigated",District RRT awareness and health education given by District Wayanad. Cases presented with the outbreak. All the cases developed the
Kerala,Wayanad,Poisoning Food,31,0,14-01-2025,Surveillance Under,"symptoms after having food in a social gathering. Cases treated symptomatically. Community awareness and health education sanitation. Cases were reported from Village Kartiaguda, Sub-District Nabarangapur P.S, District Nabarangapur. Health Facility Nandahandi. vomiting. District",given by peripheral team on hygiene and Cases presented with abdominal pain and RRT investigated the outbreak. Cases
Karnataka,Hassan,Poisoning Acute,12,0,10-02-2025,11-02-2025,Surveillance Under,"14-15 years. Water sample from the school was collected & sent for testing, which was found to be potable. District RRT investigated the outbreak. Community awareness and health education given by peripheral team on control measures, hygiene and sanitation. Cases were reported from Kundargi PHC, Village: Uchageri, Sub-District: Yellapur, District: Uttar Kannad. Cases presented with vomiting and loose stools. All age groups were equally affected. Four stool samples were sent to KRIMS Karwar & KMC Manipal, all were"
Karnataka,Uttar Kannad,Diarrheal Disease,33,0,12-02-2025,12-02-2025,Surveillance,"negative for any entero-pathogen on culture & microscopy. A total of 28 water samples were subjected for H2S test, all were found to be potable. District RRT investigated the outbreak. Community awareness and health education given by peripheral team on control measures, hygiene and sanitation."
Meghalaya,East Khasi Hills,Diarrheal Disease,11,0,13-02-2025,14-02-2025,Surveillance,Dibrugarh. Stool samples tested positive for Norovirus. District RRT investigated the outbreak. Age group of the affected cases were less than 5 years. Cases treated symptomatically. Community awareness and health education given by peripheral team on hygiene and sanitation
Maharashtra,Akola,Typhoid,30,0,14-02-2025,14-02-2025,Surveillance Under,"tested positive for Salmonella typhi by Widal test. Age group of the affected cases were 9-67 years. Community awareness and health education given by peripheral team on hygiene and sanitation. Cases were reported from Sub-District Nandgaon- Khandeshwar, District Amravati. Cases presented with fever. 10 blood samples were sent to Sentinel lab Amravati. All came negative for Dengue IgM by ELISA. District"
Maharashtra,Amravati,Fever,10,1,12-02-2025,14-02-2025,Surveillance Under,"RRT investigated the outbreak. Cases treated symptomatically. Community awareness and health education given by peripheral team on vector control measures, hygiene and sanitation. A 68-year-old male expired on 12- 02-2025. Cases were reported from Village Thana, Sub- District Soegaon, District Aurangabad. Cases presented with fever. 5 blood samples were sent to GMCH Chh. Sambhajinagar. All came negative for Dengue IgM by ELISA. District RRT investigated the outbreak. Cases treated"
Maharashtra,Aurangabad,Fever,18,2,08-02-2025,10-02-2025,Surveillance,"symptomatically. Community awareness and health education given by peripheral team on vector control measures, hygiene and sanitation. A 10-year-old boy expired on 31- 01-2025 and 11-year-old boy expired on 07- 02-2025."
Maharashtra,Bhandara,Diarrheal Disease,21,0,08-02-2025,10-02-2025,Surveillance Under,"Stool samples did not show growth of any pathogenic organism. District RRT investigated the outbreak. Cases treated symptomatically. Community awareness and health education given by peripheral team on hygiene and sanitation Cases were reported from Village Wadji, Ausa block, District Latur. 29 fever with rash cases were reported during routine surveillance. 5 blood samples were collected and sent to Kasturba Laboratory, Mumbai. 3 samples found positive for Measles IgM by ELISA."
Maharashtra,Latur,Measles Acute,27,0,10-02-2025,10-02-2025,Surveillance Under,"District RRT investigated the outbreak. Age group of the affected cases was 2-31 years. Cases treated symptomatically. Vitamin A solution was given to them. Community awareness and health education given by peripheral team on vaccination, hygiene and sanitation Cases were reported from Ramabai Ambedkar Nagar area under Jaitala UPHC, Laxminagar, District Nagpur. Cases presented with loose stools and vomiting. 1 stool sample found negative for Cholera. and water sample was"
Maharashtra,Nanded,Poisoning Food,77,0,08-02-2025,10-02-2025,Surveillance Under,"outbreak. All the cases developed the symptoms after having food in school. Food samples found unsuitable for consumption. Cases treated symptomatically. Community awareness and health education given by peripheral team on hygiene and sanitation Cases were reported from Bajaj Institute of Technology, Village Pipri (CT), Sub-District Wardha, District Wardha. Cases presented with loose stools, pain abdomen and vomiting. District RRT"
Maharashtra,Nagpur,Diarrheal Disease,51,0,07-02-2025,10-02-2025,Control,unfit for potable purpose. District RRT investigated the outbreak. Cases treated symptomatically. Pipeline leakage was found and repaired. Community awareness and health education given by peripheral team on hygiene and sanitation
Maharashtra,Wardha,Poisoning Acute,29,0,10-02-2025,11-02-2025,Surveillance Under,"investigated the outbreak. All the cases developed the symptoms after having food in their hostel provided by a vendor. Cases treated symptomatically. Community awareness and health education given by peripheral team on hygiene and sanitation Cases were reported from Village Nongspung, Sub-District Mawphlang, District East Khasi Hills. Cases presented with loose stools and vomiting. 2 stool samples and 2 water samples were collected and sent to ICMR-RMRC"
Pradesh Madhya,Chhatarpur,Rubella,1,1,13-02-2025,13-02-2025,Surveillance Under,"Banda. District RRT investigated the outbreak. Cases treated symptomatically. She expired on 28-01-2025 due to aspiration with respiratory failure. Community awareness and health education given by peripheral team on vaccination, hygiene and sanitation. Cases were reported from Village Gada Sarai Mal, Sub-District Bajag, District Dindori. Cases presented with pain abdomen, nausea, vomiting, jaundice. 4 water samples were collected and sent to NSCB Medical college."
Pradesh,Dindori,Jaundice,5,0,13-02-2025,13-02-2025,Surveillance,One water sample found unfit for potable purpose. District RRT investigated the outbreak. Cases treated symptomatically. Community awareness and health education given by peripheral team on hygiene and sanitation.
Pradesh,Shahdol,Hepatitis A,3,0,10-02-2025,11-02-2025,Surveillance Under,"positive for Hepatitis A IgM by ELISA. District RRT investigated the outbreak. Cases treated symptomatically. Community awareness and health education given by peripheral team on hygiene and sanitation. Cases were reported during routine surveillance from village Chatari, Sub-District Patur, District Akola. Cases presented with fever. Out of 101 blood samples 30 samples"
Odisha,Anugul,Poisoning,96,0,10-02-2025,10-02-2025,Control Under,"potable purpose (Citrobacter detected). District RRT investigated the outbreak. Cases treated symptomatically. All the cases developed the symptoms after eating food in a marriage function. Community awareness and health education given by peripheral team on hygiene and sanitation. Cases were reported from Village Belapanka, Sub-District Badagada, District Ganjam. Cases presented with fever with rash. 5 blood samples were collected and sent to ICMR- RMRC, Bhubneshwar. 3 samples found positive for Measles IgM by ELISA. District"
Odisha,Ganjam,Measles Acute,21,0,11-02-2025,11-02-2025,Surveillance Under,"RRT investigated the outbreak. Age group of the affected cases was 5-14 years. Cases treated symptomatically. Vitamin A solution was given to them. Community awareness and health education given by peripheral team on vaccination, hygiene and sanitation Cases were reported from Village Badalipandi, Sub-District Nandapur, District Koraput. Cases presented with abdominal pain and vomiting. 1 rectal swab and 3 water samples were collected and sent to DPHL Koraput. Rectal swab did"
Odisha,Koraput,Diarrheal Disease,34,0,10-02-2025,11-02-2025,Control,"not show growth of any pathogenic organism, water samples found unfit for potable purpose. District RRT investigated the outbreak. Cases treated symptomatically. Community awareness and health education given by peripheral team on hygiene and sanitation."
Odisha Uttar,Nabarangpur Gautam Buddha,Poisoning Acute,16,0,14-01-2025,Control Under,"treated symptoms after eating food in a family function. Community awareness and health education given by peripheral team on hygiene and sanitation. Cases were reported from three societies Supertech Eco Village-1, Greater Noida, District Gautam Buddha Nagar during the survey. Cases presented with loose stools and vomiting.",symptomatically. All the cases developed the Arihant and Panchsheel Hynish Society of
Rajasthan,Jalore,Diarrheal Disease,22,0,08-02-2025,12-02-2025,Control Under,"outbreak. Cases were treated symptomatically. Community awareness and health education given by peripheral team on control measures, hygiene and sanitation. Cases were reported from Village Pillamanayakanpatty, Sub-District Dindigul East, District Dindigul. Cases presented with swelling and pain in parotid gland with mild fever. 2 blood sample sand 2 thraot swabs were collected and sent to Kings Institute, Guindy."
Tamil Nadu,Dindigul,Mumps,6,0,13-02-2025,15-02-2025,Surveillance Under,"Blood samples came positive for Mumps IgM by ELISA and throat swabs found positive for Mumps by RT-PCR. District RRT investigated the outbreak. Cases treated symptomatically. Community awareness and health education given by peripheral team on hygiene and sanitation. Cases were reported from Village Melasaloor, Sub-District Sivaganga, District Sivaganga. Cases presented with jaundice. 3 blood samples were collected and sent to DPHL, Sembanur. All 3 samples found positive"
Tamil Nadu,Sivaganga,Hepatitis A,5,0,10-02-2025,11-02-2025,Surveillance,Hepatitis A IgM by ELISA. District RRT investigated the outbreak. Cases treated symptomatically. Cases were of the age group of 6-10 years. Community awareness and health education given by peripheral team on hygiene and sanitation.
Tamil Nadu,Villupuram Dadra And,Chickenpox Acute,11,0,11-02-2025,14-02-2025,Surveillance Under,"3 samples found positive for the Varicella Zoster IgM by ELISA. District RRT investigated the outbreak. Age group of the affected cases was 6-15 years. Cases treated symptomatically. Community awareness and health education given by peripheral team on hygiene and sanitation. Cases were reported from Government National Law University Girls & Boys Hostel, Ward 12, Silvassa, Sub-District Dadra & Nagar Haveli, District Dadra & Nagar Haveli. Cases presented with vomiting and loose stools. 2 stool samples found negative for"
Pradesh,Nagar,Chickenpox,22,0,10-02-2025,11-02-2025,Surveillance,the affected cases was 1-36 years. Cases treated symptomatically. Community awareness and health education given by peripheral team on hygiene and sanitation.
Pradesh,"Nagar th March, 2020. The States have been reporting the COVID-19 cases and deaths on a real-time basis and the same was being updated on the website of",Diarrheal Disease,334 COVID-19 STATUS,0,04-02-2025,Surveillance,District symptomatically. education sanitation.,RRT investigated the outbreak. Cases treated Community awareness and health given by peripheral team on hygiene and
Pradesh Uttar,Moradabad,Poisoning Food,39,0,11-02-2025,11-02-2025,Surveillance Under,"District hospital. All the cases developed the symptoms after eating food in an engagement party on 10-02-2025. Community awareness and health education given by peripheral team on hygiene and sanitation. Cases were reported from Miranpur Naya Gao District Muzaffarnagar. Cases presented with loose stools, vomiting and pain abdomen. District RRT investigated the outbreak. Cases"
Pradesh,Muzaffarnagar,Poisoning Food,29,0,10-02-2025,13-02-2025,Control Under,"treated at District hospital. All the cases developed the symptoms after eating food in a baraat. Community awareness and health education given by peripheral team on hygiene and sanitation. Cases were reported from Village Kalikapur, Sub-District Garbeta - I, District Medinipur West. Cases presented with loose stools, fever and vomiting. District RRT investigated the"
West Bengal Name of State-UT Andhra,Medinipur West OUTBREAKS OF PREVIOUS WEEKS REPORTED LATE Name of District Parvathipuram,Poisoning Disease- Illness Acute,21 No. of Cases,0 No. of Deaths,11-02-2025 Date of Start Outbreak,12-02-2025 Current Status Under,"Control Comments- Action Taken Cases were reported from Village Kurupam Sub-District Kurupam, District Parvathipuram Manyam. Cases presented with loose motion. District RRT",outbreak. Cases treated symptomatically. All the cases developed the symptoms after eating food in a social gathering. Community awareness and health education given by peripheral team on hygiene and sanitation. investigated the outbreak.
Pradesh Andhra,Taraka Rama Rao,Poisoning Food,9,0,20-02-2025,22-02-2025,Surveillance Under,"Siddhartha Medical College, Vijayawada and 2 water samples were also collected. District RRT investigated the outbreak. Cases treated symptomatically. Cases were treated at CHC Myalavaram. Community awareness and health education given by peripheral team on hygiene and sanitation. Cases were reported from a medical camp at a school in Anandhapuram, Sachivalayam, Velampeta area, Sub-District Pendurthi, District Visakhapatanam. Cases presented with loose stools and vomiting. All the cases developed the symptoms after eating dinner in a farewell party on 18-02-2025. Four water"
Pradesh Arunachal,Sriramulu Nellore,Poisoning,10,0,24-01-2025,Control Under,"place. Water samples sent for testing, were found to be fit for potable purpose. District RRT investigated the outbreak. Cases treated symptomatically. Cases were treated at ACSR GG Hospital. Community awareness and health education given by peripheral team on hygiene and sanitation. Cases Yingkiong Town, Sub-District: A.Konduru, District: Upper Siang. A 6 year old male presented with complaints of fever and pain in lower limbs at the District Hospital Yingkiong on 10th February 2025. There is history of dog bite on leg by a domestic dog in the month of January 2025. The dog","were reported from DH Yingkiong, Village:"
Pradesh,Visakhapatanam,Poisoning,8,0,20-02-2025,22-02-2025,Surveillance,"samples were collected and sent to Regional Laboratory, Visakhapatnam and all samples were found to be fit for potable purpose. District RRT investigated the outbreak. Cases treated symptomatically. Community awareness and health education given by peripheral team on hygiene and sanitation."
Pradesh,Upper Siang,Rabies,1,1,11-02-2025,Control Under,"was fully vaccinated. The case was clinically diagnosed as Rabies. He did not receive any Post-exposure prophylaxis. District awareness and health education given by peripheral team on control expired on 14th February 2025 at BPGH Pasighat, East Siang District. Cases were reported from Sub-District: Dharsiwa, District: Raipur. Cases presented with fever. Total 10 serum samples were collected and sent to Hamar Lab Raipur, out of which 9","RRT investigated the outbreak. Community measures, hygiene and sanitation. The patient"
Assam,Kamrup Metro,Typhoid Food,5,0,20-02-2025,20-02-2025,Control Under,"test). Three water samples were collected and sent to DPHL Sonapur, which were found to be unsatisfactory for drinking. District RRT investigated the outbreak. Community awareness and health education given by peripheral team on control measures, hygiene and sanitation. Cases were reported from Samaguri BPHC, Village: Borbali Tup, Sub-District: Samaguri, District: Nagaon. Cases presented with loose motion, fever, vomiting and pain abdomen after attending a religious gathering on 15.02.2025 and 16.02.2025. Total 3 rectal swab & 2 water samples were collected and sent to DPHL"
Assam,Nagaon,Poisoning,16,0,18-02-2025,18-02-2025,Control Under,"Nagaon. All 3 rectal swab samples were negative for any entero-pathogen after overnight aerobic incubation. Both the water samples were found to be unsatisfactory for drinking (Class-IV category) in MPN Test. District RRT investigated the outbreak. Community awareness and health education given by peripheral team on control measures, hygiene and sanitation. Cases were reported from a school in Kaldi under Mukalmua BPHC, Bartola MPHC, Sub- District: Barkhetri, District: Nalbari. Cases presented with fever with rash. The affected age group was 1-45 years. All"
Assam,Nalbari,Chickenpox,11,0,21-02-2025,23-02-2025,Surveillance,"cases were diagnosed clinically. The infected students were isolated. District RRT investigated the outbreak. Community awareness and health education given by peripheral team on control measures, hygiene and sanitation."
Assam,Nalbari,Chickenpox Acute,5,0,14-02-2025,17-02-2025,Surveillance Under,"blood samples were sent to DPHL Nalbari, both were positive for Chickenpox IgM by ELISA. District RRT investigated the outbreak. Community awareness and health education given by peripheral team on control measures, hygiene and sanitation. Cases were reported from Village: Chari Duar Gaon, Sub-District: Chariduar, District: Sonitpur. Health Facility: Chariduar. Cases presented with diarrhea. The most affected age group"
Assam,Sonitpur,Diarrheal Disease Fever with,16,0,20-02-2025,20-02-2025,Surveillance Under,"was 31-50 years. Three rectal swabs and 3 water samples were collected & sent to DPHL. District RRT investigated the outbreak. Community awareness and health education given by peripheral team on control measures, hygiene and sanitation. Cases were reported from Village Bhawanandpur, Sub-District Birpur, District Begusarai. Cases presented with fever with"
Bihar,Begusarai,Rash Fever with,14,0,18-02-2025,20-02-2025,Surveillance Under,"rash. District RRT investigated the outbreak. Cases treated symptomatically. Community awareness and health education given by peripheral team on hygiene and sanitation. Cases were reported from Village Ghaghra, Sub-District Bakhri, District Begusarai. Cases presented with fever with rash. Age group of the affected cases was 1-44 years. Eight blood samples were collected and sent to AIIMS,"
Bihar,Begusarai,Rash,12,0,18-02-2025,18-02-2025,Surveillance,"Patna. All the samples were negative for Measles IgM by ELISA. District RRT investigated the outbreak. Cases treated symptomatically. Vitamin A solution was given to susceptible. Community awareness and health education given by peripheral team on vaccination, hygiene and sanitation."
Bihar,Madhepura Pashchim,Rash Fever with,14,0,18-02-2025,18-02-2025,Surveillance Under,"and sent to AIIMS, Patna. District RRT investigated the outbreak. Cases treated symptomatically. Vitamin A solution was given to susceptible. Community awareness and health education given by peripheral team on vaccination, hygiene and sanitation. Cases were reported from Village Machhar Ganw, Sub-District Jogapatti, District Pashchim Champaran. Cases presented with fever with rash. Age group of the affected cases was 4-10 years. Four blood samples were collected and sent to AIIMS, Patna. All the"
Bihar,Champaran,Rash,10,0,17-02-2025,21-02-2025,Surveillance Under,"samples were negative for Measles IgM by ELISA. District RRT investigated the outbreak. Cases treated symptomatically. Vitamin A solution was given to susceptible. Community awareness and health education given by peripheral team on vaccination, hygiene and sanitation. Cases were reported from PHC Vadadla, Village: Dharmaj, Sub-District: Petlad, District: Anand. Cases presented with jaundice. The affected age group was 1 to 30 years. Total 20 blood samples were collected & sent to BJMC Ahmedabad, SSGH Vadodara & DPHL Anand, out of which 10 were positive"
Chhattisgarh,Raipur,Typhoid,11,0,21-01-2025,Control,"were positive for Salmonella typhi on Widal. District RRT investigated Community peripheral team on control measures, hygiene and sanitation.",the outbreak. Symptomatic treatment given. awareness and health education given by
Gujarat,Anand,Hepatitis A,57,0,18-02-2025,19-02-2025,Surveillance,"for Hepatitis A. also, 9 water samples were sent for bacteriological examination at BJMC Ahmedabad & DPHL Anand, out of which 5 were found to be unsatisfactory for drinking (2 were positive for Klebsiella & 3 for fecal E.coli). District RRT investigated the outbreak. Community awareness and health education given by peripheral team on control measures, hygiene and sanitation."
Gujarat,Gandhinagar,Poisoning,29,0,11-02-2025,17-02-2025,Control Under,"15-44 years. Water sample was sent to GMERS Gandhinagar, which showed 92 MPN/100ML on analysis. District RRT investigated the outbreak. Community awareness and health education given by peripheral team on control measures, hygiene and sanitation. Cases were reported from PHC Hadiyana, Village: Anada, Sub-District: Jodiya, District: Jamnagar. Cases presented with fever and rash. Two serum samples were collected and sent to BJMC Ahmedabad, out of which one was"
Gujarat,Jamnagar,Measles,4,0,21-02-2025,21-02-2025,Surveillance Under,"positive for Measles IgM by ELISA. All other cases were diagnosed clinically. District RRT investigated the outbreak. Community awareness and health education given by peripheral team on control measures, hygiene and sanitation. Cases were reported from Village Durgapur, Sub-District Shikaripara, District Dumka. Cases presented with fever with rash. Age group of the affected cases was 7-31 years. Three blood samples were collected and sent to"
Jharkhand,Dumka,Chickenpox,12,0,17-02-2025,18-02-2025,Surveillance,DPHL Dumka. All the samples were positive for Varicella Zoster IgM by ELISA. District RRT investigated the outbreak. Cases treated symptomatically. Community awareness and health education given by peripheral team on hygiene and sanitation.
Jharkhand,Hazaribagh,Chickenpox,8,0,18-02-2025,18-02-2025,Surveillance Under,"Dumka, out of which 8 samples were positive for Varicella Zoster IgM by ELISA. District RRT investigated the outbreak. Cases treated symptomatically. Community awareness and health education given by peripheral team on hygiene and sanitation. Cases were reported from Yadahalli PHC, Village: Yadahalli, Sub-District: Mudhol, District: Bagalkot. Cases presented with maculo-papular vesicular rashes. All cases were below 7 years of age. Five serum samples have been collected and sent to SIMS, out of"
Jharkhand,Koderma,Chickenpox,10,0,21-01-2025,Surveillance Under,"collected Varicella Zoster IgM by ELISA. the outbreak. Cases treated symptomatically. Community awareness and health education given by peripheral team on hygiene and sanitation. Cases Malappuram. headache, and vomiting.","and tested. All the samples were positive for District RRT investigated were reported from PHC Nediyiruppu, District: Cases presented with fever, abdominal pain, Five blood samples were sent to"
Kerala,Alappuzha,Fever,2,0,13-02-2025,21-02-2025,Surveillance Under,"Vandanam, which was positive for West Nile IgM. Total 32 serum samples were collected & sent for testing, out of which 1 family contact was positive for West Nile IgM. District RRT investigated the outbreak. Community awareness and health education given by peripheral team on vector control measures, hygiene and sanitation. Cases were reported from FHC Thiruvaniyoor, Village: Chavara, Sub-District: Kunnathunad, District: Ernakulam. Cases presented with jaundice. Three blood samples were collected"
Kerala,Ernakulam,Hepatitis A,13,0,21-02-2025,21-02-2025,Surveillance Under,"and sent to RPHL, all were positive for Hepatitis A IgM by ELISA. District RRT investigated the outbreak. Community awareness and health education given by peripheral team on control measures, hygiene and sanitation. Cases were reported from FHC Karumalloor, Village: Karumalloor, Sub-District: Paravur, District: Ernakulam. Cases presented with jaundice. Age group of the affected cases was 25 to 50 years. Two blood samples were sent"
Kerala,Ernakulam,Hepatitis A,14,1,20-02-2025,21-02-2025,Surveillance,"to RPHL, both were positive for Hepatitis A IgM by ELISA. District RRT investigated the outbreak. Community awareness and health education given by peripheral team on control measures, hygiene and sanitation. One death has occurred due to the illness."
Kerala,Ernakulam,Chickenpox,27,0,20-02-2025,20-02-2025,Surveillance Under,"45 to 60 years. All cases were diagnosed clinically. District RRT investigated the outbreak. Community awareness and health education given by peripheral team on control measures, hygiene and sanitation. Cases were reported from CHC Karunapuram, Village: Karunapuram, Sub-District: Udumbanchola, District: Idukki. Cases presented with fever with painful swelling in"
Kerala,Idukki,Mumps,9,0,22-02-2025,22-02-2025,Control Under,"the jaw. Affected cases were within the age group of 6-14 years. All cases were diagnosed clinically. District RRT investigated the outbreak. Community awareness and health education given by peripheral team on control measures, hygiene and sanitation. Cases were reported from UPHC Parakkadvu, Village: Thodupuzha, Sub-District: Thodupuzha, District: Idukki. Cases presented with fever with painful swelling in the jaw."
Kerala,Idukki,Mumps,20,0,21-02-2025,22-02-2025,Control,"Affected cases were within the age group of 10-15 years. All cases were diagnosed clinically. District RRT investigated the outbreak. Community awareness and health education given by peripheral team on control measures, hygiene and sanitation."
Kerala,Kannur,Hepatitis A,27,0,21-02-2025,22-02-2025,Surveillance Under,"testing, all were positive for HAV IgM by ELISA. Two water samples were sent to KWA Payannur for bacteriological study, which showed absence of Coliforms. District RRT investigated the outbreak. Community awareness and health education given by peripheral team on control measures, hygiene and sanitation. Cases were reported from PHC Mangattidam, Sub-District: Thalassery, District: Kannur. A 30 year old male presented with fever, body aches, and inguinal swelling followed by maculopapular eruptions. Sample was"
Kerala,Kannur,Mpox,1,0,15-02-2025,19-02-2025,Surveillance Under,"collected & sent to NIV Pune, which was positive for MPox (Clade1). District RRT investigated the outbreak. The patient was isolated at his home. Contact tracing and surveillance was done. Implemented active surveillance to detect any additional cases and prevent further spread. Cases were reported from a school in Village: Poovarany, FHC Meenachil, Sub-District: Meenachil, District: Kottayam. Cases presented with fever, swelling of parotid gland"
Kerala,Kottayam,Mumps,13,0,17-02-2025,17-02-2025,Surveillance,"and ear pain. The affected cases were in the age group of 4-5 years. All cases were diagnosed clinically. District RRT investigated the outbreak. Community awareness and health education given by peripheral team on control measures, hygiene and sanitation."
Kerala,Malappuram,Gastroenterit is,51,0,18-02-2025,22-02-2025,Surveillance Under,"years. One stool sample was collected and tested positive for Norovirus at SPHL Thiruvanathapuram. District RRT investigated the outbreak. Community awareness and health education given by peripheral team on control measures, hygiene and sanitation. Cases were reported from UPHC Malappuram (Panakad), Village: Malappuram, Sub-District: Ernad, District: Malappuram. Cases presented with jaundice. Two blood samples were sent to"
Kerala,Malappuram,Hepatitis A,18,0,07-02-2025,18-02-2025,Surveillance Under,"PH Lab Malappuram, both were positive for HAV IgM by ELISA. District RRT investigated the outbreak. Community awareness and health education given by peripheral team on control measures, hygiene and sanitation. Cases were reported from PHC Ongalur, Sub- District: Pattambi, District: Palakkad. Cases presented with jaundice. Nine blood samples were collected and sent to State Public Health Laboratory, out of which 2 were positive for HAV IgM by ELISA. Four water samples"
Kerala Uttar,Malappuram,Hepatitis A Food,62,0,12-01-2025,Surveillance Under,"DPHL Malappuram, out of which 2 were positive for HAV IgM by ELISA. Community peripheral team on control measures, hygiene and sanitation. Cases of loose motion, vomiting and abdominal pain were reported from Patel Nagar, Gonda City, District Gonda after consumption of food in an engagement ceremony.",District RRT investigated the outbreak. awareness and health education given by District
Kerala,Palakkad,Hepatitis A,40,0,19-02-2025,20-02-2025,Surveillance,"were collected and sent to Kerala Water Authority Laboratory in Pattambi for analysis. Out of these, three samples showed presence of Coliforms and E.coli. District RRT investigated the outbreak. Community awareness and health education given by peripheral team on control measures, hygiene and sanitation."
Kerala,uram,Mpox,1,0,18-02-2025,19-02-2025,Surveillance Under,"body associated with fever and tonsillitis. One sample was sent to regional designated lab for MPox, Microbiology, MCH TVM, which came positive for MPox. District RRT investigated the outbreak. Contact tracing and surveillance was done. Implemented active surveillance to detect any additional cases and prevent further spread. Cases were reported from FHC Varantharappilly, Village: Varandarappilly, Sub-District: Chalakkudy, District: Thrissur. Cases presented with fever, body pain, and painful pustules. One samples was sent to VRDL, MCH, Thrissur, which came positive"
Kerala,Thrissur,Mpox Acute,1,0,18-02-2025,19-02-2025,Surveillance Under,"for MPox (Monkeypox) by RT-PCR on 18-02- 2025. The patient was advised strict home isolation. District RRT investigated the outbreak. Contact tracing and surveillance was done. Implemented active surveillance to detect any additional cases and prevent further spread. Cases were reported from CHC Panamaram, Village: Anchukunnu, Sub-District: Mananthavady, District: Wayanad. Cases presented with vomiting, diarrhea, fever, and"
Kerala,Wayanad,Diarrheal Disease,8,0,21-02-2025,21-02-2025,Surveillance,"headache. Water samples were tested at KWA and all were negative for Coliforms. District RRT investigated the outbreak. Community awareness and health education given by peripheral team on control measures, hygiene and sanitation."
Kerala,Wayanad,Hepatitis A,12,0,15-02-2025,19-02-2025,Surveillance Under,"blood sample was sent for testing, which tested positive for Hepatitis A. District RRT investigated the outbreak. Community awareness and health education given by peripheral team on control measures, hygiene and sanitation. Cases were reported from a school under GH Kalpetta, Village: Kalpetta, Sub-District: Vythiri, District: Wayanad. Cases presented with fever, throat pain, swelling in parotid area. The affected age group was 4-6 years. All"
Kerala,Wayanad,Mumps Food,24,0,15-02-2025,19-02-2025,Surveillance Under,"cases were diagnosed clinically. District RRT investigated the outbreak. Community awareness and health education given by peripheral team on control measures, hygiene and sanitation. Cases were reported from CHC Panamaram, Village: Padinharethara, Sub-District: Mananthavady, District: Wayanad. Cases"
Kerala,Wayanad,Poisoning,9,0,15-02-2025,19-02-2025,Surveillance,"presented with loose stools after attending a religious gathering. District RRT investigated the outbreak. Community awareness and health education given by peripheral team on control measures, hygiene and sanitation."
Karnataka,Bagalkot,Chickenpox Food,7,0,18-02-2025,19-02-2025,Control Under,"which 4 were positive for Chickenpox (Varicella Zoster) IgM by ELISA. District RRT investigated the outbreak. Community awareness and health education given by peripheral team on control measures, hygiene and sanitation. Cases were reported from Village: Batlahalli, Sub-District: Chintamani, District: Chikballapur. Cases presented with vomiting and diarrhea after consumption of food from a common kitchen. The affected age group was 3-56 years. Two stool and 2 water samples were collected and sent to DPHL Chickaballapura. Both stool samples were"
Karnataka,Chikballapur,Poisoning,17,0,22-02-2025,23-02-2025,Control,"negative for any entero-pathogen on culture and water samples were found to be potable by H2S method. All were treated at Batlahalli CHC and Chinthamani General Hospital. District RRT investigated the outbreak. Community awareness and health education given by peripheral team on control measures, hygiene and sanitation."
Meghalaya,Hills,Chickenpox,10,0,18-02-2025,18-02-2025,Surveillance Under,"RMRC, Dibrugarh, Assam. Four samples tested positive for Varicella-Zoster Virus (Chickenpox) IgM by ELISA. District RRT investigated the outbreak. Community awareness and health education given by peripheral team on control measures, hygiene and sanitation. Cases were reported in Chibra Songma Village under Babadam PHC in Rongram Block. Cases presented with fever and maculopapular rashes. The affected age group was 4-27 years."
Meghalaya,West Garo Hills,Chickenpox,11,0,20-02-2025,21-02-2025,Surveillance,"All cases were diagnosed clinically. District RRT investigated the outbreak. Community awareness and health education given by peripheral team on control measures, hygiene and sanitation."
Maharashtra,Kolhapur,Hepatitis A,25,0,19-02-2025,19-02-2025,Surveillance,"out of which 8 serum samples were positive for Anti-HAV IgM by ELISA and 5 water samples were found to be contaminated. District RRT investigated the outbreak. Community awareness and health education given by peripheral team on control measures, hygiene and sanitation."
Maharashtra,Sangli South West Garo,Hepatitis A,12,0,18-02-2025,20-02-2025,Surveillance Under,"Miraj, out of which 1 was positive for Anti- HAV IgM by ELISA. District RRT investigated the outbreak. Community awareness and health education given by peripheral team on control measures, hygiene and sanitation. Death of a 14 year old female has occurred due to Acute Hepatitis A. Cases were reported from Chondon Nokat Village under Belbari PHC, Betasing Block. Cases presented with fever and maculopapular rashes. The affected age group was 2-12 years. Five blood samples were sent to ICMR-"
Pradesh Madhya,Dhar,Typhoid Acute,59,0,19-02-2025,19-02-2025,Surveillance Under,"samples were sent to PHE Department Dhar and DPHL Indore, both were found to be unsatisfactory. District RRT investigated the outbreak. Community awareness and health education given by peripheral team on control measures, hygiene and sanitation. The cause of the outbreak is believed to be contaminated water. Cases were reported from PHC Sutanganj, CH Begumgan, Village: Naigadhiya, Sub-District: Begamganj, District: Raisen. Cases presented with diarrhea. The affected age group was 5-60"
Pradesh,Raisen,Diarrheal Disease,10,0,20-02-2025,21-02-2025,Surveillance Under,"years. Water sample was collected by PHE, which was found to be potable. District RRT investigated the outbreak. Community awareness and health education given by peripheral team on control measures, hygiene and sanitation. Cases were reported from PHC Ispurli, Village: Nigave Khalsa, Sub-District: Karvir, District: Kolhapur. Cases presented with fever, vomiting, loss of appetite. All age groups were affected. Total 22 serum and 12 water samples were sent to SSH CPRH, NIV Pune & DPHL,"
Odisha,Cuttack,Poisoning,86,0,17-02-2025,17-02-2025,Surveillance Under,"sent to DPHL Cuttack. Water samples were found to be positive for H2S and no entero- pathogenic organism was found in rectal swabs. District RRT investigated the outbreak. Community awareness and health education given by peripheral team on control measures, hygiene and sanitation. Cases were reported from an ashram school in Village: Pipilikani, Sub-District: Banaharapali, District: Jharsuguda. Cases presented with fever with rash. The most affected age group"
Odisha,Jharsuguda,Chickenpox Food,26,0,19-02-2025,19-02-2025,Surveillance Under,"was 5-14 years. All cases were diagnosed clinically. District RRT investigated the outbreak. Community awareness and health education given by peripheral team on control measures, hygiene and sanitation. Cases were reported from CHC Pandripani, Sub-District: Malkangiri, District: Malkangiri. Cases presented with loose motion and vomiting after consumption of ffod from a common kitchen. The affected cases were less than 15 years of age. Two Rectal Swabs and 2 water samples were collected & sent to DPHL"
Odisha,Malkangiri,Poisoning,29,0,17-02-2025,17-02-2025,Surveillance,"Malkangiri. Water samples were found to be negative for H2S and no entero-pathogenic organism was found in rectal swabs. District RRT investigated the outbreak. Community awareness and health education given by peripheral team on control measures, hygiene and sanitation."
Odisha,Sambalpur,Diarrheal Disease Food,13,0,18-02-2025,18-02-2025,Surveillance Under,"Sambalpur. Water samples were found to be positive for H2S and no entero-pathogenic organism was found in rectal swabs. District RRT investigated the outbreak. Community awareness and health education given by peripheral team on control measures, hygiene and sanitation. Cases were reported from a school in Village: Udusu, Sub-District: Bisra, District: Sundargarh. Cases presented with abdominal cramps and vomiting after consumption of food from a common kitchen. The most affected age group was 15-44 years. Three"
Odisha,Sundargarh,Poisoning Acute,35,0,18-02-2025,18-02-2025,Surveillance Under,"water samples were collected & sent to DPHL Sundergarh, all were negative for H2S. District RRT investigated the outbreak. Community awareness and health education given by peripheral team on control measures, hygiene and sanitation. Cases were reported from Kumuliam CHC, Village: Kilimangalam, Sub-District: Sendurai, District: Ariyalur. Cases presented with vomiting and diarrhea. The affected age group was 1-15 years. Four stool, serum & three water samples were sent to DPHL Vilangudi & Regional Public Health,"
Tamil Nadu,Ariyalur,Diarrheal Disease,11,0,19-02-2025,21-02-2025,Control,"Water Analysis Laboratory, Tiruchirappalli. All stool & serum samples were negative for any entero-pathogen. Water samples were found to be potable. District RRT investigated the outbreak. Community awareness and health education given by peripheral team on control measures, hygiene and sanitation."
Tamil Nadu,Kallakurichi,Chickenpox,16,0,19-02-2025,19-02-2025,Control Under,"Villupuram and King Institute Chennai, out of which 2 were positive for Chickenpox (VZV) IgM by ELISA. District RRT investigated the outbreak. Community awareness and health education given by peripheral team on control measures, hygiene and sanitation. Cases were reported from Panjapatti CHC, Krishnarayapuram MMU, Village: Kambaliyampatti, Sub-District: Krishnarayapuram, District: Karur. Cases presented with fever with joint pain. Seven"
Tamil Nadu,Karur,Chikungunya Acute,20,0,15-02-2025,17-02-2025,Control Under,"blood samples were sent to DPHL, Karur, out of which 3 were positive for Chikungunya IgM by ELISA. District RRT investigated the outbreak. Community awareness and health education given by peripheral team on control measures, hygiene and sanitation. Cases were reported from Mookandapalli UPHC, Village: Zuzuvadi, Sub-District: Hosur, District: Krishnagiri. Cases presented with loose stools. Six water samples were sent"
Tamil Nadu,Krishnagiri,Diarrheal Disease,28,0,17-02-2025,19-02-2025,Control Under,"to DPHL, out of which 2 were positive for E.coli on culture. District RRT investigated the outbreak. Community awareness and health education given by peripheral team on control measures, hygiene and sanitation. Cases were reported from a nursery and primary school under Kovilpatti UPHC, Sub- District: Pudukkottai, District: Pudukkottai. Cases presented with fever with rash. The affected age group was 1-10 years. All cases"
Tamil Nadu,Pudukkottai,Chickenpox,7,0,20-02-2025,20-02-2025,Control,"were diagnosed clinically. District RRT investigated the outbreak. Community awareness and health education given by peripheral team on control measures, hygiene and sanitation."
Tamil Nadu,Salem,Chickenpox,17,0,17-02-2025,17-02-2025,Control Under,"Kings Institute, Guindy, out of which 5 were positive for VZV IgM by ELISA & RTPCR. District RRT investigated the outbreak. Community awareness and health education given by peripheral team on control measures, hygiene and sanitation. Cases were reported from a school under Vanganoor PHC, Sub-District: R K Pet, District: Thiruvallur. Cases presented with blisters. The affected age group was 1-15 years. Four blood samples"
Tamil Nadu,Thiruvallur,Chickenpox Acute,37,0,22-02-2025,22-02-2025,Surveillance Under,"were sent to King Institute, all were positive for VZV (Varicella Zoster Virus) IgM by ELISA. District RRT investigated the outbreak. Community awareness and health education given by peripheral team on control measures, hygiene and sanitation. Cases were reported from W.Pudupatti PHC, Village: Christianpettai, Sub-District: Watrap, District: Virudhunagar. Cases presented with Stomach pain with loose motion. Most of the affected cases were more than 15 years of age. Five serum samples were"
Tamil Nadu,Virudhunagar,Diarrheal Disease,13,0,15-02-2025,17-02-2025,Control,"sent to DPHL Virudhunagar, all were negative for any entero-pathogen. District RRT investigated the outbreak. Community awareness and health education given by peripheral team on control measures, hygiene and sanitation."
Pradesh,"Gonda th March, 2020. The States have been reporting the COVID-19 cases and deaths on a real-time basis and the same was being updated on the website of",Poisoning,85 COVID-19 STATUS,0,18-01-2025,Control,"RRT investigated District Hospital Gonda. education given by peripheral team on control measures, hygiene and sanitation.",the outbreak. Cases were treated at Community awareness and health
Pradesh,Konaseema,Mumps,30,0,24-02-2025,01-03-2025,Control Under,"collected and sent to Microbiology Department. 8 samples came positive for Mumps IgM by ELISA. District RRT investigated the outbreak. Cases treated symptomatically. Community awareness and health education given by peripheral team on hygiene and sanitation. Cases were reported from Village Khamarpara (Khumarpara), Sub-District Bijni (Pt), District Chirang. Cases presented with fever with rash. 8 blood samples were collected and sent to WHO Bongaigaon unit. One sample found positive for"
Assam,Chirang,Rubella Acute,19,0,28-02-2025,01-03-2025,Surveillance Under,"Rubella IgM by ELISA. District RRT investigated the outbreak. Age group of the affected cases was 5-14 years. Cases treated symptomatically. Community awareness and health education given by peripheral team on vaccination, hygiene and sanitation. Cases were reported from Village: Pub Gerimari, Sub-District Mangaldoi (Pt), District Darrang. Cases presented with loose motion, pain abdomen, fever and vomiting. 6 rectal swabs and 2 water samples were collected and sent to IPHL Darrang. Stool samples did not"
Assam,Darrang,Diarrheal Disease,28,0,01-03-2025,01-03-2025,Surveillance,show growth of any pathogenic organism and both the water samples found fit for potable purpose. District RRT investigated the outbreak. Community awareness and health education given by peripheral team on hygiene and sanitation.
Assam,Jorhat,Fever,20,0,27-02-2025,27-02-2025,Surveillance Under,"Cases treated symptomatically. Age group of the affected cases were 22-67 years Community awareness and health education given by peripheral team on vector control measures, hygiene and sanitation. Cases were reported from Village Katanibari TE, Sub District Mariani, District Jorhat. Cases presented with fever. Total 26 blood samples found negative for malaria by RDT kits. District RRT investigated the outbreak. Cases treated"
Assam,Jorhat,Fever Acute,26,0,25-02-2025,25-02-2025,Control Under,"symptomatically. Age group of the affected cases were 19-42 years. Community awareness and health education given by peripheral team on vector control measures, hygiene and sanitation. Cases were reported from Village Santipur, Sub District Majuli, District Majuli. Cases presented with loose watery stools. 3 water samples were collected and sent to DPHL Lakhimpur. Water samples found fit for potable"
Assam,Majuli,Diarrheal Disease,26,0,25-02-2025,26-02-2025,Surveillance Under,"purpose. District RRT investigated the outbreak. Cases treated symptomatically. Community awareness and health education given by peripheral team on hygiene and sanitation. Cases were reported from Sub-District Harisinga, District Udalguri. Cases presented with fever. Total 35 blood samples found negative for malaria by RDT"
Assam,Udalguri,Fever,35,0,27-02-2025,28-02-2025,Surveillance,"kits. District RRT investigated the outbreak. Cases treated symptomatically. Community awareness and health education given by peripheral team on vector control measures, hygiene and sanitation."
Bihar,Begusarai,Rash Fever with,27,0,25-02-2025,27-02-2025,Surveillance Under,"Measles IgM by ELISA. District RRT investigated the outbreak. Age group of the affected cases was 1-25 years. Cases treated symptomatically. Community awareness and health education given by peripheral team on vaccination, hygiene and sanitation. Cases were reported from Village Malpur, Sub District Khudabandpur, District Begusarai. Cases presented with fever with rash. 9 blood samples were collected and sent to AIIMS, Patna. All the samples found negative for the"
Bihar,Begusarai Purbi,Rash,13,0,24-02-2025,25-02-2025,Surveillance Under,"Measles IgM by ELISA. District RRT investigated the outbreak. Age group of the affected cases was 6-36 years. Cases treated symptomatically. Community awareness and health education given by peripheral team on vaccination, hygiene and sanitation. Cases were reported from Village Bahuwara Harwnsh, Sub-District Kalyanpur, District Purbi Champaran. Cases presented with fever with rash. 5 blood samples were collected and sent to AIIMS, Patna. 4 samples found positive for the Measles IgM by ELISA. District RRT"
Bihar,Champaran,Measles,16,0,27-02-2025,01-03-2025,Surveillance,"investigated the outbreak. Age group of the affected cases was 5-12 years. Cases treated symptomatically. Vitamin A solution was given to them. Community awareness and health education given by peripheral team on vaccination, hygiene and sanitation."
Chhattisgarh,Dhamtari,Poisoning Acute,113,0,25-02-2025,27-02-2025,Surveillance Under,"ceremony. District RRT investigated the outbreak. Cases treated symptomatically. Community awareness and health education given by peripheral team on hygiene and sanitation. Cases were reported from Sub District Bodla, District Kabirdham. Cases presented with loose motion District RRT"
Chhattisgarh,Kabirdham,Diarrheal Disease Acute,23,0,23-02-2025,24-02-2025,Surveillance Under,"investigated the outbreak. Cases treated symptomatically. Community awareness and health education given by peripheral team on control measures, hygiene and sanitation. Cases were reported from Village Calem, Sub District Sanguem, District South Goa. Cases presented with loose stools and vomiting after consumption of food at a house party. 9 stool samples and water samples were collected and sent to DPHL South Goa. Stool samples did"
Chhattisgarh Madhya,Narayanpur,Rubella,,13,0 28-01-2025,Surveillance Under,"4 samples found Rubella IgM investigated the outbreak. Age group of the affected cases was less Community peripheral team on vaccination, hygiene and sanitation. Cases were reported from Village Barkhed, Sub-District Multai, District Betul. Cases presented with loose stools and vomiting. 3 stool samples and 1 water sample were collected and sent to DPHL Bhopal. 1 Stool sample found positive for",by ELISA. District RRT than 15 years. Cases treated symptomatically. awareness and health education given by
Gujarat,Amreli,Diarrheal Disease,53,0,24-02-2025,27-02-2025,Control,growth of any pathogenic organism and water samples found unfit for potable purpose (Coliforms detected). District RRT investigated the outbreak. Cases treated symptomatically. Community awareness and health education given by peripheral team on hygiene and sanitation.
Goa,South Goa,Diarrheal Disease Acute,13,0,24-02-2025,25-02-2025,Control Under,"not show growth of any pathogenic organism and water sample found fit for potable purpose. District RRT investigated the outbreak. Cases treated symptomatically. Community awareness and health education given by peripheral team on hygiene and sanitation. Cases were reported from TMPHS, Babra Taluka, Health facility Chamardi, District Amreli. Cases presented with loose stools and vomiting. 3 stool samples and 2 water samples were collected and sent to Shanta ba Medical College, Amreli. Stool samples did not show"
Jharkhand,Hazaribagh,Chickenpox Scrub,9,0,27-02-2025,28-02-2025,Surveillance Under,"Zoster IgM by ELISA. District RRT investigated the outbreak. Age group of the affected cases was 5-18 years. Cases treated symptomatically. Community awareness and health education given by peripheral team on hygiene and sanitation. Cases were reported from Village Chando Alias (Mayapur), Sub-District Chainpur, District Palamu. Cases presented with fever. 5 blood samples tested positive for Scrub typhus IgM by"
Jharkhand,Palamu,Typhus Food,5,0,01-03-2025,01-03-2025,Surveillance Under,"ELISA at DPHL Palamu. District RRT investigated the outbreak. Cases treated symptomatically. Community awareness and health education given by peripheral team on vaccination, hygiene and sanitation. Cases were reported from PHC Melavanki, Village Melavanki, Sub District Gokak, District Belagavi. Cases presented with diarrhoea following consumption of food and water in a baby shower ceremony in Melavanki Village. Two stool samples were sent to DSU Belagavi, all were negative for any entero-pathogen on"
Jharkhand,East Singhbum,Chickenpox,17,0,27-02-2025,27-02-2025,Surveillance,found positive for the Varicella Zoster IgM by ELISA. District RRT investigated the outbreak. Age group of the affected cases was 5-44 years. Cases treated symptomatically. Community awareness and health education given by peripheral team on hygiene and sanitation.
Kashmir Jammu and,Badgam,A&E,10,0,27-02-2025,27-02-2025,Surveillance Under,"Hepatitis A IgM and 2 came positive for Hepatitis E IgM by ELISA. Water samples found fit for potable purpose. District RRT investigated the outbreak. Cases treated symptomatically. Community awareness and health education given by peripheral team on hygiene and sanitation Cases were reported from village Bugna Sub District Boniyar, District Baramulla. Cases presented with jaundice, fever and fatigue. Total 11 blood samples and 4 water samples were collected and sent to DPHL Baramulla. 5 blood samples came positive for"
Kashmir,Baramulla,Hepatitis A,22,0,24-02-2025,25-02-2025,Surveillance Under,"Hepatitis A IgM by ELISA. Water samples found fit for potable purpose. District RRT investigated the outbreak. Cases treated symptomatically. Community awareness and health education given by peripheral team on hygiene and sanitation Cases were reported from Village Chaluniya, Sub District Chakulia, District East Singhbum. Cases presented with fever with rash. 3 blood samples were collected and sent to DPHL Khasmahal, East Singhbhum. All the samples"
Kerala,Ernakulam,Hepatitis A,8,0,26-02-2025,28-02-2025,Surveillance Under,"IgM by ELISA and water samples found unfit for potable purpose (Coliforms detected). District RRT investigated the outbreak. Cases treated symptomatically. Community awareness and health education given by peripheral team on hygiene and sanitation Case was reported from Sub-District Kasaragod, District Kasaragod. A 37-year-old male native of Thalangara, working as a sales man in Dubai, presented with complaints of rash and fever. Recently he returned to India from Dubai on 25-2-2025. He"
Kerala,Kollam,Hepatitis A,34,0,22-02-2025,24-02-2025,Surveillance,potable purpose (Coliforms detected). District RRT investigated the outbreak. Cases treated symptomatically. Community awareness and health education given by peripheral team on hygiene and sanitation.
Kerala,Kozhikode,Mpox,1,0,28-02-2025,28-02-2025,Surveillance Under,"NIV Pune by RT-PCR. District RRT investigated the outbreak. She was treated at MCH Kozhikode. Community awareness and health education given by peripheral team on hygiene and sanitation. Cases were reported from GMLP School in the FHC Parappanagadi, Sub-District Tirurangadi, District Malappuram. Cases presented with fever with maculo-"
Kerala,Kasaragod,Mpox,1,0,27-02-2025,01-03-2025,Surveillance Under,"th was tested positive for Mpox on 28 January, 2025 from VRDL Calicut by RT-PCR. District RRT investigated the outbreak. He was treated at General hospital, Kasargod. Community awareness and health education given by peripheral team on hygiene and sanitation. Cases were reported from TKM Engineering College, Sub District Kollam, District Kollam. Cases presented with jaundice. Total 6 water samples were collected and sent to District water lab. 2 water samples found unfit for"
Kerala,Malappuram,Chickenpox,11,0,28-02-2025,01-03-2025,Surveillance Under,"papular rash. District RRT investigated the outbreak. Cases treated symptomatically. Community awareness and health education given by peripheral team on hygiene and sanitation. Cases were reported from AMUP School at Manjeri Municipality area, Sub District Ernad, District Malappuram. Cases presented with jaundice. Total 2 blood samples and water sample were collected and sent to GMCH Manjeri. Both the blood samples"
Kerala,Malappuram,Hepatitis A,33,0,24-02-2025,27-02-2025,Surveillance,came positive for Hepatitis A IgM by ELISA and water samples found unfit for potable purpose (E.Coli detected). District RRT investigated the outbreak. Cases treated symptomatically. Community awareness and health education given by peripheral team on hygiene and sanitation
Kerala,Palakkad Thiruvananthap,Mumps Food,38,0,26-02-2025,26-02-2025,Surveillance Under,"clinically diagnosed as Mumps. District RRT investigated the outbreak. Age group of the affected cases were 4-9 years. Cases treated symptomatically. Community awareness and health education given by peripheral team on, hygiene and sanitation. Cases were reported from Village Vettoor, Sub- District Chirayinkeezhu, District Thiruvananthapuram. Cases presented with vomiting, pain abdomen and weakness, after consuming food during a local festival. 3 stool samples and water samples were collected and sent to THQH Varkala and Kerala Water"
Kerala,uram Thiruvananthap,Poisoning Acute,156,0,01-03-2025,01-03-2025,Surveillance Under,"Authority Lab. Stool samples did not show growth of any pathogenic organism and water samples found unfit for potable purpose (E. Coli detected). District RRT investigated the outbreak. Community awareness and health education given by peripheral team on hygiene and sanitation. Cases were reported from Ammathotti (An electronic cradle Centre), District Thiruvananthapuram. Cases presented with vomiting, vomiting and loose stools. 6 stool samples and water sample were collected and sent to IAV Thonnackal. Stool samples found"
Kerala,uram,Diarrheal Disease,31,1,28-02-2025,28-02-2025,Surveillance,"positive for Rotavirus and water samples found unfit for potable purpose (Coliforms detected). District RRT investigated the outbreak. A 3- month-old male child expired on 28-02-2025 at W & C hospital, Thycaud. Community awareness and health education given by peripheral team on hygiene and sanitation."
Kerala Madhya,Wayanad,Diarrheal Disease Food,104,0,28-02-2025,01-03-2025,Surveillance Under,"Alappuzha. Stool samples did not show growth of any pathogenic organism. District RRT investigated the outbreak. Cases were treated symptomatically. Community awareness and health education given by peripheral team on hygiene and sanitation. Cases were reported from Sub-District Jaora, District Ratlam. Cases presented with loose stools and vomiting. Food samples were collected and sent to Food and Drug department; result is awaited. District RRT"
Karnataka,Belagavi,Poisoning,62,0,27-02-2025,27-02-2025,Control,"culture. One water sample was collected and tested at DSU Belagavi was found to be unfit for drinking purpose by MPN test. District RRT investigated the outbreak. Community awareness and health education given by peripheral team on vector measures, hygiene and sanitation."
Karnataka,Kalaburagi,Poisoning Acute,21,0,23-01-2025,24-02-2025,Control Under,"of 8 water samples were collected, out of which 1 was found to be non-potable. District RRT investigated the outbreak. Community awareness and health education given by peripheral team on control measures, hygiene and sanitation. Cases were reported from Gundolli SC, PHC Sambrani, TH Haliy, Village Kalginkop, Sub District Haliyal, District Uttar Kannad. Cases presented with loose stools and vomiting after eating in a temple festival at Kalginkoppa Village. Total 27 water samples were tested for H2S, out of which one was found to be NSPP"
Karnataka,Uttar Kannad,Diarrheal Disease,30,0,25-02-2025,25-02-2025,Control Under,"(Not Suitable for Potable Purpose). One stool sample was collected for culture and sensitivity, which was negative for any enteric pathogens. District RRT investigated the outbreak. Community awareness and health education given by peripheral team on control measures, hygiene and sanitation. Cases were reported from Kudari Salawadagi PHC, Village Kudarisalwadgi, Sub District Basavana Bagevadi, District Vijayapura. Cases presented with fever, body aches, and joint pain. Eight samples were sent to DPHL"
Karnataka,Vijayapura,Chikungunya,5,0,21-02-2025,27-02-2025,Control,"Vijayapur, out of which 5 were positive for Chikungunya IgM by ELISA. District RRT investigated the outbreak. Community awareness and health education given by peripheral team on vector control measures, hygiene and sanitation."
Meghalaya,North Garo Hills,Typhoid Acute,39,0,26-02-2025,26-02-2025,Surveillance Under,"Widal test at Kharkutta PHC. District RRT investigated the outbreak. Age group of the affected cases were 3-56 years. Community awareness and health education given by peripheral team on hygiene and sanitation. Cases were reported from Village Nokatgre, Sub District Baghmara, District South Garo Hills. Cases presented with loose motion and vomiting. 3 water samples were collected and sent to State Food testing laboratory. Water"
Meghalaya,South Garo Hills,Diarrheal Disease Human,9,0,27-02-2025,27-02-2025,Surveillance Under,"samples found unfit for potable purpose. District RRT investigated the outbreak. Community awareness and health education given by peripheral team on control measures, hygiene and sanitation. Case was reported from Village Purana Bazar, Sub-District Dimapur Sadar, District Dimapur. A 32-year-old male presented with complaints of hydrophobia, altered sensorium. District RRT investigated the outbreak. History of dog"
Maharashtra,Jalgaon,Jaundice,12,0,26-02-2025,01-03-2025,Surveillance,"negative for Hepatitis A and Hepatitis E IgM by ELISA, District RRT investigated the outbreak. Cases treated symptomatically. Community awareness and health education given by peripheral team on hygiene and sanitation."
Maharashtra,Kolhapur,Poisoning Acute,24,0,01-03-2025,01-03-2025,Surveillance Under,"pathogenic organism, water sample found fit for potable purpose. District RRT investigated the outbreak. All the cases developed the symptoms after having food in a religious festival. Cases treated symptomatically. Community awareness and health education given by peripheral team on hygiene and sanitation Cases were reported from Chalani Ashram School, Village Chalani, Sub-District Dahanu, District Palghar. Cases presented with loose stools and pain abdomen. 2 Water samples found unfit for"
Maharashtra,Palaghar,Diarrheal Disease,23,0,01-03-2025,02-03-2025,Surveillance Under,"potable purpose. District RRT investigated the outbreak. Cases treated symptomatically. Community awareness and health education given by peripheral team on hygiene and sanitation Cases were reported from Village Bedag, Sub- District Miraj, District Sangli. Cases presented with symptoms of nausea, vomiting, loose stools and abdominal pain. 4 blood samples tested at GMCH Miraj found negative for Hepatitis A IgM by ELISA, while 1 sample tested at private lab found positive for"
Maharashtra,Sangli,Hepatitis A,34,0,25-02-2025,25-02-2025,Surveillance,Hepatitis A Virus. District RRT investigated the outbreak. Age group of the affected cases were 06 year to 15 years. Repair of leakage pipeline was done. Cases treated symptomatically. Community awareness and health education given by peripheral team on hygiene and sanitation.
Maharashtra,Sangli,Poisoning,67,0,24-02-2025,25-02-2025,Surveillance Under,"academy. District RRT investigated the outbreak. Cases treated symptomatically. Community awareness and health education given by peripheral team on hygiene and sanitation. Cases were reported from Kosak Gandim village, Sub District Kharkutta, District North Garo Hills. Cases presented with fever chills, body aches, nausea, and vomiting. A total of 39 samples tested positive for Salmonella typhi by"
Pradesh Madhya,Betul,Cholera,,69,0 28-01-2025,Surveillance Under,"Cholera on culture. purpose. treated symptomatically. Community awareness and health education given by peripheral team on hygiene and sanitation. Cases Chhatarpur, District Chhatarpur. Cases presented with fever with rash. 5 blood samples were collected and sent to ICMR Jabalpur. All the samples found positive for the Measles IgM by ELISA.","water sample found unfit for potable District RRT investigated the outbreak. Cases were reported from Village Budor, Sub-District District RRT investigated the outbreak. Age"
Pradesh,"Chhatarpur th March, 2020. The States have been reporting the COVID-19 cases and deaths on a real-time basis and the same was being updated on the website of",Measles,COVID-19 STATUS,14,0 06-02-2025,Surveillance,group of the affected cases was symptomatically. susceptible. given sanitation.,"1-18 years. Cases treated Vitamin A solution was given to Community awareness and health education by peripheral team on vaccination, hygiene and"
Pradesh,Ratlam,Poisoning,18,0,21-02-2025,25-02-2025,Surveillance Under,"investigated the outbreak. All the cases developed the after eating food in a marriage function. Cases treated symptomatically. Community awareness and health education given by peripheral team on hygiene and sanitation. Cases were reported from Sub-District Pachora, District Jalgaon. Cases presented with symptoms of jaundice, nausea, vomiting and abdominal pain. 12 blood samples tested at GMC Chhatrapati Sambhali Nagar and found"
Nagaland,Dimapur,Rabies,1,1,27-02-2025,28-02-2025,Surveillance,"bite in the month of November 2024. He did not take ARV. He got admitted on 26-02-2025 and expired on same day. Community awareness and health education given by peripheral team on vaccination for dog bite, hygiene and sanitation."
Nagaland,Dimapur,Rabies,1,1,24-02-2025,25-02-2025,Surveillance Under,"cheek by his pet dog on 3 week of January 2025. He got admitted on 24-02-2025 and went LAMA (Leave and Medical Advice) on 24-02- 2025. He did not receive ARV. He expired on 27-02-2025. Community awareness and health education given by peripheral team on vaccination for dog bite, hygiene and sanitation. Cases were reported from Village Sugar Mill colony- Rasipalayam, Sub-District Mohanur, District Namakkal. Cases presented with swelling and pain in parotid gland with mild fever. 5 blood samples were collected and sent to King Institute,"
Tamil Nadu,Namakkal,Mumps,9,0,24-02-2025,24-02-2025,Surveillance Under,"Guindy. All the samples found positive for Mumps IgM by Elisa. District RRT investigated the outbreak. Cases treated symptomatically. Community awareness and health education given by peripheral team on, hygiene and sanitation. Cases were reported from MGR Nager, Rajagiri PUPS E School, Sub District Papanasam, District Thanjavur. Cases presented with fever with rash. 6 blood samples were collected and sent to King"
Tamil Nadu,Thanjavur,Chickenpox,20,0,24-02-2025,25-02-2025,Surveillance,Institute Chennai. 1 sample found positive for the Varicella Zoster IgM by ELISA. District RRT investigated the outbreak. Cases treated symptomatically. Community awareness and health education given by peripheral team on hygiene and sanitation.
Pradesh,Lalitpur,Measles,18,0,24-02-2025,01-03-2025,Surveillance Under,"investigated the outbreak. Age group of the affected cases was 4-10 years. Cases treated symptomatically. Vitamin A solution was given to susceptible. Community awareness and health education given by peripheral team on vaccination, hygiene and sanitation. Cases were reported from Village Nimtijhora Tea Garden, Sub-District Kalchini, District Alipurduar. Cases presented with fever with rash. 14 blood samples were collected and sent to NBMCH. All the samples found positive for the Varicella"
West Bengal,Alipurduar,Chickenpox,15,0,28-02-2025,28-02-2025,Surveillance Under,"Zoster IgM by ELISA. District RRT investigated the outbreak. Age group of the affected cases was 3-33 years. Cases treated symptomatically. Community awareness and health education given by peripheral team on hygiene and sanitation. Cases were reported from Village Dadpur, Sub- District Balagarh, District Hooghly. Cases presented with diarrhea. Three rectal swabs and 2 water samples were collected and sent to NICED. Two rectal swabs found positive"
West Bengal,Hooghly,Cholera,11,0,02-03-2025,02-03-2025,Surveillance,for Vibrio cholerae on culture and water samples found unfit for potable purpose. District RRT investigated the outbreak. Community awareness and health education given by peripheral team on hygiene and sanitation.
West Bengal,Nadia,Poisoning,74,0,25-02-2025,25-02-2025,Surveillance,"collected and sent to NRSMCH, Kolkata. District RRT investigated the outbreak. Cases treated symptomatically. Community awareness and health education given by peripheral team on hygiene and sanitation."
Pradesh,Konaseema,Poisoning,14,0,25-02-2025,Control,"District RRT investigated the outbreak. Cases were treated at Area Hospital, Amlapuram. Community awareness and health education given by peripheral team on hygiene and sanitation.",
Pradesh,Nandyal,Diarrheal Disease Acute,19,2,28-02-2025,03-03-2025,Surveillance Under,"sample). District RRT investigated the outbreak. Cases treated symptomatically. A 65-year-old female expired on 27th February 2025 at GGH Kurnool due to cardio- respiratory failure with Acute Gastro-enteritis, Acute Kidney Injury and sepsis, known case of Diabetes Mellitus. Another case a 47-year-old male expired on 27th February due to cardio- respiratory failure with Acute Diarrheal Disease, severe dehydration and shock. Cases were reported from Ward 4, Tengramari under Abhayapuri SC of Srijangram BPHC. Cases presented with symptoms of loose motion, fever, vomiting after consumption of food from a common kitchen. Five rectal swabs, 1 water and 5 food samples were collected & sent to DPHL, Goalpara. Out of 5"
Assam,Bongaigaon,Diarrheal Disease,5,0,06-03-2025,06-03-2025,Surveillance,"rectal swabs, 2 samples were positive for Shigella species and 1 for E.coli. Water sample was found to be negative for any microbial contamination. District RRT investigated the outbreak. Community awareness and health education given by peripheral team on control measures, hygiene and sanitation."
Assam,Nagaon,Rabies Human,1,1,07-03-2025,07-03-2025,Surveillance Under,"investigated the outbreak. IEC activities regarding wound washing, wood management, importance of ARV in animal bite condition and completing the vaccine schedule was conducted. Contact tracing done and exposure prophylaxis started for all the close contacts. The patient died on 08-03-2025 at home due to suspected rabies. Case was reported from Deodhar PHC, Village: Morangial, Sub-District: Nagaon, District: Nagaon. A 40 year old male presented with fever, headache, body ache, agitation, followed by aerophobia, hydrophobia to NMCH on 02.03.2025. The patient had a history of licking on his lower limb by a street dog approximately 3 months before the onset"
Assam,Nagaon,Rabies,1,1,04-03-2025,05-03-2025,Surveillance,"of symptoms. The case did not take any ARV. District RRT investigated the outbreak. IEC activities regarding wound washing, wood management, importance of ARV in animal bite condition and completing the vaccine schedule was conducted. Contact tracing done and exposure prophylaxis started for all the close contacts. The patient died on 05-03-2025 at home due to suspected rabies."
Bihar,Jehanabad,Chickenpox Fever with,11,0,28-02-2025,03-03-2025,Surveillance Under,"samples were positive for Varicella Zoster IgM by ELISA. District RRT investigated the outbreak. Cases treated symptomatically. Community awareness and health education given by peripheral team on hygiene and sanitation. Cases were reported from Village Mukhtarpur Salkhani, Sub-District Dalsinghsarai, District Samastipur. Cases presented with fever with rash. Age group of the affected cases was 1-9 years. Five blood samples were collected and sent to AIIMS, Patna. All the samples were"
Bihar,Samastipur,Rash Fever with,7,0,05-02-2025,06-03-2025,Surveillance Under,"negative for Measles. District RRT investigated the outbreak. Cases treated symptomatically. Vitamin A solution was given to susceptible. Community awareness and health education given by peripheral team on vaccination, hygiene and sanitation. Cases were reported from Village Shampur and Mian Bairo under CHC Rajapakar, Sub- District Bhagwanpur, District Vaishali. Cases presented with fever with rash. Age group of the affected cases was 3-35 years. Five blood samples were collected and sent to AIIMS,"
Bihar,Vaishali,Rash,8,0,08-03-2025,09-03-2025,Surveillance,"Patna. All the samples were negative for Measles. District RRT investigated the outbreak. Cases treated symptomatically. Vitamin A solution was given to susceptible. Community awareness and health education given by peripheral team on vaccination, hygiene and sanitation."
Chhattisgarh,Dantewada,Poisoning,11,0,07-03-2025,07-03-2025,Surveillance Under,"symptomatically. District RRT investigated the outbreak. Community awareness and health education given by peripheral team on control measures, hygiene and sanitation. Cases were reported from District: Durg. Health Facility: Khursipar, Khursipa. Cases presented with yellowish discoloration of eyes and skin. The affected age group was 3-40"
Chhattisgarh,Durg,Jaundice Food,71,0,03-02-2025,03-03-2025,Surveillance Under,"years. Contaminated water might be the cause of outbreak. District RRT investigated the outbreak. Community awareness and health education given by peripheral team on control measures, hygiene and sanitation. Cases were reported from Village: Taparkela, Sub-District: Lakhanpur. Cases presented with diarrhea, abdominal pain and vomiting after consumption of food in a wedding party. Four stool samples were sent to Medical College"
Chhattisgarh,Surguja,Poisoning Acute,10,0,06-03-2025,07-03-2025,Surveillance Under,"Ambikapur for stool culture, all were negative for any entero-pathogen. District RRT investigated the outbreak. Community awareness and health education given by peripheral team on control measures, hygiene and sanitation. Cases were reported from Village: Nagalpar Moti, Sub-District: Anjar, District: Kachchh. Cases presented with vomiting, diarrhea. The affected age group was 5-40 years. Two stool samples were collected and sent to GK General"
Gujarat,Kachchh,Diarrheal Disease,12,0,01-03-2025,03-03-2025,Surveillance,"Hospital Bhuj, both were negative for Cholera. District RRT investigated the outbreak. Community awareness and health education given by peripheral team on control measures, hygiene and sanitation."
Gujarat Jammu and,Panchmahals,Hepatitis A,16,0,07-03-2025,08-03-2025,Surveillance Under,"were positive for Hepatitis A. All other cases were epidemiologically linked cases. District RRT investigated the outbreak. Community awareness and health education given by peripheral team on control measures, hygiene and sanitation. Case was reported from Village: Chak Qadus, Sub-District: Khansahib, District: Badgam. A 6 year old female child presented with fever, drowsiness, vomiting to SDH Beerwah on 02/03/2025. Patient had contacted dog bite (Cat III) on 09/02/2025 and patient has received 3 doses of ARV and RIG. District RRT investigated the outbreak. IEC activities"
Jharkhand,Latehar,Paratyphoid,30,0,03-03-2025,03-03-2025,Surveillance,District RRT investigated the outbreak. Community awareness and health education given by peripheral team on hygiene and sanitation.
Jharkhand,Latehar,Paratyphoid Fever with,68,0,03-03-2025,03-03-2025,Surveillance Under,"by Widal and RDT kits. District RRT investigated the outbreak. Community awareness and health education given by peripheral team on hygiene and sanitation. Cases were reported from Village Barapaseya, Sub-District Noamundi, District West Singhbhum. Cases presented with fever with rash. Age group of the affected cases was 5-41 years. Three blood samples were collected and sent to MGM Medical College, Jamshedpur."
Jharkhand,West Singhbhum,Rash Food,9,0,08-03-2025,08-03-2025,Surveillance Under,"All the samples were negative for Measles. District RRT investigated the outbreak. Cases treated symptomatically. Community awareness and health education given by peripheral team on vaccination, hygiene and sanitation. Cases were reported from a jail under Bunder UPHC, Sub-District: Mangaluru, District: Dakshin Kannad. Cases presented with pain in the abdomen, vomiting and diarrhea after consumption of food from a common kitchen. The affected age group was 19-70 years. Three stool samples were collected and sent to DPHL"
Kashmir,Badgam,Rabies,1,1,04-03-2025,04-03-2025,Control Under,"regarding wound washing, wound management, importance of ARV in animal bite condition and completing the vaccine schedule was conducted. Contact tracing done and exposure prophylaxis started for all the close contacts. The patient died on 04/03/2025 at Govt Children Hospital Srinagar due to suspected rabies illness. Cases of fever were reported from Sub-District Manika, District Latehar. All age groups were affected. A total of 30 samples tested positive for Salmonella paratyphoid A by Widal."
Kerala,Ernakulam,Dengue Acute,9,0,08-03-2025,08-03-2025,Surveillance Under,"were positive for Dengue IgM by ELISA. District RRT investigated the outbreak. Community awareness and health education given by peripheral team on vector control measures, hygiene and sanitation. Cases were reported from a college hostel under CHC Pampakuda, Sub-District: Muvattupuzha, District: Ernakulam. Cases presented with abdominal pain, loose stools and vomiting after consumption of food/water from a common kitchen. All affected cases are under the age group of 18 to 19 years and all"
Kerala,Ernakulam,Gastroenterit is,9,0,28-02-2025,03-03-2025,Surveillance,"are females. Two water samples were collected and tested at RPHL for bacteriological analysis, both showed presence of E.coli. Super chlorination was conducted for the water sources. District RRT investigated the outbreak. Community awareness and health education given by peripheral team on control measures, hygiene and sanitation."
Kerala,Palakkad,Hepatitis A Acute,45,0,06-03-2025,06-03-2025,Surveillance Under,"found to be positive for Hepatitis A by card test. District RRT investigated the outbreak. Community awareness and health education given by peripheral team on control measures, hygiene and sanitation. Cases were reported from a college under CHC Enadimangalam, Village: Enadimangalam, Sub-District: Adoor, District: Pathanamthitta. Cases presented with loose stools. Water samples sent for testing, showed presence of"
Kerala,Pathanamthitta,Gastroenterit is,102,0,07-03-2025,09-03-2025,Surveillance Under,"E.coli. District RRT investigated the outbreak. Community awareness and health education given by peripheral team on control measures, hygiene and sanitation. The outbreak might be caused by consumption of contaminated well & pond water. Cases were reported from a school under FHC Koipuram, Village: Koipuram, Sub-District: Thiruvalla, District: Pathanamthitta. Cases presented with fever, throat pain, swelling in"
Kerala,Pathanamthitta,Mumps Acute,17,0,05-03-2025,05-03-2025,Surveillance Under,"parotid area. All cases were diagnosed clinically. District RRT investigated the outbreak. Community awareness and health education given by peripheral team on control measures, hygiene and sanitation. Cases were reported from FHC Pamboor, Village: Kolazhy, Sub-District: Thrissur, District: Thrissur. Cases presented with fever with jaundice. Total 16 blood samples were sent to MCH Thrissur, all were positive for Hepatitis A IgM by ELISA. Water samples"
Kerala,Thrissur,Hepatitis A,17,0,04-03-2025,05-03-2025,Surveillance,"were collected & sent to Microbiology lab, Medical College Thrissur. District RRT investigated the outbreak. Community awareness and health education given by peripheral team on control measures, hygiene and sanitation."
Kerala Madhya,Wayanad,Chickenpox,6,0,04-03-2025,06-03-2025,Surveillance Under,"diagnosed clinically. District RRT investigated the outbreak. Community awareness and health education given by peripheral team on control measures, hygiene and sanitation. Cases reported from Dhadari Village, Ishanagar Block. Cases presented with symptoms of skin rashes with fever. Out of 5 cases, 3 were vaccinated. The affected age group was 1-21 years. Five blood serum samples were sent to ICMR Jabalpur, all were"
Karnataka,Dakshin Kannad,Poisoning,57,0,06-03-2025,06-03-2025,Surveillance,"for culture, all were negative for any entero- pathogen. Out of 3 water samples sent for testing, 1 was found to be unfit. Cases were admitted to District Wenlock hospital. District RRT investigated the outbreak. Community awareness and health education given by peripheral team on control measures, hygiene and sanitation."
Karnataka,Mandya,Cholera,39,0,03-03-2025,03-03-2025,Surveillance Under,"Six water samples were collected and sent to DSL Mandya, out of which 1 was found to be NSPP (Not Suitable for Potable Purpose). District RRT investigated the outbreak. Community awareness and health education given by peripheral team on control measures, hygiene and sanitation. Cases were reported from PHC Valanthakad, Sub-District: Kanayannur, District: Ernakulam. Cases presented with fever. Two blood samples were sent to RPHL Ernakulam, both"
Meghalaya,West Khasi Hills,Rabies,1,1,24-02-2025,03-03-2025,Surveillance Under,"health department and the veterinary department. The campaign, delivered in the local language, aimed to educate the public on rabies prevention, responsible pet ownership, and the importance of timely vaccination. As a precaution, her caregiving family members were advised to undergo post-exposure prophylaxis (PEP). She succumbed to the illness on February 24, 2025 at Civil Hospital Shillong. Cases reported from SC Sunapalli, CHC Kabisurya Nagar, Village: Asinipur, Sub- District: Kabisuryanagar, District: Ganjam. Cases presented with symptoms of abdominal cramps & loose motion. The most affected age group was 15-44 years. Three rectal swab and 2 water samples were collected & sent to"
Maharashtra,Latur,Chickenpox Acute,22,0,07-03-2025,07-03-2025,Surveillance Under,"samples were collected & sent to Kasturba Laboratory, Mumbai, all were negative for Measles. District RRT investigated the outbreak. Community awareness and health education given by peripheral team on control measures, hygiene and sanitation. Cases were reported from PHC Bhugaon, SC Tarodi, Village Pandhurna, Sub-District: Kamptee, District: Nagpur. Cases presented with diarrhea. All age groups were affected. Two stool samples were collected & sent for testing, both were negative for any entero-"
Maharashtra,Nagpur,Diarrheal Disease Acute,109,0,27-02-2025,03-03-2025,Surveillance Under,"pathogen on culture. District RRT investigated the outbreak. Community awareness and health education given by peripheral team on control measures, hygiene and sanitation. Drinking water was contaminated due to pipeline and valve leakages. Cases were reported from PHC Kodamendhi, Village: Kodamendhi, Sub-District: Mauda, District: Nagpur. Cases presented with abdominal pain, loose motion and vomiting after attending a religious program at Kodamendhi on 28-02-25. All age groups were affected. Five water samples were collected for"
Maharashtra,Nagpur,Diarrheal Disease,61,0,02-03-2025,03-03-2025,Surveillance,"testing. Five stool and 1 vomitus sample were collected for testing, all were negative for any entero-pathogen on culture. District RRT investigated the outbreak. Community awareness and health education given by peripheral team on control measures, hygiene and sanitation."
Maharashtra,Washim,Chikungunya,7,0,07-03-2025,07-03-2025,Surveillance Under,"which 3 were positive for Chikungunya IgM by ELISA. District RRT investigated the outbreak. Community awareness and health education given by peripheral team on vector control measures, hygiene and sanitation. Case was reported from Shallang PHC, Umdang Village, Sub-District: Chhatarpur, District: West Khasi Hills. A 28 year old female presented with nausea, restlessness, inability to eat, aerophobia, and hydrophobia to Nongstoin Civil Hospital on February 23, 2025. She had a history of an unvaccinated dog bite in 2018. District RRT investigated the outbreak. In response, a joint awareness campaign was conducted in the village by the"
Pradesh Madhya,Anuppur,Poisoning,40,0,26-02-2025,Surveillance Under,"affected age group was collected & outbreak. Community awareness and health education given by peripheral sanitation. Cases were reported from PHC Bajna, Sub-District: presented with fever with rash, cold, cough. The affected age group was 1-5 years. Five blood serum samples were sent to","19-25 years. Food samples were sent for testing. District RRT investigated the team on control measures, hygiene and Village: Kachari, Buxwaha, District: Chhatarpur. Cases"
Pradesh Madhya,Chhatarpur,Measles,5,0,27-02-2025,03-03-2025,Surveillance Under,"positive for Measles IgM by ELISA. District RRT investigated the outbreak. House to house survey was done and Vitamin A solution was administered to all the cases. Community awareness and health education given by peripheral health team on hygiene, sanitation and importance of vaccination. Cases were reported from UFHC Thatipur, R. K. Puri, Thatipur and Scindia Nagar, District: Gwalior. Cases presented with fever, cough and rashes. Two blood samples were sent to GRMC Medical College Lab, both are positive for Dengue NS1Ag & IgM by ELISA. District"
Pradesh Uttar,Chhatarpur,Measles,13,0,25-02-2025,Surveillance Under,"ICMR ELISA. All other cases were epidemiologically linked cases. District awareness and health education given by peripheral team on control measures, hygiene and sanitation. Cases of fever with rash were reported from Village: Amva Mafi, CHC Aurai, District Bhadohi. Cases were in the age group 5 collected and sent to KGMU Lucknow, 2 samples tested","Jabalpur, all were positive for Measles IgM by RRT investigated the outbreak. Community months to 27 years. Out of 5 blood samples"
Pradesh,Gwalior,Dengue,2,2,07-03-2025,07-03-2025,Surveillance,"RRT investigated the outbreak. Community awareness and health education given by peripheral team on vector control measures, hygiene and sanitation. Death of a 9 year old female (Hepatitis A & Dengue, died on 20/2/25) and a 3 year old male (Dengue & sepsis, shock died on 1/3/25) had occur due to the illness."
Odisha,Ganjam,Cholera,39,0,03-03-2025,05-03-2025,Surveillance,"DPHL Ganjam. One rectal swab was positive for Vibrio cholera O1. Water samples were H2S positive and OT<0.01 PPM. District RRT investigated the outbreak. Community awareness and health education given by peripheral team on control measures, hygiene and sanitation."
Odisha,Kendujhar,Diarrheal Disease Food,10,1,05-03-2025,06-03-2025,Surveillance Under,"H2S and OT<0.01 PPM. No entero-pathogenic organism was found in rectal swabs. District RRT investigated the outbreak. Community awareness and health education given by peripheral team on control measures, hygiene and sanitation. Death of a 24 year old female had occur due to the illness. Cases were reported from District: Jaipur. Health Facility: Amer. Cases presented with pain abdomen with diarrhea after attending a wedding function in Shyam Dungri, Amer. The affected age group was 21 to 49 years."
Rajasthan,Jaipur,Poisoning,37,0,28-02-2025,04-03-2025,Control Under,"One stool samples was sent to SMS, Jaipur, in which E.coli was isolated. District RRT investigated the outbreak. Community awareness and health education given by peripheral team on control measures, hygiene and sanitation. Cases were reported from a school under Ganapathi Managar UPHC, Sub-District: Coimbatore South, District: Coimbatore. Cases presented with fever with rash. The affected age group was 1-10 years. Three serum samples were collected & sent to Kings"
Tamil Nadu,Coimbatore,Chickenpox,12,0,08-03-2025,08-03-2025,Surveillance,"Institute, Chennai, out of which 2 were positive for Varicella Zoster IgM by ELISA. All other cases were epidemiologically linked cases. District RRT investigated the outbreak. Community awareness and health education given by peripheral team on control measures, hygiene and sanitation."
Tamil Nadu,Coimbatore,Mumps,21,0,07-03-2025,08-03-2025,Surveillance Under,"of which 1 was positive for Mumps IgM by ELISA. All other cases were epidemiologically linked cases. District RRT investigated the outbreak. Community awareness and health education given by peripheral team on control measures, hygiene and sanitation. Cases were reported from a school under Komal PHC, Village: Komal-East, Sub- District: Kuthalam, District: Mayiladuthurai. Cases presented with fever and parotitis. The affected age group was 6-10 years. Two blood"
Tamil Nadu,Mayiladuthurai,Mumps Dengue &,6,0,07-03-2025,07-03-2025,Control Under,"samples were sent to Kings Institute, both were positive for Mumps IgM by ELISA. District RRT investigated the outbreak. Community awareness and health education given by peripheral team on control measures, hygiene and sanitation. Cases were reported from Kali PHC, Village: Korukkai, Sub-District: Mayiladuthurai, District: Mayiladuthurai. Cases presented with fever. Four blood serum samples were sent to CGCMCH Cuddalore, out of which one was"
Tamil Nadu,Mayiladuthurai,Scrub Typhus,4,0,05-03-2025,05-03-2025,Control,"positive for Dengue and one for Scrub Typhus IgM by ELISA. District RRT investigated the outbreak. Community awareness and health education given by peripheral team on vector control measures, hygiene and sanitation."
Tamil Nadu,Pudukkottai Ramanathapura,Mumps,6,0,03-03-2025,03-03-2025,Surveillance Under,"samples were sent to King Institute Guindy, out of which 5 were positive for Mumps IgM by ELISA. District RRT investigated the outbreak. Community awareness and health education given by peripheral team on control measures, hygiene and sanitation. Cases were reported from Thamaraikulam PHC, Village: Kumbaram, Sub-District: Ramanathapuram, District: Ramanathapuram. Cases presented with fever, headache, myalgia, swelling of the parotid salivary glands. The affected age group was 6-10 years. Two blood samples were sent to SRL King Institute of"
Tamil Nadu,m,Mumps Acute,9,0,03-03-2025,03-03-2025,Surveillance Under,"Preventive Medicine & Research, out of which 1 was positive for Mumps IgM by ELISA. All other cases were epidemiologically linked cases. District RRT investigated the outbreak. Community awareness and health education given by peripheral team on control measures, hygiene and sanitation. Cases were reported from Sundarapandiapuram PHC, Village: Ayiraperi, Sub-District: Tenkasi, District: Tenkasi. Cases presented with fever, stomach ache, jaundice. Seven blood samples were sent to DPHL"
Tamil Nadu,Thanjavur,Chickenpox,20,0,01-03-2025,03-03-2025,Surveillance Under,"were diagnosed clinically. District RRT investigated the outbreak. Community awareness and health education given by peripheral team on control measures, hygiene and sanitation. Cases were reported from Pernampattu UPHC, Sub-District: Pernambut, District: Vellore. An 8 months old child presented with fever & cough. One nasal swab was sent to DPHL"
Tamil Nadu,Tenkasi,Hepatitis E,7,0,08-03-2025,08-03-2025,Control,"Tenkasi, out of which 1 was positive for HEV IgM by ELISA. District RRT investigated the outbreak. Community awareness and health education given by peripheral team on control measures, hygiene and sanitation."
Tamil Nadu Uttar,Vellore,Pertussis Acute,1,0,07-03-2025,07-03-2025,Surveillance Under,"Chennai, which was positive for Pertussis by PCR. District RRT investigated the outbreak. Community awareness and health education given by peripheral team on control measures, hygiene and sanitation. Cases of loose motion and vomiting were reported from Urban Area Chikan Tola, VIP Gali, Balua Ghat, Kotwali Road, Bangali Chauk, CHC Vindhyachal, District Mirzapur. Cases were in the age group of 8-65 years. District RRT investigated the outbreak. Cases"
Pradesh,"Bhadohi th March, 2020. The States have been reporting the COVID-19 cases and deaths on a real-time basis and the same was being updated on the website of",Measles,5 COVID-19 STATUS,0,08-02-2025,Surveillance,"positive investigated the outbreak. Active search for fever cases was done symptomatically. Health education given regarding isolation of cases, hygiene maintenance and proper nutrition.",for Measles (IgM by ELISA). District RRT in the affected area. Cases were treated
Pradesh,Mirzapur,Diarrheal Disease Acute,29,0,28-02-2025,05-03-2025,Surveillance Under,"were treated at CHC Vindhyachal. People consumed water from water supply pipeline. Pipeline leakages were repaired by Jal Nigam. Chlorine tablets and ORS packets were distributed in the locality. Health education given regarding safe drinking water. Cases were reported from Kachujore PHC, Village: Sekhdihi, Sub-District: Suri - I, District: Birbhum. Cases presented with loose stools after attending a marriage ceremony on 04.03.25 evening. The affected age group was 4-75 years. Two rectal swab samples were"
West Bengal,Birbhum,Gastroenterit is,278,0,05-03-2025,06-03-2025,Control,"collected and sent for testing. Rectal swab culture shows no growth of Vibrio, Salmonella or Shigella. District RRT investigated the outbreak. Community awareness and health education given by peripheral team on control measures, hygiene and sanitation."
West Bengal,Birbhum,Diarrheal Disease Acute,22,0,03-03-2025,05-03-2025,Control Under,"culture. Two water samples were collected & sent for testing. Out of the two water samples, one was found to have TC of 20. District RRT investigated the outbreak. Community awareness and health education given by peripheral team on control measures, hygiene and sanitation. The outbreak might be caused by consumption of contaminated pond water. Cases were reported from MD Bazar RH, Bishnupur HWC, Village: Bishnupur, Sub- District: Mohammad Bazar, District: Birbhum. Cases presented with diarrhea. All age groups were affected. Two rectal swab samples were collected & sent for testing. Culture test of both the rectal swab samples showed no"
West Bengal,Birbhum,Diarrheal Disease Food,96,0,04-03-2025,04-03-2025,Surveillance Under,"growth of Vibrio, Salmonella & Shigella like organisms after 48 hours of aerobic incubation. District RRT investigated the outbreak. Community awareness and health education given by peripheral team on vector control measures, hygiene and sanitation. Probable cause of the outbreak might be contaminated food. Cases were reported from Anantapur Rural Hospital, Village: Shalikadhanichak, Sub- District: Tamluk, District: Medinipur East. Cases presented with diarrhea after attending a marriage ceremony on 02.03.2025 in the evening. The affected age group was 14-80"
West Bengal,Medinipur East,Poisoning,59,0,06-03-2025,06-03-2025,Control,"years. Five stool samples were collected and sent to TGMCH for CS study, which showed no bacteriological growth. District RRT investigated the outbreak. Community awareness and health education given by peripheral team on control measures, hygiene and sanitation."
West Bengal,Bardhaman,Diarrheal Disease Food,18,0,07-03-2025,07-03-2025,Surveillance Under,"were sent for testing, both were found to be potable. District RRT investigated the outbreak. Community awareness and health education given by peripheral team on control measures, hygiene and sanitation. Contaminated pond water might be the cause of outbreak. Cases were reported from a school under Krosjhuri SC & PHC, Village: Sonathol, Sub- District: Kashipur, District: Purulia. Cases presented with loose watery stool and pain abdomen after consumption of food in a social"
West Bengal Name of State-UT Andhra,Purulia OUTBREAKS OF PREVIOUS WEEKS REPORTED LATE Name of District,Poisoning Disease- Illness Food,40 No. of Cases,0 No. of Deaths,07-03-2025 Date of Start Outbreak,08-03-2025 Current Status Under,"Surveillance Comments- Action Taken Cases Challapalli Sub-District Uppalaguptam, District Konaseema. Cases presented having","gathering. The affected age group was 5-14 years. District RRT investigated the outbreak. Community awareness and health education given by peripheral team on control measures, hygiene and sanitation. were reported from a school in Jagannapet, with pain abdomen and vomiting after food from a common kitchen on 25-02-2025."
Pradesh,Manyam,Diarrheal Disease,19,0,08-03-2025,13-03-2025,Control Under,"found fit for potable purpose. District RRT investigated the outbreak. Affected age group was 17-65 years. Cases treated symptomatically. Community awareness and health education given by peripheral team on hygiene and sanitation. Cases were reported from Village Kala Bhanga, Sub-District Barnagar (Pt), District Barpeta. Cases presented with fever. 29 blood samples found negative for Malaria by RDT kits. District RRT investigated the outbreak."
Assam,Barpeta,Fever,29,0,11-03-2025,11-03-2025,Surveillance Under,"Age group of the affected cases were 12-59 years. Cases treated symptomatically. Community awareness and health education given by peripheral team on vector control measures, hygiene and sanitation. Cases were reported from Village Ghorajan TE No.1, Sub-District Sapekhati, District Charaideo. Cases presented with throat pain and swelling in parotid glands. 3 blood samples were collected and sent to DPHL Charaideo. All samples found negative for"
Assam,Charaideo,Mumps,4,0,10-03-2025,11-03-2025,Surveillance,"Mumps IgM by ELISA. District RRT investigated the outbreak. Cases treated symptomatically. Age group of the affected cases was 10-15 years. Community awareness and health education given by peripheral team on, hygiene and sanitation."
Assam,Hailakandi,Rash Acute,15,0,13-03-2025,13-03-2025,Surveillance Under,"Mumps IgM by ELISA. District RRT investigated the outbreak. Cases treated symptomatically. Age group of the affected cases was 1-15 years. Community awareness and health education given by peripheral team on vaccination, hygiene and sanitation. Cases were reported from ward No. 10 & 11, Village Binowa Gram, Sub-District Banmankhi, District Purnia. Cases presented with pain abdomen, loose stools and vomiting. 8 stool samples and water samples were collected and sent to JLNMCH, Bhagalpur and Combined drug laboratory. Stool samples did"
Bihar,Munger,Rash,9,0,06-03-2025,Surveillance Under,"the affected symptomatically. education given by peripheral team on vaccination, hygiene and sanitation. Cases Village Neeralagi, Sub-District Badami, District Bagalkot. Cases presented with fever with maculo-papular rashes. All cases were under 5 years of age. Four serum samples were collected and sent to SIMS Shivamogga. All 4","cases was 5-14 years. Cases treated Community awareness and health were reported from a school under Belur PHC, vesicular"
Bihar,Purnia,Diarrheal Disease Fever with,8,0,07-03-2025,10-03-2025,Surveillance Under,"not show growth of any pathogenic organism, water samples found unfit for potable purpose (E. coli and coliforms detected). District RRT investigated the outbreak. Cases treated symptomatically. Community awareness and health education given by peripheral team on hygiene and sanitation. Cases were reported from Village Derol, Sub- District Himatnagar, District Sabar Kantha. Cases presented with fever with rash. 7 blood samples were collected and sent to BJ Medical College and Hospital. All the samples found negative for the Measles IgM by ELISA."
Gujarat,Sabarkantha,Rash,7,0,10-03-2025,10-03-2025,Surveillance,"District RRT investigated the outbreak. Age group of the affected cases were 1-35 years. Cases treated symptomatically. Community awareness and health education given by peripheral team on vaccination, hygiene and sanitation."
Jharkhand,Dumka,rash,8,0,09-03-2025,10-03-2025,Surveillance Under,"Measles IgM by ELISA. District RRT investigated the outbreak. Age group of the affected cases was 6-50 years. Cases treated symptomatically. Community awareness and health education given by peripheral team on vaccination, hygiene and sanitation. Cases were reported from Village Amainagar, Sub-District Ghatshila, District East Singhbum. Cases presented with fever with rash. 5 blood samples were collected and sent to DPHL Sadar Hospital, Khasmahal, Jamshedpur. 4 samples found positive for the"
Jharkhand,East Singhbum,Chickenpox,25,0,11-03-2025,11-03-2025,Surveillance,"Varicella Zoster IgM by ELISA. District RRT investigated the outbreak. Age group of the affected cases was 1-65 years. Cases treated symptomatically. Community awareness and health education given by peripheral team on vaccination, hygiene and sanitation."
Jharkhand,East Singhbum,Chickenpox,22,0,10-03-2025,10-03-2025,Surveillance Under,"ELISA. District RRT investigated the outbreak. Age group of the affected cases was 2-65 years. Cases treated symptomatically. Community awareness and health education given by peripheral team on vaccination, hygiene and sanitation. Cases were reported from Village Girung, Sub- District Torpa, District Khunti. Cases presented with fever with rash. 16 blood samples were collected and sent to RIMS Ranchi 14 samples found positive for the"
Jharkhand,Khunti,Chickenpox,25,0,11-03-2025,11-03-2025,Surveillance Under,"Varicella Zoster IgM by ELISA. District RRT investigated the outbreak. Age group of the affected cases was 4-35 years. Cases treated symptomatically. Community awareness and health education given by peripheral team on vaccination, hygiene and sanitation. Cases were reported from Mangoor PHC, Village: Choukimaala, Sub-District: Chikodi, District: Belagavi. Cases presented with jaundice, fever and vomiting. The affected age group was 3-33 years. Two water samples were collected & sent to DSU, both were found to be fit for drinking purpose by MPN"
Kashmir,Badgam,Rabies Fever with,1,1,11-03-2025,11-03-2025,Control Under,"and Immunoglobulins as per NRCP guidelines. He developed the symptoms on 07/03/2025 and admitted to SMHS hospital where he expired on 10-03-2025. Community awareness and health education given by peripheral team on vaccination, hygiene and sanitation. Cases were reported from Village Harinakuri, Sub-District Dumka, District Dumka. Cases presented with fever with rash. 6 blood samples were collected and sent to DPHL Dumka. All the samples found negative for the"
Kerala,Alappuzha,Mpox,1,0,05-03-2025,Surveillance Under,"March, 2025 at NIV Alappuzha by RT-PCR. investigated the outbreak. She was treated at Lakeshore Hospital education sanitation. Cases Veliyannoor, Cases presented with swelling and pain in parotid gland with mild fever. Cases were clinically diagnosed as Mumps.","District RRT Ernakulam. Community awareness and health given by peripheral team on hygiene and were reported from Govt LP school in Village Sub-District Meenachil, District Kottayam."
Kerala,Ernakulam,Meningitis,5,0,11-03-2025,13-03-2025,Surveillance Under,"NIV, Alleppey for viral panel. All the samples found positive for Entero Virus. District RRT investigated the outbreak. Age group of the affected cases 4-10 years. Cases were treated at Hospital Ernakulam. Preventive measures taken- Class room disinfected, School closed for 14 days, instructions given to wear mask and use sanitizer. Cases were reported from Village Meppayyur (CT), Sub-District Koyilandi, District Kozhikode. Cases presented with symptoms of jaundice. 3 blood samples tested at MCH KKD and found positive for Hepatitis A by ELISA,"
Kerala,Kozhikode,Hepatitis A Food,58,0,14-03-2025,14-03-2025,Surveillance Under,"District RRT investigated the outbreak. All the th cases attended a house warming party on 9 February 2025. Cases treated symptomatically. Community awareness and health education given by peripheral team on hygiene and sanitation. Cases were reported from Village Parli- I, Sub- District Palakkad, District Palakkad. Cases presented with loose stools and vomiting. 3 stool samples and water samples were collected and sent to SPHL One stool sample found positive for Norovirus, water samples found unfit for potable purpose"
Kerala,Kottayam,Mumps,17,0,06-03-2025,Surveillance,District RRT investigated the outbreak. Age group of the affected symptomatically. education sanitation.,cases were 5-10 years. Cases treated Community awareness and health given by peripheral team on hygiene and
Kerala,Palakkad,Poisoning,152,0,13-03-2025,13-03-2025,Surveillance,(Coliforms detected). District RRT investigated the outbreak. All the cases developed the symptoms after having food in a social gathering. Cases treated symptomatically. Community awareness and health education given by peripheral team on hygiene and sanitation
Kerala Madhya,Palakkad,Diarrheal Disease Food,10,0,08-03-2025,10-03-2025,Control Under,"sent to a Pvt. lab Ponnani. It was found found unfit for potable purpose (Coliforms detected). District RRT investigated the outbreak. Cases treated symptomatically. Community awareness and health education given by peripheral team on hygiene and sanitation Cases were reported from Village Seguwan, Sub-District Indergarh, District Datia. Cases presented with loose stools and vomiting after eating food at a social gathering. 22 Blood samples and 7 Stool samples were collected and sent to MC Datia. Blood samples"
Karnataka,Belagavi,Hepatitis A,16,0,13-03-2025,13-03-2025,Surveillance,"test. Two blood samples were sent to Microbiology Dept., BIMS Belagavi, both were positive for Anti-HAV IgM by ELISA. District RRT investigated the outbreak. Community awareness and health education given by peripheral team on control measures, hygiene and sanitation."
Karnataka,Bagalkot,Chickenpox,7,0,13-02-2025,Surveillance Under,"samples were positive for Varicella Zoster IgM ELISA. District RRT investigated the outbreak. All children were given Vit A. Community awareness and health education given by peripheral team on control measures, hygiene and sanitation. Case was Alappuzha. A 40-year-old female presented with complaints of rash and fever. Recently he returned to India from Dubai on 04-03-2025. She was tested positive for Mpox on 10","reported from Sub-District Cherthala, District th"
Karnataka,Chikballapur,Diarrheal Disease Acute,21,0,13-03-2025,13-03-2025,Surveillance Under,"negative for any entero-pathogen on culture. Out of 3 water samples, 1 was found to be non- potable. District RRT investigated the outbreak. Chlorination of water source was done. Community awareness and health education given by peripheral team on control measures, hygiene and sanitation. Cases were reported from a jail in Village: Anakanur, Health Facility: Nayanahaali, Sub- District: Chikkaballapura, District: Chikkaballapur. Cases presented with diarrhea. The affected age group was 24-48 years. One stool and one water sample were collected and sent to DPHL. Stool samples were negative"
Karnataka,Chikballapur,Diarrheal Disease Food,12,0,10-03-2025,10-03-2025,Control Under,"for any entero-pathogen on culture. Water sample was found to be potable, which was tested by H2S media. District RRT investigated the outbreak. Community awareness and health education given by peripheral team on control measures, hygiene and sanitation. Cases were reported from a college under District Hospital (HIMS), Sub-District: Hassan, District: Hassan. Cases presented with vomiting and diarrhea after consumption of food from a common place. The affected age group was 21-25 years. Two water samples were collected & sent for testing, both were"
Karnataka,Hassan,Poisoning,14,0,07-03-2025,10-03-2025,Surveillance,"found to be negative in MPN test. District RRT investigated the outbreak. Community awareness and health education given by peripheral team on control measures, hygiene and sanitation. ORS was distributed. The students were advised to drink boiled and cooled water and have freshly prepared hot food only."
Maharashtra,Bhandara,Diarrheal Disease Fever with,24,0,12-03-2025,12-03-2025,Surveillance Under,"pathogenic organism. 1 Water sample found unfit for potable purpose. District RRT investigated the outbreak. Cases treated symptomatically. Community awareness and health education given by peripheral team on hygiene and sanitation. Cases were reported from Village Morgaon, Sub-District Mohadi, District Bhandara. Cases presented with fever, itching with rash. 5 blood samples were collected and sent to AIIMS, Nagpur. All the samples found negative for the Dengue NS1, Measles,"
Maharashtra,Bhandara,Rash,13,0,10-03-2025,10-03-2025,Surveillance,"Rubella and Varicella Zoster. District RRT investigated the outbreak. Age group of the affected cases was 1-15 years. Cases treated symptomatically. Community awareness and health education given by peripheral team on vaccination, hygiene and sanitation."
Maharashtra,Jalgaon,Measles Human,3,0,10-03-2025,13-03-2025,Surveillance Under,"Measles IgM by ELISA. District RRT investigated the outbreak. Age group of the affected cases was 4-6 years. Cases treated symptomatically. Community awareness and health education given by peripheral team on vaccination, hygiene and sanitation. Case was reported from Medziphema block 3, Sub-District Dimapur Sadar, District Dimapur. A 7-year-old male presented with complaints of excessive salivation, aerophobia and hydrophobia. District RRT investigated the"
Pradesh,Dindori,Malaria,9,0,12-03-2025,12-03-2025,Surveillance,"District RRT investigated the outbreak. Cases treated with anti-malarial and other supportive measures. Community awareness and health education given by peripheral team on vector control measures, hygiene, and sanitation."
Pradesh Madhya,Datia,Poisoning,51,0,12-03-2025,12-03-2025,Surveillance Under,"came sterile and no pathogenic organism detected in stool sample. District RRT investigated the outbreak. Cases treated symptomatically. Community awareness and health education given by peripheral team on hygiene and sanitation Cases were reported from Village Deori Mal. Rampuri, Sub-District Shahpura, District Dindori. Cases presented with fever with chills. A total of 9 samples found positive for malaria (Plasmodium falciparum) by RDT."
Pradesh,Gwalior,Measles Acute,5,0,10-03-2025,10-03-2025,Surveillance Under,"Measles IgM by ELISA. District RRT investigated the outbreak. Age group of the affected cases was 1-10 years Cases treated symptomatically. Community awareness and health education given by peripheral team on vaccination, hygiene and sanitation. Cases were reported from Village Sukali, Sub- District Tumsar, District Bhandara. Cases presented with vomiting and loose stools. 4 stool samples and 3 water samples were collected and sent to DPHL Bhandara Stool samples did not show growth of any"
Mizoram,Lawngtlai,Measles Food,4,0,27-02-2025,Surveillance Under,"found positive for the Measles IgM by ELISA. District RRT investigated the was 1-13 years. Cases treated symptomatically. Community awareness and health education given by peripheral team on vaccination, hygiene and sanitation. Cases Malkangiri. stools and vomiting after consumption of food in a marriage","outbreak. Age group of the affected cases were reported from Sub-District Motu, District Cases presented with pain abdomen, loose"
Nagaland,Dimapur Sri Muktsar,Rabies,1,1,10-03-2025,10-03-2025,Surveillance Under,"outbreak. Family members are unable to give history of dog bite. He did not receive ARV. He expired on 10-03-2025. Community awareness and health education given by peripheral team on vaccination for dog bite, hygiene and sanitation. Cases were reported from Govt. School, Village Gonjana, Block Chak Sherewala, District Sri Muktsar Sahib. Cases presented with fever with rash. District RRT investigated"
Odisha,"Malkangiri th March, 2020. The States have been reporting the COVID-19 cases and deaths on a real-time basis and the same was being updated on the website of",Poisoning,30 COVID-19 STATUS,0,10-02-2025,Surveillance,function. District RRT investigated the outbreak. Affected age group was 15-44 years. Cases treated symptomatically. Community peripheral team on hygiene and sanitation.,awareness and health education given by
Punjab,Sahib,Chickenpox Food,27,0,07-03-2025,10-03-2025,Surveillance Under,"the outbreak. Age group of the affected cases was 5-14 years. Cases treated symptomatically. Community awareness and health education given by peripheral team on vaccination, hygiene and sanitation. Cases were reported from Village Sukali, Sub- District Bhinmal, District Jalore. Cases presented with loose motion and vomiting after eating food in a family function."
Rajasthan,Jalore,Poisoning,22,0,10-03-2025,10-03-2025,Surveillance,"District RRT investigated the outbreak. Community awareness and health education given by peripheral team on control measures, hygiene and sanitation."
Tamil Nadu,Coimbatore,Chickenpox,15,0,12-03-2025,12-03-2025,Surveillance Under,"the Varicella Zoster IgM by ELISA. District RRT investigated the outbreak. Age group of the affected cases was 1-15 years. Cases treated symptomatically. Community awareness and health education given by peripheral team on hygiene and sanitation. Cases were reported from Village Kanjuvoy, Sub-District Kuthalam, District Mayiladuthurai. Cases presented with swelling and pain in parotid gland with mild fever. 5 blood samples were collected and sent to King Institute of Preventive Medicine & Research. 4"
Tamil Nadu,Mayiladuthurai,Mumps Human,20,0,10-03-2025,11-03-2025,Surveillance Under,"samples found positive for Mumps IgM by ELISA. District RRT investigated the outbreak. Cases treated symptomatically. Community awareness and health education given by peripheral team on, hygiene and sanitation. Case was reported from Village Nedumpuli, Sub-District Nemili, District Ranipet. A 47-year-old male presented with complaints of hydrophobia. District RRT investigated the outbreak. History of dog bite one month back"
Tamil Nadu,Ranipet,Rabies,1,1,14-03-2025,15-03-2025,Surveillance,"on right leg. He did not receive of ARV. He expired on 14-03-2025. Community awareness and health education given by peripheral team on vaccination for dog bite, hygiene and sanitation."
Tamil Nadu,Tirupathur,Chickenpox Food,15,0,08-03-2025,10-03-2025,Surveillance Under,"positive for the Varicella Zoster IgM by ELISA. District RRT investigated the outbreak. Age group of the affected cases was 6-15 years. Cases treated symptomatically. Community awareness and health education given by peripheral team on hygiene and sanitation. Cases were reported from Village Ekinpur GP, Sub-District: Belonia, PHC Chottakhola, District South Tripura. Cases presented with loose motion, vomiting and abdominal pain after eating food in a social gathering. District"
Tripura,South Tripura,Poisoning,85,0,13-03-2025,13-03-2025,Surveillance Under,"RRT investigated the outbreak. Cases treated symptomatically at a health camp organized in the locality. Community awareness and health education given by peripheral team on control measures, hygiene and sanitation. Cases were reported from Sealdanga, Chasir Math Ward no. 49, Howrah Municipal Corporation, District Howrah. Cases presented with jaundice, loose stools, nausea, abdominal discomfort. Total 1 blood sample and 4 water samples were collected and sent to NICED, Kolkata. Blood sample came positive for"
West Bengal,Howrah,Hepatitis A,22,0,11-03-2025,13-03-2025,Surveillance,"Hepatitis A IgM by ELISA, and water samples found unfit for potable purpose (Coliforms detected). District RRT investigated the outbreak. Cases treated symptomatically. Community awareness and health education given by peripheral team on hygiene and sanitation."
West Bengal,Medinipur East,Diarrheal Disease Acute,59,0,12-03-2025,12-03-2025,Surveillance Under,"samples did not show growth of any pathogenic organism. District RRT investigated the outbreak. Cases treated symptomatically. Community awareness and health education given by peripheral team on hygiene and sanitation. Cases were reported from Village Dharendra, Kharagpur 1 block, District Medinipur West. Cases presented with vomiting, loose stools and pain abdomen. 2 rectal swabs and 8 water samples were collected and sent for testing. Rectal swabs did not show growth of any"
West Bengal,Medinipur West Paschim,Diarrheal Disease,14,0,11-03-2025,13-03-2025,Surveillance Under,"pathogenic organism. 2 water samples found unfit for potable purpose (Coliforms detected) District RRT investigated the outbreak. Cases treated symptomatically. Community awareness and health education given by peripheral team on hygiene and sanitation. Cases were reported from Villages Pardhoi and Haribazar under Durgapur Municipality, District Paschim Bardhaman. Cases presented with jaundice. Total 4 blood samples and 38 water samples were collected and sent to Mission hospital, Durgapur. 3 blood samples"
West Bengal,Bardhaman,Hepatitis A,42,0,07-03-2025,11-03-2025,Control,"came positive for Hepatitis A IgM by ELISA, and water sample found unfit for potable purpose. District RRT investigated the outbreak. Cases treated symptomatically. Community awareness and health education given by peripheral team on hygiene and sanitation."
Assam,Bongaigaon,Chickenpox Fever with,8,0,18-03-2025,18-03-2025,Surveillance Under,"sent to Bongaigaon DPHL, both were positive for Chickenpox IgM by ELISA. District RRT investigated the outbreak. Community awareness and health education given by peripheral team on control measures, hygiene and sanitation. Cases were reported from Village Chilhai, Sub-District Teghra, District Begusarai. Cases presented with fever with rash. Age group of the affected cases was 2-43 years. Five blood samples were collected and sent to AIIMS,"
Assam,Tamulpur,Rabies,1,1,11-03-2025,Surveillance,"prophylaxis (PEP). IEC activities, including a public health awareness campaign, were conducted in the local language during market days to educate the community on rabies prevention, responsible pet ownership. Death of a 60 year old male had occur due to the illness.","importance of timely vaccination, and"
Bihar,Begusarai,Rash Fever with,32,0,20-03-2025,21-03-2025,Surveillance Under,"Patna. District RRT investigated the outbreak. Cases treated symptomatically. Vitamin A solution was given to susceptible individuals. Community awareness and health education given by peripheral team on vaccination, hygiene and sanitation. Cases were reported from Village Benga, Sub- District Chhorahi, District Begusarai. Cases presented with fever with rash. Age group of the affected cases was 5-18 years. Five blood samples were collected and sent to AIIMS,"
Bihar,Begusarai,Rash,10,0,21-03-2025,21-03-2025,Surveillance,"Patna. District RRT investigated the outbreak. Cases treated symptomatically. Vitamin A solution was given to susceptible individuals. Community awareness and health education given by peripheral team on vaccination, hygiene and sanitation."
Chhattisgarh,Raipur,Typhoid,11,0,18-03-2025,20-03-2025,Surveillance Under,"all were positive for Typhoid by Widal test. District RRT investigated the outbreak. Community awareness and health education given by peripheral team on control measures, hygiene and sanitation. Cases were reported from Kankariya UPHC, District: Ahmadabad. Cases presented with diarrhea and vomiting. Total 8 stool samples and 31 rectal swabs were taken and sent to BJ Medical College, out of which 2 stool samples were positive for Vibrio cholera and all the"
Gujarat,Ahmedabad,Cholera,71,0,17-03-2025,17-03-2025,Surveillance Under,"rectal swabs were negative for any entero- pathogen. Total 5 water samples were taken and sent to Central Lab Dundhsewar. District RRT investigated the outbreak. Community awareness and health education given by peripheral team on control measures, hygiene and sanitation. Cases were reported from PHC Jamvadi, Village: Gingni, Sub-District: Jamjodhpur, District: Jamnagar. Cases presented with fever with rash. The affected age group was 1-10 years. Three serum samples were sent to B.J."
Gujarat,Jamnagar,Measles,4,0,18-03-2025,18-03-2025,Surveillance,"Medical College Asarva, all were positive for Measles IgM by ELISA. District RRT investigated the outbreak. Community awareness and health education given by peripheral team on control measures, hygiene and sanitation."
Gujarat Jammu and,Patan,Hepatitis A,10,0,16-03-2025,17-03-2025,Surveillance Under,"and sent to SDH Siddhpur, all were positive for Hepatitis A. the affected age group was 4 to 13 years. District RRT investigated the outbreak. Community awareness and health education given by peripheral team on control measures, hygiene and sanitation. Case was reported from PHC Golegujral, District: Jammu. Case presented with breathlessness (K/C/O Chronic Asthma/COPD). Nine nasopharyngeal samples of the patient & close contacts were sent to Microbiology Lab GMC Jammu, out of which 1 was positive for Human Metapneumovirus"
Jharkhand,Dumka,Chickenpox,18,0,17-03-2025,18-03-2025,Surveillance Under,"Dumka. Three samples were positive for Varicella Zoster Virus IgM by ELISA. District RRT investigated the outbreak. Cases treated symptomatically. Community awareness and health education given by peripheral team on vaccination, hygiene and sanitation. Cases were reported from Village Asna, Sub- District Ghatshila, District East Singhbum. Cases presented with fever with rash. Age group of the affected cases was 4-50 years. One blood sample was collected and sent for"
Jharkhand,East Singhbum,Chickenpox,14,0,22-03-2025,23-03-2025,Surveillance Under,"testing, which was positive for Varicella Zoster Virus IgM by ELISA. District RRT investigated the outbreak. Cases treated symptomatically. Community awareness and health education given by peripheral team on vaccination, hygiene and sanitation. Cases were reported from during a fever survey from Village Nagar Bhita, Sub-District Borio, District Sahebganj. Cases presented with fever. Age group of the affected cases were 1-65 years. Total 67 blood samples were found to be positive for Malaria (Plasmodium"
Jharkhand Madhya,Ranchi,Measles,6,0,06-03-2025,Surveillance Under,"RRT symptomatically. susceptible education given by peripheral team on vaccination, hygiene and sanitation. Cases were reported from PHC Nazeerabad, Berasia, District: Bhopal. rash. The affected age group was 4-9 years. samples were collected and sent for testing, out of which 3",investigated the outbreak. Cases treated Vitamin A solution was given to individuals. Community awareness and health Sub-District: Cases presented with fever with Seven blood
Jharkhand,Sahebganj,Malaria,67,0,23-03-2025,23-03-2025,Surveillance,"falciparum) by RDT kits. District RRT investigated the outbreak. Cases treated symptomatically. Community awareness and health education given by peripheral team on vector control measures, hygiene and sanitation."
Kashmir Jammu and,Jammu,HMPV,1,1,22-03-2025,22-03-2025,Surveillance Under,"(HMPV). District RRT investigated the outbreak. Community awareness and health education given by peripheral team on control measures, hygiene and sanitation. Death of a 70 year old female had occur on 18/03/2025 due to the illness (Acute Left Ventricular Failure). Cases were reported from UPHC Shastri Nagar, District: Jammu. Cases presented with fever and jaundice. The affected age group was 2-15 years. Ten blood samples were sent to Govt Hospital Gandhinagar Jammu, all were positive for Hepatitis A IgM by ELISA. Water"
Kashmir,Jammu,Hepatitis A,10,0,15-03-2025,22-03-2025,Surveillance,"samples were collected and sent to SRL IDSP, GMC Jammu. All the samples were found to be unfit for drinking. District RRT investigated the outbreak. Community awareness and health education given by peripheral team on control measures, hygiene and sanitation."
Kerala,Ernakulam,Chickenpox,18,0,21-03-2025,23-03-2025,Surveillance Under,"16-60 years. All cases were diagnosed clinically. District RRT investigated the outbreak. Community awareness and health education given by peripheral team on control measures, hygiene and sanitation. Cases were reported from a school under CHC Mattannur, TH Iritty, Village: Kolari, Sub- District: Iritty, District: Kannur. Cases presented with fever, fatigue, vomiting, and yellowish discoloration of eyes and urine. Three blood samples were sent to RPHL,"
Kerala,Kannur,Hepatitis A,40,0,15-03-2025,22-03-2025,Surveillance,"Kannur, all were positive for HAV IgM by ELISA. One water sample was sent for testing, which showed presence of E.coli. District RRT investigated the outbreak. Community awareness and health education given by peripheral team on control measures, hygiene and sanitation."
Kerala,Kannur,Hepatitis A,39,0,14-03-2025,18-03-2025,Surveillance Under,"linked cases. Two water samples were sent for testing, both showed presence of Coliform and E.coli, indicating fecal contamination. District RRT investigated the outbreak. Community awareness and health education given by peripheral team on control measures, hygiene and sanitation. Water contamination was identified as a possible source of infection. Cases were reported from FHC Mundakayam, Village: Erumeli North, Sub-District: Kanjirappally, District: Kottayam. Cases presented with fever, vomiting, nausea, yellowish discolouration of eyes and urine. The affected cases were in the age group of 7 to 40 years. Four blood samples were sent for"
Kerala,Kottayam,Hepatitis A,9,0,15-03-2025,21-03-2025,Surveillance,"testing, positive for Hepatitis IgM card test. All other cases were epidemiologically linked cases. One water sample was collected and sent to Quality Control Lab, Kerala Water Authority. District RRT investigated the outbreak. Community awareness and health education given by peripheral team on control measures, hygiene and sanitation."
Kerala,Kottayam,Diarrheal Disease,28,0,17-03-2025,19-03-2025,Surveillance Under,"Water Authority Lab, Kottayam, which were found to be potable. One stool sample was sent to NIV Alappuzha, which was positive for Rotavirus. District RRT investigated the outbreak. Community awareness and health education given by peripheral team on control measures, hygiene and sanitation. Cases were reported from FHC Panachikkadu, Village: Panachikkad, Sub-District: Kottayam, District: Kottayam. Cases presented with fever, vomiting, nausea, abdominal discomfort etc. The affected cases were in the age group of 5 to 45 years. Seven blood samples were sent for"
Kerala,Kottayam,Hepatitis A,21,0,13-03-2025,18-03-2025,Surveillance,"testing, all were positive for HAV IgM by card test. All other cases were epidemiologically linked cases. Two water samples were collected and sent for testing. District RRT investigated the outbreak. Community awareness and health education given by peripheral team on control measures, hygiene and sanitation."
Kerala,Kottayam,Diarrheal Disease,56,0,15-03-2025,17-03-2025,Surveillance Under,"sent to LLM Hospital, Kottayam, all were negative for any entero-pathogen. Six water samples were sent for testing, out of which 3 were positive for E.coli and Coliforms. District RRT investigated the outbreak. Community awareness and health education given by peripheral team on control measures, hygiene and sanitation. Case was reported from FHC Marakkara, Village: Marakkara, Sub-District: Tirur, District: Malappuram. A 38 year old male presented with fever with rashes over the forearm and wrist. There is travel history from a foreign country to India on 11/3/25. One skin lesion swab sample was sent to GMC Kozhikode, which was positive for MPox"
Kerala,Malappuram,Mpox,1,0,17-03-2025,20-03-2025,Surveillance,"Virus by RT-PCR and which was further confirmed by NIV Pune. District RRT investigated the outbreak. Community awareness and health education given by peripheral team on control measures, hygiene and sanitation. Contact tracing and surveillance was done. Implemented active surveillance to detect any additional cases and prevent further spread."
Kerala Madhya,Wayanad,Hepatitis A,42,0,18-03-2025,18-03-2025,Surveillance Under,"Mananthavady, all were positive for Hepatitis A. Laboratory analysis of the water sample confirmed contamination, showing presence of Coliforms (83 CFU). District RRT investigated the outbreak. Community awareness and health education given by peripheral team on control measures, hygiene and sanitation. Cases were reported from UPHC Gadarwada, Sub-District: Gadarwara, District: Narsinghpur. Cases presented with neck pain, neck swelling, fever, weakness etc. Two blood samples were sent to ICMR- Jabalpur, both"
Karnataka,Chitradurga,Poisoning Food,40,0,16-03-2025,19-03-2025,Surveillance Under,"VIMS. All water samples were found to be fit for drinking purpose. Stool sample was negative for Cholera or any other entero- pathogen. District RRT investigated the outbreak. Community awareness and health education given by peripheral team on control measures, hygiene and sanitation. Cases were reported from Village: Santhebennur, Pandmoatti PHC, Sub-District: Channagiri, District: Davangere. Cases presented with loose motion and vomiting after attending a social gathering on March 15, 2025. All age groups were affected. Two stool samples were collected The hanging drop test indicated no darting motility was observed and culture and"
Karnataka,Davangere,Poisoning Acute,24,0,17-03-2025,18-03-2025,Surveillance Under,"sensitivity showed no entero-pathogens isolated after 72 hours of aerobic incubation. Five water samples were tested; indicated satisfactory MPN counts. All five samples tested negative for H2S. District RRT investigated the outbreak. Community awareness and health education given by peripheral team on control measures, hygiene and sanitation. Cases were reported from a college under Beeranahallikere UPHC, District: Hassan. Cases presented with diarrhea. The affected age group was 20-25 years. One stool sample was collected and sent to VRDL, HIMS, Hassan, which was negative on culture. Two"
Karnataka,Hassan,Diarrheal Disease,11,0,18-03-2025,18-03-2025,Surveillance,"water samples collected & sent for testing, were positive in H2S and MPN test (unfit for drinking purpose). District RRT investigated the outbreak. Community awareness and health education given by peripheral team on control measures, hygiene and sanitation."
Karnataka,Mandya,Poisoning,128,2,16-03-2025,17-03-2025,Surveillance Under,"out of which 2 were found to be Not Suitable for Potable Purpose (NSPP). Three stool samples were collected and sent to MMC Mysore, all stool samples were negative for any entero-pathogen. District RRT investigated the outbreak. Community awareness and health education given by peripheral team on control measures, hygiene and sanitation. Cases were reported from CHC Keechery, Sub-District: Kanayannur, District: Ernakulam. Cases presented with fever, maculopapular rash, body ache. The affected age group was"
Meghalaya,West Khasi Hills,Rabies,1,1,16-03-2025,21-03-2025,Surveillance,"post-exposure prophylaxis (PEP) and succumbed to the illness on March 17, 2025. District RRT investigated the outbreak. Family members were advised to undergo post- exposure prophylaxis (PEP). IEC activities, including a public health awareness campaign, were conducted in the local language during market days to educate the community on rabies prevention, importance of timely vaccination, and responsible pet ownership."
Maharashtra,Kolhapur,Hepatitis A,15,1,17-03-2025,17-03-2025,Surveillance,"Additionally, 6 repeat serum samples were sent to NIV Pune, all tested positive for HAV virus. District RRT investigated the outbreak. Community awareness and health education given by peripheral team on control measures, hygiene and sanitation. Death of a 25 year old male had occur due to hepatic encephalopathy with acute liver failure due to Viral Hepatitis A."
Manipur,Senapati,Others Human,52,0,21-03-2025,22-03-2025,Surveillance Under,"day. The affected age group was 5-15 years. Total 20 stool samples were collected & sent to JNIMS Imphal, all were negative for any entero-pathogen. District RRT investigated the outbreak. Community awareness and health education given by peripheral team on control measures, hygiene and sanitation. A suspected case of human rabies was reported from Langumshing Village under Riangdo CHC, West Khasi Hills District. A 41 year old female, developed symptoms of muscle spasms, confusion, hydrophobia, and hyper salivation. . There is history of dog bite on January 2, 2025. The case was clinically diagnosed as rabies The patient did not receive"
Pradesh,Bhopal,Measles,7,0,07-03-2025,Surveillance Under,"were positive were investigated the outbreak. Community awareness and health education given by peripheral team on control measures, hygiene and sanitation. Cases of fever with abdominal pain, malaise, anorexia were reported District Gyalshing. Cases were in age group 5-59 years. All 19 blood samples collected, Typhidot/Rapid card Test.","for Measles IgM by ELISA. All other cases epidemiologically linked cases. District RRT from Village Yuksom, Sub-District Yuksom, tested positive for Typhoid by District RRT investigated the"
Pradesh,Narsinghpur,Mumps,4,0,13-03-2025,18-03-2025,Surveillance Under,"were positive for Mumps by ELISA. District RRT investigated the outbreak. Community awareness and health education given by peripheral team on control measures, hygiene and sanitation. Cases were reported from PHC Takali, Village: Takaliwadi, Sub-District: Shirol, District: Kolhapur. Cases presented with jaundice. A total of 8 water samples and 12 serum samples were sent to DPHL and SSH CPRH in Kolhapur. All water samples were found to be potable and all serum samples tested negative for HAV and HEV."
Sikkim,"Gyalshing th March, 2020. The States have been reporting the COVID-19 cases and deaths on a real-time basis and the same was being updated on the website of",Typhoid,19 COVID-19 STATUS,0,20-02-2025,Surveillance,outbreak. People consumed water from an overhead tank supply to households. Cases were treated at PHC Tashiding and Yoksum. Cleaning of was done. Health education given regarding safe drinking water and hygiene maintenance.,overhead tank and chlorination
Tamil Nadu,Salem,Mumps Hepatitis,10,0,20-03-2025,20-03-2025,Surveillance Under,"Preventive Medicine & Research, out of which 1 was positive for Mumps by RTPCR. All other cases were epidemiologically linked cases. District RRT investigated the outbreak. Community awareness and health education given by peripheral team on control measures, hygiene and sanitation. Cases were reported from Uthumalai PHC, Balapathiramapuram HSC, Village: Maviliuthu, Sub-District: Alangulam, District: Tenkasi. Cases presented with fever, stomach pain and yellow discoloration of conjunctiva. The most affected age group was 1-15 years."
Tamil Nadu,Tenkasi,A&E Hepatitis,13,0,23-03-2025,23-03-2025,Surveillance Under,"Eight blood samples were sent to DPHL Tenkasi, out of which 7 were positive for Anti- HAV IgM & 6 were positive for Anti-HEV IgM by ELISA. District RRT investigated the outbreak. Community awareness and health education given by peripheral team on control measures, hygiene and sanitation. Cases were reported from Uthumalai PHC, Balapathiramapuram HSC, Village: Maviliuthu, Sub-District: Tiruvengadam, District: Tenkasi. Cases presented with fever, stomach pain and yellow discoloration of conjunctiva. The affected age group was 6-15"
Tamil Nadu,Tenkasi,A&E,9,0,21-03-2025,22-03-2025,Surveillance,"years. Three blood samples were sent to DPHL Tenkasi, out of which 3 were positive for Anti- HAV IgM & 1 was positive for Anti-HEV IgM by ELISA. District RRT investigated the outbreak. Community awareness and health education given by peripheral team on control measures, hygiene and sanitation."
Tamil Nadu,Theni,Chickenpox,6,0,19-03-2025,23-03-2025,Surveillance Under,"Medicine and Research, Guindy, Chennai, all were positive for Varicella zoster virus IgM by ELISA. All other cases were epidemiologically linked cases. District RRT investigated the outbreak. Community awareness and health education given by peripheral team on control measures, hygiene and sanitation. Cases were reported from UPHC Khurbura, Sub-District: Dehradun, District: Dehradun. Cases presented with abdominal pain, fever and nausea/vomiting. The most affected age group was 12-40 years. Six blood samples were sent to IDSP District Lab, Dehradun, all were positive for Anti-HAV IgM by ELISA."
Uttarakhand,Dehradun 24 Paraganas,Hepatitis A Food,12,0,20-03-2025,20-03-2025,Surveillance Under,"Three water samples were sent for testing, all showed significant fecal contamination with coliform counts ranging from 10-180 MPN/100 mL. District RRT investigated the outbreak. Community awareness and health education given by peripheral team on control measures, hygiene and sanitation. Cases were reported from Padmerhat Rural Hosp., SC Chaltaberia, Village: Kamaria, Sub- District: Jaynagar-I, District: 24 Paraganas South. Cases presented with loose motion, nausea, vomiting after consumption of food in a religious gathering. All age groups were"
West Bengal,Medinipur East,Poisoning Acute,80,0,17-03-2025,17-03-2025,Surveillance Under,"Tamluk Medical College & Hospital. Both stool samples were negative for any entero- pathogen. Water sample was found to be potable. District RRT investigated the outbreak. Community awareness and health education given by peripheral team on control measures, hygiene and sanitation. Cases were reported from Khandarui RH, Village: Khandrui, Sub-District: Dantan-II, District: Medinipur West. Cases presented with loose stool, vomiting and pain abdomen. The most affected age group was 15-44 years. Three rectal swabs and seven water samples were collected and sent for testing. Both rectal"
West Bengal,Howrah,Chickenpox Food,19,0,19-03-2025,21-03-2025,Surveillance Under,"collected & sent to NICED, all were negative for VZV. All cases were diagnosed clinically. District RRT investigated the outbreak. Community awareness and health education given by peripheral team on control measures, hygiene and sanitation. Cases were reported from Basulia Rural Hospital, Village: Kanchanpur, Sub-District: Mahisadal, District: Medinipur East. Cases presented with loose stool after consumption of food in a religious gathering. The most affected age group was 5-14 years. Two stool and one water sample was collected and sent to"
West Bengal Name of State-UT,Bardhaman OUTBREAKS OF PREVIOUS WEEKS REPORTED LATE Name of District,Diarrheal Disease Disease- Illness Human,15 No. of Cases,0 No. of Deaths,19-03-2025 Date of Start Outbreak,20-03-2025 Current Status Under,"Surveillance Comments- Action Taken Case was Tamulpur, District: Tamulpur. Case presented with anxiety and hydrophobia. back for which no ARV was taken. The case was clinically diagnosed as Rabies. District RRT investigated the outbreak. Family members were advised to undergo post-exposure","be potable. One rectal swab was collected & sent for testing, which was negative for any entero-pathogen. District RRT investigated the outbreak. Community awareness and health education given by peripheral team on control measures, hygiene and sanitation. reported from Gandhibari MPHC, Sub-District: There is history of dog bite one month"
West Bengal,South,Poisoning,97,0,22-03-2025,22-03-2025,Surveillance,"affected. Three rectal swabs were sent for testing, all were negative for any entero- pathogen. Ten water samples were taken for H2S & microbiological test, all were found to be potable. District RRT investigated the outbreak. Community awareness and health education given by peripheral team on control measures, hygiene and sanitation."
West Bengal,Medinipur West,Gastroenterit is,35,0,20-03-2025,21-03-2025,Surveillance,"swabs were negative for any entero-pathogen. Out of seven water samples, four were found to be unsafe for drinking water. District RRT investigated the outbreak. Community awareness and health education given by peripheral team on control measures, hygiene and sanitation."
Pradesh,Guntur,Cholera,18,0,27-01-2025,Surveillance,for Cholera by Stool culture. District RRT investigated the outbreak. Cases treated awareness and health education given by peripheral team on hygiene and sanitation.,at AIIMS Mangalgiri. Community
Assam,Jorhat,Diarrheal Disease Food,13,0,29-03-2025,29-03-2025,Surveillance Under,"pneumoniae on culture. Two water samples found unfit for potable purpose at JMCH. District RRT investigated the outbreak. Cases treated symptomatically. Age group of the affected cases were 1-60 years. Community awareness and health education given by peripheral team on hygiene and sanitation. Cases were reported from Narayanpur chapori village under Dhakuakhana SDCH, District Lakhimpur. Cases presented with fever, pain abdomen, loose stools and vomiting. 7 rectal swabs and one water sample were collected and sent to DPHL Telahi Stool sample did not show growth of any pathogenic organism and"
Assam,Lakhimpur,Poisoning Food,38,0,29-03-2025,29-03-2025,Surveillance Under,"water sample found unfit for potable purpose. District RRT investigated the outbreak. All the cases developed the symptoms after eating food in a social gathering. Cases treated symptomatically. Age group of the affected cases were 1-60 years. Community awareness and health education given by peripheral team on hygiene and sanitation. Cases were reported from Belsand block arya, District Sitamarhi. Cases presented with vomiting and loose stools. District RRT investigated the outbreak."
Bihar,Sitamarhi,Poisoning,40,0,20-03-2025,24-03-2025,Surveillance,All the cases developed the symptoms after eating in a social gathering. Cases treated symptomatically. Community awareness and health education given by peripheral team on hygiene and sanitation.
Chhattisgarh,Bilaspur,Measles,31,0,14-03-2025,Surveillance Under,"RRT investigated the outbreak. Age group of the affected cases was less than 15 years. Cases treated symptomatically. Vitamin awareness and health education given by peripheral team on vaccination, hygiene and sanitation Cases Giridih, District Giridih. rash. 7 Ranchi. One sample found positive for the Varicella Zoster","A solution was given to them. Community were reported from Village Ajidih, Sub-District Cases presented with fever with blood samples were collected and sent to RIMS"
Chhattisgarh,Raipur,Typhoid,13,0,22-03-2025,26-03-2025,Surveillance Under,"Dharsiwa CHC. Age group of the affected cases were 2-60 years. Community awareness and health education given by peripheral team on hygiene and sanitation. Cases were reported from Village Petlad, Sub- District Petlad, District Anand. Cases presented with Jaundice. 20 blood samples and 16 water samples were collected and sent to DPHL, Anand. Ten samples tested positive for Hepatitis A IgM by ELISA. Six water samples"
Gujarat,Anand,Hepatitis A Acute,49,0,25-03-2025,25-03-2025,Surveillance Under,"found unfit for potable purpose (E. coli and Klebsiella detected. District RRT investigated the outbreak. Cases treated symptomatically. Community awareness and health education given by peripheral team on control measures, hygiene and sanitation. Cases were reported from Village Khanpur Jattan, Sub-District Thanesar, District Kurukshetra. Cases presented with loose motion. 12 blood samples were collected and sent to DPHL, Kurukshetra. Two samples"
Haryana,Kurukshetra,Diarrheal Disease,12,0,27-03-2025,28-03-2025,Surveillance,"tested positive for Hepatitis A IgM by ELISA. District RRT investigated the outbreak. Cases treated symptomatically. Water pipeline leakage were noticed. Community awareness and health education given by peripheral team on control measures, hygiene and sanitation."
Jharkhand,Bokaro,Rash,6,0,26-03-2025,26-03-2025,Surveillance,Measles IgM by ELISA. District RRT investigated the outbreak. Age group of the affected cases was 12-65 years. Cases treated symptomatically. Community awareness and health education given by peripheral team on hygiene and sanitation.
Jharkhand,Dumka,Chickenpox,7,0,23-03-2025,24-03-2025,Surveillance Under,"samples found negative for Measles IgM by ELISA. District RRT investigated the outbreak. Age group of the affected cases was 11-31 years. Cases treated symptomatically. Community awareness and health education given by peripheral team on vaccination, hygiene and sanitation. Cases were reported from Village Shirishbani, Sub-District Ghatshila, District East Singhbum. Cases presented with fever with rash. 3 blood samples were collected and sent to DPHL Jamshedpur. All 3 samples found positive for"
Jharkhand,East Singhbum,Chickenpox,5,0,27-03-2025,28-03-2025,Surveillance Under,"the Varicella Zoster IgM by ELISA. District RRT investigated the outbreak. Age group of the affected cases was 19-60 years. Cases treated symptomatically. Community awareness and health education given by peripheral team on hygiene and sanitation. Cases were reported from Village Anidih, Sub- District Khunti, District Khunti. Cases presented with fever with rash. 3 blood samples were collected and sent to RIMS, Ranchi. All samples found positive for the"
Jharkhand Madhya,Giridih,Chickenpox Scrub,7,0,27-02-2025,Surveillance Under,"IgM by ELISA. District RRT investigated the outbreak. Age group of the affected cases was 10-15 years. Cases treated symptomatically. education sanitation. Cases were Huzur, District Rewa. All the cases admitted to the Medical Collage with complaints of fever. They were tested positive for Scrub typhus IgM by ELISA at Medical College Rewa.","Community awareness and health given by peripheral team on hygiene and reported from Village Remari, Sub-District"
Jharkhand,Khunti,Chickenpox,3,0,25-03-2025,26-03-2025,Surveillance,Varicella Zoster IgM by ELISA and District RRT investigated the outbreak. Age group of the affected cases was 12-21 years. Cases treated symptomatically. Community awareness and health education given by peripheral team on hygiene and sanitation.
Jharkhand,Khunti,Chickenpox,12,0,24-03-2025,24-03-2025,Surveillance Under,"found negative for Measles IgM by ELISA. District RRT investigated the outbreak. Age group of the affected cases was 6-32 years. Cases treated symptomatically. Community awareness and health education given by peripheral team on hygiene and sanitation. Cases were reported from village Mahuakhurna, Sub-District Burmu, District Ranchi. Cases presented with fever with rash. 5 blood samples were collected and sent to RIMS, Ranchi. All samples found positive for"
Jharkhand,Ranchi,Chickenpox Acute,5,0,25-03-2025,27-03-2025,Surveillance Under,"the Varicella Zoster IgM by ELISA. District RRT investigated the outbreak. Age group of the affected cases was 10-15 years. Cases treated symptomatically. Community awareness and health education given by peripheral team on hygiene and sanitation. Cases were reported from Village Nuagaon, Sub-District Jagannathpur, District West Singhbhum. Cases presented with loose motion and vomiting. 1 stool sample was collected and"
Jharkhand,West Singhbhum,Diarrheal Disease Acute,20,0,28-03-2025,28-03-2025,Surveillance Under,"tested negative for Cholera on culture. District RRT investigated the outbreak. Cases treated symptomatically. Community awareness and health education given by peripheral team on control measures, hygiene and sanitation. Cases were reported from girl's hostel of UC College Aluva, under Health Facility: FHC Karumalloor, District Ernakulam. Cases presented with loose stools, pain abdomen and vomiting. 1 water sample tested and found"
Kashmir Jammu and,Ganderbal,Hepatitis A,12,0,22-03-2025,24-03-2025,Surveillance Under,"ELISA. Water samples found unfit for potable purpose. District RRT investigated the outbreak. Cases treated symptomatically. Cases were of the age group of 5-33 years. Community awareness and health education given by peripheral team on hygiene and sanitation. Cases were reported from village of Changoo in Block Qazigund, District Kulgam. Cases presented with complaints of fever, fatigue and yellow discoloration of eyes. 5 blood samples and 2 water samples were collected and sent to DPHL, Anantnag. Three samples"
Kashmir,Kulgam,Hepatitis A Fever with,11,0,27-03-2025,27-03-2025,Surveillance Under,"found positive Hepatitis A IgM by ELISA. Water samples found unfit for potable purpose. District RRT investigated the outbreak. Cases treated symptomatically. Cases were of the age group of 8-12 years. Community awareness and health education given by peripheral team on hygiene and sanitation. Cases were reported from Village Ranichirka, Sub-District Chas, District Bokaro. Cases presented with fever with rash. 6 blood samples were collected and sent to RIMS, Ranchi. All the samples found negative for"
Kerala,Ernakulam,Diarrheal Disease,16,0,26-03-2025,26-03-2025,Surveillance,unfit for potable purpose (E.Coli detected). District RRT investigated the outbreak. Cases treated symptomatically. Community awareness and health education given by peripheral team on hygiene and sanitation.
Kerala,Idukki,Poisoning Acute,55,0,27-03-2025,27-03-2025,Surveillance Under,"lab, Thodupuzha. One sample found unfit for potable purpose. District RRT investigated the outbreak (Coliforms detected). All the cases developed the symptoms after eating food in their canteen on 21-03-2025. Cases treated symptomatically. Community awareness and health education given by peripheral team on hygiene and sanitation. Cases were reported from Village Marayoor, Sub-District Devikulam, District Idukki. Cases presented with loose stools, and vomiting. 2 water samples tested and found unfit for"
Kerala,Idukki,Diarrheal Disease,42,0,26-03-2025,27-03-2025,Surveillance Under,"potable purpose (Coliforms detected). District RRT investigated the outbreak. Cases treated symptomatically. Community awareness and health education given by peripheral team on hygiene and sanitation. Cases were reported from Mambaul Hidaya Dars, Veliyambra, Sub-District Iritty, District Kannur. Cases presented with fever, fatigue, vomiting and yellowish discoloration of urine. 2 blood samples and 2 water samples were collected and sent to District Hospital Kerala water Authority Quality Control Lab. Both"
Kerala,Kannur,Hepatitis A,35,0,21-03-2025,26-03-2025,Surveillance,samples found positive for Hepatitis A IgM by ELISA. Water samples found unfit for potable purpose (Coliforms detected). District RRT investigated the outbreak. Cases treated symptomatically. Community awareness and health education given by peripheral team on hygiene and sanitation.
Kerala,Kannur,Hepatitis A West Nile,29,0,26-03-2025,26-03-2025,Surveillance Under,"Hepatitis A IgM by ELISA at a Pvt. Lab. District RRT investigated the outbreak. Cases treated symptomatically. Community awareness and health education given by peripheral team on hygiene and sanitation. Cases were reported from Village Beypore, Sub-District Kozhikode, District Kozhikode. Cases are presented with fever, fatigue, and headache. Two serum samples were collected and sent to VRDL Kozhikode and came positive for West Nile Virus IgM by ELISA."
Kerala,Kozhikode,Fever,2,1,27-02-2025,27-03-2025,Surveillance Under,"District RRT investigated the outbreak. Cases were admitted to the hospital. 70-year-old female expired on 24-03-2025 at MCH Kozhikode. Second case got discharged on 11- 03-2025. Community awareness and health education given by peripheral team on vector control measures, hygiene and sanitation. Cases were reported from Village Nenmenikkara (CT), Sub-District Mukundapuram, District Thrissur. Cases presented with fever with bodyache. 17 blood samples were collected and sent to DMO Lab Thrissur. Five samples found positive for"
Kerala,Thrissur,Dengue,17,0,24-03-2025,26-03-2025,Surveillance,"Dengue NS1 by ELISA. 16 samples found positive for Dengue by RDT kits at FHC Neamikkara. District RRT investigated the outbreak. Cases treated symptomatically. Community awareness and health education given by peripheral team on vector control measures, hygiene and sanitation."
Kerala Madhya,Wayanad,Diarrheal Disease,16,0,22-03-2025,24-03-2025,Surveillance Under,"potable purpose (Coliforms detected). District RRT investigated the outbreak. Cases treated symptomatically. Community awareness and health education given by peripheral team on hygiene and sanitation. Cases were reported from Villages Samdai, Simariya and Tejgarh, Sub-District Tendukheda, District Damoh. 36 fever with rash cases were reported during routine surveillance. 9 blood samples were collected and sent to NSCB Medical College, Jabalpur. 7 samples found positive for Measles"
Meghalaya,"Hills th March, 2020. The States have been reporting the COVID-19 cases and deaths on a real-time basis and the same was being updated on the website of",Chickenpox,3 COVID-19 STATUS,0,18-03-2025,Surveillance,IgM by ELISA. Age group of the affected cases was treated symptomatically. Community awareness and health education sanitation.,District RRT investigated the outbreak. 3-24 years. Cases given by peripheral team on hygiene and
Manipur,Ukhrul South West Garo,Measles,37,0,18-03-2025,Surveillance Under,"ELISA. of the symptomatically. Vitamin A solution was given to Community peripheral team on vaccination, hygiene and sanitation Cases were reported from Village Betasing, Cases presented with fever with blood samples were collected and sent to Dibrugarh. 3 samples found positive for the Varicella Zoster","District RRT investigated the outbreak. Age group affected cases was 2-9 years. Cases treated them. awareness and health education given by Ampatigiri, Sub-District District South West Garo Hills. maculo-papular rash. 4 ICMR-RMRC"
Pradesh Madhya,Damoh,Measles,36,0,27-03-2025,27-03-2025,Surveillance Under,"IgM by ELISA. District RRT investigated the outbreak. Age group of the affected cases was 3-16 years. Cases treated symptomatically. Vitamin A solution was given to them. Community awareness and health education given by peripheral team on vaccination, hygiene and sanitation Cases were reported from Sub-District Narsimhapur, District Narsinghpur. Cases presented with fever with maculo- papular rash. 2 blood samples were collected and sent to ICMR lab Jabalpur. Both samples found positive for the Varicella Zoster IgM by"
Pradesh,Narsinghpur,Chickenpox,7,0,25-03-2025,25-03-2025,Surveillance,ELISA. District RRT investigated the outbreak. Age group of the affected cases was 7-32 years. Cases treated symptomatically. Community awareness and health education given by peripheral team on hygiene and sanitation.
Pradesh Madhya,Rewa,Typhus,17,0,24-02-2025,Surveillance Under,"District RRT investigated the outbreak. Age group of the affected cases was 15-44 years. Community awareness and health education given by peripheral team on sanitation. Cases were reported from Sub-District Shivpuri, District Shivpuri. 10 routine surveillance. sent to GMC Bhopal. 3 samples found positive for Measles",hygiene and fever with rash cases were reported during 6 blood samples were collected and
Pradesh,Shivpuri,Measles,6,0,18-03-2025,Surveillance,"IgM by ELISA. Age group of the affected cases was treated symptomatically. Vitamin A solution was given to them. Community awareness and health education given by peripheral team on vaccination, hygiene and sanitation",District RRT investigated the outbreak. 1-15 years. Cases
Odisha,Khordha,Hepatitis A,0,0,26-03-2025,27-03-2025,Surveillance Under,"by ELISA. District RRT investigated the outbreak. Cases treated symptomatically. Cases were of the age group of 1-10 years. Community awareness and health education given by peripheral team on hygiene and sanitation. Cases were reported from Village Murug Ali II Division, Sub-District Valparai, District Coimbatore. Cases presented with fever with rash. 4 blood samples were collected and sent to King Institute of Preventive Medicine & Research, Guindy. All the four samples found"
Tamil Nadu,Coimbatore,Chickenpox,22,0,27-03-2025,29-03-2025,Surveillance Under,"positive for the Varicella Zoster IgM by ELISA. District RRT investigated the outbreak. Cases treated symptomatically. Community awareness and health education given by peripheral team on hygiene and sanitation. Cases were reported from Village Oddarpalayam, Sub-District Harur, District Dharmapuri. Cases presented with fever with rash. 4 blood samples were collected and sent to King Institute of Preventive Medicine & Research, Guindy. Three samples found"
Tamil Nadu,Dharmapuri,Chickenpox,18,0,30-03-2025,30-03-2025,Surveillance,positive for the Varicella Zoster IgM by ELISA. District RRT investigated the outbreak. Age group of the affected cases was 1-15 years. Cases treated symptomatically. Community awareness and health education given by peripheral team on hygiene and sanitation.
Tamil Nadu,Dindigul,Diarrheal Disease,51,0,28-03-2025,29-03-2025,Surveillance Under,"sample did not show growth of any pathogenic organism. District RRT investigated the outbreak. Cases treated symptomatically. Community awareness and health education given by peripheral team on hygiene and sanitation. Cases were reported from Village Sitharevu, Sub-District Athoor, District Dindigul. Cases presented with fever with rash. 5 blood samples were collected and sent to King Institute of Preventive Medicine & Research, Guindy. Four samples found positive for the"
Tamil Nadu,Dindigul,Chickenpox Food,10,0,24-03-2025,25-03-2025,Surveillance Under,"Varicella Zoster IgM by ELISA. District RRT investigated the outbreak. Age group of the affected cases was 6-10 years. Cases treated symptomatically. Community awareness and health education given by peripheral team on hygiene and sanitation. Cases were reported from Village Periyavilai, Sub-District Kalkulam, District Kanniyakumari. Cases presented with loose stools, vomiting and pain abdomen. District RRT investigated"
Tamil Nadu,Kanniyakumari,Poisoning,18,0,23-03-2025,25-03-2025,Surveillance,the outbreak. Cases treated at District hospital. All the cases developed the symptoms after eating food in restaurant. Community awareness and health education given by peripheral team on hygiene and sanitation.
Tamil Nadu,Theni,Chickenpox,6,0,27-03-2025,28-03-2025,Surveillance Under,"Both samples found positive for the Varicella Zoster IgM by ELISA. District RRT investigated the outbreak. Age group of the affected cases was 6-15 years. Cases treated symptomatically. Community awareness and health education given by peripheral team on hygiene and sanitation. Cases were reported from Villages Chinchurah (P) and Madhupur, Sub-District Chinsurah - Magra, District Hooghly. Cases presented with fever, pain abdomen, headache, diarrhea and weakness. Out of 36"
West Bengal Name of State-UT Andhra,Hooghly OUTBREAKS OF PREVIOUS WEEKS REPORTED LATE Name of District,Typhoid Disease- Illness,18 No. of Cases,0 No. of Deaths,22-03-2025 Date of Start Outbreak,28-03-2025 Current Status Under,"Surveillance Comments- Action Taken Cases were Mangalagiri, District Guntur. stools and vomiting. sent to AIIMS Mangalgiri. 18 Stool samples found positive","blood samples 18 samples tested positive for Salmonella typhi by Widal test at Imambara DH. Community awareness and health education given by peripheral team on hygiene and sanitation. reported from Village Pedana, Sub-District Cases presented with loose 63 stool samples were collected and"
Assam,Biswanath,Poisoning Fever with,18,0,05-04-2025,05-04-2025,Surveillance Under,"were negative for Cholera & any other entero- pathogen on culture. Two water samples were also sent to DPHL, Biswanath, which were found to be satisfactory. District RRT investigated the outbreak. Community awareness and health education given by peripheral team on control measures, hygiene and sanitation. Cases were reported from Village Judahi. Sub-District Madanpur, District Aurangabad. Cases presented with fever with rash. Age group of the affected cases was 2-13 years. Six blood samples were collected and sent to"
Bihar,Aurangabad,Rash,21,0,03-04-2025,04-04-2025,Surveillance Under,"AIIMS, Patna, all were negative for Measles IgM by ELISA. District RRT investigated the outbreak. Cases treated symptomatically. Community awareness and health education given by peripheral team on vaccination, hygiene and sanitation. Cases were reported from gangasagar area under PHC Rahika, Sub-District Madhubani, District Madhubani. Cases presented with fever with maculo-papular rash. Age group of the affected cases was 1-5 years. Five blood samples were collected and sent to PMCH,"
Bihar,Madhubani,Chickenpox,14,0,31-03-2025,04-04-2025,Surveillance,"Patna, out of which 3 were positive for Varicella Zoster IgM by ELISA. District RRT investigated the outbreak. Cases treated symptomatically. Community awareness and health education given by peripheral team on vaccination, hygiene and sanitation."
Bihar,Champaran,Rash Human,6,0,30-01-2025,Surveillance Under,"collected and sent to AIIMS, Patna, all Measles IgM by ELISA. outbreak. awareness and health education given by peripheral team on vaccination, hygiene and sanitation. Cases were reported from Churachandpur District Hospital, District: Churachandpur. Cases presented with history of dog bite & symptoms of hydrophobia, aerophobia, insomnia, malaise, salivation. All cases were diagnosed clinically as rabies District RRT investigated the outbreak. House to house survey was done for any dog bite cases. IEC activities","were negative for District RRT investigated the Cases treated symptomatically. Community dysphasia, hyperactivity headache, and hyper"
Gujarat,Bhavnagar,Poisoning Acute,20,0,03-04-2025,04-04-2025,Surveillance Under,"than 50 years of age. District RRT investigated the outbreak. Community awareness and health education given by peripheral team on control measures, hygiene and sanitation. Cases were reported from CHC Por, Village: Itola, Sub-District: Vadodara Rural, District: Vadodara. Cases presented with diarrhea. The affected age group was 5-60 years. Total 2 stool and 2 water samples were taken and sent to SSG Medical College. Both the stool"
Gujarat,Vadodara,Diarrheal Disease Food,20,0,01-04-2025,01-04-2025,Surveillance Under,"samples were negative for any entero- pathogen. Water samples were found to be contaminated on bacteriological examination. District RRT investigated the outbreak. Community awareness and health education given by peripheral team on vector control measures, hygiene and sanitation. Cases were reported from CHC Sadhaura, Village: Sadaura, Sub-District: Sadhaura, District Yamuna Nagar. Cases presented with symptoms of nausea, vomiting, and abdominal pain after consumption of Samak rice and buckwheat. The most affected age group was 15-44 years. The food safety department took"
Haryana,Yamunanagar,Poisoning,104,0,31-03-2025,31-03-2025,Control,"food samples, total of five flour samples and the samples were sent to the State Food Analysis Health Laboratory in Chandigarh. District RRT investigated the outbreak. Community awareness and health education given by peripheral team on control measures, hygiene and sanitation."
Jharkhand,East Singhbum,Chickenpox,8,0,05-04-2025,05-04-2025,Surveillance Under,"were positive for Varicella Zoster IgM by ELISA. District RRT investigated the outbreak. Cases treated symptomatically. Community awareness and health education given by peripheral team on vaccination, hygiene and sanitation. Cases were reported from Sub-District Dumri, District Giridih. Cases presented with fever with maculo-papular rash. Age group of the affected cases was 7-45 years. Seven blood samples were collected and sent to RIMS,"
Jharkhand,Giridih,Chickenpox,13,0,03-04-2025,03-04-2025,Surveillance Under,"Ranchi, all were positive for Varicella Zoster IgM by ELISA. District RRT investigated the outbreak. Cases treated symptomatically. Community awareness and health education given by peripheral team on vaccination, hygiene and sanitation. Cases were reported from a school under Nandi PHC, Village: Sriramapura, Sub- District: Chikkaballapura, District: Chikkaballapur. Cases presented with fever. Age group of the affected cases was 2-13 years. Three water samples were tested by H2S media & MPN method at PHC Nandi &"
Kerala,Kottayam,Poisoning,22,0,31-03-2025,04-04-2025,Surveillance Under,"were in the age group of 8 to 74 years. District RRT investigated the outbreak. Community awareness and health education given by peripheral team on control measures, hygiene and sanitation. Cases were reported from PHC Kannambra, Village: Kannambra-I, Sub-District: Alathur, District: Palakkad. A 36 year old male presented with fever with chills and fatigue. One blood sample was sent for testing, which"
Kerala,Palakkad,Leishmaniasis,1,0,04-04-2025,05-04-2025,Surveillance Under,"was positive for both R K 39 antibodies and antigen. District RRT investigated the outbreak. Community awareness and health education given by peripheral team on vector control measures, hygiene and sanitation. Cases were reported from PHC Thiruvegappura, Village: Thiruvegapura, Sub- District: Pattambi, District: Palakkad. Cases presented with fever with jaundice. Out of the 5 serum samples sent to IPHL for testing, one sample tested positive for Hepatitis A IgM by ELISA. All other cases were epidemiologically"
Kerala,Palakkad,Hepatitis A,27,0,03-04-2025,03-04-2025,Surveillance,"linked cases. A water sample was collected and sent for bacteriological testing, which revealed presence of both E.coli and coliform bacteria. District RRT investigated the outbreak. Community awareness and health education given by peripheral team on control measures, hygiene and sanitation."
Kerala,Pathanamthitta,Poisoning Acute,43,0,04-04-2025,04-04-2025,Surveillance Under,"analysis to Ranni Water Authority Lab, which showed presence of E.coli & Coliforms. District RRT investigated the outbreak. Community awareness and health education given by peripheral team on control measures, hygiene and sanitation. Cases were reported from a school under FHC P.Vemballur, CHC Perinjanam, Village: Perinjanam, Sub-District: Kodungallur, District: Thrissur. Cases presented with fever, vomiting, stomach pain and loose stools after attending a social gathering on March 29,"
Kerala Madhya,Thrissur,Diarrheal Disease Acute,78,0,30-03-2025,02-04-2025,Surveillance Under,"2025. Two stool samples were collected & sent for testing, out of which one was positive for Candida tropicalis. District RRT investigated the outbreak. Community awareness and health education given by peripheral team on control measures, hygiene and sanitation. Cases reported from Ward New Talab, Urban Rewa, District: REWA. Cases presented with loose watery stool and abdominal pain, vomiting. The most affected age group was 15- 44 years. Seven stool & one water samples were collected & sent to DPHL DH Rewa. All"
Karnataka,Chikballapur,Hepatitis A,8,0,04-04-2025,04-04-2025,Control,"DPHL, which were found to be potable. One blood sample was taken and tested at DPHL, which was positive for Anti-HAV IgM by ELISA. All other cases were epidemiologically linked cases. District RRT investigated the outbreak. Community awareness and health education given by peripheral team on control measures, hygiene and sanitation."
Meghalaya,North Garo Hills West Jaintia,Measles Food,12,0,04-04-2025,04-04-2025,Surveillance Under,"GMC Assam, out of which 8 were positive for Measles IgM by ELISA. All other cases were epidemiologically linked cases. District RRT investigated the outbreak. IEC activities were carried out in the community, emphasizing the importance of MR vaccination. Vitamin A was administered to all affected cases. Cases were reported from Syndai Village, under Syndai HWC and Pdengshakap PHC. Cases presented with symptoms of abdominal pain, vomiting, loose stools, and mild fever,"
Meghalaya,Hills,Poisoning Acute,32,0,30-03-2025,31-03-2025,Surveillance Under,"following a local feast. All age groups were affected. District RRT conducted the investigation. IEC activities were carried out to raise awareness about food safety and hygiene. Cases reported from SC Kulei, PHC Pabitranagar, CHC Kaniha, Village: Gaham, Sub-District: Kaniha, District: Anugul. Cases presented with loose stools. The most affected age group was 5-14 years. Seven rectal swabs & water samples were collected & sent to DPHL Angul. One stool sample was positive"
Manipur,Churachandpur,Rabies,3,3,27-03-2025,Surveillance Under,"regarding wound washing, wood management, importance of ARV in animal bite condition and completing the vaccine schedule was conducted. Contact tracing done and exposure prophylaxis started for all the close contacts. Three deaths have occurred due to suspected rabies (21 year/male on 28th March year/male on 4th April 2025). Cases reported from District: Koraput. conjunctivitis and runny nose. The affected age group was 5- 14 years. Three serum & two throat samples were collected and sent to","2025, 11 year/female on 3rd April 2025 & 34 Jeypur UPHC, Sub-District: Jeypore, Cases presented with fever with rash, ICMR-RMRC, Bhubaneswar, all were positive"
Pradesh,Rewa,Diarrheal Disease,19,0,01-04-2025,01-04-2025,Surveillance,"stool & water samples were negative for any entero-pathogen on culture. District RRT investigated the outbreak. Community awareness and health education given by peripheral team on control measures, hygiene and sanitation."
Odisha,Mayurbhanj,Poisoning Acute,66,0,03-04-2025,04-04-2025,Surveillance Under,"collected & sent to DPHL Mayurbhanj. No entero-pathogenic organism was found in rectal swabs. Water samples were negative for H2S and OT level < 0.01 PPM. District RRT investigated the outbreak. Community awareness and health education given by peripheral team on control measures, hygiene and sanitation. Cases reported from PHC Dhama, Village: Badmal, Sub-District: Dhama, District: Sambalpur. Cases presented with diarrhea, abdominal cramps and vomiting. The affected age group was 15-44 years. Three rectal swabs and four water samples were collected & sent"
Odisha,Anugul,Diarrheal Disease,81,0,04-04-2025,04-04-2025,Surveillance,"for Salmonella spp. on culture. One water sample showed fecal contamination by MPN count method (70/100ml) & zero PPM on OT test. District RRT investigated the outbreak. Community awareness and health education given by peripheral team on control measures, hygiene and sanitation."
Odisha,Bhadrak,Hepatitis A Food,5,0,03-04-2025,04-04-2025,Surveillance Under,"were collected & sent to DPHL Bhadrak, all were positive for Anti-HAV IgM by ELISA. District RRT investigated the outbreak. Community awareness and health education given by peripheral team on control measures, hygiene and sanitation. Cases reported from: Village: Kasipal, Sub- District: Jharpokharia, District: Mayurbhanj. Cases presented with vomiting, watery stool, abdominal pain, headache with fever after attending a religious gathering on 02.04.25. The most affected age group was 15-44 years. Five rectal swabs & four water samples were"
Odisha,Koraput,Measles,21,0,27-03-2025,Surveillance,for Anti-Measles IgM by ELISA. District RRT investigated the outbreak. Vitamin A solution was given to the affected cases. Community awareness and health education given by peripheral adequate nutrition and isolation.,"team on control measures, proper hygiene,"
Odisha,Sambalpur,Diarrheal Disease,24,0,04-04-2025,05-04-2025,Surveillance,"to DPHL Sambalpur. All rectal swabs showed presence of E.coli. Water samples were negative for H2S and OT level < 0.01 PPM. District RRT investigated the outbreak. Community awareness and health education given by peripheral team on control measures, hygiene and sanitation."
Puducherry,Pondicherry,Typhoid,20,0,03-04-2025,03-04-2025,Surveillance Under,"samples were sent to DPHL Pondicherry & JIPMER, out of which 20 were positive for Typhoid on culture, Typhidot & Widal test. District RRT investigated the outbreak. Community awareness and health education given by peripheral team on control measures, hygiene and sanitation. Cases were reported from a school under Chinnathambipalayam PHC, Athani CHC, Village: Nagalur, Sub-District: Anthiyur, District: Erode. Cases presented with swelling over the parotid region. The affected age group was 6-10 years. Five throat swab and blood samples were sent to Kings Institute, Guindy, out of which 1 was positive for Mumps by RT-"
Tamil Nadu,Kallakurichi,Hepatitis A,24,0,02-04-2025,03-04-2025,Control,"Kallakurichi, out of which 3 were positive for Anti-HAV IgM by ELISA. District RRT investigated the outbreak. Community awareness and health education given by peripheral team on control measures, hygiene and sanitation."
Tamil Nadu,Kallakurichi,Chickenpox,11,0,02-04-2025,02-04-2025,Control Under,"were sent to VDRL, GVMCH Villupuram, all were positive for Varicella Zoster virus IgM by ELISA. District RRT investigated the outbreak. Community awareness and health education given by peripheral team on control measures, hygiene and sanitation. Cases were reported from a school under Peerkalaikadu-PHC, Village: Therkupatti, Sub- District: Karaikkudi, District: Sivaganga. Cases presented with fever, throat pain, swelling in parotid area. The affected age group was 1-10 years. Two blood & throat swab samples were sent to King Institute,"
Tamil Nadu,Erode,Mumps,5,0,04-04-2025,05-04-2025,Surveillance Under,"PCR and Mumps IgM by ELISA. All other cases were diagnosed clinically. District RRT investigated the outbreak. IEC was given by peripheral health team to teachers, school children and public on control measures, hygiene and sanitation. Isolation was ensured for all individuals with symptoms, and they were treated symptomatically. Cases were reported from Asanur PHC, Village: Edaikkal, Sub-District: Ulundurpettai, District: Kallakurichi. Cases presented with fever, vomiting and abdominal pain. The affected age group was 1-15 years. Total 22 blood samples were sent to DPHL,"
Tamil Nadu,Sivaganga,Mumps,12,0,01-04-2025,02-04-2025,Control Under,"Guindy, Chennai, both were positive for Mumps IgM by ELISA & RT-PCR. All other cases were epidemiologically linked cases. District RRT investigated the outbreak. Community awareness and health education given by peripheral team on control measures, hygiene and sanitation. Cases were reported from a school under Piranmalai CHC, Village: Mathagupatti, Sub- District: Singampunari, District: Sivaganga. Cases presented with jaundice. The affected age group was 6-15 years. Five blood samples were sent to DPHL Sembanur, out of which 2"
Tamil Nadu,Sivaganga,Hepatitis A,5,0,29-03-2025,31-03-2025,Control,"were positive for Anti-HAV IgM by ELISA. All other cases were epidemiologically linked cases. District RRT investigated the outbreak. Community awareness and health education given by peripheral team on control measures, hygiene and sanitation."
Tamil Nadu,Thiruvallur,Dengue,11,0,04-04-2025,05-04-2025,Control Under,"Dengue IgM by ELISA. District RRT investigated the outbreak. Community awareness and health education given by peripheral health team on vector control measures, hygiene and sanitation. Cases were reported from Mettupalayam PHC, Village: Jambumadai, Sub-District: Musiri, District: Tiruchirappalli. Cases presented with fever, throat pain, swelling in parotid area. The affected age group was 6-10 years. Six serum & throat swab samples were sent to King"
Tamil Nadu,Tiruchirappalli,Mumps,7,0,05-04-2025,05-04-2025,Control Under,"Institute Chennai, out of which 6 serum & 1 throat swab was positive for Mumps IgM by ELISA & RTPCR, respectively. District RRT investigated the outbreak. Community awareness and health education given by peripheral health team on control measures, hygiene and sanitation. Cases were reported from Veeracholan PHC, Village: Muthuramalingapuram, Sub-District: Tiruchuli, District: Virudhunagar. Cases presented with fever with jaundice. The affected age group was 1-36 years. Six blood"
Tamil Nadu,Virudhunagar,Hepatitis A,21,0,02-04-2025,03-04-2025,Surveillance,"samples were sent for testing, out of which 4 were positive for Anti-HAV IgM by ELISA. District RRT investigated the outbreak. Community awareness and health education given by peripheral team on control measures, hygiene and sanitation."
Uttarakhand,Dehradun,Poisoning Food,383,0,31-03-2025,01-04-2025,Control Under,"The most affected age group was 19–50 years. Two vomitus samples were collected and sent to FSL. District RRT investigated the outbreak. Community awareness and health education given by peripheral team on control measures, hygiene and sanitation. Cases were reported from CHC Laksar, Sub- District: Laksar, District: Haridwar. Cases presented with loose stool after consumption of Kuttu Atta during fasting. The affected age"
Uttarakhand,Haridwar Purba,Poisoning Acute,34,0,31-03-2025,03-04-2025,Surveillance Under,"group was 10-53 years. District RRT investigated the outbreak. Community awareness and health education given by peripheral team on control measures, hygiene and sanitation. Cases were reported from Jamalpur RH, Village: Jaugram, Sub-District: Jamalpur, District: Purba Bardhaman. Cases presented with diarrhea. The most affected age group was 15 to 44 years. Two rectal swabs were collected and sent for testing, out of which one"
Pradesh,"Agra th March, 2020. The States have been reporting the COVID-19 cases and deaths on a real-time basis and the same was being updated on the website of",Measles,25 COVID-19 STATUS,0,15-03-2025,Surveillance,"epidemiologically linked cases. the outbreak. House to house search for fever cases done symptomatically. Additional dose of MR vaccine was given to children in the village. Health education given regarding isolation of cases, hygiene maintenance and proper nutrition.",District RRT investigated was in the affected area. Cases were treated
West Bengal,Bardhaman,Diarrheal Disease,23,0,02-04-2025,02-04-2025,Surveillance,"was positive for E.coli on culture. Five water samples were collected & sent for testing, all were found to be potable. District RRT investigated the outbreak. Community awareness and health education given by peripheral team on control measures, hygiene and sanitation."
Pradesh,Konaseema,B&C,306,0,24-03-2025,Surveillance,positive for Hepatitis B (HBsAg) and 86 cases positive for Hepatitis C. District RRT investigated the outbreak. Cases treated symptomatically. Community awareness and health education sanitation.,given by peripheral team on hygiene and
Assam,Dibrugarh,Shigellosis Food,25,0,07-04-2025,07-04-2025,Surveillance Under,"swab showed growth of Shigella flexneri on culture. Water samples found unfit for potable purpose. District RRT investigated the outbreak. Cases treated symptomatically. Community awareness and health education given by peripheral team on hygiene and sanitation. Cases were reported from Institute of Marine Science (IMS) Bogda Vasco, Village Vasco, Sub-District Mormugao, District South Goa. Cases presented with vomiting, loose stools pain abdomen. 3 stool samples were collected and sent to daffodils Multi Specialty Hospital. These samples did not show growth of any"
Assam,Darrang,Poisoning,64,0,06-04-2025,07-04-2025,Surveillance Under,"District RRT investigated the outbreak. All the cases developed the symptoms after consuming food in a social gathering. Cases treated symptomatically. Community awareness and health education given by peripheral team on hygiene and sanitation. Cases were reported from Village Konwar Kharoni gaon, Sub-District Dibrugarh West, District Dibrugarh. Cases presented with fever, Pain abdomen and loose stools with blood. 3 rectal swabs and 3 water samples were collected and sent to AMCH Dibrugarh. Rectal"
Gujarat,Bhavnagar,Gastroenteritis Food,20,0,10-04-2025,11-04-2025,Surveillance Under,"pathogenic organism. District RRT investigated the outbreak. Cases treated symptomatically. Community awareness and health education given by peripheral team on hygiene and sanitation. Cases were reported from Village Samapor, Sub-District Jalalpore, District Navsari. Cases presented with loose stools and vomiting. 8 water samples were collected and sent to DPHL Navsari. Water samples found unfit for potable purpose (Klebsiella detected)."
Gujarat,Navsari,Poisoning Acute,120,0,12-04-2025,13-04-2025,Surveillance Under,"District RRT investigated the outbreak. All the cases developed the symptoms after consuming food in a social gathering. Cases treated symptomatically. Community awareness and health education given by peripheral team on hygiene and sanitation. Cases were reported from Anabh Gems Diamond factory, Kapodra, Sub-District Puna, District Surat. Cases presented with loose stools and vomiting. District RRT investigated"
Gujarat,Surat,Diarrheal Disease,118,0,09-04-2025,10-04-2025,Surveillance,the outbreak. Cases treated symptomatically. Community awareness and health education given by peripheral team on hygiene and sanitation.
Goa,South Goa,Poisoning,43,0,11-04-2025,11-04-2025,Surveillance,pathogenic organism. District RRT investigated the outbreak. Cases treated symptomatically. All the cases developed the symptoms after having dinner on 08-04-2025. Community awareness and health education given by peripheral team on hygiene and sanitation.
Jharkhand,Dhanbad,Chickenpox,9,0,07-04-2025,08-04-2025,Surveillance Under,"Zoster IgM by ELISA. District RRT investigated the outbreak. Age group of the affected cases was 4-13 years. Cases treated symptomatically. Community awareness and health education given by peripheral team on hygiene and sanitation Cases were reported from Village Susni, Sub- District Sundarpahari, District Godda. Cases presented with fever with rash. 5 blood samples were collected and sent to RIMS, Ranchi. Three samples found positive for the"
Jharkhand,Godda,Measles,3,0,05-04-2025,07-04-2025,Surveillance,"Measles IgM by ELISA. District RRT investigated the outbreak. Age group of the affected cases was 3-10 years. Cases treated symptomatically. Community awareness and health education given by peripheral team on vaccination, hygiene and sanitation."
Jharkhand,Jamtara,Chickenpox Scrub,5,0,11-04-2025,11-04-2025,Surveillance Under,"positive for the Varicella Zoster IgM by ELISA. District RRT investigated the outbreak. Age group of the affected cases were 12-65 years. Community awareness and health education given by peripheral team on vaccination, hygiene and sanitation. Cases were reported from Gandhiji Private Hospital Barwadih. All the cases were from Villages Pokhari Kalan, Ukamar, Kalyanpur and barwadih City Sub-District Barwadih, District Latehar. They got admitted with complaints of fever. They were tested positive"
Jharkhand,Latehar,Typhus Food,26,0,09-04-2025,09-04-2025,Surveillance Under,"for Scrub typhus by RDT Kits and IgM by ELISA. District RRT investigated the outbreak. They were treated at Gandhiji Private Hospital. Community awareness and health education given by peripheral team on hygiene and sanitation. Cases were reported from Village Halbhavi Tanda, Sub-District Lingsugur, District Raichur. Cases presented with loose motions, abdominal pain and nausea after consumption of food from a common place. The affected age group was 21 to 30 years. Two stool samples were collected and tested at RIMS"
Kashmir,Kulgam,Hepatitis A,11,0,12-04-2025,12-04-2025,Surveillance Under,"A IgM by ELISA. One water sample found unfit for potable purpose. District RRT investigated the outbreak. Cases treated symptomatically. Age group of the affected cases were 2-17 years. Community awareness and health education given by peripheral team on hygiene and sanitation. Cases were reported from Village Nunudih, Sub-District Jharia-Cum-Jorapokhar-Cum- Sindri, District Dhanbad. Cases presented with fever with rash. 5 blood samples were collected and sent to RIMS Ranchi. 2 samples found positive for Varicella"
Kashmir,Shopian,Hepatitis A,7,0,11-03-2025,Surveillance Under,"Hepatitis A IgM by ELISA and water samples for potable purpose. District RRT investigated the outbreak. Cases treated symptomatically. Age group of the affected cases were 4-16 years. Community awareness and health education sanitation. Cases were reported from Village Babupara, Sub-District Resubelpara, District North Garo Hills. Cases presented with fever, chills, bodyache. A total of 15 blood samples tested positive for Salmonella typhi by Widal test at Resubelpara",found unfit given by peripheral team on hygiene and
Kerala,Ernakulam,Typhoid,17,0,10-04-2025,10-04-2025,Surveillance Under,"sample found unfit for potable purpose at KWA lab. District RRT investigated the outbreak. Cases were treated at ESI hospital, Pathalam and Aluva DH. Community awareness and health education given by peripheral team on hygiene and sanitation. Cases were reported from Village Chengala (CT), Sub-District Kasaragod, District Kasaragod. Cases presented with jaundice. 6 blood samples were collected and sent to IPHL Kasargod. All the samples found positive"
Kerala,Kasaragod,Hepatitis A Food,73,0,09-04-2025,10-04-2025,Surveillance Under,"Hepatitis A IgM by ELISA. District RRT investigated the outbreak. All the cases attended a social gathering on 23-03-2025. Cases treated symptomatically. Community awareness and health education given by peripheral team on hygiene and sanitation. Cases were reported from Village Panathady, Sub-District Vellarikkundu, District Kasaragod. Cases presented with loose stools, vomiting and pain abdomen. District RRT investigated the outbreak. Cases treated at"
Kerala,Kasaragod,Poisoning,225,0,09-04-2025,09-04-2025,Surveillance,District hospital. All the cases developed the symptoms after eating food in a religious gathering during 5-04-2025 to 8-04-2025. Community awareness and health education given by peripheral team on hygiene and sanitation.
Kerala,Kottayam,Hepatitis A Food,16,0,10-04-2025,10-04-2025,Surveillance Under,"MCH Kottayam. All the samples found positive Hepatitis A IgM by ELISA. District RRT investigated the outbreak. Cases treated symptomatically. Community awareness and health education given by peripheral team on hygiene and sanitation. Cases were reported from Sub-District Nilambur, District Malappuram. Cases presented with loose stools, vomiting and pain abdomen. District RRT investigated the outbreak. All the cases developed the"
Kerala,Malappuram,Poisoning Food,26,0,11-04-2025,11-04-2025,Surveillance Under,"symptoms after eating food in a marriage function on 6-04-2025. Cases treated at hospital. Community awareness and health education given by peripheral team on hygiene and sanitation. Cases were reported from Sub-District Tirurangadi, District Malappuram. Cases presented with loose stools and vomiting. District RRT investigated the outbreak. All the cases developed the"
Kerala,Malappuram,Poisoning Food,18,0,11-04-2025,11-04-2025,Surveillance Under,"symptoms after eating food in a social gathering on 30-03-2025. Cases treated at hospital. Community awareness and health education given by peripheral team on hygiene and sanitation. Cases were reported from Sub-District Pattambi, District Palakkad. Cases presented with loose stools and vomiting. District RRT investigated the outbreak. All the cases developed the"
Kerala,Palakkad,Poisoning,18,0,09-04-2025,09-04-2025,Surveillance,symptoms after eating food in a social gathering on 8-04-2025. Cases treated at hospital. Community awareness and health education given by peripheral team on hygiene and sanitation.
Karnataka,Raichur,Poisoning,19,0,09-04-2025,11-04-2025,Surveillance,"Raichur, both were negative for any entero- pathogen on Hanging drop, Culture. Total 15 water samples were sent to PHC Echnal Lab, all were found to be fit by H2S method. District RRT investigated the outbreak. Community awareness and health education given by peripheral team on control measures, hygiene and sanitation."
Meghalaya,"North Garo Hills th March, 2020. The States have been reporting the COVID-19 cases and deaths on a real-time basis and the same was being updated on the website of",Typhoid,15 COVID-19 STATUS,0,13-03-2025,Surveillance,CHC lab. District RRT investigated the outbreak. Age group of the awareness and health education given by peripheral team on hygiene and sanitation.,affected cases were 11-79 years. Community
Meghalaya,Ri Bhoi,Chickenpox,30,0,10-04-2025,11-04-2025,Surveillance,"outbreak. Thery were diagnosed clinically. Age group of the affected cases was 8-19 years. Cases treated symptomatically. Community awareness and health education given by peripheral team on vaccination, hygiene and sanitation"
Maharashtra,Amravati,Diarrheal Disease,11,0,07-04-2025,08-04-2025,Surveillance,for Vibrio cholerae and 6 Water samples found unfit for potable purpose. District RRT investigated the outbreak. Cases treated symptomatically. Community awareness and health education given by peripheral team on hygiene and sanitation.
Maharashtra,Dharashiv,Chikungunya Food,11,0,07-04-2025,08-04-2025,Surveillance Under,"Chikungunya NS1 by ELISA. District RRT investigated the outbreak. Cases treated symptomatically. Community awareness and health education given by peripheral team on vector control measures, hygiene and sanitation. Cases were reported from Village Babai, Sub- District Goregaon, District Gondia. Cases presented with loose stools, pain abdomen and vomiting. 8 stool samples and 7 water samples were collected and sent to Government Medical College Gondia. Stool samples did not show growth of any"
Maharashtra,Gondia,Poisoning,60,0,05-04-2025,07-04-2025,Surveillance Under,"pathogenic organism, one water sample found unfit for potable purpose. District RRT investigated the outbreak. All the cases developed the symptoms after having food in a social gathering. Cases treated symptomatically. Community awareness and health education given by peripheral team on hygiene and sanitation Cases were reported from James Memorial Higher Secondary School, Umbir, Umiam Village Byndihati, Sub-District Umsning, District Ri Bhoi. Cases presented with fever with rash. District RRT investigated the"
Pradesh Madhya,Niwari,Chickenpox Acute,5,0,13-04-2025,13-04-2025,Surveillance Under,"outbreak. Cases treated symptomatically. Age group of the affected cases were 12-28 years. Community awareness and health education given by peripheral team on hygiene and sanitation. Cases were reported from Namli, Sub-District Ratlam, District Ratlam. Cases presented with vomiting and loose stools. water samples were collected and sent to PHE Department, Ratlam. Water sample"
Pradesh,Ratlam,Diarrheal Disease Acute,15,0,12-04-2025,13-04-2025,Surveillance Under,"found unfit for potable purpose (Coliform detected). District RRT investigated the outbreak. Cases treated symptomatically. Community awareness and health education given by peripheral team on hygiene and sanitation. Cases were reported from Village Masod, Sub- District Chandurbazar, District Amravati. Cases presented with loose stools, vomiting and abdominal pain. 2 stool samples and 134 water samples were collected and sent to DPHL Amravati. Stool samples found negative"
Odisha,Ganjam,Measles Acute,14,0,06-04-2025,07-04-2025,Surveillance Under,"ELISA. District RRT investigated the outbreak. Age group of the affected cases was 5-44 years. Cases treated symptomatically. Community awareness and health education given by peripheral team on vaccination, hygiene and sanitation Cases were reported from Nilamadhaba niwas,ward no-13, BMC ,BBSR, Niladrivihar UPHC, Sub-District Bhubaneswar (M.Corp.), District Khordha. Cases presented with loose stools and vomiting. 2 rectal swabs and 8 water samples were collected and sent to DPHL"
Odisha,Khordha,Diarrheal Disease Acute,142,0,12-04-2025,13-04-2025,Surveillance Under,"Khorda. Rectal swab did not show growth of any pathogenic organism while two water samples found unfit for potable purpose. District RRT investigated the outbreak. Cases treated symptomatically. Community awareness and health education given by peripheral team on hygiene and sanitation. Cases were reported from EMRS Gangyap school, Village Gangyap, Sub-District Yuksom, District Gyalshing. Cases presented with loose stools. District"
Sikkim,Gyalshing,Diarrheal Disease,7,0,09-04-2025,09-04-2025,Surveillance,RRT investigated the outbreak. Cases treated symptomatically. Community awareness and health education given by peripheral team on hygiene and sanitation.
Tamil Nadu,Erode,Mumps Acute,13,0,12-04-2025,12-04-2025,Surveillance Under,"Guindy. Blood samples came positive for Mumps IgM by ELISA and 1 throat swab found positive for Mumps by RT-PCR. District RRT investigated the outbreak. Cases treated symptomatically. Community awareness and health education given by peripheral team on hygiene and sanitation. Cases were reported from Villages Pallavarayanpathai East, West, puthupatti North, south, thombarampatti, Athiyadipatti, Dhuvar, Melavandanviduthy, Athangaraividuthy Block Karambakudi, Gandarvakkottai, District Pudukkottai. Cases presented with fever and loose stools. 3 stool"
Tamil Nadu,Pudukkottai,Diarrheal Disease,93,0,08-04-2025,08-04-2025,Surveillance Under,"samples were collected and sent to Pudukkottai Medical College. Stool samples did not show growth of any pathogenic organism. District RRT investigated the outbreak. Cases treated symptomatically. Community awareness and health education given by peripheral team on hygiene and sanitation. Cases were reported from Village Nagapppanpatti, Sub-District Thiruppathur, District Sivaganga. Cases presented with jaundice. 4 blood samples were collected and sent to DPHL, Sembanur. All the samples"
Tamil Nadu,Sivaganga,Hepatitis A,10,0,11-04-2025,12-04-2025,Surveillance,found positive for Hepatitis A IgM by ELISA. District RRT investigated the outbreak. Cases treated symptomatically. Community awareness and health education given by peripheral team on hygiene and sanitation.
Tamil Nadu,Tenkasi,E Acute,8,0,09-04-2025,12-04-2025,Surveillance Under,"positive for Hepatitis E IgM and one for both Hepatitis A & E by ELISA. District RRT investigated the outbreak. Cases treated symptomatically. Community awareness and health education given by peripheral team on hygiene and sanitation. Cases were reported from Villages Karambayam - Muthumariyammam Kovil Thiruvila, Block Pattukottai District Thanjavur. Cases presented with loose stools. 10 serum samples, 6 stool samples and 10 water samples were collected and sent to TMCH and DPHL Thanjavur. Stool samples"
Tamil Nadu Uttar,Thanjavur Gautam Buddha,Diarrheal Disease Acute,99,0,08-04-2025,09-04-2025,Surveillance Under,"did not show growth of any pathogenic organism. 5 water samples found unfit for potable purpose (Coliforms detected). District RRT investigated the outbreak. Cases treated symptomatically. Community awareness and health education given by peripheral team on hygiene and sanitation. Cases were reported from Ajnara society, Greater Noida West, CHC Bisrakh, District Gautam Buddha Nagar. Cases presented with vomiting and loose stools. 5 water samples were collected and sent"
Uttarakhand Name of State-UT Andhra,Dehradun OUTBREAKS OF PREVIOUS WEEKS REPORTED LATE Name of District,Hepatitis A Disease- Illness Hepatitis,8 No. of Cases,0 No. of Deaths,05-04-2025 Date of Start Outbreak,08-04-2025 Current Status Under,"Surveillance Comments- Action Taken Cases were reported during the Hepatitis B and Hepatitis C screening District Konaseema. During the period from 25-03-2025 to 09-04-2025 out of 2400 screened person, 220 cases found","ELISA. District RRT investigated the outbreak. Age group of the affected cases were 5-20 years. Cases treated symptomatically. Community awareness and health education given by peripheral team on hygiene and sanitation. in Pallam Village, under Katrenikona PHC,"
Pradesh,Nagar,Diarrheal Disease,100,0,08-04-2025,11-04-2025,Surveillance,to Ghaziabad IDSP lab. All the samples found fit for potable purpose. District RRT investigated the outbreak. Cases treated symptomatically. Community awareness and health education given by peripheral team on hygiene and sanitation.
Pradesh,Kakinada,Diarrheal Disease,22,0,15-04-2025,15-04-2025,Surveillance Under,"RRT investigated the outbreak. Cases treated symptomatically. Community awareness and health education given by peripheral team on control measures, hygiene and sanitation. Cases reported from Uttar Ghahigaon, Helem SHC, Gohpur BPHC, Biswanath. A 19 year old male presented with fever, rash, restlessness, seizure, altered sensorium and hypoglycemia. One serum sample was collected & sent to VRDL TMCH, whch was negative for Measles & Dengue IgM by"
Pradesh,"Tirupati th March, 2020. The States have been reporting the COVID-19 cases and deaths on a real-time basis and the same was being updated on the website of",Poisoning,23 COVID-19 STATUS,0,04-04-2025,Control,"of food from a common place. District RRT investigated the outbreak. awareness and health education given by peripheral team on control measures, hygiene and sanitation.",Cases treated symptomatically. Community
Assam,Biswanath,Chickenpox,1,1,15-04-2025,17-04-2025,Surveillance,"ELISA. The child was fully immunized. Case was diagnosed clinically as Suspected Chickenpox. District RRT investigated the outbreak. Community awareness and health education given by peripheral team on control measures, hygiene and sanitation. Death of the 19 year old male occurred due to Suspected Chickenpox (Herpes encephalitis with repeated seizure) on 22/04/2025."
Assam,Dhemaji,Poisoning Fever with,16,0,19-04-2025,20-04-2025,Surveillance Under,"DPHL, Dhemaji for MPN test, which was found to be unsatisfactory for drinking. Food samples were collected by Food Safety Officer (FSO) and sent for testing. District RRT investigated the outbreak. Community awareness and health education given by peripheral team on control measures, hygiene and sanitation. Cases were reported from Sub-District Gopalganj, District Gopalganj. Cases presented with fever with rash. Age group of the affected cases were 5-45 years. Five blood samples were collected and sent to AIIMS"
Bihar,Gopalganj,Rash Acute,5,0,19-04-2025,19-04-2025,Surveillance Under,"Patna, all were negative for Measles IgM by ELISA. District RRT investigated the outbreak. Cases treated symptomatically. Community awareness and health education given by peripheral team on hygiene and sanitation. Cases were reported from Village Basuari, Musahari Tola under PHC Ghoghardiha District Madhubani. Cases presented with loose motion and vomiting. Age group of the"
Bihar,Madhubani,Diarrheal Disease,21,0,12-04-2025,15-04-2025,Surveillance,affected cases were 1-27 years. District RRT investigated the outbreak. Cases treated symptomatically. Community awareness and health education given by peripheral team on control hygiene and sanitation.
Bihar,Patna,Chickenpox,8,1,15-04-2025,16-04-2025,Surveillance Under,"Varicella Zoster IgM by ELISA. District RRT investigated the outbreak. Cases treated symptomatically. Community awareness and health education given by peripheral team on hygiene and sanitation. A 5 year old male expired on 11-04-2025 at IDH Patna due to the illness. Cases were reported from Village Ismail, APHC Harauli, Sub-District Hajipur, District Vaishali. Cases presented with fever with rash. Age group of the affected cases were 2-20 years. Four blood samples were collected and"
Bihar,Vaishali,Chickenpox Food,9,0,19-04-2025,19-04-2025,Surveillance Under,"sent to PMCH, Patna, out of which one was positive for Varicella Zoster IgM by ELISA. District RRT investigated the outbreak. Cases treated symptomatically. Community awareness and health education given by peripheral team on hygiene and sanitation. Cases were reported from Chiranga Village SHC Khalpodi PHC Lundra, Sub-District: Lundra, District: Surguja. Cases presented with vomiting and diarrhea after attending a religious gathering. Five stool samples were sent to GMC Ambikapur, all were negative for"
Chhattisgarh,Surguja,Poisoning,12,0,15-04-2025,15-04-2025,Surveillance,"any entero-pathogen on culture. One water sample was sent to GMC Ambikapur, whiuch showed presence of E.coli. District RRT investigated the outbreak. Community awareness and health education given by peripheral team on control measures, hygiene and sanitation."
Gujarat,Narmada,Measles Acute,17,0,16-04-2025,16-04-2025,Surveillance Under,"were taken and sent for testing, out of which 2 were positive for Measles IgM by ELISA. All other cases were epidemiologically linked cases. District RRT investigated the outbreak. Community awareness and health education given by peripheral team on control measures, hygiene and sanitation. Cases were reported from Ramnatapara UPHC, Sub-District: Rajkot South, District: Rajkot. Cases presented with stomach pain, diarrhea, and vomiting after consumption of"
Gujarat,Rajkot,Diarrheal Disease,13,0,18-04-2025,19-04-2025,Control Under,"food from a common place on 17-04-2025. The affected age group was 4-21 years. District RRT investigated the outbreak. Community awareness and health education given by peripheral team on control measures, hygiene and sanitation. Cases were reported from PHC Thol, Village: Basantpur, Sub-District: Ismailabad ST, District: Kurukshetra. Cases presented with fever, jaundice & yellow discoloration of eyes. The most affected age group was 15-44 years. Total 18 blood samples were collected and sent to DPHL, out of which 8 were positive for"
Haryana,Kurukshetra,Hepatitis A,18,0,16-04-2025,16-04-2025,Surveillance,"Hepatitis A IgM by ELISA. All other cases were epidemiologically linked cases. Two water samples were collected & sent to bacteriological water lab LNJP Kurukshetra. District RRT investigated the outbreak. Community awareness and health education given by peripheral team on control measures, hygiene and sanitation."
Haryana Jammu and,Nuh,Chickenpox,28,0,17-04-2025,17-04-2025,Surveillance Under,"years. All cases were diagnosed clinically. All children were given Vitamin A dose. District RRT investigated the outbreak. Community awareness and health education given by peripheral team on control measures, hygiene and sanitation. Cases reported from Village Pehlipora, District Baramulla. Cases presented with complaints of fever, fatigue and yellow discoloration of eyes. The affected age group was 3 to 30 years. A total of 26 blood samples were collected and sent to DPHL Baramulla for serology of HAV and HEV. Out of 26, 12 blood samples were"
Jharkhand,Giridih,Chickenpox Fever with,9,0,15-04-2025,16-04-2025,Surveillance Under,"and sent to RIMS Ranchi, out of which 9 were positive for Varicella Zoster IgM by ELISA. District RRT investigated the outbreak. Cases treated symptomatically. Community awareness and health education given by peripheral team on hygiene and sanitation. Cases were reported from Village Bhusar, Sub- District Kisko, District Lohardaga. Cases presented with fever with rash. Age group of the affected cases were 6-52 years. Five blood samples were collected and sent to RIMS"
Jharkhand,Lohardaga,Rash,9,0,19-04-2025,19-04-2025,Surveillance Under,"Ranchi, all were negative for Measles and Rubella IgM by ELISA. District RRT investigated the outbreak. Cases treated symptomatically. Community awareness and health education given by peripheral team on hygiene and sanitation. Cases were reported from Parsa Pahad, Sub- center Khairwa, Sub-District Mandro, District Sahebganj. Cases presented with fever. Total 64 blood samples were positive for malaria by"
Jharkhand,Sahebganj,Malaria,64,0,14-04-2025,15-04-2025,Surveillance,"RDT kits. District RRT investigated the outbreak. Cases treated symptomatically. Community awareness and health education given by peripheral team on vector control measures, hygiene and sanitation."
Jharkhand,Simdega,Chickenpox,6,0,19-04-2025,19-04-2025,Surveillance Under,"sent to RIMS Ranchi, out of which 6 were positive for Varicella Zoster IgM by ELISA. District RRT investigated the outbreak. Cases treated symptomatically. Community awareness and health education given by peripheral team on hygiene and sanitation. Cases were reported from FHC Kakkanad, District: Ernakulam. Cases presented with symptoms of fever, abdominal distension, loose stools and vomiting after consumption of food from a common place. Four stools samples were tested at Govt. Medical College"
Kashmir Jammu and,Baramulla,Hepatitis A,26,0,18-04-2025,19-04-2025,Surveillance Under,"positive for Hepatitis A. four water samples were collected and sent to DPHL Baramulla, which were found to be satisfactory on MPN count. District RRT investigated the outbreak. Community awareness and health education given by peripheral team regarding the spread of disease, control measures, hygiene and sanitation. Cases reported from Village Kurigam, Block Qazigund, District Kulgam. Cases presented with complaints of fever, body aches, loss of appetite. The affected age group was 4-70 years. A total of 47 blood samples were collected & tested at PHC Qazigund. Out of these samples, 8 were found to be positive for Salmonella typhi. Additionally, two water"
Kashmir,Kulgam,Typhoid,47,0,16-04-2025,16-04-2025,Surveillance,"samples were collected and sent to DPHL GMC Anantnag, both were found to be unfit for human consumption. District RRT investigated the outbreak. Community awareness and health education given by peripheral team regarding the spread of disease, control measures, hygiene and sanitation."
Kerala,Ernakulam,Typhoid Food,12,0,18-04-2025,18-04-2025,Surveillance Under,"Ernakulum, all were positive for Salmonella typhi. One water sample was tested, which was found to be positive for E.coli. Super chlorination was conducted for the water sources. District RRT investigated the outbreak. Community awareness and health education given by peripheral team on control measures, hygiene and sanitation. Cases were reported from CHC Nedumpana, Village: Nedumpana, Sub-District: Kollam, District: Kollam. Cases presented with diarrhea, fever, and weakness following a"
Kerala,Kollam,Poisoning,67,0,18-04-2025,18-04-2025,Surveillance,"funeral event held on 15th April 2025. District RRT investigated the outbreak. Community awareness and health education given by peripheral team on control measures, hygiene and sanitation."
Kerala,Palakkad,Hepatitis A Food,31,0,18-04-2025,19-04-2025,Surveillance Under,"serum samples were sent to IPHL, all were negative for Hepatitis A. District RRT investigated the outbreak. Community awareness and health education given by peripheral team on control measures, hygiene and sanitation. Cases were reported from CHC Ranni Perunad, District: Pathanamthitta. Cases presented with loose stools after consumption"
Kerala,Pathanamthitta Thiruvananthap,Poisoning Food,10,0,12-04-2025,16-04-2025,Surveillance Under,"of food from a common kitchen. District RRT investigated the outbreak. Community awareness and health education given by peripheral team on control measures, hygiene and sanitation. Cases were reported from UPHC Kalipamkulam, CHC Poonthura, Village: Manacadu, Sub-District: Thiruvananthapuram, District: Thiruvananthapuram. Cases presented with diarrhea, vomiting, and abdominal discomfort following food intake from a"
Kerala,uram,Poisoning,70,0,19-04-2025,19-04-2025,Surveillance,"common kitchen on the night of 18.04.2025. Two stool samples were sent to Jubilee Mission Hospital, TVM, all were negative for any entero-pathogen. District RRT investigated the outbreak. Community awareness and health education given by peripheral team on control measures, hygiene and sanitation."
Kerala Madhya,Thrissur,Hepatitis A Acute,29,0,10-04-2025,16-04-2025,Surveillance Under,"ELISA. Five water samples were collected for microbiological and chemical analysis to assess water quality and detect possible contamination. District RRT investigated the outbreak. Community awareness and health education given by peripheral team on control measures, hygiene and sanitation. Cases reported from DH Bhopal, J.P Bhopal, District Bhopal. Cases presented with vomiting, diarrhea & stomach pain after consumption of food from a common kitchen. The affected age group was 17-22 years. One"
Meghalaya,East Khasi Hills,Chickenpox Food,64,0,15-04-2025,15-04-2025,Surveillance Under,"All cases were diagnosed clinically. District RRT investigated the outbreak. Community awareness and health education given by peripheral team on control measures, hygiene and sanitation. Cases reported from Barapada CHC, Ranital PHC, Village: Jodagadia, Sub-District: Bhadrak Rural, District: Bhadrak. Cases presented with symptoms of abdominal cramps and vomiting after attending a religious gathering. The most affected age group was 5- 14 years. Five rectal swabs and two water"
Maharashtra,Dharashiv Mumbai,Poisoning Acute,122,0,17-04-2025,17-04-2025,Surveillance Under,"collected and sent to Solapur lab, all were negative for any entero-pathogen. Four water samples were sent for testing. Food samples were collected by FDA. District RRT investigated the outbreak. Community awareness and health education given by peripheral team on control measures, hygiene and sanitation. Cases were reported from Krantiveer Mahatma Jyotiba Phule Hospital, Tagore Nagar, Vikhroli. Cases presented with loose motions. All age groups were affected. One water sample was collected and sent to BMC Municipal Analyst Lab, Dadar, which was"
Maharashtra,Suburban,Diarrheal Disease,17,0,15-04-2025,17-04-2025,Control,"found to be safe for consumption. District RRT investigated the outbreak. Community awareness and health education given by peripheral team on control measures, hygiene and sanitation. Probable source of outbreak might be leakage in the water supply pipe line."
Maharashtra,Nanded,Poisoning,52,0,17-04-2025,18-04-2025,Surveillance Under,"years. Food samples were collected by FDI for testing. Two vomitus samples were collected and sent to GMC Nanded for testing. District RRT investigated the outbreak. Community awareness and health education given by peripheral team on control measures, hygiene and sanitation. Cases were reported from Nongryngkoh Village under Jatah PHC, Mawkynrew Block. Cases presented with fever and maculopapular rashes. The affected age group was 1-28 years."
Pradesh Madhya,Bhopal,Diarrheal Disease,40,0,14-04-2025,14-04-2025,Surveillance Under,"water sample was sent to JP District Hospital, which was found to be unsatisfactory. Six food samples were collected and sent to food department. District RRT investigated the outbreak. Community awareness and health education given by peripheral team on control measures, hygiene and sanitation. Cases reported from Village Mahua, PHC Sonagir Sub-District: Datia, District: Datia. Cases presented with fever, rashes, body pain. The affected age group was 6-80 years. Ten blood, throat swab and blister swab samples"
Pradesh,Datia,Chickenpox,10,0,16-04-2025,16-04-2025,Surveillance,"were sent to ICMR Jabalpur & MC Datia, out of which 3 were positive for Chickenpox IgM by ELISA. District RRT investigated the outbreak. Community awareness and health education given by peripheral team on control measures, hygiene and sanitation."
Pradesh Madhya,Mandsaur,Poisoning,650,0,19-04-2025,19-04-2025,Surveillance Under,"affected age group was 30-45 years. District RRT investigated the outbreak. Community awareness and health education given by peripheral team on control measures, hygiene and sanitation. Cases reported from Village Jouha, PHC Jouha, CHC Khadiyahar, Block Khadiyahar. Cases presented with fever with rash. The affected age group was 5 to 10 years. Seven blood serum samples were collected & sent to"
Pradesh Madhya,Morena,Measles Food,7,0,17-04-2025,17-04-2025,Surveillance Under,"AIIMS Bhopal & GMC Bhopal, out of which 3 were positive for Measles IgM by ELISA. All other cases were epidemiologically linked cases. District RRT investigated the outbreak. Community awareness and health education given by peripheral team on control measures, hygiene and sanitation. Cases reported from Village Piplyakala PHC Somwariya, Block Khilchipur, District Rajgarh. Cases presented with vomiting, loose watery stool after consumption of food from ma common place. The affected age group was"
Pradesh,Rajgarh,Poisoning,5,0,19-04-2025,19-04-2025,Surveillance,"10-15 years. Five stool samples were collected and sent to DPHL Bhopal, all were negative for any entero-pathogen on culture. District RRT investigated the outbreak. Community awareness and health education given by peripheral team on control measures, hygiene and sanitation."
Pradesh,Seoni,Chickenpox Food,13,0,16-04-2025,17-04-2025,Surveillance Under,"cases were diagnosed clinically. District RRT investigated the outbreak. Community awareness and health education given by peripheral team on control measures, hygiene and sanitation. Cases reported from Village Karali, SC Talmod, PHC Mulaj, Tq. Omerga. Cases presented with nausea, vomiting & loose motion with headache and fever after attending a religious gathering. The affected age group was 5 to 70 years. Three serum samples were"
Odisha,Bhadrak,Poisoning,51,0,17-04-2025,17-04-2025,Surveillance,"samples were collected & sent to DPHL Bhadrak. Water sample were negative for H2S, OT level < 0.01 PPM. No entero-pathogenic organism was found in rectal swabs. District RRT investigated the outbreak. Community awareness and health education given by peripheral team on control measures, hygiene and sanitation."
Tamil Nadu,Theni,Hepatitis A Food,10,0,17-04-2025,19-04-2025,Surveillance Under,"to GTMCH, Theni, all were positive for Hepatitis A IgM by ELISA. District RRT investigated the outbreak. Community awareness and health education given by peripheral team on control measures, hygiene and sanitation. Cases were reported from Village: Cauvery Nagar, Sub-District: Tiruchirappalli West, District: Tiruchirappalli. Cases presented with diarrhea after attending a religious gathering. All age groups were affected. Six stool & water samples were sent to Regional Water"
Tamil Nadu,Tiruchirappalli,Poisoning,129,0,19-04-2025,19-04-2025,Surveillance Under,"Lab & KAPV Medical College Trichy, all were negative for any entero-pathogen on culture. District RRT investigated the outbreak. Community awareness and health education given by peripheral team on control measures, hygiene and sanitation. Cases were reported from Panchkolguri RH, SC Madhya Patkapara, Village: Dakshin Patkapara, Sub-District: Alipurduar-I, District: Alipurduar. Cases presented with fever with rash. The affected age group was 7-43 years. Ten serum samples were sent to NBMCH, out"
West Bengal,Alipurduar,Chickenpox,12,0,18-04-2025,18-04-2025,Surveillance,"of which 4 were positive for Chickenpox IgM by ELISA. All other cases were diagnosed clinically. District RRT investigated the outbreak. Community awareness and health education given by peripheral team on control measures, hygiene and sanitation."
West Bengal Name of State-UT Andhra,Purulia OUTBREAKS OF PREVIOUS WEEKS REPORTED LATE Name of District,Diarrheal Disease Disease- Illness Food,11 No. of Cases,0 No. of Deaths,19-04-2025 Date of Start Outbreak,19-04-2025 Current Status Under,"Surveillance Comments- Action Taken Cases were reported from Village Guduru (West) (OG), Sub-District Gudur, District Tirupati. Cases presented with pain abdomen, vomiting and loose motion after consumption","negative for any entero-pathogenic organism on culture. Three water samples were sent for testing, out of which 1 was found to be contaminated by H2S test. District RRT investigated the outbreak. Community awareness and health education given by peripheral team on vector control measures, hygiene and sanitation."
Andaman & Nicobar Islands,North And Middle Andaman,Acute Diarrheal Disease,71,0,23-04-2025,23-04-2025,Under Surveillance,"Cases were reported from Villages Ramakrishnagram (RV), V.S. Pally, Naveen Nagar and Sita Nagar Sub-District Diglipur, District North and Middle Andaman. Cases presented with loose stools, pain abdomen and vomiting. 3 stool samples and 2 water samples were collected and sent to ICMR/RMRC Lab, Sri Vijaypuram and G.B. Pant Hospital, Sri Vijaypuram respectively. Stool samples did not show growth of any pathogenic organism and 1 Water sample found unfit for potable purpose (Coliforms detected). District RRT investigated the outbreak. Age group of the affected cases were 10-40 years. Cases treated symptomatically. Community awareness and health education given by peripheral team on hygiene and sanitation. Cases were reported from Village Chebrolu,"
Andhra Pradesh,Kakinada,Acute Diarrheal Disease,47,0,23-04-2025,24-04-2025,Under Surveillance,"Sub-District Gollaprolu, District Kakinada. Cases presented with loose motion, vomiting and weakness. District RRT investigated the outbreak. Cases treated symptomatically. Community awareness and health education given by peripheral team on hygiene and sanitation. Cases were reported from JNV School"
Assam,Darrang,Chickenpox,6,0,18-04-2025,22-04-2025,Under Surveillance,"Udmari, Sub-District Mangaldoi (Pt), District Darrang. Cases presented with fever with maculo-papular rash. One blood sample was collected and sent to IPHL Darrang. It came positive for the Varicella Zoster IgM by ELISA. District RRT investigated the outbreak. Age group of the affected cases was 6-30 years. Cases treated symptomatically. Community awareness and health education given by peripheral team on hygiene and sanitation."
Assam,Kokrajhar,Malaria,30,2,23-04-2025,24-04-2025,Under Surveillance,"village under Saraibil PHC, Sub-District Gossaigaon (Pt), District Kokrajhar. Cases presented with fever and headache. Total 30 blood samples found positive for malaria (Plasmodium vivax) by RDT kits at Kachugaon CHC and sarabil PHC. District RRT investigated the outbreak. Cases treated symptomatically. Age group of the affected cases were 3-70 years Community awareness and health education given by peripheral team on vector control measures, hygiene and sanitation. Two cases, 19-year- old male and 15-year-old male expired on 21-04-2025 and 22-04-2025 respectively at hospital with Multi Organ Dysfunctional Syndrome (MODS)."
Assam,Lakhimpur,Hepatitis A,14,1,22-04-2025,22-04-2025,Under Surveillance,"Simoluguri and Baghmora, Sub-District Kadam, District Lakhimpur. Cases presented with jaundice, fever, pain abdomen and fatigue. Total 15 blood samples and 4 water samples were collected and sent to DPHL Lakhimpur. 6 blood samples came positive for Hepatitis A IgM by ELISA. Water samples found unfit for potable purpose. District RRT investigated the outbreak. Cases treated symptomatically. Community awareness and health education given by peripheral team on hygiene and sanitation. A 17-year-old female expired on 22-04-2025 due to Acute Viral hepatitis with Hepatic Encephalopathy. Cases were reported from Village Dhara,"
Chhattisgarh,Bemetara,Acute Diarrheal Disease,67,0,23-04-2025,24-04-2025,Under Surveillance,"Sub-District Bemetara, District Bemetara. Cases presented with vomiting and loose stools. District RRT investigated the outbreak. Community awareness and health education given by peripheral team on hygiene and sanitation. Cases were reported from Sub-District"
Chhattisgarh,Bilaspur,Food Poisoning,71,0,24-04-2025,25-04-2025,Under Surveillance,"Takhatpur, District Bilaspur. Cases presented with loose stools and vomiting. 6 Stool samples were collected and sent to CIMS Bilaspur. Stool samples did not show growth of any pathogenic organism. District RRT investigated the outbreak. All the cases developed the symptoms after consuming food in a marriage function. Cases treated symptomatically. Community awareness and health education given by peripheral team on hygiene and sanitation."
Gujarat,Arvalli,Suspected Food poisoning,9,0,24-04-2025,24-04-2025,Under Surveillance,"Sub-District Meghraj, District Arvalli. Cases presented with loose stools and vomiting. 1 Stool sample was collected and sent to GMERS Himmatnagar. Stool sample did not show growth of any pathogenic organism. District RRT investigated the outbreak. All the cases developed the symptoms after consuming food in a social gathering. Cases treated symptomatically. Community awareness and health education given by peripheral team on hygiene and sanitation. Cases were reported from Village Dasaura,"
Haryana,Yamunanagar,Hepatitis A,40,0,21-04-2025,21-04-2025,Under Surveillance,"Sub-District Chhachhrauli, District Yamunanagar. Cases presented with Fever, vomiting, abdomen pain, jaundice and fatigue. 28 blood samples were collected and sent to DPHL Yamunanagar. 20 samples found positive for Hepatitis A IgM by ELISA. District RRT investigated the outbreak. Cases treated symptomatically. Community awareness and health education given by peripheral team on hygiene and sanitation. Cases were reported from Village Nawadih,"
Jharkhand,Bokaro,Acute Diarrheal Disease,19,0,24-04-2025,24-04-2025,Under Surveillance,"Sub-District Chas, District Bokaro. Cases presented with loose motion and vomiting. District RRT investigated the outbreak. Community awareness and health education given by peripheral team on hygiene and sanitation. Cases were reported from Village Ranga,"
Jharkhand,Dumka,Chickenpox,9,0,22-04-2025,23-04-2025,Under Surveillance,"Sub-District Masalia, District Dumka. Cases presented with fever with rash. 7 blood samples were collected and sent to RIMS, Ranchi. 5 samples found positive for the Varicella Zoster IgM by ELISA. District RRT investigated the outbreak. Age group of the affected cases was 2-13 years. Cases treated symptomatically. Community awareness and health education given by peripheral team on hygiene and sanitation."
Jharkhand,Godda,Chickenpox,6,0,24-04-2025,25-04-2025,Under Surveillance,"kodibahiyar, Sub-District Godda, District Godda. Cases presented with fever with rash. 6 blood samples were collected and sent to RIMS, Ranchi. All the samples found positive for the Varicella Zoster IgM by ELISA. District RRT investigated the outbreak. Age group of the affected cases was 5-10 years. Cases treated symptomatically. Community awareness and health education given by peripheral team on hygiene and sanitation. Cases were reported from Sub-District Sisai,"
Jharkhand,Gumla,Chickenpox,7,0,23-04-2025,24-04-2025,Under Surveillance,"District Gumla. Cases presented with fever with rash. 10 blood samples were collected and sent to RIMS, Ranchi. 7 samples found positive for the Varicella Zoster IgM by ELISA. District RRT investigated the outbreak. Age group of the affected cases was 14-32 years. Cases treated symptomatically. Community awareness and health education given by peripheral team on hygiene and sanitation. Cases were reported from Village Jamu,"
Jharkhand,Koderma,Chickenpox,6,0,25-04-2025,25-04-2025,Under Surveillance,"Sub-District Markacho, District Koderma. Cases presented with fever with rash. 8 blood samples were collected and sent to RIMS, Ranchi. 6 samples found positive for the Varicella Zoster IgM by ELISA. District RRT investigated the outbreak. Age group of the affected cases was 4-35 years. Cases treated symptomatically. Community awareness and health education given by peripheral team on hygiene and sanitation."
Jharkhand,Lohardaga,Fever with Rash,15,0,21-04-2025,22-04-2025,Under Surveillance,"District Lohardaga, District Lohardaga. Cases presented with fever with rash. 5 blood samples were collected and sent to RIMS, Ranchi. All the samples found negative for the Rubella and Measles. District RRT investigated the outbreak. Age group of the affected cases was 4-40 years. Cases treated symptomatically. Community awareness and health education given by peripheral team on hygiene and sanitation. Cases were reported from Village"
Uttar Pradesh,"Basti th March, 2020. The States have been reporting the COVID-19 cases and deaths on a real-time basis and the same was being updated on the website of",Food Poisoning,,20 COVID-19 STATUS,1 14-04-2025,Under Surveillance,"District Basti. Cases presented with loose stools, vomiting and pain abdomen. District RRT investigated the outbreak. All the cases developed the symptoms after consuming food marriage function. Cases treated symptomatically. A 75 years female died on 20-04-2025 at BRD Medical College Gorakhpur and 40 years female died on 21-04-2025 at KGMU Lucknow. Community peripheral team on hygiene and sanitation.",in a awareness and health education given by
Karnataka,Chitradurga,Suspected Food Poisoning,94,0,24-04-2025,24-04-2025,Under Surveillance,"Reddihalli, Sub-District Challakere, District Chitradurga. Cases presented with loose stools, vomiting and pain abdomen after attending a religious gathering on 22.05.2025. Total 16 stool and 1 water sample were collected & sent to VIMS Bellary. All stool samples were negative for Cholera or any entero-pathogen on culture & microscopy. Water sample was found to be fit for drinking purpose. District RRT investigated the outbreak. Community awareness and health education given by peripheral team on control measures, hygiene and sanitation. Cases were reported from Village Hulgoal,"
Karnataka,Kalaburagi,Suspected Food Poisoning,17,0,21-04-2025,21-04-2025,Under Surveillance,"Sub-District Sedam, District Kalaburagi. Cases presented with fever, vomiting and loose stools after consumption of food from a common place. The affected age group was 1-35 years. A total of 7 water samples were collected & sent for testing, all were found to be potable by H2S method and MPN method. Three stool samples were collected and sent to DPHL, all were negative for any entero-pathogen on culture. District RRT investigated the outbreak. Community awareness and health education given by peripheral team on control measures, hygiene and sanitation."
Karnataka,Shivamogga,Suspected Food Poisoning,31,0,21-04-2025,21-04-2025,Under Surveillance,"District: Shivamogga, District: Shivamogga. Health Facility: Kumsi. Cases presented with vomiting, diarrhea, stomach pain, fever, and headache following consumption of food in a religious ceremony on the night of 19-04-25. Three stool samples were collected & sent for testing, all were negative for any entero-pathogen on culture. District RRT investigated the outbreak. Community awareness and health education given by peripheral team on control measures, hygiene and sanitation. Cases were reported from Sub-District"
Kerala,Ernakulam,Hepatitis A,14,0,17-04-2025,22-04-2025,Under Surveillance,"Kanayannur, District Ernakulam. Cases presented with jaundice. 5 blood samples and 5 water samples were collected and sent to RPH Lab Ernakulam. All the blood samples found positive for Hepatitis A IgM by ELISA and one water samples found unfit for potable purpose (E.Coli detected). District RRT investigated the outbreak. Cases treated symptomatically. Community awareness and health education given by peripheral team on hygiene and sanitation. Cases were reported from Village"
Kerala,Idukki,Hepatitis A,15,0,21-04-2025,22-04-2025,Under Surveillance,"Thodupuzha, Sub-District Thodupuzha, District Idukki. Cases presented with fever, vomiting and abdominal pain. 12 blood samples and water sample were collected and sent to a pvt. lab. All the blood samples found positive for Hepatitis A IgM by ELISA and water samples found unfit for potable purpose (Coliform detected). District RRT investigated the outbreak. Cases treated symptomatically. Community awareness and health education given by peripheral team on hygiene and sanitation."
Kerala,Kollam,Mpox,1,0,24-04-2025,26-04-2025,Under Surveillance,"Mynagappally, Sub-District Kollam, District Kollam. A 45-year-old male presented with complaints of rash, fever and throat pain. Recently he returned to India from Saudi Arabia on 17-04-2025. He was tested positive for Mpox from VRDL TVM MCH and NIV Pune by RT-PCR. District RRT investigated the outbreak. He was treated at Trivandrum Medical College Hospital. Community awareness and health education given by peripheral team on hygiene and sanitation. Cases were reported from Little Flower"
Kerala,Kottayam,Acute Diarrheal Disease,13,0,19-04-2025,21-04-2025,Under Surveillance,"Brilliant Hostel situated in Ward 5 of Mutholy Gramapanchayath, Sub-District Meenachil, District Kottayam. Cases presented with pain abdomen, loose stools and vomiting. 2 water samples were collected and sent to KWA, Pala. Both samples found unfit (Coliforms detected) for potable purpose. District RRT investigated the outbreak. Cases treated symptomatically. Community awareness and health education given by peripheral team on hygiene and sanitation. Cases were reported from Village"
Meghalaya,Ri Bhoi,Human Rabies,1,1,21-04-2025,24-04-2025,Under Control,"Killing Sub-Centre, Umling Block, Ri-Bhoi District. A 52-year-old female presented with complaints of hydrophobia and weakness in the affected limbs. District RRT investigated the outbreak. History of dog bite th on 19 February, 2025 by her own pet dog. She did not receive ARV. She expired on 23- 04-2025. Community awareness and health education given by peripheral team on vaccination for dog bite, hygiene and sanitation. Cases were reported from Village Jararpur,"
Maharashtra,Bhandara,Food Poisoning,28,0,21-04-2025,21-04-2025,Under Surveillance,"Indiranagar Kesalwada, Sub-District Lakhani, District Bhandara. Cases presented with loose stools, pain abdomen, nausea and vomiting. 8 Stool samples and 2 water samples were collected and sent to HLL lab Bhandara and DPHL Bhandara. Stool samples did not show growth of any pathogenic organism. District RRT investigated the outbreak. All the cases developed the symptoms after consuming food in a marriage function on 20-04-2025. Cases treated symptomatically. Community awareness and health education given by peripheral team on hygiene and sanitation."
Odisha,Anugul,Acute Diarrheal Disease,19,0,21-04-2025,21-04-2025,Under Surveillance,"Sub-District Bantala, District Anugul. Cases presented with loose stools, abdominal cramps and vomiting. 4 rectal swabs and 3 water samples were collected and sent to DPHL Anugul. Rectal swabs did not show growth of any pathogenic organism. Water samples found unfit for potable purpose. District RRT investigated the outbreak. Cases treated symptomatically. Community awareness and health education given by peripheral team on hygiene and sanitation. Cases were reported from Village Dumelpali"
Odisha,Balangir,Acute Diarrheal Disease,22,0,20-04-2025,23-04-2025,Under Control,"Sub-District Balangir, District Balangir. Cases presented with loose stools, abdominal cramps and vomiting. 1 rectal swab and 5 water samples were collected and sent to DPHL Balangir. Rectal swab did not show growth of any pathogenic organism. Two water samples found unfit for potable purpose. District RRT investigated the outbreak. Cases treated symptomatically. Community awareness and health education given by peripheral team on hygiene and sanitation."
Odisha,Boudh,Acute Diarrheal Disease,14,0,25-04-2025,25-04-2025,Under Surveillance,"Barapudug, Sub-District Baunsuni, District Boudh. Cases presented with loose stools, and vomiting. 5 rectal swabs and 3 water samples were collected and sent to DPHL Boudh. Rectal swabs did not show growth of any pathogenic organism. Water samples found unfit for potable purpose. District RRT investigated the outbreak. Cases treated symptomatically. Community awareness and health education given by peripheral team on hygiene and sanitation. Cases were reported from Village Dalapada,"
Odisha,Kandhamal,Food Poisoning,36,0,22-04-2025,23-04-2025,Under Surveillance,"Sub-District Khajuripada, District Kandhamal. Cases presented with loose stools, and vomiting. After having food in a marriage function on 21-04-2025. District RRT investigated the outbreak. Cases treated symptomatically. Community awareness and health education given by peripheral team on hygiene and sanitation. Cases were reported from Village Pansiali,"
Odisha,Sonepur,Acute Diarrheal Disease,16,0,21-04-2025,22-04-2025,Under Surveillance,"Sub-District Sonapur, District Sonepur. Cases presented with loose stools, and vomiting. 2 rectal swabs and 3 water samples were collected and sent to DPHL Sonepur. Rectal swabs did not show growth of any pathogenic organism. Water samples found fit for potable purpose. District RRT investigated the outbreak. Cases treated symptomatically. Community awareness and health education given by peripheral team on hygiene and sanitation."
Rajasthan,Dholpur,Acute Diarrheal Disease,57,0,19-04-2025,21-04-2025,Under Control,"Chahalpura, District Dholpur. Cases presented with pain abdomen, nausea and vomiting. 2 Stool samples and food samples were collected and sent to DPHL Dholpur and food lab. Stool samples did not show growth of any pathogenic organism. District RRT investigated the outbreak. All the cases developed the symptoms after consuming chowmin from a local vendor. Cases treated symptomatically. Community awareness and health education given by peripheral team on control measures, hygiene and sanitation. Cases were reported from Govt. Middle"
Tamil Nadu,Tiruchirappall i,Acute Gastroenter itis,16,0,23-01-2025,23-04-2025,Under Surveillance,"School, Village Ariyakonpatti, Sub-District Manapparai, District Tiruchirappalli. Cases presented with vomiting. 2 samples were collected and sent to DPHL Trichy. District RRT investigated the outbreak. Community awareness and health education given by peripheral team on control measures, hygiene and sanitation. Cases were reported from Village"
Tamil Nadu,Tiruchirappall i,Acute Diarrheal Disease,42,0,20-04-2025,21-04-2025,Under Surveillance,"Agirimangalam, Seerathoppu HSC, Sub- District Andhanallur, District Tiruchirappalli. Cases presented with loose motion and vomiting. 10 Stool samples and 2 water samples were collected and sent to DPHL Trichy and Regional Water Lab Trichy. Stool samples did not show growth of any pathogenic organism and 1water sample found unfit for potable purpose. District RRT investigated the outbreak. Community awareness and health education given by peripheral team on control measures, hygiene and sanitation."
Uttar Pradesh,Basti,Food Poisoning,20,1,14-04-2025,23-04-2025,Under Surveillance,"CHC Marwatia, District Basti. Cases presented with loose stools, vomiting and pain abdomen. District RRT investigated the outbreak. All the cases developed the symptoms after consuming food in a marriage function. Cases treated symptomatically. A 75 years female died on 20-04-2025 at BRD Medical College Gorakhpur and 40 years female died on 21- 04-2025 at KGMU Lucknow. Community awareness and health education given by peripheral team on hygiene and sanitation. Cases were reported from Village Radharani"
Kerala,Malappuram,Food Poisoning,,39,0 11-04-2025,Under Surveillance,"Malappuram. Cases presented with loose stools and vomiting. District RRT investigated the outbreak. All the cases developed the symptoms after consuming food in a social gathering. Cases treated symptomatically. Community awareness and health education given by peripheral team on hygiene and sanitation. Cases were reported from Village Mahso, CHC Marwatia,",
West Bengal,Alipurduar,Acute Diarrheal Disease,67,0,21-04-2025,21-04-2025,Under Surveillance,"TG, Cuapara GP, Block Kalchini, District Alipurduar. Cases presented with loose motion and vomiting. 2 Stool samples and 2 water samples were collected and sent to DPHL APD DH. Stool samples did not show growth of any pathogenic organism and 1water sample found unfit for potable purpose. District RRT investigated the outbreak. Community awareness and health education given by peripheral team on control measures, hygiene and sanitation."
Andaman & Nicobar Islands,South Andamans,Food Poisoning,5,0,28-04-2025,28-04-2025,Under Surveillance,"Hospital, Sub-District: Port Blair, District: South Andamans. Cases presented with diarrhea, vomiting, pain abdomen after consumption of food from a common place. All cases were above 40 years of age. District RRT investigated the outbreak. Community awareness and health education given by peripheral team on control measures, hygiene and sanitation."
Arunachal Pradesh,Pakke Kessang,Acute Diarrheal Disease,6,0,29-04-2025,30-04-2025,Under Surveillance,"Case was reported from PHC Rilloh, Rilloh Village, Sub-District EAC Pakke Kessang, District Pakke Kessang. Cases presented with symptoms of loose motion and vomiting. Three stool samples were collected and sent to DPHL, TRIHMS, Naharlagun, all were positive for E.coli. District RRT investigated the outbreak. Community awareness and health education given by peripheral team on control measures, hygiene and sanitation. Cases were reported from Sonari Urban"
Assam,Charaideo,Food Poisoning (Mushroom Poisoning),5,0,02-05-2025,02-05-2025,Under Surveillance,"Centre, Village: Banfera Grant, Sub-District Sonari, District: Charaideo. Cases presented with diarrhea and vomiting after consumption of wild mushrooms from a same family. District RRT investigated the outbreak. Community awareness and health education given by peripheral team on control measures, hygiene and sanitation."
Assam,Dibrugarh,Acute Diarrheal Disease,39,0,01-05-2025,01-05-2025,Under Control,"Lahoalbari TE under Tengakhat BPHC, Village: Wilton 22-157 Orr, Sub-District: Tengakhat, District: Dibrugarh. Cases presented with fever, headache, pain abdomen, loose watery stool, vomiting. All age groups were affected. Three rectal swabs and three water samples were collected and sent to SRL, Microbiology Dept., AMCH, Dibrugarh. No significant enteric bacterial pathogen was detected in rectal swabs. All water samples showed a presumptive coliform count of >180 bacilli per 100 ml of water (Class 4: unsatisfactory for drinking purpose). District RRT investigated the outbreak. Community awareness and health education given by peripheral team on control measures, hygiene and sanitation. Cases were reported from Tinkharia TE,"
Assam,Sonitpur,Acute Diarrheal Disease,15,0,29-04-2025,29-04-2025,Under Control,"Julia TE, Village: Julia Bagan, Sub-District: Dhekiajuli, District: Sonitpur. Cases presented with loose motion. The most affected age group was 15-44 years. Six rectal swab samples were collected and sent to DPHL, all were negative for any pathogenic microbe. Two water samples were also collected and sent to DPHL Sonitpur, both were found to be unsatisfactory for drinking. District RRT investigated the outbreak. Community awareness and health education given by peripheral team on control measures, hygiene and sanitation."
Bihar,Gaya,Acute Diarrheal Disease,10,0,28-04-2025,28-04-2025,Under Surveillance,"Cases were reported from Village Ghuriawan, Sub-District Wazirganj, District Gaya. Cases presented with loose motion and vomiting. District RRT investigated the outbreak. Cases treated symptomatically. Community awareness and health education given by peripheral team on control measures, hygiene and sanitation."
Bihar,Saran,Fever with Rash,9,0,28-04-2025,29-04-2025,Under Surveillance,"Bhagwatpur, Sub-District Taraiya, District Saran. Cases presented with fever with rash. Age group of the affected cases was 2-32 years. Five blood samples were collected and sent to AIIMS, Patna. All were negative for Measles IgM by ELISA. District RRT investigated the outbreak. Cases treated symptomatically. Vitamin A solution was given to susceptible ones. Community awareness and health education given by peripheral team on vaccination, hygiene and sanitation."
Chhattisgarh,Bemetara,Acute Diarrheal Disease,11,0,28-04-2025,28-04-2025,Under Control,"Cases were reported from PHC Jewara, Village: Bilai, Sub-District: Bemetara, District: Bemetara. Cases presented with diarrhea and vomiting. District RRT investigated the outbreak. Community awareness and health education given by peripheral team on control measures, hygiene and sanitation."
Chhattisgarh,Korea,Hepatitis A,23,0,28-04-2025,29-04-2025,Under Control,"Cases were reported from Village: Dhhumadand, Sub-District: Korea. Cases presented with fever, vomiting, yellowing of eyes and skin, dark urine, loose of appetite. Five blood samples were sent to AIIMS Raipur, out of which 4 were positive for Hepatitis A IgM by ELISA. District RRT investigated the outbreak. Community awareness and health education given by peripheral team on control measures, hygiene and sanitation."
Chhattisgarh,Raipur,Cholera,80,0,28-04-2025,28-04-2025,Under Control,"Cases were reported from CH Mana, Village: Temri, Sub-District: Raipur, District: Raipur. Cases presented with diarrhea and vomiting. Eight stool samples were collected and sent to Hamar Lab Pandri Raipur, out of which 4 were positive for Vibrio cholerae on culture. District RRT investigated the outbreak. Community awareness and health education given by peripheral team on control measures, hygiene and sanitation. Cases were reported from a college hostel in"
Delhi,South,Food Poisoning,180,0,30-04-2025,30-04-2025,Under Surveillance,"Sub-District Hauz Khas, District South. Cases presented with vomiting, loose stools and pain abdomen after consumption of food from a common kitchen on 28th April, 2025. Three stool and 4 water samples were collected and sent to Pt. Madan Moham Malviya Hospital, Malviya Nagar and Environmental Engineering Lab, respectively. Stool samples were negative for any pathogenic organism on culture. District RRT investigated the outbreak. Community awareness and health education given by peripheral team on hygiene and sanitation. Cases were reported from Village: Maliya,"
Gujarat,Morbi,Acute Diarrheal Disease,14,0,29-04-2025,29-04-2025,Under Control,"Sub-District: Maliya, District: Morbi. Health Facility: Sarvad. Cases presented with diarrhea and vomiting after attending a wedding ceremony. The most affected age group was 15-44 years. Three stool samples were sent to IDSP-DPHL Morbi, all were negative for any entero-pathogen on culture sensitivity & R/M. District RRT investigated the outbreak. Community awareness and health education given by peripheral team on control measures, hygiene and sanitation."
Haryana,Karnal,Food Poisoning,11,0,28-04-2025,28-04-2025,Under Surveillance,"Village: Newal, Sub-District: Jagadhri, District: Karnal. Cases presented with vomiting & diarrhea after consumption of food from a common kitchen on 26.04.2025. The most affected age group was 18-60 years. Total 7 stool, 11 blood & 5 water samples were sent to Microbiology Lab KCGMCH & SPHL Karnal. All stool samples were negative for Cholera or any other entero-pathogen on culture. All blood samples were negative for Hepatitis A & E. all water samples were found to be fit for consumption. District RRT investigated the outbreak. Community awareness and health education given by peripheral team on control measures, hygiene and sanitation. Cases were reported from SC Tejli, PHC"
Haryana,Yamunanagar,Typhoid & Hepatitis E,78,0,29-04-2025,29-04-2025,Under Surveillance,"Sabepur, CHC Naharpur, Village: Tejli, Sub-District: Jagadhri, District: Yamunanagar. Cases presented with fever, headache and stomach pain. The most affected age group was 15-44 years. Total 40 blood samples were sent to DPHL (IDSP) Yamuna Nagar, out of which 16 were positive for Typhoid by Widal test & culture and two blood samples were positive for Anti-HEV IgM by ELISA. Ten water samples were sent for testing, all were found to be unfit by bacteriological test. District RRT investigated the outbreak. Community awareness and health education given by peripheral team on control measures, hygiene and sanitation."
Jharkhand,Dhanbad,Chickenpox,13,0,02-05-2025,03-05-2025,Under Surveillance,"Baghmara, Sub-District Baliapur, District Dhanbad. Cases presented with fever with rash. Age group of the affected cases was 7- 40 years. Five blood samples were collected and sent to RIMS, Ranchi, all were positive for Chickenpox IgM by ELISA. District RRT investigated the outbreak. Cases treated symptomatically. Community awareness and health education given by peripheral team on vaccination, hygiene and sanitation. Cases were reported from Village"
Jharkhand,Dumka,Acute Diarrheal Disease,21,0,28-04-2025,29-04-2025,Under Surveillance,"Hethbhelwa, Sub-District Ramgarh, District Dumka. Cases presented with loose motion and vomiting. Six blood samples were collected and sent to DPHL Dumka, all were negative for any entero-pathogen. District RRT investigated the outbreak. Cases were treated symptomatically. Community awareness and health education given by peripheral team on control measures, hygiene and sanitation. Cases were reported from Village"
Jharkhand,Lohardaga,Fever with Rash,16,0,30-04-2025,01-05-2025,Under Surveillance,"Ganeshpur, Sub-District Senha, District Lohardaga. Cases presented with fever with rash. Age group of the affected cases was 5- 31 years. Five blood samples were collected and sent to RIMS, Ranchi, all were negative for Measles and Rubella IgM by ELISA. District RRT investigated the outbreak. Cases treated symptomatically. Community awareness and health education given by peripheral team on vaccination, hygiene and sanitation."
Jharkhand,Ranchi,Suspected Food Poisoning,,50,0 19-04-2025,Under Surveillance,"District Ranchi. Cases presented with loose stools and vomiting after consumption of food in a social gathering. District RRT investigated Community peripheral team on hygiene and sanitation. Cases were reported from PHC Pallikkal, Village: Pallikal,",the outbreak. Cases treated symptomatically. awareness and health education given by
Jharkhand,Simdega,Malaria,7,0,02-05-2025,02-05-2025,Under Surveillance,"Dumbariya, Sub-District Bano, District Simdega. Age group of the affected cases were 2-46 years. A total of 7 blood samples were sent for testing, all were positive for Malaria by RDT kits (5 Plasmodium falciparum and 2 Plasmodium vivax). District RRT investigated the outbreak. Cases treated with anti-malarial and other symptomatic treatment. Community awareness and health education given by peripheral team on vector control measures, hygiene and sanitation. Cases were reported from Chinnasandra"
Kerala,Ernakulam,Dengue,9,0,02-05-2025,03-05-2025,Under Surveillance,"Cases were reported from FHC Vazhakulam, Vazhakkulam Gram Panchayat, Sub- District: Kunnathunad, District: Ernakulam. Cases presented with fever, myalgia, headache, nausea and vomiting. The affected age group was 20 to 45 years. Five blood samples were sent to FHC Vazhakkulam & RPHL, all were positive for Dengue NS1 Ag by card test. District RRT investigated the outbreak. Community awareness and health education given by peripheral team on vector control measures, hygiene and sanitation. (House index- 20.9, Container index- 21.6 and Breteau index-25.8)"
Kerala,Idukki,Hepatitis A,23,0,29-04-2025,01-05-2025,Under Surveillance,"Cases were reported from PHC Kumaramangalam, Village: Kumara Mangalam, Sub-District: Thodupuzha, District: Idukki. Cases presented with fever with jaundice. Five serum samples were collected & sent to MCH Idukki, all were positive for Hepatitis A IgM by ELISA. One water sample was sent to MCH Idukki, which showed presence of Coliforms on culture (unsatisfactory for consumption). All other cases were epidemiologically linked cases. District RRT investigated the outbreak. Community awareness and health education given by peripheral team on control measures, hygiene and sanitation."
Kerala,Kannur,Hepatitis A,108,0,01-05-2025,02-05-2025,Under Control,"Cases were reported from CHC Mayyil, PHC Kuttiyattur, Village: Kuttiattoor, Sub- District: Taliparamba, District: Kannur. Cases presented on 21-04-2025 with fever, fatigue, nausea, and vomiting after attending a religious gathering on 27-03-2025 and 31- 03-2025. The affected age group was 10–30 years, predominantly affecting males. Three blood samples were sent to RPHL KNR, all were positive for HAV IgM by ELISA. All other cases were epidemiologically linked cases. Water samples were also sent for testing. District RRT investigated the outbreak. Community awareness and health education given by peripheral team on control measures, hygiene and sanitation."
Kerala,Kozhikode,Dengue,32,0,30-04-2025,30-04-2025,Under Surveillance,"Cases were reported from FHC Kottur, Sub- District: Koyilandi, District: Kozhikode. Cases presented with fever, headache, fatigue and body pain. Five blood samples were sent to RPHL & MCH Kozhikode, out of which 1 was positive for Dengue NS1 Ag by ELISA & 5 for Dengue IgM by ELISA. District RRT investigated the outbreak. Community awareness and health education given by peripheral team on vector control measures, hygiene and sanitation."
Kerala,Malappuram,Food Poisoning,,14,0 11-04-2025,Under Surveillance,"Sub-District: Kondotty, District: Malappuram. Cases presented with fever, vomiting, and loose stools after consumption of food from a common place on 08/04/2025. Water samples were sent to GMCH Manjeri, which showed presence of Coliforms. District RRT investigated the outbreak. Community awareness and health education given by peripheral team on control measures, hygiene and sanitation. Cases were reported from CHC Amarpur, Village: Amarpur",
Kerala,Palakkad,Food Poisoning,78,0,02-05-2025,03-05-2025,Under Surveillance,"Cases were reported from PHC Peruvamba, Village: Peruvemba, Sub-District: Palakkad, District: Palakkad. Cases presented with vomiting, fever, abdominal pain, and loose stools after consuming food in a religious gathering on April 30, 2025. The most affected age group was 41-50 years. Two stool samples were collected and sent to SPHL, Thiruvananthapuram, both were negative for any entero-pathogen. Two water samples were collected and sent to IPHL for bacteriological testing, which showed presence of Coliforms. A total of 14 cases were admitted to Palana Hospital. District RRT investigated the outbreak. Community awareness and health education given by peripheral team on control measures, hygiene and sanitation."
Kerala,Pathanamthitt a,Dengue,44,0,30-04-2025,30-04-2025,Under Surveillance,"Cases were reported from CHC Vechoochira, Village: Kollamula, Sub- District: Ranni, District: Pathanamthitta. Cases presented with fever. Total 44 blood samples were sent to RPHL Pathanamthitta, out of which 23 were positive for Dengue IgM by ELISA. All other cases were diagnosed clinically. District RRT investigated the outbreak. Community awareness and health education given by peripheral team on vector control measures, hygiene and sanitation."
Kerala,Wayanad,Acute Gastroenter itis,19,1,01-05-2025,03-05-2025,Under Surveillance,"Cases were reported from FHC Pozhuthana, Village: Achooranam, Sub-District: Vythiri, District: Wayanad. Cases presented with fever, vomiting, and loose stools. Four rectal swabs and serum samples were collected and sent to NIV Alappuzha, all were negative for Norovirus, Enterovirus, and Leptospira. Water samples were collected & sent to KWA, which were positive for Coliform bacteria and E.coli. District RRT investigated the outbreak. Community awareness and health education given by peripheral team on control measures, hygiene and sanitation. Death of a 13 year old child had occur due to the illness on April 30, 2025 during transit."
Kerala,Wayanad,Hepatitis A,13,0,25-04-2025,28-04-2025,Under Surveillance,"Cases were reported from FHC Vellamunda, Village: Vellamunda, Sub-District: Mananthavady, District: Wayanad. Cases presented with fever & jaundice. One blood sample was sent to GMC Kozhikode, which was positive for Hepatitis A IgM by ELISA. All other cases were epidemiologically linked cases. District RRT investigated the outbreak. Community awareness and health education given by peripheral team on control measures, hygiene and sanitation."
Karnataka,Chikballapur,Food Poisoning,20,0,30-04-2025,01-05-2025,Under Control,"PHC, Village: Alambagiri, Sub-District: Chintamani, District: Chikballapur. Cases presented with diarrhea, stomach pain and vomiting after th attending a marriage ceremony on 29 April 2025. The affected age group was 2-60 years. Two stool & 5 water samples were collected & sent to DPHL. Both the stool samples were negative for Vibrio cholerae by hanging drop method and no growth was found in culture and sensitivity testing. All water samples were found to be potable by H2S test. District RRT investigated the outbreak. Community awareness and health education given by peripheral team on control measures, hygiene and sanitation."
Karnataka,Mysuru,Cholera,15,0,03-05-2025,03-05-2025,Under Control,"Village: Hasaguli, UPHC Nazarbad, Sub- District: Gundlupet, District: Mysuru. Cases presented with diarrhea after consumption of food & water from a common kitchen. The affected age group was 21-71 years. A total of 11 stool samples were collected & sent to JSS Hospital & and DPHL, out of which 4 were positive for Cholera by culture & 11 were positive by hanging drop. Eight water samples were collected in H2S media for bacteriological testing & analysis &sent to DPHL, all were found to be potable by H2S and MPN test. District RRT investigated the outbreak. Community awareness and health education given by peripheral team on control measures, hygiene and sanitation. Cases were reported from Devarbupur"
Karnataka,Raichur,Suspected Food Poisoning,8,0,02-05-2025,02-05-2025,Under Control,"HWC, Gurgunta PHC, Village: Galaginadoddi, Sub-District: Lingsugur, District: Raichur. Cases presented with abdominal pain, loose stool, vomiting after consumption of food from a common place. The affected age group was 1-60 years. Two stool samples were collected & tested at RIMS, both were negative for Cholera by hanging drop method. No growth was found in stool samples after 48 hours on culture. Seven water samples were collected & tested at PHC Gurugunta by H2S method, out of which 5 were found to be unfit. All cases were admitted in TGH Lingsugur. District RRT investigated the outbreak. Community awareness and health education given by peripheral team on control measures, hygiene and sanitation."
Maharashtra,Chhatrapati Sambhajinaga r,Food Poisoning,255,1,26-04-2025,28-04-2025,Under Surveillance,"Village: Ambala, Sub-District: Kannad, District: Chhatrapati Sambhajinagar. Cases presented with diarrhea, nausea, pain abdomen, vomiting following a common marriage ceremony on 26 April 2025. All age groups were affected. Total 17 stool samples were collected and sent to Microbiology Dept. GMCH Chh. Sambhajinagar, all were negative for Cholera or any other entero-pathogen. Water samples were sent to RPHL Chh. Sambhajinagar. Control measures, including chlorination of water, deployment of medical teams, and public awareness initiatives, were promptly implemented. District RRT investigated the outbreak. Community awareness and health education given by peripheral team on control measures, hygiene and sanitation. Death of an 8 year old male child had occur due to the illness. Cases were reported from PHC Madilage,"
Maharashtra,Kolhapur,Suspected Food Poisoning,22,0,02-05-2025,02-05-2025,Under Surveillance,"Village: Koor, Sub-District: Bhudargad, District: Kolhapur. Cases presented with fever, loose motion, pain abdomen, vomiting after attending a funeral ceremony. All age groups were affected. Two stool & one water sample was sent to DPHL. Stool samples were negative for any entero-pathogen on culture. Water sample was found to be potable for drinking. District RRT investigated the outbreak. Community awareness and health education given by peripheral team on control measures, hygiene and sanitation."
Madhya Pradesh,Bhopal,Human Rabies,1,1,27-04-2025,01-05-2025,Under Control,"Village: Amalya, Sub-District: Berasia, District: Bhopal. Case presented with symptoms suggestive of suspected Human Rabies on 25 April 2025. The case had a history of dog bite on 16 March 2025. District RRT investigated the outbreak. Animal Husbandry and Veterinary Department were informed for stray dog rabies immunization. RRT Team conducted surveillance activities. House to house survey was done for any dog bite cases. IEC activities regarding wound washing, wood management, importance of ARV in animal bite condition and completing the vaccine schedule was conducted. An awareness meeting was organized in the village. Contact tracing done and exposure prophylaxis started for all the 34 close contacts. Death of a 45 years old female had occur due to the illness on 26 April 2025 at home. Cases were reported from PHC Singhpur"
Madhya Pradesh,Dindori,Acute Diarrheal Disease,,9,0 23-04-2025,Under Surveillance,"Ryt., Sub-District: Dindori, District: Dindori. Cases presented with diarrhea. The affected age group was 1-18 years. One stool sample was sent to Medical College Jabalpur (Microbiology Department), which was negative for any entero-pathogen. District RRT investigated the outbreak. Community awareness and health education given by peripheral team on control measures, hygiene and sanitation. Cases were reported from PHC Rannod, Village: Dhakrora,",
Madhya Pradesh,Narsinghpur,Chickenpox,7,0,01-05-2025,01-05-2025,Under Surveillance,"Bada, CHC Kareli, Village: Ramkhiriya, Sub-District: Kareli, District: Narsinghpur. Cases presented with fever, itching, rashes, abdominal pain. Three blood samples were sent to ICMR-Jabalpur, all were positive for Chickenpox IgM by ELISA. All other cases were epidemiologically linked cases. District RRT investigated the outbreak. Community awareness and health education given by peripheral team on control measures, hygiene and sanitation."
Madhya Pradesh,Shivpuri,Measles,,5,0 18-04-2025,Under Surveillance,"Sub-District: Rannod, District: Shivpuri. Cases presented with fever with maculo-papular rashes, running nose. The affected age group was 1-15 years. Five blood samples were collected & sent to GMC Bhopal, out of which 4 were positive for Anti- Measles outbreak. House to house survey was done. Extra immunization session education sanitation and importance of vaccination.","IgM by ELISA. District RRT investigated the was conducted. Community awareness and health given by peripheral health team on hygiene,"
Nagaland,Dimapur,Human Rabies,1,1,28-04-2025,29-04-2025,Under Surveillance,"Dimapur Sadar, District Dimapur. A 14 year old male presented with complaints of hydrophobia, restlessness and aggression. The case had a history of dog bite two months back. He did not take ARV. The patient succumbed to death on 28-04-2025. District RRT investigated the outbreak. Community awareness and health education given by peripheral team on vaccination for dog bite, hygiene and sanitation."
Odisha,Mayurbhanj,Acute Diarrheal Disease,7,0,03-05-2025,03-05-2025,Under Control,"Cases reported from: Village: Mainsiduba, Sub-District: Kaptipada, District: Mayurbhanj. Cases presented with loose motion, abdominal cramps and vomiting. The affected age group was 8-60 years, predominantly affecting females. Three rectal swabs & two water samples were collected & sent to DPHL Mayurbhanj. No entero-pathogenic organism was found in rectal swab samples. All water samples were positive for H2S test having OT value 0.0 ppm. District RRT investigated the outbreak. Community awareness and health education given by peripheral team on control measures, hygiene and sanitation."
Odisha,Rayagada,Acute Diarrheal Disease,18,0,01-05-2025,03-05-2025,Under Surveillance,"Cases reported from: Village: Village: Patanguri, Sub-District: Chandrapur, District: Rayagada. Cases presented with loose motion, abdominal cramps and vomiting. The most affected age group was 15-44 years, predominantly affecting males. Three water samples were collected & sent to DPHL Rayagada, all were positive for H2S test having OT value 0.0 ppm. District RRT investigated the outbreak. Community awareness and health education given by peripheral team on control measures, hygiene and sanitation."
Tamil Nadu,Salem,Chickenpox,10,0,30-04-2025,30-04-2025,Under Surveillance,"Village: Chellapillaikuttai, Sub-District: Omalur, District: Salem. Cases presented with fever with vesicles. Three blood samples were sent to Kings Institute, Guindy, all were positive for VZV IgM by RTPCR. District RRT investigated the outbreak. Community awareness and health education given by peripheral team on control measures, hygiene and sanitation. Cases were reported from Melapalayam"
Tamil Nadu,Tirunelveli,Hepatitis A,34,0,28-04-2025,29-04-2025,Under Surveillance,"UPHC, Village: Melapalayam, Sub-District: Palayamkottai, District: Tirunelveli. Cases presented with yellowish discoloration of eyes and urine, vomiting. The affected age group was 11-15 years. Total 34 blood samples were sent to Micro Lab, TVMCH, out of which 11 were positive for Anti-HAV IgM by ELISA. Eight water samples were sent to Water Lab Tirunelveli, out of which 4 were positive for E.coli, Fecal Streptococci, Salmonella, Shigella and Clostridium perfringens. District RRT investigated the outbreak. Community awareness and health education given by peripheral team on control measures, hygiene and sanitation. Cases of fever with rash were reported from"
Uttar Pradesh,Lalitpur,Suspected Measles,15,0,29-04-2025,30-04-2025,Under Surveillance,"Village Balabehat, PHC Dhaurra, Birdha Sub-District Pali, District Lalitpur. Cases were in age group 2-26 years. All cases were diagnosed clinically. District RRT investigated the outbreak. Cases treated symptomatically. Health education given regarding isolation of cases, hygiene maintenance and proper nutrition."
West Bengal,Hooghly,Typhoid,46,0,28-04-2025,01-05-2025,Under Control,"RH, Imambara District Hospital, Village: Chinchurah (P), Sub-District: Chinsurah - Magra, District: Hooghly. Cases presented with fever. The affected age group was 15 to 44 years. Total 46 blood samples were sent to National Institute of Cholera and Enteric Diseases (NICED) for bacterial analysis and further investigation, out of which 16 were positive for Salmonella typhi by Widal test. Four water samples were also sent for testing. District RRT investigated the outbreak. Community awareness and health education given by peripheral team on control measures, hygiene and sanitation. Cases were reported from Polba RH,"
West Bengal,Hooghly,Acute Diarrheal Disease,16,0,27-04-2025,30-04-2025,Under Control,"Chinsurah Mogra RH, Village: Nabagram, Sub-District: Polba-Dadpur, District: Hooghly. Cases presented with diarrhea. The most affected age group was 15 to 44 years. Three rectal swabs & 5 water samples were sent to NICED. Seven patients were treated at Mogra RH. District RRT investigated the outbreak. Community awareness and health education given by peripheral team on vector control measures, hygiene and sanitation."
West Bengal,Jhargram,Typhoid,26,0,30-04-2025,02-05-2025,Under Control,"Sub-District: Binpur-II, District: Jhargram. Cases presented with fever with chills, body ache, nausea & vomiting. 7serum sample tested for Widal out of which 2 tested positive. Seven serum samples were sent to VRDL, MMCH, out of which 2 were positive for Typhoid. District RRT investigated the outbreak. Community awareness and health education given by peripheral team on control measures, hygiene and sanitation. Cases were reported from Burwan Rural"
West Bengal,Murshidabad,Food Poisoning,13,0,02-05-2025,02-05-2025,Under Control,"Hospital, Village: Debagram, Sub-District: Burwan, District: Murshidabad. Cases presented with loose stool, vomiting and abdominal pain. The most affected age group was 15 to 44 years. Six stool samples were sent for testing, all were negative for any entero-pathogen on culture. District RRT investigated the outbreak. Community awareness and health education given by peripheral team on control measures, hygiene and sanitation. Cases were reported from Nashipur"
West Bengal,24 Paraganas South,Acute Diarrheal Disease,32,0,28-04-2025,28-04-2025,Under Surveillance,"BPHC, Village: Ronia, Sub-District: Canning-I, District: 24 Paraganas South. Cases presented with diarrhea and vomiting. The affected age group was 1-5 years. Two stool samples (rectal swabs) were sent to SSKM, both were negative for any entero- pathogen on culture. Two water samples were sent to SSKM. Five patients were admitted to Canning SDH. District RRT investigated the outbreak. Community awareness and health education given by peripheral team on control measures, hygiene and sanitation. Cases were reported from Chinsurah Mogra"
Andhra Pradesh,Sri Sathya Sai,Acute Diarrheal Disease,,33,0 19-02-2025,,"Under School, Village Kanaganapalle, Sub-District Kanaganapalle, Control District Sri Sathya Sai. Cases presented with loose motion, fever and vomiting. 2 water samples were collected and sent to DPHL Hindupur. Water samples found fit for potable purpose. District RRT investigated the outbreak. Community awareness and health education given by peripheral team on hygiene and sanitation. Cases","were reported from Sub -District Tirur, District"
Arunachal Pradesh,Namsai,Chickenpox,12,0,08-05-2025,09-05-2025,Under Surveillance,"Cases were reported from Village Dharampur, Sub-District Tengakhat, District Namsai. Cases presented with fever with maculo-papular rash. District RRT investigated the outbreak. Age group of the affected cases was 2-35 years. Cases treated symptomatically. Community awareness and health education given by peripheral team on vaccination, hygiene and sanitation. Cases were reported from Village"
Assam,Barpeta,Fever of Unknown Origin,19,0,08-05-2025,08-05-2025,Under Surveillance,"Batikuriha, Sub-District Barpeta, District Barpeta. Cases presented with fever. 19 blood samples were tested negative for Malaria by RDT kits. District RRT investigated the outbreak. Cases treated symptomatically. Community awareness and health education given by peripheral team on vector control measures, hygiene and sanitation. Cases were reported from Village"
Assam,Darrang,Food Poisoning,71,0,08-05-2025,08-05-2025,Under Control,"Baldeyapara, HWC Nayak Para, Sub- District Sipajhar, District Darrang. Cases presented with loose stools, fever and pain abdomen. 9 rectal swabs and 2 water samples were tested. Rectal swabs did not show growth of any pathogenic organism. Both the water samples found unfit for potable purpose. District RRT investigated the outbreak. Cases treated symptomatically. All the cases developed the symptoms after having food in a social gathering. Community awareness and health education given by peripheral team on hygiene and sanitation"
Assam,Dhemaji,Food Poisoning,45,0,06-05-2025,07-05-2025,Under Surveillance,"under Jonai BPHC, Sub-District Jonai, District Dhemaji. Cases presented with loose stools and vomiting. 2 water samples were tested at DPHL Dhemaji. One water sample found unfit for potable purpose. Food samples report is still awaited. District RRT investigated the outbreak. Cases treated symptomatically. All the cases developed the symptoms after having food in a social gathering. Community awareness and health education given by peripheral team on hygiene and sanitation Cases were reported from Ramaniashram"
Assam,Kokrajhar,Chickenpox,8,0,06-05-2025,06-05-2025,Under Surveillance,"SC, Village Hokmabil, Sub-District Dotoma, District Kokrajhar. Cases presented with fever with maculo-papular rash. 4 blood samples were collected and sent to DPHL Kokrajhar. 2 samples found positive for the Varicella Zoster IgM by ELISA. District RRT investigated the outbreak. Age group of the affected cases was 7-25 years. Cases treated symptomatically. Community awareness and health education given by peripheral team on hygiene and sanitation. Cases were reported from Village Bongoan,"
Assam,Lakhimpur,Chickenpox,7,0,07-05-2025,07-05-2025,Under Surveillance,"Sub-District Naobaicha, District Lakhimpur. Cases presented with fever with maculo- papular rash. 6 blood samples were collected and sent to DPHL Lakhimpur. 4 samples found positive for the Varicella Zoster IgM by ELISA. District RRT investigated the outbreak. Age group of the affected cases was 1-44 years. Cases treated symptomatically. Community awareness and health education given by peripheral team on hygiene and sanitation."
Assam,Nagaon,Human Rabies,1,1,04-05-2025,05-05-2025,Under Surveillance,"howa, Sub-District Kaliabor, District Nagaon. A 55-year-old female presented with complaints of fever, headache, hydrophobia, aerophobia. District RRT investigated the outbreak. History of dog bite on left hand finger on 29-03-2025. She did not take ARV. She expired on 03-05-2025 at home. Community awareness and health education given by peripheral team on vaccination for dog bite, hygiene and sanitation. Cases were reported from Village"
Bihar,Vaishali,Chickenpox,5,0,08-05-2025,08-05-2025,Under Surveillance,"Hariharpur Shankar AzRakbeurf, District Vaishali. Cases presented with fever with rash. 8 blood samples were collected and sent to PMCH Patna. 5 samples found positive for the Varicella Zoster IgM by ELISA. District RRT investigated the outbreak. Age group of the affected cases was 5-60 years. Cases treated symptomatically. Community awareness and health education given by peripheral team on hygiene and sanitation."
Chhattisgar h,Bilaspur,Measles,32,0,06-05-2025,07-05-2025,Under Surveillance,"Cases were reported from Village Thakurkapa and Purena, Sub-District Takhatpur, District Bilaspur. Cases presented with fever with rash. 9 blood samples were collected and sent to NIRTH Jabalpur. All the samples found positive for the Measles IgM by ELISA. District RRT investigated the outbreak. Age group of the affected cases was less than 16 years. Cases treated symptomatically. Vitamin A solution was given to susceptible. Community awareness and health education given by peripheral team on vaccination, hygiene and sanitation."
Chhattisgar h,Raipur,Acute Diarrheal Disease,23,0,06-05-2025,07-05-2025,Under Surveillance,"District Raipur. Cases presented with loose motion and vomiting. 4 stool samples were collected and sent to Hamar lab Pandri. Stool samples did not show growth of any pathogenic organism. District RRT investigated the outbreak. Community awareness and health education given by peripheral team on control measures, hygiene and sanitation."
Gujarat,Junagadh,Acute Diarrheal Disease,105,0,08-05-2025,08-05-2025,Under Control,"Cases were reported from Village Fulrama, Sub-District Mangrol, District Junagadh. Cases presented with loose stools and vomiting. 2 blood samples and 6 food samples were collected and sent to GMERS Junagarh. Stool samples did not show growth of any pathogenic organism. District RRT investigated the outbreak. Cases treated symptomatically. Community awareness and health education given by peripheral team on hygiene and sanitation"
Jharkhand,Simdega,Chicken Pox,5,0,30-04-2025,10-05-2025,Under Surveillance,"Sub-District Kurdeg, District Simdega. Cases presented with fever with rash. 9 blood samples were collected and sent to RIMS Ranchi. 5 samples found positive for the Varicella Zoster IgM by ELISA. District RRT investigated the outbreak. Age group of the affected cases was 1-35 years. Cases treated symptomatically. Community awareness and health education given by peripheral team on hygiene and sanitation. Cases were reported from UPHC"
Jammu and Kashmir,Bandipora,Chickenpox,52,0,05-05-2025,05-05-2025,Under Surveillance,"Cases were reported from Govt. Middle School, Kulhuma, Sub-District Bandipora, District Bandipora. Cases presented with fever with rash. District RRT investigated the outbreak. Cases treated symptomatically. Age group of the affected cases was 5-14 years. Community awareness and health education given by peripheral team on hygiene and sanitation."
Jammu and Kashmir,Pulwama,Hepatitis A,9,0,03-05-2025,05-05-2025,Under Surveillance,"Sub-District Tral, District Pulwama. Cases presented with fever, fatigue and jaundice. 3 blood samples and 3 water samples were collected and sent to DPHL Pulwama. One sample found positive for Hepatitis A IgM by ELISA. 2 Water samples found unfit for potable purpose. District RRT investigated the outbreak. Cases treated symptomatically. Community awareness and health education given by peripheral team on hygiene and sanitation. Cases were reported from Village Khinda,"
Kerala,Ernakulam,Dengue,21,0,06-05-2025,06-05-2025,Under Surveillance,"Cases were reported from Sub-District Kothamangalam, District Ernakulam. Cases presented with fever with bodyache. 5 blood samples were collected and sent to RPH Lab Ernakulam. All the samples found positive for Dengue IgM by ELISA. District RRT investigated the outbreak. Cases treated symptomatically. Community awareness and health education given by peripheral team on vector control measures, hygiene and sanitation."
Kerala,Kottayam,Hepatitis A,6,1,02-05-2025,07-05-2025,Under Surveillance,"Cases were reported from Village Onamthuruth, Sub-District Kottayam, District Kottayam. Cases presented with fever, jaundice, general weakness. 7 blood samples sample found positive for Hepatitis A IgM by ELISA from MCH Kottayam and GH Kottayam. District RRT investigated the outbreak. Cases treated symptomatically. Community awareness and health education given by peripheral team on hygiene and sanitation. 26-year-old male expired on 01- 05-2025. Case was reported from FHC Valanchery"
Kerala,Malappura m,Nipah Virus,1,0,08-05-2025,09-05-2025,Under Surveillance,"area, District Malappuram. A 42-year-old female presented with fever, vomiting and altered sensorium. Blood sample found positive for NIPAH by RT-PCR at NIV, Pune. District RRT investigated the outbreak. Case is getting treatment in the hospital. Community awareness and health education given by peripheral team on vector control measures, hygiene and sanitation."
Kerala,Malappuram,Hepatitis A,,25,0 30-04-2025,Surveillance,Under Malappuram. weakness. 2 out of 3 blood samples sample found positive for Hepatitis A IgM by ELISA from DPH Malapuram. RRT investigated the outbreak. Cases treated symptomatically. Community peripheral team on hygiene and sanitation. Cases were reported from Village Ongallur,"Cases presented with fever, jaundice, general District awareness and health education given by -II (CT), Sub -"
Kerala,Palakkad,Dengue,49,2,08-05-2025,09-05-2025,Under Surveillance,"Chalissery, Sub -District Pattambi, District Palakkad. Cases presented with fever with bodyache. 25 blood samples found positive for Dengue NS1 antigen by ELISA from MCH Thrissur. District RRT investigated the outbreak. Cases treated symptomatically. Community awareness and health education given by peripheral team on vector control measures, hygiene and sanitation. Two deaths of a 43 year old female & a 53 year old male occurred on 05-06-2025 & 10-06- 2025, respectively due to the illness (both were positive for Dengue). Cases were reported from Sub-District"
Kerala,Palakkad,Dengue,,40,0 06-04-2025,Surveillance,"Under District Pattambi, District Palakkad. Cases presented with fever with bodyache. 40 blood samples found positive for Dengue NS1 antigen by ELISA from IPHL. District RRT investigated the outbreak. awareness and health education given by peripheral team on vector control measures, hygiene and sanitation Cases were reported from Village Kurampala, Sub",Cases treated symptomatically. Community -District
Kerala,Pathanamthitt a,Dengue,,15,0 30-04-2025,Surveillance,"Under Adoor, District Pathanamthitta. Cases presented with fever with bodyache. 15 blood antigen by Rapid test. District RRT investigated the outbreak. Cases treated symptomatically. Community awareness and health education given by peripheral team on vector control measures, hygiene and sanitation",samples found positive for Dengue NS1
Karnataka,Bidar,Acute Diarrheal Disease,8,0,08-05-2025,09-05-2025,Under Surveillance,"Kumbarwada, Village Kumbaravada, Sub- District Bidar, District Bidar. Cases presented with loose stools. The affected age group was 19-52 years. Two stool samples were sent for testing, both were negative for any entero-pathogen by culture & microscopy. Three water samples were sent for testing, out of which 2 were found to be non-potable. District RRT investigated the outbreak. Community awareness and health education given by peripheral team on control measures, hygiene and sanitation."
Karnataka,Chitradurg a,Acute Diarrheal Disease,104,0,07-04-2025,07-05-2025,Under Control,"& PHC, Village Mallihalli and Goolihalli, Sub-District Hosdurga, District Chitradurga. Cases presented with loose stools, vomiting, fever and pain abdomen after attending a marriage function on 3rd and 4th May 2025. The affected age group was 10-70 years. Two stool and food samples were collected & sent to VIMS Bellary. Both stool samples did not show growth of Cholera or any other entero-pathogen on culture & microscopy. Water samples were sent to VIMS Bellary, all were found to be fit for drinking purpose. District RRT investigated the outbreak. Community awareness and health education given by peripheral team on control measures, hygiene and sanitation. House to house survey was conducted. IEC done for drinking boiled and filtered water, etc."
Karnataka,Udupi,Acute Diarrheal Disease,15,0,05-05-2025,05-05-2025,Under Surveillance,"Cases were reported from a hostel under UHC Manipal, Village Manipal, Sub- District Udupi, District Udupi. Cases presented with abdominal pain, nausea, vomiting and diarrhea after consuming food and water from A common kitchen on 2-05- 2025. The affected age group was 18-19 years. Three stool samples were sent to District Hospital for culture, all were negative for entero-pathogens like Shigella, Salmonella and Vibrio after 24hrs of aerobic incubation. Six water were sent for testing, out of which 2 were found to be non-potable by MPN test. All cases were treated at District Hospital. District RRT investigated the outbreak. Community awareness and health education given by peripheral team on control measures, hygiene and sanitation."
Meghalaya,East Jaintia Hills,Food Poisoning,6,5,05-05-2025,05-05-2025,Under Control,"Sub-District Khliehriat, District East Jaintia Hills. Cases presented with vomiting and diarrhea after consumption of wild th mushroom on 29 April, 2025. District RRT investigated the outbreak. Community awareness and health education given by peripheral team on control measures, hygiene and sanitation. Unfortunately, five individuals succumbed. Case was reported from Village Sakware"
Meghalaya,North Garo Hills,Human Rabies,1,1,07-05-2025,07-05-2025,Under Surveillance,"Songgital, Sub-District Kharkutta, District North Garo Hills. A 46-year-old female presented with complaints of headache, aerophobia and hydrophobia. District RRT investigated the outbreak. History of dog bite by her pet dog in February 2025. She did not receive ARV. She expired on 02-05-2025 at Adokgre PHC. Community awareness and health education given by peripheral team on vaccination for dog bite, hygiene and sanitation."
Meghalaya,"South Garo Hills th March, 2020. The States have been reporting the COVID-19 cases and deaths on a real-time basis and the same was being updated on the website of",Human Rabies,,1 COVID-19 STATUS,1 06-04-2025,Surveillance,"Under Baghmara, District South Garo Hills. A 23-year-old female presented with complaints of headache, fever, and aerophobia. District RRT investigated the outbreak. History of dog bite in January 2025. She did not receive ARV. She expired on 02-05- 2025 at Baghmara District Hospital. Community awareness and health education given by peripheral team on vaccination for dog bite, hygiene and sanitation.",
Maharashtr a,Beed,Suspected Food Poisoning,206,0,08-05-2025,09-05-2025,Under Surveillance,"Sub-District Ambejogai, District Beed. Cases presented with loose stools, pain abdomen and vomiting. 5 Stool samples and 2 vomitus samples were collected and sent to District Hospital, Beed. Stool samples did not show growth of any pathogenic organism. District RRT investigated the outbreak. All the cases developed the symptoms after consuming food in a social function. Cases treated symptomatically. Community awareness and health education given by peripheral team on hygiene and sanitation."
Maharashtr a,Raigad,Suspected Food Poisoning,52,0,05-05-2025,06-05-2025,Under Control,"Sub-District Roha, District Raigad. Cases presented with loose stools and pain abdomen. 4 Stool samples were collected and sent to Grants Medical College, Mumbai. Stool samples did not show growth of any pathogenic organism. District RRT investigated the outbreak. All the cases developed the symptoms after consuming food in a marriage function. Cases treated symptomatically. Community awareness and health education given by peripheral team on hygiene and sanitation. Cases were reported from Village Umshong,"
Madhya Pradesh,Indore,Fever of unknown origin,24,0,02-05-2025,06-05-2025,Under Surveillance,"Sawer, District Indore. Cases presented with fever with chills and fatigue. Only one sample found positive for malaria (Plasmodium vivax) by Peripheral Blood Smear at DPHL however 23 samples found negative for malaria by RDT at CH Sanwer. District RRT investigated the outbreak. Cases treated symptomatically. Community awareness and health education given by peripheral team on vector control measures, hygiene, and sanitation. Cases were reported from Village Pimpri,"
Odisha,Bargarh,Acute Diarrheal Disease,27,0,09-05-2025,09-05-2025,Under Control,"Sub-District Paikamal, District Bargarh. Cases presented with loose stools, pain abdomen and vomiting. 4 rectal swabs and 2 water samples were collected and sent to DPHL Bargarh. Rectal swabs did not show growth of any pathogenic organism and both water samples found unfit for potable purpose. District RRT investigated the outbreak. Cases treated symptomatically. Community awareness and health education given by peripheral team on hygiene and sanitation."
Odisha,Cuttack,Suspected Food Poisoning,25,0,05-05-2025,06-05-2025,Under Control,"Cases were reported from Village Sundargram, Sub-District Olatapur, District Cuttack. Cases presented with loose stools pain abdomen and vomiting. 4 rectal swabs and 2 water samples were collected and sent to DPHL Cuttack. Rectal swabs did not show growth of any pathogenic organism, water samples found unfit for potable purpose. District RRT investigated the outbreak. All the cases developed the symptoms after having food in their mess. Cases treated symptomatically. Community awareness and health education given by peripheral team on hygiene and sanitation Cases were reported from Village Kasipur"
Odisha,Puri,Acute Diarrheal Disease,15,0,07-05-2025,07-05-2025,Under Control,"and Bamanal, Sub-District Nimapada, District Puri. Cases presented with loose stools and vomiting. 2 rectal swabs and 2 water samples were collected and sent to DPHL Puri. Stool samples did not show growth of any pathogenic organism and water sample found unfit for potable purpose. District RRT investigated the outbreak. Cases treated symptomatically. Community awareness and health education given by peripheral team on hygiene and sanitation."
Tamil Nadu,Namakkal,Acute Diarrheal Disease,13,0,06-05-2025,07-05-2025,Under Surveillance,"block Kollihills, District Namakkal. Cases presented with loose motion. 1 stool sample and 1 water sample were collected and sent to DPHL Namakkal. Stool samples did not show growth of any pathogenic organism and the water sample found unfit for potable purpose. District RRT investigated the outbreak. Community awareness and health education given by peripheral team on control measures, hygiene and sanitation. Cases were reported from Village Meyyur,"
Tamil Nadu,Tiruvanna malai,Chickenpox,15,0,08-05-2025,08-05-2025,Under Surveillance,"Block Kattampoondi, District Tiruvanamalai. Cases presented with fever with maculo- papular rash. 3 blood samples were collected and sent to King Institute Chennai. All the samples found positive for the Varicella Zoster IgM by ELISA. District RRT investigated the outbreak. Age group of the affected cases was 6-15years. Cases treated symptomatically. Community awareness and health education given by peripheral team on hygiene and sanitation. Cases were reported from Thiruvalluvar"
Tamil Nadu,Villupuram,Mumps,7,0,05-05-2025,07-05-2025,Under Surveillance,"Street, Annai Indra Street, Arignar Anna Street, Ambedkar Street, Mariyamman Kovil Street Vazhudhareddy Block Koliyanur, District Villupuram. Cases presented with swelling and pain in parotid gland with mild fever. 7 blood samples were collected and sent to SRL-Government Villupuram Medical College Hospital. 6 samples found positive for Mumps IgM by ELISA. District RRT investigated the outbreak. Cases treated symptomatically. Age group of the affected cases were 1-15 years. Community awareness and health education given by peripheral team on, hygiene and sanitation."
Uttar Pradesh,Gautam Buddha Nagar,Acute Diarrheal Disease,10,0,06-05-2025,08-05-2025,Under Control,"Society, Sector- 4, Greater Noida West, District Gautam Buddha Nagar. Cases presented with loose stools, vomiting and pain abdomen. District RRT investigated the outbreak. Cases treated symptomatically. Community awareness and health education given by peripheral team on hygiene and sanitation Cases were reported from Village Kadipur,"
West Bengal,Purba Bardhaman,Acute Diarrheal Disease,27,0,08-05-2025,08-05-2025,Under Surveillance,"Sub-District Kalna - I, District Purba Bardhaman. Cases presented with vomiting and loose stools. 1 stool sample was collected and sent to the district lab. It did not show growth of any pathogenic organism. District RRT investigated the outbreak. Cases treated symptomatically. Community awareness and health education given by peripheral team on hygiene and sanitation."
Assam,Barpeta,Chickenpox,6,0,14-05-2025,15-05-2025,Under Surveillance,"Cases reported from Kamargaon SD, Barpeta road BPHC, Village Bogriguri Patha, Sub-District Barnagar, District Barpeta. Cases presented with maculo- papular, vesicular rash with blisters on the whole body. The affected age group was 1- 40 years. All cases were diagnosed clinically. District RRT investigated the outbreak. Community awareness and health education given by peripheral team on control measures, hygiene and sanitation. Cases were reported from Gossaigaon PHC,"
Assam,Kamrup Metro,Chickenpox,,7,0,07-05-2025,"Under Dispur, District Kamrup Control body ache with vesicular rash. The affected age group was 38- 50 years. Five serum samples were collected and sent to GMCH VRDL, out of which 3 were positive for Chickenpox IgM by ELISA. District RRT investigated the outbreak. Community awareness and health education given by peripheral team on control measures, hygiene and sanitation. Cases were reported from Kachugaon BPHC, Na Dotoma","Metro. Cases presented with fever,"
Assam,Kokrajhar,Food Poisoning,7,0,14-05-2025,14-05-2025,Under Surveillance,"Village Bhowlimari and Kadomguri-2, Sub- District Gossaigaon, District Kokrajhar. Cases presented with sudden hot flushes, hallucination, blurred vision, vertigo, weakness and nausea after consumption of food from a common kitchen. The affected age group was 12 to 35 years. District RRT investigated the outbreak. Community awareness and health education given by peripheral team on control measures, hygiene and sanitation. Cases were reported from Birnama, Ward 1"
Assam,Kokrajhar,Malaria,,2,2,21-04-2025,"Under BPHC, Surveillance blood samples were sent for testing, both were positive for Malaria by RDT and microscopy. District RRT investigated the outbreak. Community awareness and health education given by peripheral sanitation. P.falciparum with MODS & 19 year/male due to Cerebral malaria associated with sepsis and acute liver failure) have occurred on 21/04/25 & 22/04/25, respectively. Cases were reported from Village Uber, Sub-District Ghoshi,","District Kokrajhar. Cases presented with fever. Two team on vector control measures, hygiene and Two deaths (15 year/male due to Malaria"
Bihar,Jehanabad,Measles,,28,0,09-04-2025,"Under District Jehanabad. Cases presented with fever with rash. The Surveillance affected age group was 3-23 years. Five blood samples were collected and sent to AIIMS, Patna, out of which 1 was positive for Measles IgM by ELISA. outbreak. Cases treated symptomatically. Vitamin A solution was given to susceptible. Community awareness and health education given by the peripheral team on vaccination, hygiene and sanitation. Cases","District RRT investigated the were reported from PHC Vannamada, Village"
Bihar,Samastipur,Fever with Rash,6,0,16-05-2025,18-05-2025,Under Surveillance,"& 7, Sub-District Ujiarpur, District Samastipur. Cases presented with fever with rash. The affected age group was 1-9 years. Six blood samples were collected and sent to AIIMS, Patna, all were negative for Measles IgM by ELISA. District RRT investigated the outbreak. Cases treated symptomatically. Vitamin A solution was given to susceptible. Community awareness and health education given by the peripheral team on vaccination, hygiene and sanitation."
Bihar,Vaishali,Measles,6,0,08-05-2025,14-05-2025,Under Surveillance,"Fatah, Sumerganj, Ward 15 under PHC Chehrakala, Sub-District Chehra Kalan, District Vaishali. The affected age group was 2-15 years. Five blood samples were collected and sent to AIIMS, Patna, out of which 1 was positive for Measles IgM by ELISA. District RRT investigated the outbreak. Cases treated symptomatically. Vitamin A solution was given to susceptible. Community awareness and health education given by the peripheral team on vaccination, hygiene and sanitation. Cases were reported from Village Khursipar,"
Chhattis garh,Balod,Hepatitis A,22,0,14-05-2025,16-05-2025,Under Surveillance,"Sub-District Arjunda, District Balod. Cases presented with yellowing of the skin. A total of 22 blood samples were sent to AIIMS Raipur, out of which 3 were positive for Hepatitis A. A total 11 water samples were sent to the PHE Department, all were found to be safe for drinking. District RRT investigated the outbreak. Community awareness and health education given by the peripheral team on control measures, hygiene and sanitation. Cases were reported from UPHC Vavol,"
Gujarat,Gandhinaga r,Cholera,77,0,14-05-2025,16-05-2025,Under Surveillance,"Nadiyavas Village, District Gandhinagar. Cases presented with diarrhea. The affected age group was 5-60 years. A total of 11 samples were sent to GMERS Gandhinagar, out of which 7 were positive for Vibrio cholera. Three water samples were sent to the Microbiology Dept. GMERSG, all were found to be unfit for drinking purposes. District RRT investigated the outbreak. Community awareness and health education given by the peripheral team on control measures, hygiene and sanitation. Cases were reported from UHC Haridas,"
Gujarat,Kheda,Cholera,134,0,12-05-2025,13-05-2025,Under Surveillance,"Village Nadiad City, Sub-District Nadiad City, District Kheda. Cases presented with diarrhea and vomiting. The affected age group was 5-60 years. A total of 17 stool"
Jammu and Kashmir,Baramulla,Hepatitis A,19,0,13-05-2025,13-05-2025,Under Surveillance,"Gonipora, Block Kunzer, District Baramulla. Cases presented with fever, fatigue and yellow discoloration of eyes. The affected age group was 5-55 years. A total of 9 blood samples were collected and sent to DPHL Baramulla for serology of HAV and HEV, out of which 3 were positive for Hepatitis A IgM by ELISA. Two water samples were also collected and sent to DPHL Baramulla for analysis, both were found to be potable. District RRT investigated the outbreak. Community awareness and health education given by peripheral team regarding the spread of disease, control measures, hygiene and sanitation. Cases of jaundice reported from a colony in"
Jharkha nd,Khunti,Fever with Rash,10,0,13-05-2025,13-05-2025,Under Surveillance,"and Korakel, Sub-District Rania, District Khunti. Cases presented with fever with rash. The affected age group was 2-30 years. Two blood samples were collected and sent to RIMS, Ranchi, both were negative for Measles IgM by ELISA. District RRT investigated the outbreak. Cases treated symptomatically. Community awareness and health education given by the peripheral team on hygiene and sanitation. Cases were reported from Village"
Jharkha nd,Latehar,Paratyphoid,35,0,17-05-2025,17-05-2025,Under Surveillance,"Mahuadanr, Orsa and Hami Khas, Sub- District Mahuadanr, District Latehar. Cases were found during a fever survey. The age group of the affected cases was 16-40 years. A total of 35 samples out of 58, tested positive for Salmonella paratyphi A by Widal test at CHC. District RRT investigated the outbreak. Community awareness and"
Kerala,Alappuzha,Cholera,1,1,13-05-2025,15-05-2025,Under Surveillance,"Village Thalavady, Sub-District Kuttanad, District Alappuzha. A 48 year old male presented with loose stools, vomiting and abdominal distention. One blood sample was tested at BMC, which was positive for cholera on culture. District RRT investigated the outbreak. Community awareness and health education given by the peripheral team on control measures, hygiene and sanitation. Large scale IEC, water quality assessment, chlorination and door to door active case search was done. Death of the 48 year old male occurred due to the illness. Cases were reported from PHC Kanjoor,"
Jammu and Kashmir,Srinagar,Hepatitis A,39,0,16-05-2025,16-05-2025,Under Surveillance,"Block Hazratbal, Srinagar. Cases presented with fever, fatigue and yellow discoloration of eyes. The affected age group was 1-35 years. A total of 9 blood samples were collected and sent to DPHL Srinagar for"
Jharkha nd,Deoghar,Acute Diarrheal Disease,40,0,16-05-2025,16-05-2025,Under Surveillance,"Sub-District Mohanpur, District Deoghar. Cases presented with loose motion and vomiting. Two stool and one water sample was collected and sent to AIIMS, Deoghar, both were negative for any pathogenic organism and water sample was found to be fit for potable purpose. District RRT investigated the outbreak. Community awareness and health education given by peripheral team on control measures, hygiene and sanitation. Cases were reported from Village Koynara"
Kerala,Ernakulam,Dengue,33,0,12-05-2025,13-05-2025,Under Surveillance,"Kanjoor Gram Panchayat, Sub-District Aluva, District Ernakulam. Cases presented with fever. Four blood samples were sent to RPHL Ernakulam, all were positive for Dengue IgM by ELISA. District RRT investigated the outbreak. Community awareness and health education given by the peripheral team on vector control measures, hygiene and sanitation. Mass source elimination conducted in the affected area. Cases were reported from FHC Kunnukara,"
Kerala,Ernakulam,Dengue,10,0,09-05-2025,13-05-2025,Under Surveillance,"Sub-District Paravur, District Ernakulam. Cases presented with fever. The most affected age group was 40 to 50 years. Ten blood samples were sent for testing, all were positive for Dengue NS1 by card tests. District RRT investigated the outbreak. Community awareness and health education given by the peripheral team on vector control measures, hygiene and sanitation. Vector study was conducted in the area. Vector indices were found to be high [House Index (HI): 22.38, Container Index (CI): 31.63, Breteau Index (BI): 83.58]. Mass source elimination and fogging was conducted in the affected area."
Kerala,Kottayam,Dengue,8,0,14-05-2025,14-05-2025,Under Surveillance,"Maravanthuruth, Village Kulasekharamangalam, Sub-District Vaikom, District Kottayam. Cases presented with fever, headache and fatigue. The affected cases were in the age group of 45 to 70 years. Eight blood samples were sent to MCH Kottayam and GH Kottayam, all were positive for Dengue NS1 by card test. District RRT investigated the outbreak. Community awareness and health education given by the peripheral team on vector control measures, hygiene and sanitation. Cases were reported from FHC Arikkulam,"
Kerala,Kozhikode,Acute Diarrheal Disease,93,0,17-05-2025,17-05-2025,Under Control,"Village Keezhariyur and Arikkulam, Sub- District Koyilandi, District Kozhikode. Cases presented with diarrhea. One water sample was collected and sent to KWA Lab Quilandy, which showed presence of Coliforms (10 CFU) & E.coli (5 CFU) in 100 ml of water. District RRT investigated the outbreak. Community awareness and health education given by the peripheral team on control measures, hygiene and sanitation. Cases were reported from PHC Kunduthode,"
Kerala,Kozhikode,Dengue,47,0,15-05-2025,15-05-2025,Under Surveillance,"Village Kavilumpara, Sub-District Vatakara, District Kozhikode. Cases presented with fever, fatigue and headache. Four blood samples were sent to RPHL KKD, all were positive for Dengue. All other cases were diagnosed clinically as suspected dengue. District RRT investigated the outbreak. Community awareness and health education given by the peripheral team on vector control measures, hygiene and sanitation. Vector indices were HI - 7.1, BI - 10.7, CI - 6.5. Cases were reported from PHC"
Kerala,Palakkad,Hepatitis A,29,0,17-05-2025,17-05-2025,Under Surveillance,"Kumaranallur, Village Kappur, Sub-District Pattambi, District Palakkad. Cases presented with jaundice. The affected age group was 9 to 25 years. Serum samples from three symptomatic individuals were collected and"
Kerala,Palakkad,Dengue,24,0,15-05-2025,16-05-2025,Under Surveillance,"Village Koppam and Vilayur, Sub-District Pattambi, District Palakkad. Cases presented with fever. Seven serum samples were sent to IPHL Palakkad, all were positive for Dengue IgM by ELISA. District RRT investigated the outbreak. Community awareness and health education given by the peripheral team on vector control measures, hygiene and sanitation. Cases were reported from CHC Alanallur,"
Kerala,Palakkad,Hepatitis A,72,0,14-05-2025,16-05-2025,Under Surveillance,"Village Alanallur-III, Sub-District Mannarkad, District Palakkad. Cases presented with jaundice. Serum samples from five symptomatic individuals were collected and sent to IPHL, out of which 2 were positive for HAV IgM by ELISA. District RRT investigated the outbreak. Community awareness and health education given by the peripheral team on control measures, hygiene and sanitation. Cases were reported from PHC Kollengode,"
Kerala,Palakkad,Food Poisoning,21,0,12-05-2025,12-05-2025,Under Control,"PHC Vadavannur, Village Kollengode-I and Vadavannur, Sub-District Chittur, District Palakkad. Cases presented with vomiting and loose stools after consumption of food from a common place. District RRT investigated the outbreak. Community awareness and health education given by the peripheral team on control measures, hygiene and sanitation. Cases were reported from a school under"
Kerala,Pathanamthi tta,Mumps,24,0,12-05-2025,12-05-2025,Under Surveillance,"FHC Kottangal, Village Kottangal, Sub- District Mallappally, District Pathanamthitta. Cases presented with fever with swelling in the parotid area. The affected age group was 6-23 years. All cases were diagnosed clinically. District RRT"
Kerala,Palakkad,Dengue,,7,0,02-05-2025,"Under Kozhinjampara, Sub-District Chittur, District Palakkad. Cases Surveillance presented with fever. Seven blood samples were sent for testing, all were positive for Dengue by card test. District RRT investigated the outbreak. Community awareness and health education given by the peripheral team on vector control measures, hygiene and sanitation.",
Kerala,Thiruvanant hapuram,Food Poisoning,8,0,17-05-2025,17-05-2025,Under Surveillance,"Cases were reported from a college in District Thiruvananthapuram. Cases presented with loose stools & vomiting after consumption of food from a common kitchen. Water and two stool samples were collected & sent to MCH TVM. Two stool samples were negative for Salmonella, Shigella and Vibrio on culture. The food safety department has collected food samples for examination. District RRT investigated the outbreak. Community awareness and health education given by the peripheral team on control measures, hygiene and sanitation. Cases reported from CHC Shadora, Village"
Madhya Pradesh,Ashoknagar,Fever with Rash,7,0,17-05-2025,17-05-2025,Under Surveillance,"Nanakpur, SHC Dangorafoot, Block Shadora. Cases presented with fever with rash. The affected age group was 5 to 25 years. Five samples were collected and sent to GMC Bhopal, all were negative for Measles. Vitamin A supplementation and immunization was done for rest of the children in the village. District RRT investigated the outbreak. Community awareness and health education given by the peripheral team on control measures, hygiene and sanitation. Cases reported from PHC Sivna, Village"
Odisha,Balangir,Food Poisoning,16,0,12-05-2025,14-05-2025,Under Control,"Sub-District Loisinga, District Balangir. Cases presented with loose motion, abdominal cramps and vomiting after consumption of food from a common place. The most affected age group was 5-14 years. Two water samples and 1 rectal swab were collected and sent to DPHL, Balangir. All water samples were found to be negative for H2S test having OT value 0.0 ppm. No entero-pathogenic bacteria was found in rectal swab. District RRT investigated the outbreak. Community awareness and health education given by the peripheral team on control measures, hygiene and sanitation."
Maharas htra,Satara,Dengue,20,0,14-05-2025,14-05-2025,Under Surveillance,"Sub-District Koregaon, District Satara. Cases presented with fever. A total of 30 blood samples were sent for testing, out of which 7 were positive for Dengue NS1 Ag by ELISA. District RRT investigated the outbreak. Community awareness and health education given by the peripheral team on vector control measures, hygiene and sanitation. Cases were reported from Dingjor Village"
Meghala ya,South West Garo Hills,Acute Diarrheal Disease,13,0,12-05-2025,13-05-2025,Under Surveillance,"under Betasing PHC, Belbari Block. Cases presented with symptoms of fever, loose watery stools, headache, and vomiting. One water sample was sent for testing, which was found to be unsafe for consumption. Blood samples were sent for testing, all were negative for scrub typhus, typhoid, and malaria. District RRT investigated the outbreak. Community awareness and health education given by the peripheral team on control measures, hygiene and sanitation. Cases reported from: Village Sahajchhapar,"
Madhya Pradesh,Khargone,Acute Diarrheal Disease,256,0,11-05-2025,12-05-2025,Under Surveillance,"Mithawal, Block Jhirniya, District Khargone. Cases presented with loose motion, vomiting, weakness, nausea. The affected age group was 20-30 years. Eight stool samples were collected and sent to MGM. Ten water samples were collected & sent to PHE Khargone, all were found to be fit for drinking on bacteriological"
Madhya Pradesh,Satna,Acute Diarrheal Disease,81,0,13-05-2025,13-05-2025,Under Surveillance,"Majhgawa, Village Majhgawan, Sub- District Kothi, District Satna. Cases presented with diarrhea and vomiting. The affected age group was 1-80 years. Vomitus and water sample was collected & sent to DPHL Rewa. The vomitus sample was negative for any pathogen. Water samples showed presence of fecal coliform & E.coli. District RRT investigated the outbreak. Community awareness and health education given by the peripheral team on control measures, hygiene and sanitation. Cases reported from CHC Jawar, SHC"
Madhya Pradesh,Sehore,Food Poisoning,21,0,14-05-2025,15-05-2025,Under Surveillance,"Darkheda, Village Bhau Kheda, District Sehore. Cases presented with loose motion, vomiting after attending a religious gathering. The most affected age group was 1-20 years. One food sample was sent to State Food Testing Laboratory Bhopal. District RRT investigated the outbreak. Community awareness and health education given by the peripheral team on control measures, hygiene and sanitation. Cases were reported from SHC Janpura,"
Madhya Pradesh,Sheopur,Acute Diarrheal Disease,23,0,16-05-2025,16-05-2025,Under Surveillance,"Village Janpura, Sub-District Sheopur, District Sheopur. Cases presented with loose motion, vomiting & fever. The affected age group was 1 to 5 years. District RRT investigated the outbreak. Community awareness and health education given by peripheral team on control measures, hygiene and sanitation. Cases were reported from Sub-District"
Maharas htra,Satara,Dengue,16,0,09-05-2025,16-05-2025,Under Surveillance,"Koregaon, District Satara. Cases presented with fever. A total of 16 blood samples were sent to DH Satara, out of which 1 was"
Rajastha n,Sirohi,Food Poisoning,50,0,14-05-2025,16-05-2025,Under Control,"District Pindwara, District Sirohi. Cases presented with diarrhea & vomiting after attending a social gathering. Four samples were collected and sent to Food Safety Lab Jalore. District RRT investigated the outbreak. Community awareness and health education given by peripheral team on control measures, hygiene and sanitation. Cases reported from PHC Ennamangalam,"
Tamil Nadu,Erode,Dengue,8,0,16-05-2025,17-05-2025,Under Surveillance,"HSC Michelpalayam, Anthiyur Colony, Block Anthiyur, District Erode. Cases presented with fever. Three blood samples were sent to DPHL, Erode, all were positive for Dengue NS1 and IgM by ELISA. District RRT investigated the outbreak. Community awareness and health education given by the peripheral team on vector control measures, hygiene and sanitation. Cases reported from PHC Athiyur, HSC"
Tamil Nadu,Perambalur,Acute Diarrheal Disease,63,0,13-05-2025,14-05-2025,Under Surveillance,"Athiyur, Village Athiyur, Block Veppur, District Perambalur. Cases presented with diarrhea. All affected cases were more than 15 years of age. Nine water and one stool sample was sent to DPHL Perambalur. All water samples showed the presence of Coliforms. The stool sample was negative for any entero-pathogen. District RRT investigated the outbreak. Community awareness and health education given by the peripheral team on control measures, hygiene and sanitation. Cases reported from PHC Embal, HSC"
Tamil Nadu,Pudukkottai,Acute Diarrheal Disease,70,0,15-05-2025,15-05-2025,Under Surveillance,"Irumbanadu, Village Velani, Block Arimalam, District Pudukkottai. Cases presented with fever & loose stools. Most of the affected cases were more than 15 years of age. Stool samples were sent to Pudukkottai Medical College. Water samples were sent to DPHL Thiruvarangulam. Food samples were sent to the Food Analysis Lab, Salem. All samples were negative for any entero-pathogen."
Tamil Nadu,Sivaganga,Suspected Food Poisoning,16,0,15-05-2025,17-05-2025,Under Surveillance,"HSC Pethanendal, Village Sirugavayal, Block Devakottai, District Sivagangai. Cases presented with loose stools & vomiting after consumption of food from a common place. Most of the affected cases were more than 15 years of age. Five stool samples were sent to Sivagangai Medical College Hospital, all were negative for Vibrio cholerae and other bacterial entero- pathogens on culture. District RRT investigated the outbreak. Community awareness and health education given by the peripheral team on control measures, hygiene and sanitation. Cases reported from PHC Vallanadu, HSC"
Tamil Nadu,Tuticorin,Acute Gastroenteri tis,9,0,16-05-2025,17-05-2025,Under Surveillance,"Mutharammalpural, Village Vallnadu, Block Karunkulam, District Tuticorin. Cases presented with diarrhea. All the affected cases were more than 15 years of age. Three stool & water samples were sent to DPHL, Thoothukudi. All stool samples were negative for any entero-pathogen on culture. One water sample was positive on MPN test. District RRT investigated the outbreak. Community awareness and health education given by the peripheral team on control measures, hygiene and sanitation. Cases of fever were reported from Village"
Uttar Pradesh,Hapur,Leptospirosi s,14,0,15-05-2025,17-05-2025,Under Surveillance,"Imtori, PHC Bhatiyana, District Hapur. Cases were in the age group 7-85 years. Out of 52 blood samples collected and sent to District Hospital Hapur, 14 samples tested positive for Leptospirosis and 1 sample for Dengue (IgM by ELISA). District RRT investigated the outbreak. Active search for fever cases done in the affected area. Vector control measures undertaken in the village."
Uttar Pradesh,Pilibhit,Food Poisoning,11,0,13-05-2025,15-05-2025,Under Surveillance,"abdominal pain were reported from PHC Lalaurikhera-1, District Pilibhit after consumption of food from a common place. District RRT investigated the outbreak. Cases treated symptomatically. Health education given regarding safe food habits. Cases reported from Brahmottra Chatra"
West Bengal,Coochbehar,Anthrax,3,3,16-05-2025,16-05-2025,Under Surveillance,"Village, Sitai Sub-District. Cases presented with weakness, bloody stool, vertigo, dysphagia, respiratory distress and soft tissue swelling on the right side of the neck. There is history of death of 5 pet cows and 4 goats between 12.04.25 to 20.04.25. Cows & goats had symptoms of excessive salivation, loose motion, abdominal distension and respiratory distress suspected to be anthrax. Gram stain from one suspected human case showed scanty gram positive bacilli with few sporing and mostly non-sporing. One vomitus sample from a human case was sent to MJN MCH for culture, which was negative for Anthrax. One ulcer sample was sent for Gram Staining from the wound material. One blood sample from cattle & one soil sample tested by ARD were positive for B.anthracis. Total 13 water samples were sent to PHE lab, all were found to be potable. District RRT along with district ARD (Animal Resources Development Department) officials investigated the outbreak. Community awareness and health education given by the peripheral team on control measures, hygiene and sanitation. Three deaths (53/female, 57/female & 66/male) have occurred due to the illness. All three deceased consumed the meat of one sick goat (before its death) and milk of the sick cows."
West Bengal,Medinipur West,Food Poisoning,22,0,15-05-2025,15-05-2025,Under Control,"under Menkapur SC, Dantan-I Block. Cases presented with loose stool, vomiting and pain abdomen after consumption of food at a marriage ceremony. The affected age group was 5-44 years. Three rectal swabs and 2 water samples were collected and sent for testing. District RRT investigated the outbreak. Community awareness and health education given by the peripheral team on control measures, hygiene and sanitation."
West Bengal,"24 Paraganas North th March, 2020. The States have been reporting the COVID-19 cases and deaths on a real-time basis and the same was being updated on the website of",Diarrheal,Acute Disease,99 COVID-19 STATUS,0,02-05-2025,"Under 13, 14, 15, 17, Khardah Surveillance Cases presented with abdominal pain, vomiting and loose motion. The most affected age group was 15 to 44 years. Five water samples were collected and sent to the WBPHL. Four rectal swab samples were collected and sent to District Public Health Lab at Barasat Govt Medical College for testing. Rectal swab culture showed growth of commensal bacteria of the intestine. Six rectal swab & 1 water samples were also sent to NICED. District RRT investigated the outbreak. Community awareness and health education given by the peripheral team on control measures, hygiene and sanitation.",Municipality under North 24 PGS.
Andhra Pradesh,Kurnool,Chikungunya,,10,0 24-04-2025,,"Under Kurnool. Cases presented with fever with joint pain. 26 blood Control samples were sent to KMC Kurnool, out of which 10 samples were positive for investigated the outbreak. Community peripheral team on vector control measures, hygiene and sanitation. Cases were reported from Village Karroh, Sub-District Kathua,",Chikungunya IgM by ELISA. District RRT Cases treated symptomatically. awareness and health education given by
Assam,Darrang,Mumps,14,0,21-05-2025,21-05-2025,Under Control,"Sonapur, Sub-District Sipajhar, District Darrang. Cases presented with swelling and pain in parotid gland with mild fever. Cases were clinically diagnosed as Mumps. District RRT investigated the outbreak. Cases treated symptomatically. Community awareness and health education given by peripheral team on, hygiene and sanitation."
Assam,Dibrugarh,Chickenpox,10,0,20-05-2025,20-05-2025,Under Surveillance,"Cases were reported from Village Maijan, Sub-District Dibrugarh East, District Dibrugarh. Cases presented with fever with maculo-papular rash. 7 blood samples were collected and sent to ICMR-RMRC, Dibrugarh. All the samples found positive for the Varicella Zoster IgM by ELISA. District RRT investigated the outbreak. Age group of the affected cases were 3-60 years. Cases treated symptomatically. Community awareness and health education given by peripheral team on vaccination, hygiene and sanitation."
Assam,Golaghat,Hepatitis A,13,1,23-05-2025,23-05-2025,Under Surveillance,"Cases were reported from Village Bahikhowa, Sub-District Bokakhat, District Golaghat. Cases presented with symptoms of Yellowish coloration of the eyes, fever, and nausea. 26 blood samples and 7 water samples were collected and sent to DPHL Golaghat and SKK Civil Hospital. 11 samples found Hepatitis A positive by ELISA. 2 Water samples found unfit for potable purpose. District RRT investigated the outbreak. The main cause of outbreak is contaminated water supply. Cases treated symptomatically. A 21-year-old male expired on 21-05-2025. Community awareness and health education given by peripheral team on hygiene and sanitation. Cases were reported from Village Kathal"
Assam,Sonitpur,Food Poisoning,191,0,22-05-2025,22-05-2025,Under Control,"Guri T. E., Balijuri and Harchura Reo Grant, Sub-District Chariduar, District Sonitpur. Cases presented with loose stools, fever and vomiting. 4 blood samples, 4 stool samples, 5 water samples and food samples were collected and sent to DPHL Sonitpur. Stool samples did not show the growth of any pathogenic organism. Water samples found unfit for potable purpose. District RRT investigated the outbreak. Cases treated symptomatically. All the cases developed the symptoms after eating food in a marriage function on 21-05-2025. Community awareness and health education given by peripheral team on hygiene and sanitation."
Bihar,Pashchim Champaran,Acute Diarrheal Disease,8,0,21-05-2025,22-05-2025,Under Surveillance,"Cases were reported from RPS School, Village Barwa, District Pashchim Champaran. Cases presented with loose stools and pain abdomen. The affected age group was 8-12 years. District RRT investigated the outbreak. Cases treated symptomatically. Community awareness and health education given by peripheral team on control measures, hygiene and sanitation. Cases were reported from Sub-District"
Bihar,Samastipur,Fever with Rash,5,0,16-05-2025,19-05-2025,Under Surveillance,"Ujiarpur, District Samastipur. Cases presented with fever with rash. 5 blood samples were collected and sent to AIIMS, Patna. All the samples found negative for the Measles IgM by ELISA. District RRT investigated the outbreak. Age group of the affected cases was 3-25 years. Cases treated symptomatically. Community awareness and health education given by peripheral team on vaccination, hygiene and sanitation."
Chhattisgarh,Bilaspur,Acute Diarrheal Disease,20,0,18-05-2025,19-05-2025,Under Surveillance,"Cases were reported from Village Ranigaon, Sub-Distrcit Ratanpur, Cases presented with loose motion and vomiting. District RRT investigated the outbreak. Community awareness and health education given by peripheral team on control measures, hygiene and sanitation."
Chhattisgarh,Raipur,Acute Diarrheal Disease,80,0,19-05-2025,19-05-2025,Under Surveillance,"Cases were reported from Village Khola, Sub-Distrcit Gobra Navapara, District Raipur. Cases presented with loose motion and vomiting. 3 stool samples and 4 water samples were collected and sent to Hamar lab. Stool samples did not show growth of any pathogenic organism and all the water samples found unfit for potable purpose (Coliforms detected). District RRT investigated the outbreak. Community awareness and health education given by peripheral team on control measures, hygiene and sanitation."
Chhattisgarh,Rajnandgaon,Acute Diarrheal Disease,26,0,22-05-2025,23-05-2025,Under Surveillance,"Cases were reported from Village Jodhra and Kuhi Khurd, Sub-Distrcit Chhuriya, District Rajnandgaon. Cases presented with loose motion and vomiting. 1 stool sample was collected and sent to Govt Medical College Rajnandgaon. Stool samples did not show growth of any pathogenic organism. District RRT investigated the outbreak. Community awareness and health education given by peripheral team on control measures, hygiene and sanitation."
Gujarat,Dang,Chikunguny a,20,0,22-05-2025,23-05-2025,Under Surveillance,"Cases were reported from Village Nakatia Hanwat, Sub-District Subir, District Dang. Cases are presented with Fever and body ache. 27 blood samples were collected and sent to Civil Hospital, Ahwa, out of which 20 were positive for Chikungunya IgM by ELISA. District RRT investigated the outbreak. Affected age group was 15-60 years. Cases treated symptomatically. Community awareness and health education given by peripheral team on vector control measures, hygiene and sanitation."
Gujarat,Mahisagar,Acute Diarrheal Disease,10,0,20-05-2025,20-05-2025,Under Control,"Cases were reported from Village Kheroli and Salaiya, Sub-District Virpur, District Mahisagar. Cases presented with loose stools and vomiting. 3 water samples were collected and sent to VASMO Laboratory, Ludwana. Samples found unfit for potable purpose. District RRT investigated the outbreak. Age group of the affected cases were 15-60 years. Cases treated symptomatically. Community awareness and health education given by peripheral team on hygiene and sanitation. Cases were reported from Village"
Gujarat,Surendranaga r,Hepatitis A,40,0,22-05-2025,22-05-2025,Under Surveillance,"Dhrangadhra, Sub-District Dhrangadhra, District Surendranagar. Cases presented with diarrhea, vomiting and pain abdomen. Total 3 blood samples and 8 water samples were collected and sent to DPHL Surendranagar. All blood samples came positive for Hepatitis A IgM by ELISA. And water samples found unfit for potable purpose. District RRT investigated the outbreak. Age group of the affected cases was 2-48 years. Cases treated symptomatically. Community awareness and health education given by peripheral team on hygiene and sanitation. Cases were reported from Village Goniatu,"
Jharkhand,Giridih,Acute Diarrheal Disease,,15,0 23-04-2025,Surveillance,"Under Jamua, District Giridih. loose stools and vomiting. outbreak. awareness and health education given by peripheral team on hygiene and sanitation. Cases were reported from Village Anturli & Naigaon, Sub-","Cases presented with pain abdomen, District RRT investigated the Cases treated symptomatically. Community"
Jharkhand,Bokaro,Chickenpox,11,0,19-05-2025,21-05-2025,Under Surveillance,"Sub-District Nawadih, District Bokaro. Cases presented with fever with rash. District RRT investigated the outbreak. Age group of the affected cases was 7-42 years. Cases treated symptomatically. Community awareness and health education given by peripheral team on hygiene and sanitation."
Jharkhand,Dumka,Chickenpox,19,0,20-05-2025,22-05-2025,Under Surveillance,"Sangrampur Tongi, Sub-District Saraiyahat, District Dumka. Cases presented with fever with rash. 7 blood samples were collected and sent to RIMS, Ranchi. All 7 samples found positive for the Varicella Zoster IgM by ELISA. District RRT investigated the outbreak. Age group of the affected cases was 2-35 years. Cases treated symptomatically. Community awareness and health education given by peripheral team on hygiene and sanitation. Cases were reported from Village Amma,"
Jammu and Kashmir,Kathua,Suspected Typhoid,,11,0 19-04-2025,Surveillance,"Under PHC Lakhanpur, District Kathua. Cases presented with fever, pain abdomen and weakness. 11 blood samples out of 24 samples Kathua. samples symptomatically. Community awareness and health education given by peripheral team on hygiene, and sanitation. Cases were reported from Village Pandeydih, Sub-District",came positive for Typhoid by Widal at DPHL District RRT investigated the outbreak. Eight water tested unfit for potable purpose. Cases treated
Jharkhand,Khunti,Chickenpox,8,0,20-05-2025,20-05-2025,Under Surveillance,"Sub-District Torpa, District Khunti. Cases are presented with Fever with Rash. Cases presented with fever with rash. 6 blood samples were collected and sent to RIMS, Ranchi. 4 sample found positive for the Varicella Zoster IgM by ELISA. District RRT investigated the outbreak. Age group of the affected cases was 1-14 years. Cases treated symptomatically. Community awareness and health education given by peripheral team on hygiene and sanitation. Cases were reported from Village Kurkura,"
Jharkhand,Simdega,Chickenpox,7,0,19-05-2025,22-05-2025,Under Surveillance,"Sub-District Bansjor, District Simdega. Cases are presented with Fever with Rash. Cases presented with fever with rash. 4 blood samples were collected and sent to DPHL Simdega. All 4 samples found positive for the Varicella Zoster IgM by ELISA. District RRT investigated the outbreak. Age group of the affected cases was 5-28 years. Cases treated symptomatically at hospital. Community awareness and health education given by peripheral team on hygiene and sanitation."
Kerala,Kasaragod,Hepatitis A,14,0,23-05-2025,24-05-2025,Under Surveillance,"Cases were reported from Village Balla, Sub-District Hosdurg, District Kasaragod. Cases presented with jaundice. The affected age group was 3-36 years. Two water samples were collected & sent to DSU, both were found to be fit for drinking purpose by MPN test. Two blood samples were sent to DPHL Kasargod, both were positive for Anti-HAV IgM by ELISA. District RRT investigated the outbreak. Community awareness and health education given by peripheral team on hygiene and sanitation."
Kerala,Kollam,Hepatitis A,18,2,20-05-2025,21-05-2025,Under Surveillance,"Cases were reported from Village Thrikko Vilvatto m (CT), Sub-District Kollam, District Kollam. Cases presented with jaundice. Total 6 blood samples and 4 water samples were collected and sent to MCH Trivandrum & DPH Kollam. Blood samples came positive for Hepatitis A IgM by ELISA and water samples found unfit for potable purpose (Coliform detected) District RRT investigated the outbreak. Cases treated symptomatically. Community awareness and health education given by peripheral team on hygiene and sanitation. Two cases, 17 years old female and 19 years old female expired due to illness on th th 13 may and 16 May 2025 respectively. Cases were reported from ward 16, 18 and"
Kerala,Malappuram,Dengue,45,0,21-05-2025,22-05-2025,Under Surveillance,"20 of Vetton Panchayayath, Sub-District Tirur, District Malappuram. Cases presented with fever with bodyache. 3 blood samples were collected and sent to RPH Lab Ernakulam. All the samples found positive for Dengue IgM by ELISA. District RRT investigated the outbreak. Cases treated symptomatically. Community awareness and health education given by peripheral team on vector control measures, hygiene and sanitation."
Kerala,Palakkad,Dengue,40,0,19-05-2025,21-05-2025,Under Surveillance,"Pattambi, District Palakkad. Cases presented with fever with body ache. 6 blood samples were collected and sent to IPHL. Two samples found positive for Dengue IgM by ELISA. District RRT investigated the outbreak. Cases treated symptomatically. Community awareness and health education given by peripheral team on vector control measures, hygiene and sanitation."
Kerala,Palakkad,Food Poisoning,42,0,17-05-2025,20-05-2025,Under Control,"Cases were reported from Village Cherpulacherry, Sub-District Ottappalam, District Palakkad. Cases presented with loose stools, pain abdomen and vomiting. District RRT investigated the outbreak. All the cases developed the symptoms after having food in a marriage function on 17- 05-2025. Cases treated symptomatically. Community awareness and health education given by peripheral team on hygiene and sanitation. Cases were reported from Sub-District"
Kerala,Palakkad,Acute Diarrheal Disease,35,0,20-05-2025,20-05-2025,Under Control,"Palakkad, PHC Mundur, District Palakkad. Cases presented with loose motion and vomiting. One Stool sample and One water sample was collected and sent to State Public Health laboratory. Stool sample did not show growth of any pathogenic organism. Water sample found unfit for potable purpose (E.Coli detected). District RRT investigated the outbreak. Community awareness and health education given by peripheral team on control measures, hygiene and sanitation."
Kerala,Thrissur,Dengue,28,0,19-05-2025,19-05-2025,Under Surveillance,"Kodassery, Sub-District Chalakkudy, District Thrissur. Cases presented with fever with bodyache. 28 blood samples found positive for Dengue NS1 Antigen by ELISA at DMO lab Thrissur. District RRT investigated the outbreak. Cases treated symptomatically. Community awareness and health education given by peripheral team on vector control measures, hygiene and sanitation. Cases were reported from Village sangarh,"
Karnataka,Chitradurga,Chikunguny a,37,0,21-05-2025,22-05-2025,Under Surveillance,"Gollarahatti, Sub-District Holalkere, District Chitradurga. Cases presented with fever, myalgia and joint pain. Seven blood samples were sent for testing, out of which 3 were positive for Chikungunya IgM by ELISA. District RRT investigated the outbreak. Community awareness and health education given by peripheral team on vector control measures, hygiene and sanitation. Cases were reported from Village Bandaru,"
Karnataka,Dakshin Kannad,Acute Diarrheal Disease,76,0,17-05-2025,19-05-2025,Under Surveillance,"Sub-District Beltangadi, District Dakshin Kannad. Cases presented with vomiting and diarrhea. All age groups were affected. Four stool samples were collected and sent to DPHL lab. All were negative for any entero-pathogen. Total of 16 water samples were collected and sent to DPHL, out of which 9 were found to be unfit for potable purpose. District RRT investigated the outbreak. Community awareness and health education given by peripheral team on control measures, hygiene and sanitation"
Ladakh,Kargil,Chickenpox,8,0,21-05-2025,24-05-2025,Under Surveillance,"Sub-District Sanku, District Kargil. Cases presented with fever with vesicular rash, itching and Malaise. District RRT investigated the outbreak. Age group of the affected cases were 1-13 years. Cases treated symptomatically. Community awareness and health education given by peripheral team on hygiene and sanitation."
Maharashtra,Jalgaon,Dengue,,22,0 23-04-2025,Surveillance,"Under District presented with fever, headache, nausea and bodyache. 4 blood samples were collected and sent to samples found positive for Dengue IgM by ELISA. RRT symptomatically. Community awareness and health education given by peripheral team on vector control measures, hygiene and sanitation.","Muktainagar (Edlabad), District Jalgaon. Cases GMC Jalgaon. All the District investigated the outbreak. Cases treated"
Maharashtr a,Raigad,Hepatitis A,38,0,20-05-2025,20-05-2025,Under Surveillance,"Cases were reported from BUMS Welfare Clinic, Sub-District Panvel, District Raigad. Cases presented with abdominal pain, vomiting, loose stools. Total 8 blood samples were collected and sent to NIV Pune. 3 samples came positive for Hepatitis A IgM by ELISA. District RRT investigated the outbreak. Cases treated symptomatically. Community awareness and health education given by peripheral team on hygiene and sanitation"
Madhya Pradesh,Barwani,Human Rabies,6,6,24-05-2025,24-05-2025,Under Surveillance,"Six suspected human rabies deaths were reported from Village Limbai, Sub-District Rajpur, District Barwani. Accordingly, an th Early warning Signal was generated on 24 May, 2025. District RRT along with a central team investigated the outbreak. All the reported death cases had category III animal bite and only two had received Rabies Immunoglobulin. 3 deaths were at home. Two deaths were diagnosed positive for Rabies by PCR at NIMHANS, Bengaluru and Rabies DFAT at NIV Pune. 83-year-old female (RIG given on 05-05- 2025) and 50-year male expired on 23-05- 2025, another 50-year-old male expired on 24-05-2025, 60-year-old male died on 27- 05-2025, 56-year-old male expired on 01- 06-2025 and 35-year-old male (RIG given on 05-05-2025) expired on 02-06-2025. Community awareness and health education given by peripheral team on vaccination for dog bite, hygiene and sanitation."
Madhya Pradesh,Narsinghpur,Acute Diarrheal Disease,15,2,21-05-2025,21-05-2025,Under Surveillance,"Cases were reported from Village Mungwani, Sub-District Narsimhapur, District Narsinghpur. Cases presented with loose motion and vomiting. 2 stool samples and 10 water samples were collected and sent to Medical College Jabalpur. Stool samples did not show growth of any pathogenic organism and 3 water samples found unfit for potable purpose. District RRT investigated the outbreak. Community awareness and health education given by peripheral team on control measures, hygiene and sanitation. 25-year-old male expired on 21-05-2025 and 43-year-old female expired on 22-05-2025 due to illness. Cases were reported from Village"
Madhya Pradesh,Panna,Fever with Rash,23,0,19-05-2025,21-05-2025,Under Surveillance,"Muhandra, Sub-District Pawai, District Panna. Cases presented with fever with rash. District RRT investigated the outbreak. Age group of the affected cases was 2-35 years. Cases treated symptomatically. Community awareness and health education given by peripheral team on vaccination, hygiene and sanitation."
Odisha,Bhadrak,Hepatitis A,9,0,23-05-2025,23-05-2025,Under Surveillance,"Gopinathpur, Sub-District Chandabali, District Bhadrak. Cases presented with symptoms of fever and jaundice. 9 blood samples tested at DPHL Bhadrak came positive for Hepatitis A IgM by ELISA. 2 water samples found fit for potable purpose. District RRT investigated the outbreak. Age group of the affected cases were 5-14 years. Cases treated symptomatically. Community awareness and health education given by peripheral team on hygiene and sanitation."
Odisha,Koraput,Chikunguny a,14,0,20-05-2025,21-05-2025,Under Surveillance,"Cases were reported from Sub-District Koraput Town, District Koraput. Cases presented with fever with joint pain. 29 blood samples and 2 water samples were collected and sent to DPHL Koraput. 14 samples found positive for Chikungunya IgM by ELISA. District RRT investigated the outbreak. Cases treated symptomatically. Community awareness and health education given by peripheral team on vector control measures, hygiene and sanitation."
Tamil Nadu,Tirunelveli,Acute Diarrheal Disease,40,0,16-05-2025,19-05-2025,Under Surveillance,"Cases were reported from Villages Singamparai, Anna nagar, Ambedkar colony, Amarnath colony, Pandiyapuram street, Block Papakudi, District Tirunelveli. Cases presented with loose motion. 10 stool samples and 11 water samples were collected and sent to TVMCH lab and PH Water Analysis lab, Tirunelveli. Stool samples did not show growth of any pathogenic organism One water sample found unfit for potable purpose. District RRT investigated the outbreak. Cases were treated symptomatically. Community awareness and health education given by peripheral team on control measures, hygiene and sanitation."
Uttar Pradesh,Sonbhadra,Food Poisoning,13,1,21-05-2025,22-05-2025,Under Surveillance,"Cases were reported from Village Nevari, Sub-Distrcit Robertsganj, District Sonbhadra. Cases presented with loose stools, pain abdomen and vomiting after consumption of food in a marriage function. District RRT investigated the outbreak. Cases treated symptomatically at PHC Chatra. Community awareness and health education given by peripheral team on hygiene and sanitation. A 42-year-old male expired on 20-05-2025 due to illness."
West Bengal,Bankura,Acute Diarrheal Disease,21,0,15-05-2025,19-05-2025,Under Control,"Cases were reported from Village Biur, Sub- Distrcit Patrasayer, District Bankura. Cases presented with loose motion and vomiting. 2 stool samples were collected and sent to BSMCH. Stool samples did not show growth of any pathogenic organism District RRT investigated the outbreak. Community awareness and health education given by peripheral team on control measures, hygiene and sanitation."
West Bengal,Jhargram,Chickenpox,20,0,19-05-2025,20-05-2025,Under Control,"Cases were reported from Village Gopinathpur, Sub-Distrcit Binpur - I, District Jhargram. Cases presented with fever with rash. 4 blood samples were collected and tested. All the samples found positive for the Varicella Zoster IgM by ELISA. District RRT investigated the outbreak. Cases treated symptomatically. Community awareness and health education given by peripheral team on vaccination, hygiene and sanitation."
West Bengal,Purulia,Acute Diarrheal Disease,23,0,18-05-2025,19-05-2025,Under Control,"Cases were reported from Village Majhihira, Sub-Distrcit Manbazar - I, District Purulia. Cases presented with loose motion and vomiting. 2 stool samples were collected and tested. Stool samples did not show growth of any pathogenic organism District RRT investigated the outbreak. Community awareness and health education given by peripheral team on control measures, hygiene and sanitation."
Assam,Baksa,Malaria,23,1,29-05-2025,31-05-2025,Under Surveillance,"Village under Uttarkuchi AAM, Sub- Distrcit Baska, District Baksa. Cases presented with fever. Total 298 Slide were Examined, out of which 23 were positive for Malaria (P.falciparum). District RRT investigated the outbreak. Community awareness and health education given by peripheral team on vector control measures, hygiene and sanitation. Death of an 18 year old male had occur due to the illness (positive for Malaria). Cases were reported from Village Barowa,"
Assam,Darrang,Chickenpox,12,0,19-05-2025,Under Surveillance,"Bhuktabari Village, Cases are presented with fever with rash. age group was clinically. District RRT investigated the outbreak. Community awareness and health control measures, hygiene and sanitation. Cases were reported from","Sub-Distrcit Sipajhar, District Darrang. The most affected 31-60 years. All cases were diagnosed education given by peripheral team on PHC Narivali, Village Narivali,"
Assam,Goalpara,Hepatitis A,6,0,30-05-2025,31-05-2025,Under Surveillance,"Sub-Distrcit Dudhnai, District Goalpara. Cases presented with yellowish discolouration of sclera, icterus, abdominal pain, fever and headache. The most affected age group was 6-30 years. Eight blood samples were collected and tested at DPHL Goalpara, out of which 6 were positive for Hepatitis A IgM by ELISA. Water samples were collected and sent for testing, all were found to be unsatisfactory. District RRT investigated the outbreak. Community awareness and health education given by peripheral team on control measures, hygiene and sanitation."
Assam,Goalpara,Hepatitis A,30,0,28-05-2025,28-05-2025,Under Surveillance,"PHC, Village Krishnai Guria-I, Sub-Distrcit Matia, District Goalpara. Cases presented with jaundice, with abdominal pain, headache and fever. The most affected age group was 31-60 years. 30 blood samples were collected and sent for testing, out of which 14 were positive for Hepatitis A IgM by ELISA. Water samples were also tested, which were found to be unsatisfactory. District RRT investigated the outbreak. Community awareness and health education given by peripheral team on control measures, hygiene and sanitation. Cases were reported from Sub-District"
Chhattisgarh,Bastar,Food Poisoning,41,0,28-05-2025,29-05-2025,Under Surveillance,"Darbha, District Bastar. Cases presented with diarrhea and vomiting after consumption of food in a marriage reception. Two stool samples were collected and sent to Medical College Dimrapal Microbiology Department, both were negative on culture. District RRT investigated the outbreak. Community awareness and health education given by peripheral team on control measures, hygiene and sanitation. Cases reported from Yadunandan Nagar,"
Chhattisgarh,Bilaspur,Hepatitis A,31,0,27-05-2025,30-05-2025,Under Surveillance,"Tifra, Bilaspur City. Cases presented with yellowing of skin. The affected age group was 3-41 years. Ten blood samples were sent to Microbiology, CIMS, all 5 were positive for HAV IgM by ELISA. All other cases were epidemiologically linked cases. District RRT investigated the outbreak. Community awareness and health education given by peripheral team on control measures, hygiene and sanitation."
Chhattisgarh,Bilaspur,Acute Diarrheal Disease,50,0,28-05-2025,30-05-2025,Under Surveillance,"City (Urban). Cases presented with diarrhea and vomiting. All age groups were affected. Five stool samples were sent to Microbiology Lab, out of which 4 were positive for E.coli. District RRT investigated the outbreak. Community awareness and health education given by peripheral team on control measures, hygiene and sanitation. Cases were reported from PHC Sardargadh,"
Gujarat,Junagadh,Food Poisoning,30,0,26-05-2025,26-05-2025,Under Control,"Village Dagad, Sub-District Manavadar, District Junagadh. Cases presented with symptoms of diarrhea, abdominal pain and vomiting after consumption of food from a common kitchen. The affected age group was 18 to 25 years. One water sample was collected & sent for testing, results for the same are pending. District RRT investigated the outbreak. Community awareness and health education given by peripheral team on control measures, hygiene and sanitation. Cases were reported from PHC Kothi,"
Gujarat,Morbi,Suspected Food Poisoning,21,0,26-05-2025,26-05-2025,Under Control,"Village Wankaner & Vaghasia, Sub-District Wankaner, District Morbi. Cases presented with loose stools after consumption of food in a marriage function. The affected age group was 5-44 years. Three stool samples were sent for testing, all were negative for any entero-pathogen on culture and routine microscopy. District RRT investigated the outbreak. Community awareness and health education given by peripheral team on control measures, hygiene and sanitation."
Gujarat,Surat,Fever with Rash,18,0,27-05-2025,27-05-2025,Under Control,"Borsara & Pipodara, Sub-District Mangrol, District Surat. Cases presented with fever with rash. The affected age group was 5-14 years. Total 18 blood samples were taken and sent for testing, all were negative for Measles. Age group affected between. All cases were fully vaccinated for age. District RRT investigated the outbreak. Community awareness and health education given by peripheral team on control measures, hygiene and sanitation. Cases were reported from Village"
Jharkhand,East Singhbum,Chickenpox,16,0,27-05-2025,28-05-2025,Under Surveillance,"Shirishbani, Sub-District Ghatshila, District East Singhbum. Cases presented with fever with maculo-papular rash. Age group of the affected cases was 5-72 years. Five blood samples were collected and sent to DPHL Sadar Hospital, out of which four were positive for Varicella Zoster IgM by ELISA. District RRT investigated the outbreak. Cases treated symptomatically. Community awareness and health education given by peripheral team on hygiene and sanitation. Cases were reported from Village"
Jharkhand,East Singhbum,Chickenpox,21,0,26-05-2025,27-05-2025,Under Surveillance,"Jilingdungr, Kuiyani & Amjhor, Sub- District Boram, District East Singhbum. Cases presented with fever with maculo- papular rash. Age group of the affected cases was 4-63 years. Seven blood samples were collected and sent to DPHL Sadar Hospital, out of which six were positive for Varicella Zoster IgM by ELISA. District RRT investigated the outbreak. Cases treated symptomatically. Community awareness and health education given by peripheral team on hygiene and sanitation."
Jharkhand,Khunti,Chickenpox,22,0,29-05-2025,29-05-2025,Under Surveillance,"Sub-District Khunti, District Khunti. Cases presented with fever with maculo-papular rash. Age group of the affected cases was 2- 37 years. Five blood samples were collected and sent to RIMS Ranchi, all were positive for Varicella Zoster IgM by ELISA. District RRT investigated the outbreak. Cases treated symptomatically. Community awareness and health education given by peripheral team on hygiene and sanitation. Cases were reported from Jhumri telaiya"
Jharkhand,Koderma,Food Poisoning,6,0,23-05-2025,29-05-2025,Under Control,"health facility, District Koderma. Cases presented with loose motion and vomiting. District RRT investigated the outbreak. All the cases developed the symptoms after consumption of food in a social gathering. Community awareness and health education given by peripheral team on control measures, hygiene and sanitation. Cases were reported from PHC"
Kerala,Ernakulam,Dengue,19,1,27-05-2025,28-05-2025,Under Surveillance,"Manned Gram Panchayat, Sub-District Muvattupuzha, District Ernakulam. Cases presented with fever, myalgia, vomiting and headache. Four serum samples were sent to RPHL Ernakulam, all were positive for Dengue IgM by ELISA. District RRT investigated the outbreak. Community awareness and health education given by peripheral team on vector control measures, hygiene and sanitation. Death of a 40 year old female had occur on 17.05.25 due to the illness. Cases were reported from PHC"
Kerala,Ernakulam,Dengue,18,0,28-05-2025,28-05-2025,Under Surveillance,"Mookkannoor, Mookkannur Gram Panchayat, Sub-District Aluva, District Ernakulam. Cases presented with fever. Total 4 blood samples were sent for testing, all were positive for Dengue IgM by ELISA. District RRT investigated the outbreak. Community awareness and health education given by peripheral team on vector control measures, hygiene and sanitation. Cases were reported from PHC"
Kerala,Idukki,Hepatitis A,9,0,28-05-2025,29-05-2025,Under Surveillance,"Kumaramangalam, Village Kumaramangalam, Sub-District Thodupuzha, District Idukki. Cases presented with fever with jaundice. Six blood sample was sent for testing, all were positive for Hepatitis A IgM by ELISA. All other cases were epidemiologically linked cases. Water samples were sent for testing, which showed presence of Coliforms.District RRT investigated the outbreak. Community awareness and health education given by peripheral team on vector control measures, hygiene and sanitation."
Kerala,Kasaragod,Hepatitis A,20,0,26-05-2025,26-05-2025,Under Surveillance,"Village Panathady, Sub-District Vellarikkundu, District Kasaragod. Cases presented on 16.04.2025 with vomiting, abdominal pain, fever and jaundice. The cases had a history of consumption of food & water in a temple festival in Panathady st rd Panchayat area from 21 to 23 March 2025. Seven serum samples were tested in DH Kanjangad, all were positive for Hepatitis A IgM by ELISA. All other cases were epidemiologically linked cases. District RRT investigated the outbreak. Community awareness and health education given by peripheral team on control measures, hygiene and sanitation. Cases were reported from FHC Panathur,"
Kerala,Kottayam,Dengue,7,0,22-05-2025,31-05-2025,Under Control,"Village Erumeli South, Sub-District Kanjirappally, District Kottayam. Cases presented with fever, headache. The affected cases were in the age group of 9 to 60 years. Seven serum samples were sent to GH Kanjirapally, all were positive for Dengue NS1 by RDT. District RRT investigated the outbreak. Community awareness and health education given by peripheral team on vector control measures, hygiene and sanitation. Cases were reported from FHC"
Kerala,Kottayam,Hepatitis A,5,1,26-05-2025,28-05-2025,Under Surveillance,"Athirampuzha, Athirampuzha Gram Panchayat, Sub-District Kottayam, District Kottayam. Cases presented with fever, loss of appetite, nausea and vomiting. The affected cases were in the age group of 9 to 36 years. Six serum samples were sent for testing, all were positive for Hepatitis A IgM by ELISA. District RRT investigated the outbreak. Community awareness and health education given by peripheral team on control measures, hygiene and sanitation. Death of a 16 year old male had occur due to the illness on 16-04-2025."
Kerala,Kottayam,Dengue,6,0,27-05-2025,27-05-2025,Under Surveillance,"Arunoottimangalam, Village Mulakulam, Sub-District Vaikom, District Kottayam. Cases presented with fever, head ache and fatigue. The affected cases were in the age group of 17 to 45 years. Six serum samples were sent to FHC Arunootimangalam, all were positive for Dengue NS1 by RDT. District RRT investigated the outbreak. Community awareness and health education given by peripheral team on vector control measures, hygiene and sanitation. Cases were reported from CHC Mukkom,"
Kerala,Kozhikode,Dengue,45,0,26-05-2025,26-05-2025,Under Surveillance,"Village Neeleswaram, Sub-District Kozhikode, District Kozhikode. Cases presented with fever. Two blood samples were sent to RPHL and MCH KKD, both were positive for Dengue NS1 Ag & IgM by ELISA. All other cases were diagnosed clinically. District RRT investigated the outbreak. Community awareness and health education given by peripheral team on vector control measures, hygiene and sanitation. Cases were reported from CHC Elinjipra,"
Kerala,Thrissur,Dengue,41,0,24-05-2025,26-05-2025,Under Surveillance,"FHC Meloor, Village Melur, Sub-District Chalakkudy, District Thrissur. Cases presented with fever. Total 17 serum samples were sent to GMCH Thrissur, all were positive for Dengue NS1 Ag by ELISA. All other cases were diagnosed clinically. District RRT investigated the outbreak. Community awareness and health education given by peripheral team on vector control measures, hygiene and sanitation."
Karnataka,Hassan,Food Poisoning,15,0,29-05-2025,29-05-2025,Under Control,"Kallusadarhally, Chikkamanahalli Village, Sub-District: Arsikere, District: Hassan. Cases presented with diarrhea and vomiting after consumption of food in a religious gathering on 27.05.2025. All cases were above 20 years of age. District RRT investigated the outbreak. Health advisories regarding safe food handling practices were given. Community awareness and health education given by peripheral team on control measures, hygiene and sanitation. The villagers were informed to drink boiled and cooled water."
Meghalaya,North Garo Hills,Human Rabies,1,1,30-05-2025,30-05-2025,Under Surveillance,"Rari PHC, Resubelpara Block. A 14 year old male presented with symptoms of fever, headache, muscle spasms, and hydrophobia th on 28 May 2025. The case was clinically diagnosed as a suspected case of human rabies. There was history of Category II dog bite in December 2024. The patient did not receive post-exposure prophylaxis (PEP). District RRT investigated the outbreak. All family members who were in close contact with the patient were advised to undergo PEP. IEC activities, including a public health awareness campaign, were conducted in the local language with the involvement of the local headman, focusing on rabies prevention, timely reporting, and the importance of seeking medical care after animal bites. The patient succumbed to death on 28th May 2025. Cases were reported from Umksih Village"
Meghalaya,Ri Bhoi,Hepatitis A,32,0,23-05-2025,27-05-2025,Under Surveillance,"under Myrdon Mawtari HWC, Umsning Block. Cases presented with symptoms of fever, abdominal pain, and yellow discoloration of urine and sclera. The affected age group was 2 to 56 years. Total 24 serum samples were collected and sent to Pasteur Institute, Shillong, out of which 9 were positive for Hepatitis A IgM by ELISA. District RRT investigated the outbreak. Active surveillance was conducted in the affected area. Continuous monitoring of drinking water sources was done. Distribution of ORS and hygiene kits, and health education on safe water practices was given. IEC activities and advisories on safe water usage were also disseminated within the community. The outbreak might be caused by consumption of untreated well water."
Maharashtra,Jalgaon,Dengue,16,0,28-05-2025,29-05-2025,Under Surveillance,"Village Nashirabad, Sub-District Jalgaon, District Jalgaon. Cases presented with fever, body ache, nausea and headache. Total 16 blood/serum samples were sent to GMC Jalgaon, out of which 4 were positive for Dengue IgM by ELISA. All other cases were diagnosed clinically. District RRT investigated the outbreak. Community awareness and health education given by peripheral team on vector control measures, hygiene and sanitation."
Maharashtra,Nanded,Suspected Food Poisoning,9,0,30-05-2025,30-05-2025,Under Surveillance,"Village Amarabad Tanda (N.V.), Sub- District Ardhapur, District Nanded. Cases presented with stomach pain and loose motion after consumption of food from a common kitchen. District RRT investigated the outbreak. Community awareness and health education given by peripheral team on control measures, hygiene and sanitation. Case was reported from UHP Katrap"
Maharashtra,Thane,Human Rabies,1,1,23-05-2025,30-05-2025,Under Surveillance,"Badlapur, Badlapur East, Taluka Ambarnath, District Thane. A 10 year old girl presented with fever, headache, localized pain, and weakness on 22/05/2025. There is history of dog bite on 04/05/2025 (Category III) with multiple transdermal bites, scratches, licks on the broken skin with contamination of mucous membrane & saliva on the site of bite. Case was clinically diagnosed as Rabies. The patient received two doses of ARV via intradermal (ID) route in the deltoid region on 04/05/2025 and 07/05/2025. District RRT investigated the outbreak. Community awareness and health education given by peripheral team on control measures, hygiene and sanitation. Death of a 10 year old girl had occur due to suspected Rabies."
"Maharashtra th March, 2020. The States have been reporting the COVID-19 cases and deaths on a real-time basis and the same was being updated on the website of",Thane,Dengue,6 COVID-19 STATUS,0,20-05-2025,Under Surveillance,"Sub-District Murbad, District Thane. Cases presented with fever and weakness. sent to Civil Hospital Thane, out of which 4 were positive for Dengue IgM outbreak. Community awareness and health education given by peripheral team on vector control measures, hygiene and sanitation.",Six serum samples were collected and by ELISA. District RRT investigated the
Madhya Pradesh,Dewas,Food Poisoning,13,0,23-05-2025,27-05-2025,Under Surveillance,"Village Khariya, Sub-District Satwas, District Dewas. Cases presented with symptoms of vomiting and diarrhea after consumption of food from a local vendor in a weekly market on 22-05-2025. The affected age group was 6 to 23 years. District RRT investigated the outbreak. Community awareness and health education given by peripheral team on control measures, hygiene and sanitation Cases were reported from UPHC"
Madhya Pradesh,Narsinghpu r,Acute Diarrheal Disease,9,0,28-05-2025,28-05-2025,Under Surveillance,"Narsinghpur, Sub-District Narsimhapur, District Narsinghpur. Cases presented with vomiting, diarrhea, stomach pain. Two stool and one water sample was collected & sent to Medical Collage Jabalpur. All samples were negative for any entero-pathogen. District RRT investigated the outbreak. Community awareness and health education given by peripheral team on control measures, hygiene and sanitation. Cases were reported from PHC Nashirabad,"
Nagaland,Kohima,Chickenpox,20,0,28-05-2025,30-05-2025,Under Surveillance,"Kohima Village, Sub-District Kohima Sadar, District Kohima. Cases presented with fever with maculo-papular rash. Age group of the affected cases was 2-13 years. All cases were diagnosed clinically. District RRT investigated the outbreak. Cases treated symptomatically. Community awareness and health education given by peripheral team on hygiene and sanitation. Cases were reported from CHC Kaniha,"
Odisha,Anugul,Food Poisoning,34,0,29-05-2025,29-05-2025,Under Control,"Village: Podagarh, Sub-District: Kaniha, District: Anugul. Cases presented with loose motion, abdominal cramps, vomiting, and fever after consumption of food in a religious gathering. The affected age group was 45-59 years. Total 18 water and 2 rectal swab samples were collected & sent for testing. All water samples were negative for H2S & OT 0.0 PPM. No entero-pathogenic bacteria were found in rectal swab samples. District RRT investigated the outbreak. Community awareness and health education given by peripheral team on control measures, hygiene and sanitation. Cases reported from UPHC Angul, Village"
Odisha,Anugul,Food Poisoning,34,0,27-05-2025,27-05-2025,Under Control,"Turangajungle, Sub-District Anugul, District Anugul. Cases presented with symptoms of loose motion, abdominal cramps, fever and headache and vomiting after attending a social gathering on 25.5.26. The most affected age group was 15-64 years. Four water and three rectal swab samples were collected & sent for testing. All water samples were negative for H2S & OT 0.0 PPM. No entero-pathogenic bacteria were found in rectal swab samples. District RRT investigated the outbreak. Community awareness and health education given by peripheral team on control measures, hygiene and sanitation."
Odisha,Jharsuguda,Acute Diarrheal Disease,34,3,26-05-2025,26-05-2025,Under Surveillance,"Village Rampur, Sub-District Badmal, District Jharsuguda. Cases presented with symptoms of loose motion, abdominal cramps and vomiting. The most affected age group was 15-44 years. Seven rectal swabs and 5 water samples were collected & sent for testing. All water samples were negative for H2S & OT 0.0 PPM. No entero-pathogenic bacteria found in rectal swab samples. District RRT investigated the outbreak. Community awareness and health education given by peripheral team on control measures, hygiene and sanitation. Three deaths (32/M, 43/M and 77/M) have occurred due to the illness. Cases of fever with rash reported from"
Punjab,Pathankot,Chickenpox,10,0,27-05-2025,28-05-2025,Under Control,"Village Nalla, CHC Gharota, District Pathankot. Cases were in the age group of 6-25 years. District RRT investigated the outbreak. Cases treated symptomatically. Health Education given regarding isolation of cases, hygiene maintenance and proper nutrition. Cases of fever with rash reported from a"
Sikkim,Pakyong,Chickenpox,69,0,27-05-2025,29-05-2025,Under Control,"school in Nmacheybong area, PHC/Sub- District Pakyong, District Pakyong. Cases were in the age group of 3-40 years. All cases were diagnosed clinically. District RRT investigated the outbreak. Cases treated symptomatically. Health education given regarding isolation of cases, hygiene maintenance and proper nutrition."
Tamil Nadu,Mayiladuth urai,Dengue,12,0,26-05-2025,27-05-2025,Under Control,"Mayiladuthurai, Sub-District: Mayiladuthurai, District: Mayiladuthurai. Cases presented with fever. Total 5 serum samples were sent to DPHL, Mayiladuthurai, out of which 1 were positive for Dengue Ns1 Ag by ELISA. All other cases were diagnosed clinically. District RRT investigated the outbreak. Community awareness and health education given by peripheral team on vector control measures, hygiene and sanitation. Cases were reported from Village Pure"
Uttar Pradesh,Pratapgarh,Human Rabies,2,2,24-05-2025,28-05-2025,Under Control,"Khusai, District Pratapgarh. Cases presented with headache on 08.05.2025. There is history of dog bite on 27.04.2025. The patients did not receive post-exposure prophylaxis (PEP). District RRT investigated the outbreak. Community awareness and health education given by peripheral team on control measures, hygiene and sanitation. Two deaths of a 4 year & a 10 year old male had occur due to the illness. Cases were reported from Panchkolguri RH,"
West Bengal,Alipurduar,Food Poisoning,40,0,01-06-2025,01-06-2025,Under Control,"Village Tapsikhata, Sub-District Alipurduar-I, District Alipurduar. Cases presented with loose watery stool after attending a religious gathering. The most affected age group was 15 to 44 years. Food Sample were collected and sent for testing. Total 11 rectal swabs were collected and sent to Alipurduar DH, all were negative for any entero-pathogen on culture and sensitivity. District RRT investigated the outbreak. Community awareness and health education given by peripheral team on control measures, hygiene and sanitation."
West Bengal,Alipurduar,Acute Diarrheal Disease,26,0,30-05-2025,30-05-2025,Under Control,"RH, Village Narakhata & Narathali, Sub- District Kumargram, District Alipurduar. Cases presented with diarrhea. The most affected age group was 15 to 44 years. One stool sample was sent to Alipurduar DH, which was negative for any entero-pathogen on culture. District RRT investigated the outbreak. Community awareness and health education given by peripheral team on control measures, hygiene and sanitation. Case was reported from Tapsia RH, Village"
West Bengal,Jhargram,Human Rabies,1,1,24-05-2025,29-05-2025,Under Control,"Phutkya & Basudebpu, Sub-District Gopiballavpur - II, District Jhargram. The 33 year old male presented with muscle spasms, confusion, vomiting, hydrophobia and aerophobia. There is history of dog bite one month back. The case was clinically diagnosed as rabies. The patient did not receive post-exposure prophylaxis (PEP) and succumbed to the illness on May 24, 2025. Close contacts including family members were identified and instructed to take anti-rabies vaccine. IEC activities to educate the community on rabies prevention, importance of timely vaccination was done. District RRT investigated the outbreak. Community awareness and health education given by peripheral team on control measures, hygiene and sanitation. Cases were reported from Maheshbati Rural"
West Bengal,Purba Bardhaman,Acute Diarrheal Disease,46,0,28-05-2025,28-05-2025,Under Surveillance,"Hospital, Village Shyamsundar, Sub- District Raina - I, District Purba Bardhaman. Cases presented with diarrhea. The most affected age group was 15 to 44 years. One stool sample was sent for testing, which was negative for any entero- pathogen on culture. District RRT investigated the outbreak. Community awareness and health education given by peripheral team on control measures, hygiene and sanitation"
Assam,Darrang,Food Poisoning,167,0,06-06-2025,06-06-2025,Under Surveillance,"Kamargaon, Sub-District Pathorighat (Pt), District Darrang. Cases presented with loose motion and vomiting. 8 rectal swabs and 1 water sample were collected and sent to IPHL Darrang. Rectal swab did not show growth of any pathogenic organism. Water sample found fit for potable purpose. District RRT investigated the outbreak. All the cases developed the symptoms after having food at a social function on 05-06- 2025. Cases treated symptomatically. Community awareness and health education given by peripheral team on control measures, hygiene and sanitation."
Assam,Goalpara,Acute Diarrheal Disease,9,0,02-06-2025,03-06-2025,Under Control,"T.E., Sub-District Rangjuli, District Goalpara. Cases presented with loose motion and pain abdomen. 3 stool samples and 2 water samples were collected and sent to DPHL Goalpara. Stool samples did not show growth of any pathogenic organism. Water sample found fit for potable purpose. District RRT investigated the outbreak. Cases treated symptomatically. Community awareness and health education given by peripheral team on control measures, hygiene and sanitation. Cases were reported from Village Gual"
Assam,Jorhat,Chickenp ox,7,0,02-06-2025,02-06-2025,Under Control,"Gaon, Sub-District Jorhat West, District Jorhat. Cases presented with fever with maculo-papular rash. 5 blood samples were collected and sent to SRL, JMCH. All the samples found positive for the Varicella Zoster IgM by ELISA. District RRT investigated the outbreak. All age groups were affected. Cases treated symptomatically. Community awareness and health education given by peripheral team on hygiene and sanitation. Cases were reported from Village Bhakat"
Assam,Nagaon,Food Poisoning,13,0,03-06-2025,03-06-2025,Under Surveillance,"Gaon, Sub-District Dhing, District Nagaon. Cases presented with loose motion and vomiting. 7 rectal swabs and 2 water samples were collected and sent to DPHL Nagaon. Rectal swab did not show growth of any pathogenic organism. Water samples found unfit for potable purpose. District RRT investigated the outbreak. All the cases developed the symptoms after having left over food. Cases treated symptomatically. Community awareness and health education given by peripheral team on control measures, hygiene and sanitation."
Chhattisgarh,Baloda Bazar,Acute Diarrheal Disease,46,0,04-06-2025,05-06-2025,Under Control,"Sub-District Suhela, District Baloda Bazar. Cases presented with loose motion and vomiting. 4 water samples were collected and sent to DPHL Baloda bazar. All the water samples found unfit (Escherichia coli and Klebsiella detected) for potable purpose. District RRT investigated the outbreak. Community awareness and health education given by peripheral team on control measures, hygiene and sanitation. Cases were reported from Village Chidpal,"
Chhattisgarh,Bastar,Acute Diarrheal Disease,17,0,06-06-2025,06-06-2025,Under Surveillance,"Sub-District Darbha, District Bastar. Cases presented with loose motion and vomiting. 4 stool samples were collected and sent to Medical College Jagdalpur. Stool samples did not show growth of any pathogenic organism. District RRT investigated the outbreak. Cases treated symptomatically. Community awareness and health education given by peripheral team on control measures, hygiene and sanitation. Cases were reported from Village Vandri,"
Gujarat,Narmada,Measles,3,0,06-06-2025,06-06-2025,Under Surveillance,"Sub-District Dediapada, District Narmada. Cases presented with fever with rash. 3 blood samples were collected and sent to BJMC. All the samples found positive for the Measles IgM by ELISA. District RRT investigated the outbreak. Cases treated symptomatically. Vitamin A solution was given to susceptible. Community awareness and health education given by peripheral team on vaccination, hygiene and sanitation."
Gujarat,Patan,Jaundice,15,0,04-06-2025,04-06-2025,Under Surveillance,"Radhanpur, District Patan. Cases presented with symptoms of jaundice and loss of appetite. 6 blood samples were collected and sent to SDH Sidhpur. All the samples came negative for Hepatitis A IgM by ELISA. District RRT investigated the outbreak. Cases treated symptomatically. Community awareness and health education given by peripheral team on hygiene and sanitation. Cases were reported from Village Bagla,"
Jharkhand,East Singhbum,Chickenp ox,10,0,03-06-2025,03-06-2025,Under Surveillance,"Sub-District Potka, District East Singhbum. Cases presented with fever with maculo- papular rash. 3 blood samples were collected and sent to DPHL. All the samples found positive for the Varicella Zoster IgM by ELISA. District RRT investigated the outbreak. Age group of the affected cases was 8-65 years. Cases treated symptomatically. Community awareness and health education given by peripheral team on hygiene and sanitation."
Jharkhand,East Singhbum,Acute Diarrheal Disease,12,0,02-06-2025,03-06-2025,Under Surveillance,"Sub-District Patamda, District East Singhbum. Cases presented with loose stools, pain abdomen and vomiting. 3 water samples were collected and sent to DPHL. 2 water samples found unfit for potable purpose (E. Coli detected). District RRT investigated the outbreak. Age group of the affected cases was 14-65 years. Cases treated symptomatically. Community awareness and health education given by peripheral team on hygiene and sanitation. Cases were reported from Village Ghat"
Jharkhand,SaraikelaKha rsawan,Acute Diarrheal Disease,14,0,03-06-2025,06-06-2025,Under Surveillance,"Dulmi, Sub-District Chandil, District Saraikela Kharsawan. Cases presented with loose stools and vomiting. 3 water samples were collected and sent to MGM Medical College. 1 water sample found unfit for potable purpose (E. Coli detected). District RRT investigated the outbreak. Cases treated symptomatically. Community awareness and health education given by peripheral team on hygiene and sanitation. Cases were reported from Village Lakri,"
Jharkhand,Simdega,Chikecke npox,23,0,04-06-2025,04-06-2025,Under Surveillance,"Sub-District Thethaitangar, District Simdega. Cases presented with fever with maculo-papular rash. 5 blood samples were collected and sent to DPHL Simdega. Four samples found positive for the Varicella Zoster IgM by ELISA. District RRT investigated the outbreak. All agegroups were affected. Cases treated symptomatically. Community awareness and health education given by peripheral team on hygiene and sanitation. Cases were reported from Annoor dental"
Jammu and Kashmir,Rajauri,Acute Diarrheal Disease,59,0,05-06-2025,05-06-2025,Under Surveillance,"Sub-District Qila Darhal, District Rajauri. Cases presented with loose motion, pain abdomen and vomiting. 5 water samples were collected and sent to DPHL Rajauri Water samples found unfit for potable purpose. District RRT investigated the outbreak. Cases treated symptomatically. Community awareness and health education given by peripheral team on control measures, hygiene and sanitation. Cases were reported from Village Jhariya,"
Kerala,Ernakulam,Acute Diarrheal Disease,24,0,01-06-2025,04-06-2025,Under Surveillance,"college, Village Mulavoor, Sub-District Muvattupuzha, District Ernakulam. Cases presented with loose stools, pain abdomen and vomiting. 5 water samples were collected and sent to RPHL Ernakulam. Water samples found unfit for potable purpose (E. coli detected). District RRT investigated the outbreak. Cases treated symptomatically. Community awareness and health education given by peripheral team on hygiene and sanitation. Case was reported from District Kannur. A"
Kerala,Kannur,Dengue,239,0,02-06-2025,04-06-2025,Under Surveillance,"9 of Aralam farm, ward 5 of Kelakam panchayat, Village Aralam, Sub-District Iritty, District Kannur. Cases presented with fever with bodyache. A total of 10 blood samples samples found positive for Dengue IgM by ELISA tested at taluk hospital. District RRT investigated the outbreak. Cases treated symptomatically at hospital. Community awareness and health education given by peripheral team on vector control measures, hygiene and sanitation. Cases were reported from Sub-District"
Kerala,Kozhikode,Dengue,,24,0 04-05-2025,Surveillanc,"Under Vatakara, District Kozhikode. Cases presented with fever with bodyache. A total of 3 blood samples samples found positive for e investigated Community peripheral sanitation.","Dengue NS1 by ELISA tested at RPHL. District RRT the outbreak. Cases treated symptomatically. awareness and health education given by team on vector control measures, hygiene and"
Kerala,Malappuram,Hepatitis A,10,0,31-05-2025,04-06-2025,Under Surveillance,"Nilambur, District Malappuram. Cases presented with fever, jaundice, general weakness. 2 blood samples sample found positive for Hepatitis A IgM by ELISA from RPHL Malappuram. District RRT investigated the outbreak. Cases treated symptomatically. Community awareness and health education given by peripheral team on hygiene and sanitation. Cases were reported from Village"
Kerala,Wayanad,Acute Diarrheal Disease,17,1,04-06-2025,04-06-2025,Under Surveillance,"Purakkadi, Sub-District Sulthanbathery, District Wayanad. Cases presented with loose stools, vomiting. 2 stool samples were collected and sent to NIV Alapuzha. Stool samples did not show growth of any pathogenic organism. District RRT investigated the outbreak. Cases treated symptomatically. Community awareness and health education given by peripheral team on hygiene and sanitation"
Madhya Pradesh,"Guna th March, 2020. The States have been reporting the COVID-19 cases and deaths on a real-time basis and the same was being updated on the website of",Measles,COVID-19 STATUS,10,0 22-05-2025,,"Under Bamori, District Guna. Cases presented with fever with rash. 1 blood sample was collected and sent to GMC Bhopal. It came Control positive investigated the outbreak. Age group of the affected cases was 2-5 years. Cases treated symptomatically. Vitamin A solution was given to susceptible. education given by peripheral team on vaccination, hygiene and sanitation.",for the Measles IgM by ELISA. District RRT Community awareness and health
Odisha Odisha,Deogarh Nuapada,Acute Diarrheal Disease Acute Diarrheal Disease,32 25,0 0,01-06-2025 05-06-2025,02-06-2025 06-06-2025,Under Surveillance Under Control,"Dasagharia (Rayati), Sub-District Reamal, District Deogarh. Cases presented with loose stools, pain abdomen and vomiting. 1 rectal swab and 28 water samples were collected and sent to DPHL. Rectal swab did not show growth of any pathogenic organism, water samples found fit for potable purpose. District RRT investigated the outbreak. Age group of the affected cases was 15-44 years. Cases treated symptomatically. Community awareness and health education given by peripheral team on hygiene and sanitation. Cases were reported from Village Bikramapur, Sub-District Khariar, District Nuapada. Cases presented with loose stools, pain abdomen and vomiting. 1 rectal swab and 2 water samples were collected and sent to DPHL, Nuapada. Rectal swab did not show growth of any pathogenic organism, water samples found fit for potable purpose. District RRT investigated the outbreak. Age group of the affected cases was 5-44 years. Cases treated symptomatically. Community awareness and health education given by peripheral team on hygiene and sanitation. Cases were reported from Village"
Odisha,Puri,Fever with Rash,20,0,04-06-2025,05-06-2025,Under Control,"Paikasahi, Sub-District Krushna Prasad, District Puri. Cases presented with fever with rash. 5 blood samples were collected and sent to ICMR-RMRC, Bhubneshwar. All the samples found negative for the Measles IgM by ELISA. District RRT investigated the outbreak. Cases treated symptomatically. Vitamin A solution was given to susceptible one. Community awareness and health education given by peripheral team on vaccination, hygiene and sanitation."
Odisha,Sundargarh,Suspecte d Food Poisoning,20,0,01-06-2025,02-06-2025,Under Control,"Kundaposh, Sub-District Bisra, District Sundargarh. Cases presented with loose stools and vomiting after consumption of food in a marriage function. 3 rectal swabs and 2 water samples were collected and sent to DPHL. Rectal swabs did not show growth of any pathogenic organism and water samples found fit for potable purpose. District RRT investigated the outbreak. Cases treated symptomatically. Community awareness and health education given by peripheral team on hygiene and sanitation. Cases were reported from Village Darap,"
Sikkim,Gyalshing,Acute Diarrheal Disease,21,0,01-06-2025,05-06-2025,Under Surveillance,"Gerethang &Yuksom, Sub-District Yuksom, District Gyalshing. Cases presented with loose stools and vomiting. Total 7 water samples were tested for H2S, all the samples found unfit for potable purpose. District RRT investigated the outbreak. Cases treated symptomatically. Community awareness and health education given by peripheral team on control measures, hygiene and sanitation Cases were reported from Village Pudhu"
Telangana,Hyderabad,Food Poisoning,92,0,03-06-2025,04-06-2025,Under Surveillance,"Institute of Mental health, Sanath Nagar, District Hyderabad. Cases presented with diarrhoea following consumption of food at Institute mess. Two stool samples and 14 water samples were collected and sent to Osmania Medical college and IPM Public Health Lab. Stool samples found positive for Shigella. One water sample found unfit for drinking purpose by MPN test. District RRT investigated the outbreak. Community awareness and health education given by peripheral team on hygiene and sanitation. Cases were reported from village"
Tamil Nadu,Kanchipura m,Acute Diarrheal Disease,17,0,04-06-2025,05-06-2025,Under Control,"payalam ST, Sub-District Kancheepuram, District Kanchipuram. Cases presented with loose stools. Total 1 stool sample and 3 water samples were collected and sent to KIPM Guindy. Stool sample did not show growth of any pathogenic organism and water samples found fit for potable purpose. District RRT investigated the outbreak. Cases treated symptomatically. Community awareness and health education given by peripheral team on control measures, hygiene and sanitation"
Tamil Nadu,Tenkasi,Acute Diarrheal Disease,18,0,01-06-2025,02-06-2025,Under Control,"(CT), Sub-District Alangulam, District Tenkasi. Cases presented with loose stools, pain abdomen, vomiting. 7 stool samples and 7 water samples were collected and sent to DPHL Tenkasi. Stool samples did not show growth of any pathogenic organism. 6 Water samples found unfit for drinking purpose by MPN test (faecal Coliform detected). District RRT investigated the outbreak. Cases treated symptomatically. Community awareness and health education given by peripheral team on hygiene and sanitation. Cases were reported from Erragadda"
Uttar Pradesh,Aligarh,Acute Diarrheal Disease,21,0,01-06-2025,05-06-2025,Under Surveillance,"Bhavigarh, CHC Atrauli, District Aligarh. Cases presented with loose stools and vomiting. District RRT investigated the outbreak. Cases treated symptomatically. All the people consumed water from hand pump in the affected area. Community awareness and health education given by peripheral team on hygiene and sanitation"
Uttar Pradesh,Hardoi,Acute Diarrheal Disease,29,4,04-06-2025,04-06-2025,Under Surveillance,"Khurmulli, Village Kotakla, Sub-District Shahabad, District Hardoi. Cases presented with loose stools, vomiting. 5 stool samples and 5 water samples were collected and sent to Autonomous State Medical College, Hardoi. Stool samples did not show growth of any pathogenic organism. Water samples found unfit for drinking purpose by MPN test. District RRT investigated the outbreak. Cases treated symptomatically. Pipeline leakage was noticed which was repaired. Community awareness and health education given by peripheral team on hygiene and sanitation. 4 deaths occurred with severe dehydration and shock: 5 years old female on 2/6/25, 17 years old male on 30/5/25, 11 years female on 3/6/25 and 42 years old female on 30/5/25. Cases were reported from Ward no 2,3 and"
Uttarakhand West Bengal,Udam Singh Nagar Bankura,Acute Diarrheal Disease Suspecte d Food Poisoning,77 35,0 0,05-06-2025 29-05-2025,06-06-2025 04-06-2025,Under Control Under Surveillance,"4 of Islam Nagar Sub-District Sitarganj, District Udam Singh Nagar. Cases presented with loose stools, pain abdomen and vomiting. 4 water samples were tested and found unfit for potable purpose (Coliform detected). District RRT investigated the outbreak. Age group of the affected cases was 15-44 years. Cases treated symptomatically. Repair of damaged pipeline was done. Community awareness and health education given by peripheral team on hygiene and sanitation. Cases were reported from Kansachora village Parulia SC Simlapal Block. Cases presented with loose stools and vomiting after consumption of food in a social gathering. District RRT investigated the outbreak. Cases treated symptomatically. Community awareness and health education given by peripheral team on hygiene and sanitation."
Assam,Kamrup Metro,Japanese Encephalitis,15,0,11-06-2025,11-06-2025,Under Surveillance,"Cases were reported from Silpukhuri and Greater Guwahati, Sub-District Kamrup Metro, District Kamrup Metro. Cases presented with fever, headache, and altered mental status. One CSF sample was sent to GMCH, which was positive for Japanese Encephalitis. District RRT investigated the outbreak. Community awareness and health education were given by the peripheral team. Fever surveys, fogging, distribution of ITBNs, and leaflet campaigns were conducted in affected areas."
Assam,Karimganj,Typhoid,7,0,14-05-2025,14-06-2025,Under Surveillance,"Cases were reported from Sub-District Nilambazar, District Karimganj. Cases presented with fever, headache, vomiting and abdominal pain. The affected age group was 10-40 years. Blood samples from all 7 cases tested positive for Typhoid by Widal test at Nilambazar PHC. District RRT investigated the outbreak. Community awareness and health education were given on hygiene, safe water, and early health- seeking behavior."
Assam,Kokrajhar,Fever with Rash,6,0,11-06-2025,13-06-2025,Under Surveillance,"Cases were reported from Beltary AAM, Sub-District Dotma, District Kokrajhar. Cases presented with fever, headache, body ache, coryza, and red vesicular rash. The affected age group was 5–15 years. Three blood and throat samples were collected and sent for testing, all were negative for Measles and Rubella. District RRT investigated the outbreak. Vitamin A supplementation was provided. Community awareness and health education were given on vaccine-preventable diseases, personal hygiene, and sanitation."
Assam,Tinsukia,Food Poisoning,57,0,09-06-2025,10-06-2025,Under Surveillance,"Cases were reported from a Tea Estate, Line No. 14, 15 and Purona Line area, under Hapjan BPHC, District Tinsukia. Cases presented with diarrhea after consumption of contaminated fish. All age groups and both genders were affected. A total of four stool samples and three water samples were collected and sent to DPHL, Tinsukia Civil Hospital. Stool samples tested positive for E.coli and Staphylococcus aureus. Water samples were found satisfactory for drinking by MPN testing. Community awareness activities such as miking and physical IEC were conducted focusing on hygiene, sanitation, boiling drinking water, and avoiding fish from the contaminated area. District RRT investigated the outbreak. Community awareness and health education were provided on water safety, sanitation, and hygiene."
Chhattisgar h,Janjgir- Champa,Acute Diarrheal Disease,48,0,10-06-2025,14-06-2025,Under Surveillance,"Cases were reported from Village Akaltari, Sub-District Akaltara. Cases presented with diarrhea and vomiting. Six stool samples were sent to District Hospital Janjgir, all were negative on culture. District RRT investigated the outbreak. Community awareness and health education given by peripheral team on control measures, hygiene and sanitation."
Chhattisgar h,Mahasamund,Acute Diarrheal Disease,159,0,15-06-2025,15-06-2025,Under Surveillance,"Cases were reported from Village Paterapali, Sub-District Mahasamund. Cases presented with diarrhea and vomiting. Two water samples were sent to Hamar lab, Raipur, both showed presence of Coliform on culture. Two stool samples were sent to Hamar lab Raipur, which were negative on culture. District RRT investigated the outbreak. Community awareness and health education given by peripheral team on control measures, hygiene and sanitation."
Jharkhand,Dhanbad,Chickenpox,7,0,10-06-2025,11-06-2025,Under Surveillance,"Cases were reported from Village Loyabad, UPHC Kankani, Sub-District Kenduadih- cum-Jagata, District Dhanbad. Cases presented with fever with maculo-papular rash. Age group of the affected cases was 3- 50 years. Five blood samples were collected and sent to RIMS Ranchi. Two samples were positive for Varicella Zoster IgM by ELISA. District RRT investigated the outbreak. Cases treated symptomatically. Community awareness and health education given by peripheral team on hygiene and sanitation."
Jharkhand,Dumka,Chickenpox,10,0,08-06-2025,09-06-2025,Under Surveillance,"Cases were reported from Village Harinakuri, Sub-District Dumka, District Dumka. Cases presented with fever with maculo-papular rash. The most affected age group was 1-21 years. Four blood samples were collected and sent to RIMS Ranchi. All were positive for Varicella Zoster IgM by ELISA. District RRT investigated the outbreak. Cases treated symptomatically. Community awareness and health education given by peripheral team on hygiene and sanitation."
Jharkhand,Giridih,Chickenpox,7,0,10-05-2025,10-06-2025,Under Control,"Cases were reported from Village Ghosko, Sub-District Bagodar, District Giridih. Cases presented with fever & maculo- papular rash. Age group of the affected cases was 8-40 years. Seven blood samples were collected and sent to RIMS Ranchi. All were positive for Varicella Zoster IgM by ELISA. District RRT investigated the outbreak. Cases treated symptomatically. Community awareness and health education given by peripheral team on hygiene and sanitation."
Jharkhand,Hazaribagh,Measles,8,0,12-06-2025,12-06-2025,Under Surveillance,"Cases were reported from Village Pasai, Sub-District Katamdag, District Hazaribagh. Cases presented with fever with rash. Age group of the affected cases was 9-22 years. Two blood samples were collected and sent to RIMS, Ranchi. All were positive for Measles IgM by ELISA. District RRT investigated the outbreak. Cases treated symptomatically. Community awareness and health education given by peripheral team on vaccination, hygiene and sanitation."
Jammu and Kashmir,Anantnag,Hepatitis A,9,0,12-06-2025,13-06-2025,Under Surveillance,"Cases were reported from Village Khazir Shah Mohallah, Block Achabal, District Anantnag. Cases presented with symptoms of fever with jaundice. The most affected age group was 4-16 years. Six blood samples were collected and tested at DPHL Anantnag, all of which were positive for Hepatitis A IgM by ELISA. Two water samples were collected and sent for testing; both were found to be unsatisfactory. District RRT investigated the outbreak. Community awareness and health education were given by the peripheral team on control measures, hygiene, and sanitation."
Jammu and Kashmir,Baramulla,Hepatitis A,67,0,11-06-2025,12-06-2025,Under Surveillance,"Cases were reported from Village Ogmuna, Block Kunzar, District Baramulla. Cases presented with symptoms of fever with jaundice. The most affected age group was 6-35 years. Twenty-five blood samples were collected and tested at DPHL Baramulla, out of which six were positive for Hepatitis A IgM by ELISA and all were negative for Hepatitis E. Water samples were also collected and found to be unsatisfactory on bacteriological examination. District RRT investigated the outbreak. Active case search was conducted in schools and the community. Community awareness and health education were provided on safe water practices, hand hygiene, and prevention of waterborne diseases."
Jammu and Kashmir,Doda,Acute Diarrheal Disease,10,0,09-06-2025,11-06-2025,Under Control,"Cases were reported from Village Indralla, Block Thathri, District Doda. Cases presented with fever and loose motion. The most affected age groups were 20-30 years. Five water samples were collected and sent to AHGMC Doda for microbiological testing; all samples were found unfit for drinking. District RRT investigated the outbreak. Community awareness and health education were given by the peripheral team on control measures, hygiene, and sanitation. Inspection of water sources, awareness regarding handwashing, use of boiled water, food hygiene, and distribution of ORS was done."
Kerala,Alappuzha,West Nile Fever,,1,0 14-05-2025,Surveillance,"Under Ambalappuzha, Alappuzha. The patient, a 63-year-old female, presented with fever, headache, and seizure. She had a history of intracranial surgery with chronic limb weakness. She was admitted to Government TD Medical College, Vandanam, treated in the ICU, and complications. Her blood sample tested positive for West Nile IgM at larvicide additional suspected cases were found, and household contacts tested Community vector control, hygiene, and sanitation were conducted. Cases of fever with jaundice were reported from","Sub-District Ambalappuzha, District discharged on 29th May without neurological NIV Alappuzha. Fever survey, source reduction, spraying, and fogging were carried out. No negative. District RRT investigated the outbreak. awareness and health education activities on Villages"
Kerala,Alappuzha,Hepatitis A,,31,1 29-05-2025,Surveillance,"Under Thamarakkulam and Vallikunnam, Sub-District Mavelikkara, District Alappuzha after attending a wedding event on 1st and 3rd May 2025. Eleven samples were sent for testing, all were positive investigated the education were provided on hygiene and sanitation. One death of a 48-year-old male due to Hepatitis A occurred on 14th June at AIMS Kochi (positive for Hepatitis A).",for Hepatitis IgM by ELISA. District RRT outbreak. Community awareness and health
Kerala,Ernakulam,Dengue,15,0,12-06-2025,13-06-2025,Under Surveillance,"Cases of fever with body ache were reported from Ward 27 Ambadimoola of Thrikkakkara Municipal area, Village Cheranallur, Sub-District Kanayannur, District Ernakulam. Four serum samples tested positive for Dengue NS1 at a private lab. District RRT investigated the outbreak. Community awareness and health education were conducted on vector control. The source was traced to water accumulation at a construction site. Vector indices (HI-7, CI-14.8, BI-9.5) were mapped, and source elimination, fogging, and awareness activities were conducted."
Kerala,Idukki,Acute Hepatitis A,13,0,09-06-2025,10-06-2025,Under Surveillance,"Cases of fever with jaundice were reported from Village Vathikudy, Sub-District Idukki, District Idukki. Five blood samples were collected for testing, all were positive for HAV by ELISA & card test. District RRT investigated the outbreak. Community awareness and health education were conducted on hygiene and sanitation."
Kerala,Kannur,Hepatitis A,,11,1 11-04-2025,Surveillance,"Under South, Sub-District Kannur, District Kannur. The index case, a 32-year-old female, passed away on 15th April 2025. A total of 11 cases were reported from the attending the funeral of the index case on most affected age group was 4-17 years. Water samples from the household Quality Control Sub-District Laboratory, Kannur (Pallikunnu), which bacteria, were sent to HAV IgM increasing contamination levels. District RRT investigated the outbreak. activities were carried out focusing on water safety, hygiene, and sanitation. Cases were reported from SDH Darwha, Sub-District Darwha,","surrounding areas after 15.04.2025. The well were sent to Kerala Water Authority showed contamination with E.coli and coliform indicating it as the probable source. Four samples ASTER MIMS & RPHL, all were positive for by ELISA. Follow-up water samples revealed Community awareness and health education"
Kerala,Kottayam,Hepatitis A,11,0,09-06-2025,11-06-2025,Under Surveillance,"Cases of Hepatitis A were reported from PHC Thalappalam, Village Thalappalam, Sub-District Meenachil, District Kottayam. Cases presented with fever, loss of appetite, nausea. Six blood samples were sent for testing, out of which two were positive for Hepatitis A IgM by ELISA. LFT results of five serum samples showed elevated bilirubin, SGPT and SGOT levels, consistent with hepatic inflammation. Environmental surveillance revealed a pit latrine located 8 meters from a contaminated public well, which tested positive for E.coli and coliform bacteria. District RRT investigated the outbreak. Community health education was provided on sanitation and safe water practices."
Kerala,Kozhikode,Hepatitis A,85,0,06-06-2025,10-06-2025,Under Surveillance,"Cases were reported from PHC Kunduthode, FHC Maruthomkara, Village Kavilumpara, Sub-District Vatakara, District Kozhikode. Cases presented with fever, fatigue, anorexia and vomiting, after attending a wedding event on 12th May 2025. Two samples were sent to Malabar Institute of Medical Sciences (MIMS) Kozhikode, both were positive for Anti- HAV IgM by ELISA. District RRT investigated the outbreak. Health education was provided on hygiene, sanitation, and safe drinking water practices."
Kerala,Pathanamthit ta,Dengue,13,0,11-06-2025,12-06-2025,Under Surveillance,"Cases were reported from CHC Vallana, Villages Kidangannur and Aranmula, Sub- District Kozhenchery, District Pathanamthitta. Cases presented with fever. Ten blood samples were tested at St. Thomas Hospital Malakkara, CHC Vallana, Muthoot Hospital, CM Hospital, DH Kozhencherry, out of which eight were positive for Dengue by rapid test and two for NS1 by ELISA. District RRT conducted field investigations. Fogging and source reduction were carried out. Community awareness activities were conducted focusing on vector control."
Kerala,Thrissur,Food Poisoning,201,0,09-06-2025,11-06-2025,Under Surveillance,"Cases were reported from a School under CHC Erumapetty, Village Kariyannur & Nelluwaya, District Thrissur. Cases presented with vomiting and loose stools after consumption of food from a common place. Eleven students were hospitalized in Al Ameen, Amala Hospital and MCH Thrissur. Three water samples were tested at Kerala Water Authority's Quality Control Sub-District Laboratory in Kizhakkumpattukara, Thrissur, in which Coliforms and E.coli were detected. District RRT investigated the outbreak, and health education was provided. Preventive measures, including disinfection of classrooms and food hygiene awareness sessions, were undertaken."
Kerala,Wayanad,Acute Diarrheal Disease,26,0,09-06-2025,10-06-2025,Under Surveillance,"Cases were reported from GH Kalpetta, Village Kalpetta, Sub-District Vythiri, District Wayanad. District RRT investigated the outbreak. Community awareness and health education on hygiene, sanitation, and preventive measures were carried out by the peripheral health team."
Karnataka,Bidar,Acute Diarrheal Disease,7,0,12-06-2025,12-06-2025,Under Control,"Cases were reported from Village Nagoor (Muzafar), Sub-District Aurad, District Bidar. Cases are presented with diarrhea. One stool sample was sent for testing, which was negative for any entero-pathogen on culture. Four water samples were also sent for testing, all were found to be potable for drinking. District RRT investigated the outbreak. Community awareness and health education given by peripheral team on control measures, hygiene and sanitation. Environmental investigation was carried out by the District RRT, including transect walks for assessing sanitary conditions. The outbreak was attributed to contamination of the drinking water supply."
Karnataka,Kolar,Malaria (P.falciparum & P.vivax),8,0,12-06-2025,13-06-2025,Under Control,"Cases were reported from Azad Nagar, Kolar Town, under Rahamathnagara PHC, Taluk Kolar, District Kolar. Eight blood smears were sent to Rahamathnagara PHC & Dargamohalla PHC, all were positive for Malaria (three for Plasmodium falciparum & five for Plasmodium vivax) on microscopy. Cases were referred to SNR District Hospital, Kolar, for treatment. District RRT investigated the outbreak. Community awareness and health education given by peripheral team on vector control measures, hygiene and sanitation. House-to- house fever surveillance was conducted in the affected areas. Entomological survey was done and vector control measures, including fogging and source reduction, were done."
Karnataka,Raichur,Acute Diarrheal Disease,,21,0 15-05-2025,,"Under Taluka symptoms of vomiting and loose stools. All age groups were Control affected. Hospital and 4 in private facilities). collected and tested at RIMS Lab. Hanging drop test was negative, and culture showed no growth after 48 hours. A total of 18 water samples were collected. Six water samples were tested at Harapura PHC using the H2S method, out of which 4 samples investigated the outbreak. Community awareness and health education hygiene and sanitation. A case","Sindhanur, District Raichur. Cases presented with A total of 9 cases were hospitalized (2 in Taluka One stool sample was were found unfit for drinking. District RRT given by peripheral team on control measures, of West Nile Fever was reported from Village"
Karnataka,Vijayapura,Dengue & Chikungunya,26,0,09-06-2025,10-06-2025,Under Control,"Cases were reported from Mavinabhavi Village, District Vijayapura. Cases presented with symptoms of fever, body ache, and joint pain. Five samples were sent to DPHL & a private lab, out of which 2 were positive for Dengue IgG by RDT & 1 was positive for both Dengue IgM and Chikungunya IgM by ELISA. District RRT investigated the outbreak. Community awareness and health education given by peripheral team on vector control measures, hygiene and sanitation."
Maharasht ra,Amravati,Malaria (P.vivax),27,0,11-06-2025,12-06-2025,Under Surveillance,"Cases were reported from Village Jalgaon Arvi, PHC Talegaon Dashasar, Sub-District Dhamangaon Railway, District Amravati. Cases presented with fever with chills, fatigue, headache, and malaise. The most affected age group was 15-44 years. A total of 44 blood samples were collected and tested at DMO Lab Amravati, out of which 27 were positive for Malaria (Plasmodium vivax) by ELISA. District RRT investigated the outbreak. Control measures included source reduction, dry day observation, guppy fish introduction, Temephos application, and fogging. Community awareness and health education were given by the peripheral team on vector control measures, hygiene, and sanitation."
Maharasht ra,Gadchiroli,Malaria (P.falciparum ),3,1,10-06-2025,12-06-2025,Under Surveillance,"Cases were reported from Village Duseguda, Block Etapalli, SC Punnur, PHC Kasansur, District Gadchiroli. Cases presented with high-grade fever and altered sensorium. One blood sample was collected and tested at District Hospital Gadchiroli. Out of 154 tested, 3 were positive for Malaria (Plasmodium falciparum) by rapid test. District RRT investigated the outbreak. House-to-house fever surveillance, container survey, and health education were carried out by the peripheral team focusing on vector control, hygiene, and sanitation. One death was reported: a 25-year-old female, who died on 09/06/2025 at Civil Hospital Gadchiroli (positive for Malaria)."
Maharasht ra,Kolhapur,Dengue,6,1,10-06-2025,12-06-2025,Under Surveillance,"Cases were reported from Jivba Nana Jadhav Park area, Sub-District Karvir, District Kolhapur. Cases presented with fever and malaise. All age groups were affected. Total 40 blood serum samples were collected and tested at SSH, out of which 6 were positive for Dengue IgM by ELISA. District RRT investigated the outbreak. Community awareness and health education were given by the peripheral team on vector control measures, hygiene, and sanitation. House-to-house fever surveillance was conducted. Source reduction, removal of breeding sites, destruction of stagnant water, fogging for three consecutive days, and solid waste clearance were carried out. Personal protection measures and environmental vector control were promoted. Death of a 25 year old male has occurred due to the illness on 10.06.2025."
Maharasht ra,Nagpur,Suspected Food Poisoning,73,0,13-06-2025,13-06-2025,Under Control,"Cases were reported from Ward 6, Bhivapur Urban, Sub-District Bhiwapur, District Nagpur. Cases presented with loose motion and vomiting, linked to a wedding ceremony on 12-06-2025. The most affected age groups were 15-25 and 40-60 years. Seven stool samples were collected and tested at RPHL Nagpur; all were negative for Cholera. Seven food samples, four water samples, and six stool samples were collected and sent to RPHL Nagpur and GMC Nagpur for further investigation. District RRT investigated the outbreak. Cases were admitted to RH Bhivapur. Community awareness and health education were provided by the peripheral team on food safety, hygiene, and sanitation."
Maharasht ra,Raigad,Dengue,8,1,12-06-2025,13-06-2025,Under Control,"Cases were reported from Village Sonari, Sub-District Uran, District Raigad. Cases presented with fever, body ache, and weakness. The most affected age group was 21–30 years. Four blood samples were tested at the Sentinel Center, Thane, out of which one was positive for Dengue NS1 Antigen by ELISA. District RRT investigated the outbreak. Fogging and spraying activities were conducted. Daily fever surveillance, source reduction (abating), and community awareness through IEC activities were undertaken by the peripheral health team on vector control, hygiene, and sanitation. Death of a 25-year- old male have occurred on 12/06/2025 at Panacea Hospital, Uran."
Maharashtra,"Yavatmal th March, 2020. The States have been reporting the COVID-19 cases and deaths on a real-time basis and the same was being updated on the website of",Malaria (P.vivax),,4 COVID-19 STATUS,0 05-06-2025,Surveillance,"Under District Yavatmal. Cases presented with fever. Total 57 blood smears were collected and tested, out of which four were found positive outbreak. Fever mass were conducted. Community awareness and health education were given by the peripheral team on vector control measures, hygiene, and sanitation.",for Malaria. District RRT investigated the survey and entomological surveillance
Madhya Pradesh,East Nimar,Acute Diarrheal Disease,33,0,12-06-2025,12-06-2025,Under Surveillance,"Cases were reported from Village Chhirvel, PHC Barud, Block Chhegaon Makhan, District East Nimar. Cases presented with diarrhea. All age groups were affected. Eight rectal swabs and three water samples were collected and tested at DPHL Indore. Rectal swabs showed normal flora & water samples tested positive for fecal coliform bacteria. District RRT investigated the outbreak. Community awareness and health education were provided on hygiene, sanitation, and water safety. House-to-house surveillance was conducted. Suspected wells were immediately disconnected, and chlorination was carried out daily."
Madhya Pradesh,Rewa,Food Poisoning,5,4,12-06-2025,12-06-2025,Under Surveillance,"Cases were reported from Villages Padariya and Bhaluha, Sub-District Huzur, District Rewa. Cases of diarrhea were reported after attending a marriage event. One stool and one water sample were tested at DPHL DH Rewa, all were negative for Cholera or any pathogen. District RRT investigated the outbreak. Community awareness and health education were provided on food safety and sanitation. House-to-house surveys & health camps were conducted. Four deaths have occurred due to the illness, including a 1- year-old male, two elderly individuals aged 80 and 81, and a 17-year-old female."
Madhya Pradesh,Seoni,Acute Diarrheal Disease,21,0,05-06-2025,11-06-2025,Under Surveillance,"Cases were reported from Village Bothiya, Sub-District Keolari, District Seoni. Cases presented with diarrhea and vomiting. Water samples were tested by the PHE department. District RRT investigated the outbreak. Community awareness and health education were provided on hygiene, sanitation, and safe water practices. House- to-house surveys and chlorination of water sources was done. The outbreak might be caused by consumption of contaminated bore well water."
Odisha,Bargarh,Food Poisoning,57,0,14-06-2025,14-06-2025,Under Control,"Cases were reported from Village Kuapali, Sub-District Paikamal, District Bargarh. Cases presented with symptoms of vomiting, nausea, and loose motion, linked to food consumed during a religious gathering attended by approximately 700 people. Seven rectal swab and three water samples were tested at IPHL Bargarh. All rectal swabs were negative for any entero- pathogens. Water samples were negative for H2S test & OT value of 0.0 PPM. District RRT investigated the outbreak. Community awareness and health education were given on hygiene and sanitation. House-to-house survey and treatment were given, including ORS distribution. Water disinfection and community sensitization activities were undertaken."
Odisha,Bhadrak,Fever with Rash,6,0,12-06-2025,13-06-2025,Under Control,"Cases were reported from Sub-District Bhadrak Rural, District Bhadrak. Cases presented with fever with rash. The affected age group was 1-5 years, predominantly male. Five serum samples were sent to ICMR-RMRC, Bhubaneswar, all tested negative for measles. Among the cases, 89% were previously vaccinated. District RRT investigated the outbreak. Community awareness and health education were provided on control measures and sanitation. IEC activities were carried out, and Vitamin A was administered. Hygiene, nutrition, and isolation were emphasized."
Odisha,Cuttack,Cholera,38,0,14-06-2025,15-06-2025,Under Surveillance,"Cases were reported from Villages Gholapur and Tulasipur, Sub-District Banki, District Cuttack. Cases presented with symptoms of loose motion and vomiting. Three rectal swabs and water samples were collected and tested at SCB MCH. All water samples tested positive for H2S with an OT value of 0.0 PPM. One rectal swab tested positive for Vibrio cholerae. District RRT investigated the outbreak. Community awareness and health education were provided on hygiene, sanitation, and disease prevention. Administration of contact doses, mass disinfection in affected villages, perimeter surveillance, house-to-house surveys, and distribution of ORS and necessary medicines was done. Water disinfection was done."
Odisha,Jajapur,Food Poisoning,38,0,10-06-2025,10-06-2025,Under Surveillance,"Cases were reported from Dharmasala CHC, Village Pakhara, Anjira & Godipatia, Sub-District Dharmasala, District Jajapur. Cases presented with loose motion and vomiting after attending a social gathering on 08.06.2025. District RRT investigated the outbreak. Community awareness and health education given by peripheral team on control measures, hygiene and sanitation."
Odisha,Kendujhar,Acute Diarrheal Disease,13,2,12-06-2025,14-06-2025,Under Surveillance,"Cases were reported from Village Bato, Sub-District Sainkul, District Kendujhar. Cases presented with symptoms of loose motion and vomiting. Three rectal swabs and three water samples were collected and sent to SCB MCH, Cuttack. All water samples tested positive for H2S with an OT value of 0.0 PPM. No entero-pathogenic organisms were detected in rectal swabs. District RRT investigated the outbreak. Administration of contact doses, mass disinfection of the affected village, perimeter surveillance was done. House-to- house surveys were conducted. ORS, zinc tablets, and Halazone tablets were distributed. A mobile medical team visited the village regularly, and community awareness and health education were provided on hygiene, sanitation, and safe water practices. The suspected source of infection was contaminated water supply from the village overhead tank. Two deaths have occurred due to the illness (60 year/male and 42 year/female)."
Odisha,Koraput,Acute Diarrheal Disease,34,0,08-06-2025,09-06-2025,Under Control,"Cases were reported from Villages Chakaliguda and Cherengaguda, Sub- District Koraput, District Koraput. Cases presented with loose motion and vomiting. A total of 2 rectal swabs and 12 water samples were collected; all water samples tested negative for H2S with an OT value of 0.0 PPM and rectal swabs showed no entero-pathogenic organisms. District RRT investigated the outbreak. Community awareness and health education were provided on hygiene, sanitation, and safe drinking water practices. House-to-house active surveillance, health team deployment (24x7), contact dose administration, and disinfection of dug wells every alternate day was done. Community meetings were held to demonstrate Halazone tablet usage, hand washing, and ORS preparation. Daily & night surveillance was conducted. Water from dug wells was suspected as the source of infection."
Odisha,Mayurbhanj,Hepatitis A,77,0,09-06-2025,09-06-2025,Under Surveillance,"Cases were reported from Villages Parichhipur and Khiripada, District Mayurbhanj. Cases presented with fever and jaundice, primarily affecting females in the 1-10 year age group. A total of 31 blood and 3 water samples were collected. Water samples tested negative for H2S with OT value of <0.01 PPM. Five blood samples tested positive for HAV IgM by ELISA. District RRT investigated the outbreak. Community awareness and health education were provided on hygiene, sanitation, and preventive measures. House-to-house surveys, water disinfection was done."
Odisha,Rayagada,Malaria (P.falciparum & P. vivax) & Dengue,7,0,09-06-2025,10-06-2025,Under Control,"Cases were reported from Village Binishpur, Sub-District Rayagada, District Rayagada. Cases presented with fever and rash. Seven blood samples were collected and sent to DPHL Rayagada, of which 4 tested positive for Malaria (3 for Plasmodium vivax & 1 for Plasmodium falciparum) and 3 tested positive for Dengue NS1 Ag by ELISA. District RRT investigated the outbreak. IEC activities, house-to-house surveys, and education on maintaining proper hygiene, nutrition, and isolation was done."
Tamil Nadu,Coimbatore,Acute Diarrheal Disease,72,0,11-06-2025,12-06-2025,Under Surveillance,"Cases were reported from JRM UHP, Sub- District Coimbatore South, District Coimbatore. Cases presented with vomiting and diarrhea. Majority of the cases were more than 15 years of age. Three water samples were collected from different locations (OHT, middle tap and tail-end tap) & tested at Chief Water Analyst’s Laboratory, and one additional sample tested at DPHL Coimbatore. All four water samples tested negative for contamination. District RRT investigated the outbreak. Community awareness and health education were provided on hygiene, sanitation, and safe water practices."
Tamil Nadu,Mayiladuthur ai,Chickenpox,6,0,14-06-2025,15-06-2025,Under Control,"Cases were reported from Village Thirumullaivasal, PHC Thirumullaivasal, Block Kollidam, District Mayiladuthurai. Cases presented with fever and blister-like skin rash. One blood sample was sent to Kings Institute, Guindy, Chennai, which tested negative. All cases were diagnosed clinically. District RRT investigated the outbreak. Community awareness and health education were provided on personal hygiene, infection control, and isolation of cases to prevent further spread."
Tamil Nadu,Tenkasi,Acute Diarrheal Disease,24,6,12-06-2025,13-06-2025,Under Control,"Cases were reported from an old age home in Pattakurichi, PHC Sundarapandiapuram, Block Tenkasi, District Tenkasi. Cases presented with symptoms of loose or watery stools and vomiting. All affected cases were more than 15 years of age. Total 4 stool, 2 food, and 6 water samples were collected & sent to DPHL Chokkampatti & Regional Water Lab, Tirunelveli. One food sample was positive for E.coli, and 5 water samples were positive for fecal coliforms on culture. Water samples showed presence of contamination with E.coli, fecal streptococci, Salmonella, Shigella, and Clostridium perfringens. Stool samples tested negative on culture. District RRT investigated the outbreak. Community awareness and health education were provided on hygiene, sanitation, and safe food and water consumption practices. Active case surveillance, water chlorination, food safety interventions were done and community education was given. Six deaths (40-74 years age group, including 3 males & 3 females) have occurred during the outbreak."
Tamil Nadu,Thanjavur,Acute Gastroenterit is,32,0,13-06-2025,14-06-2025,Under Control,"Cases were reported from a Hostel in Block Pattukottai, District Thanjavur. Cases presented with loose stools. The most affected age group was 15 years and above. Total 4 water, 3 stool, 1 blood, and 1 food sample were collected & tested at DPHL Kumbakonam and Food Safety Office. Two water samples were positive for contamination & all 3 stool samples were negative for any entero-pathogen. District RRT investigated the outbreak. Community awareness and health education were provided by the peripheral team on control measures, hygiene, and sanitation."
Tamil Nadu,Tirunelveli,Acute Diarrheal Disease,80,0,07-06-2025,09-06-2025,Under Surveillance,"Cases were reported from Thirukkurungudi Town Panchayat (Wards 3, 7, 8, 9, 10, 14, 15), Thirukurungudi CHC, Block Kalakad, District Tirunelveli. Cases presented with symptoms of vomiting, loose stools, and lower abdominal pain. The most affected age group was 15 years and above. A total of 5 stool samples and 10 water samples were collected & sent to Regional Water Lab, Tirunelveli and Micro Lab TVMCH. Two water samples were positive for E.coli, Fecal Streptococci and Clostridium perfringens. Stool cultures were negative for any entero-pathogen. District RRT investigated the outbreak. Community awareness and health education were provided by the peripheral team on control measures, hygiene, and sanitation."
Tamil Nadu,Villupuram,Acute Diarrhoeal Disease,6,0,09-06-2025,10-06-2025,Under Surveillance,"Cases were reported from Sirumadurai Colony, Block Iruvelpattu, District Villupuram. Cases presented with symptoms of diarrhea. The most affected age group was 15 years and above. One stool sample was collected and tested at GVMCH Villupuram, which was negative for bacterial pathogens by culture. District RRT investigated the outbreak. Health education on safe drinking water, sanitation, and personal hygiene was provided to the affected community."
Tamil Nadu,Virudhunagar,Food Poisoning,145,0,09-06-2025,11-06-2025,Under Control,"Cases were reported from Village Kalvimadai, PHC A.Mukkulam, Block Narikudi, District Virudhunagar. Cases presented with loose stools after attending a religious gathering. Majority of cases were more than 15 years of age. Three stool and three water samples were collected & sent to DPHL Virudhunagar. All three stool samples tested negative for any entero- pathogen. Two water samples were found to be contaminated. District RRT investigated the outbreak. Community awareness and health education were provided on hygiene, sanitation, and safe drinking water practices."
Uttarakhan d,Almora,Typhoid,7,0,13-06-2025,13-06-2025,Under Surveillance,"Cases were reported from Village Bagpali, Sub-District Bhanoli, District Almora. Cases presented with fever. Three blood samples were sent for testing, all were positive for Salmonella paratyphi A by TyphiDot/RDT. District RRT investigated the outbreak. Community awareness and health education given by peripheral team on control measures, hygiene and sanitation."
West Bengal,Birbhum,Acute Diarrheal Disease,31,0,09-06-2025,10-06-2025,Under Control,"Cases were reported from Village Amlai (Meya Para), Sub-District Nalhati-I, District Birbhum. Cases presented with loose stools and abdominal discomfort. The most affected age group was 15-44 years. Two rectal swab samples were collected and sent to RGMCH for testing. The suspected cause of the outbreak was consumption of contaminated water. District and block RRT teams investigated the outbreak. House-to- house surveys were conducted. Medicines such as Halogen, ORS were distributed. Disinfection of the water source was carried out. Health workers conducted IEC activities and meetings with the local community to raise awareness on safe water use, hygiene, and sanitation."
West Bengal,Hooghly,Suspected Food Poisoning,17,0,10-01-2025,10-06-2025,Under Control,"Cases were reported from Village Keshabpur, Sub-District Arambagh, District Hooghly. Cases presented with symptoms of nausea, vomiting, and abdominal discomfort. The suspected source of the outbreak was consumption of street food from a local vendor. The most affected age group was 5-14 years. Five water samples and three rectal swab samples were collected and sent to the National Institute for Research in Bacterial Infections. Food Safety Officer collected food & water samples, which were sent to WBPHL laboratory for testing. District RRT investigated the outbreak. A medical camp was organized. Essential medicines and ORS were distributed. Health education and community awareness were provided regarding food safety & hygiene."
West Bengal,Jalpaiguri,Malaria,10,0,11-06-2025,13-06-2025,Under Surveillance,"Cases were reported from Dakhin Kheirkata Village, Angrabhasa GP, Nagrakata Block. Cases presented with symptoms of fever and chills. Most affected cases were children below 15 years of age. Seven blood specimens were collected and examined through RDK/Blood Slides, all were positive for Malaria (Plasmodium vivax). Treatment was provided at Dhumpara PHC. District RRT investigated the outbreak. Fever surveys were conducted regularly. All fever cases were screened. Long-Lasting Insecticidal Nets (LLIN) usage was promoted."
West Bengal Name of State-UT,Murshidabad DISEASE OUTBREAKS OF PREVIOUS WEEKS REPORTED LATE Name of District,Acute Diarrheal Disease Disease- Illness,14,0 No. of Cases,06-06-2025 No. of Deaths Outbreak,10-06-2025 Date of Start,Under Control Current Comments- Action Taken Status,"Cases were reported from Village Ekamba, Sub-District Burwan, District Murshidabad. Cases presented with diarrhea. The most affected age group was 15-44 years. Treatment was provided at Burwan Rural Hospital. The suspected cause of the outbreak was the use of contaminated pond water. District RRT investigated the outbreak. Community awareness and health education were provided by the peripheral team focusing on safe drinking water, hygiene, and sanitation practices."
Andhra Pradesh,Anakapalli,Suspected Food Poisoning,12,0,16-06-2025,17-06-2025,Under Surveillance,"Sub-District Nathavaram, District Anakapalli. Cases presented with vomiting and loose stools. District RRT investigated the outbreak. All the cases developed the symptoms after eating food in a hotel on 15- 06-2025 during their visit to a festival. Cases treated symptomatically. Community awareness and health education given by peripheral team on hygiene and sanitation. Cases were reported from Twin City"
Arunachal Pradesh,Papum Pare,Scrub Typhus,15,0,16-06-2025,20-06-2025,Under Surveillance,"(Itanagar and Naharlagun) Sub-District Itanagar EAC, District Papum Pare. Cases presented with fever, chills, bodyache. 6 blood samples were collected and sent to DPHL-TRIHMS. They were tested positive for Scrub typhus IgM by ELISA. District RRT investigated the outbreak. They were treated at the hospital. Community awareness and health education given by peripheral team on hygiene and sanitation. Cases were reported from Village Saruthe"
Assam,Darrang,Suspected Food Poisoning,53,0,21-06-2025,21-06-2025,Under Surveillance,"kerabari, Sub-District Mangaldoi (Pt), District Darrang. Cases presented with loose stools and vomiting. Rectal swab and 1 water sample were tested. Rectal swab did not show growth of any pathogenic organism. Water sample found fit for potable purpose. District RRT investigated the outbreak. Cases treated symptomatically. All the cases developed the symptoms after attending a birthday party. Community awareness and health education given by peripheral team on hygiene and sanitation."
Assam,Dibrugarh,Suspected Food Poisoning (Salmonella),39,0,20-06-2025,20-06-2025,Under Control,"no. 3, under Joriguri Subcentre, Sub-District Moran, District Dibrugarh. Cases presented with loose stools, fever, headache and vomiting. 2 Rectal swabs and 1 water sample were collected and sent to AMCH, Dibrugarh. Rectal swab found positive for Salmonella. Water sample found unfit for potable. District RRT investigated the outbreak. Cases treated symptomatically. All the cases developed the symptoms after having food in a social gathering on 19-06- 2025. Community awareness and health education given by peripheral team on hygiene and sanitation. Cases were reported from Village Dholai"
Assam,Hailakandi,Fever with Rash,27,0,18-06-2025,18-06-2025,Under Surveillance,"Molai, Sub-District Katlichara, District Hailakandi. Cases presented with fever with rash. 27 blood samples were collected and sent to GMCH, Guwahati. All the samples found negative for measles. District RRT investigated the outbreak. Age group of the affected cases was 1-15 years. Cases treated symptomatically. All the cases were vaccinated. Community awareness and health education given by peripheral team on hygiene and sanitation. Cases were reported from Villages"
Assam,Jorhat,Chickenpox,7,0,20-06-2025,20-06-2025,Under Control,"Buragaon & Molia Gaon, Sub-District Titabor, District Jorhat. Cases presented with fever with rash. 10 blood samples were collected and sent to JMCH. 7 samples found positive for the Varicella Zoster IgM by ELISA. District RRT investigated the outbreak. Cases treated symptomatically. Community awareness and health education given by peripheral team on hygiene and sanitation."
Chhattisgar h,Balod,Acute Diarrheal Disease,55,0,20-06-2025,21-06-2025,Under Surveillance,"Sub-District Balod, District Balod. Cases presented with loose motion and vomiting. 4 stool samples and 21 water samples were collected and sent to Medical College Rajnandgaon. Stool samples did not show growth of any pathogenic organism. 5 water samples found unfit for potable purpose. District RRT investigated the outbreak. Cases treated symptomatically. Community awareness and health education given by peripheral team on control measures, hygiene and sanitation. Cases were reported from Village Tarrighat,"
Chhattisgar h,Durg,Cholera,28,0,17-06-2025,17-06-2025,Under Surveillance,"Sub-District Patan, District Durg. Cases presented with loose motion and vomiting. 7 stool samples and 4 water samples were collected and sent to Hamar lab Raipur and PHE Department respectively. 2 Stool samples came positive for Vibrio Cholerae. Water samples found unfit for potable purpose. District RRT investigated the outbreak. Cases treated symptomatically. Community awareness and health education given by peripheral team on control measures, hygiene and sanitation. Cases were reported from Village Lamkeni,"
Chhattisgar h,Raipur,Acute Diarrheal Disease,41,0,17-06-2025,17-06-2025,Under Surveillance,"Sub-District Abhanpur, District Raipur. Cases presented with loose motion and vomiting. 2 stool samples were collected and sent to Hamar Lab, Raipur. Stool samples did not show growth of any pathogenic organism. District RRT investigated the outbreak. Cases treated symptomatically. Community awareness and health education given by peripheral team on control measures, hygiene and sanitation."
Gujarat,Patan,Acute Diarrheal Disease,11,0,18-06-2025,18-06-2025,Under Control,"Sub-District Patan, District Patan. Cases presented with loose motion and vomiting. District RRT investigated the outbreak. Cases treated symptomatically. Community awareness and health education given by peripheral team on control measures, hygiene and sanitation. Cases were reported from Village Asoj,"
Gujarat,Vadodara,Acute Diarrheal Disease,44,0,17-06-2025,17-06-2025,Under Control,"Sub-District Vaghodia, District Vadodara. Cases presented with loose motion and vomiting. 1 stool sample and 4 water samples were collected and sent to SSG Vadodara Hospital. It was tested negative for Cholera on culture. All the water samples found unfit for potable purpose. District RRT investigated the outbreak. Cases treated symptomatically. Community awareness and health education given by peripheral team on control measures, hygiene and sanitation. Cases were reported from Sub-District"
Jharkhand,Dhanbad,Hepatitis A,24,0,18-06-2025,20-06-2025,Under Surveillance,"Dhanbad-Cum-Kenduadih-Cum-Jagata, District Dhanbad. Cases presented with Jaundice. 6 blood samples were collected and sent to SNNMCH, Dhanbad. All samples tested positive for Hepatitis A IgM by ELISA. District RRT investigated the outbreak. Age group of the affected cases were 1-21 years. Cases treated symptomatically. Community awareness and health education given by peripheral team on control measures, hygiene and sanitation."
Jharkhand,Giridih,Chickenpox,,5,0 20-05-2025,Under Surveillance,District Giridih. Cases presented with fever with rash. 5 blood samples were collected and sent to samples found positive for the Varicella Zoster IgM by ELISA District symptomatically. Community awareness and health education given by peripheral team on hygiene and sanitation. Cases were reported from Village Govindpur,"RIMS, Ranchi. All the RRT investigated the outbreak. Cases treated Maniha, Sub-"
Jharkhand,Gumla,Chickenpox,6,0,11-06-2025,21-06-2025,Under Control,"Sub-District Gumla, District Gumla. Cases presented with fever with rash. 12 blood samples were collected and sent to RIMS, Ranchi. 5 samples found positive for the Varicella Zoster IgM by ELISA District RRT investigated the outbreak. Age group of the affected cases were 6-26 years. Cases treated symptomatically. Community awareness and health education given by peripheral team on hygiene and sanitation. Cases were reported from Villages Amidha,"
Jharkhand,Latehar,Paratyphoid,27,0,19-06-2025,19-06-2025,Under Surveillance,"Kutmu and Luhur Sub-District Barwadih, District Latehar. Cases were found during routine fever surveillance after receiving the news of typhoid case in the village. 25 blood tested positive for Salmonella paratyphi A by RDT kits and Widal test. District RRT investigated the outbreak. Affected cases were from all age groups. Cases treated symptomatically. Community awareness and health education given by peripheral team on hygiene and sanitation."
Kerala,Ernakulam,Hepatitis A,16,0,18-06-2025,22-06-2025,Under Surveillance,"Eramalloor (CT), Sub-District Kothamangalam, District Ernakulam. Cases presented with symptoms of Yellowish coloration of the eyes, fever, myalgias, loose stools and vomiting. 6 blood samples and 1 water sample were collected and sent to RPH Lab Ernakulam. All the blood samples found Hepatitis A positive by ELISA. Water samples found unfit for potable purpose. District RRT investigated the outbreak. The main cause of outbreak is contaminated well water supply. Cases treated symptomatically. Community awareness and health education given by peripheral team on hygiene and sanitation."
Kerala,Ernakulam,Dengue,24,0,16-06-2025,22-06-2025,Under Surveillance,"(CT), Sub-District Kunnathunad, District Ernakulam. Cases presented with fever with bodyache. 4 blood samples were collected and sent to RPH Lab Ernakulam. All the samples found positive for Dengue IgM by ELISA. District RRT investigated the outbreak. Cases treated symptomatically. Community awareness and health education given by peripheral team on vector control measures, hygiene and sanitation. Cases were reported from Village Kadung"
Kerala,Ernakulam,Hepatitis A,30,0,17-06-2025,18-06-2025,Under Surveillance,"alloor (CT), Sub-District Paravur, District Ernakulam. Cases presented with fever, jaundice, general weakness. 3 blood samples found positive for Hepatitis A IgM by ELISA from RPHL Ernakulam. One water sample found unfit for potable purpose tested at RPHL lab. District RRT investigated the outbreak. Cases treated symptomatically. Community awareness and health education given by peripheral team on hygiene and sanitation. Cases were reported from Ward 8 and 12"
Kerala,Ernakulam,Dengue,28,0,16-06-2025,18-06-2025,Under Surveillance,"of Kizhakkambalam Gramapanchayath Sub- District Kunnathunad, District Ernakulam. Cases presented with fever with bodyache. 4 blood samples were collected and sent to RPH Lab Ernakulam. All the samples found positive for Dengue IgM by ELISA. District RRT investigated the outbreak. Cases treated symptomatically. Community awareness and health education given by peripheral team on vector control measures, hygiene and sanitation."
Kerala,Kozhikode,Hepatitis A,23,0,21-06-2025,21-06-2025,Under Surveillance,"Islamic Academy and its affiliated madrassa, Chorode. Village Kayakkodi, Edacheri (CT) & Chorode (CT) Sub-District Vatakara, District Kozhikode. Cases presented with fever, headache, vomiting and abdominal pain. 1 blood sample found positive for Hepatitis A IgM by ELISA from RPHL Ernakulam. District RRT investigated the outbreak. Cases treated symptomatically. Community awareness and health education given by peripheral team on hygiene and sanitation. Cases were reported from AMLP School,"
Kerala,Malappura m,Food Poisoning,54,0,13-06-2025,17-06-2025,Under Surveillance,"Sub-District Tirur, District Malappuram. Cases presented with loose stools and vomiting. 2 Water samples were found unfit for potable purpose (E. coli detected). District RRT investigated the outbreak. All the cases developed the symptoms after having food in school. Cases treated symptomatically. Community awareness and health education given by peripheral team on hygiene and sanitation"
Kerala,Palakkad,Chickenpox,28,0,16-06-2025,16-06-2025,Under Control,"Cases were reported from Village Malampuzha-I, Kollengode-I & Pallassana, Sub-District Palakkad, District Palakkad. Cases presented with fever with maculo- papular rash. All the cases are diagnosed clinically. District RRT investigated the outbreak. Cases treated symptomatically. Community awareness and health education given by peripheral team on hygiene and sanitation."
Kerala,Pathanamt hitta,Food Poisoning,71,0,20-06-2025,21-06-2025,Under Control,"Cases were reported from Pushpagiri Medicity (Dental College),Perumthuruthi, ward 6. Village Peringara, Sub-District Thiruvalla, District Pathanamthitta. Cases presented with abdominal pain, pain abdomen, and vomiting. Water sample found fit for potable purpose. District RRT investigated the outbreak. All the cases developed the symptoms after having food in canteen. Cases treated symptomatically. Community awareness and health education given by peripheral team on hygiene and sanitation."
Kerala,Thrissur,Hepatitis A,13,0,20-06-2025,22-06-2025,Under Surveillance,"Cases were reported from Village Varandarappilly, Sub-District Chalakkudy, District Thrissur. Cases presented with fever, tiredness. 2 blood samples found positive for Hepatitis A IgM by ELISA District RRT investigated the outbreak. Cases treated symptomatically. Community awareness and health education given by peripheral team on hygiene and sanitation. Cases were reported from Mulati urban"
Karnataka,Belagavi,Food Poisoning,23,0,16-06-2025,16-06-2025,Under Control,"Cases were reported from a Training School, Khanapur, Village Bacholi, Ashok Nagar & Amboli, Sub-District Khanapur, District Belagavi. Cases presented with symptoms of abdominal pain, vomiting, and diarrhea, following consumption of street food and contaminated water. The affected age group was 35-40 years. Cases were admitted to General Hospital, Khanapur. Two stool sample and two water samples were collected & tested at BIMS Microbiology Department. Stool samples showed normal commensals on culture. One water sample was found unfit for consumption. District RRT investigated the outbreak. Purified drinking water was supplied, health education and IEC activities for the affected population, and active surveillance was done. Cases were reported from a school in"
Karnataka,Kalaburagi,Leptospirosi s,20,0,21-06-2025,21-06-2025,Under Surveillance,"Village Korwar, Sub-District Kalagi, District Kalaburagi. Cases presented with fever. Total 18 blood samples were collected & tested at DPHL Kalaburagi, out of these, 8 samples tested positive for Leptospirosis (IgM by ELISA). District RRT investigated the outbreak. Community awareness and health education given by peripheral team on vector control measures, hygiene and sanitation. Aedes mosquito breeding and larvae were observed during inspection. IEC on personal hygiene and mosquito net usage, fever screening."
Karnataka,Kolar,Malaria,6,0,20-06-2025,20-06-2025,Under Surveillance,"Cases were reported from Village Annehalli, PHC Annehalli, Taluk Kolar, District Kolar. Cases presented with fever. A total of 107 blood smears were collected from suspected cases & tested at Annehalli PHC, out of which 6 tested positive for Malaria (Plasmodium falciparum). All patients were referred to SNR District Hospital, Kolar, for treatment. District RRT investigated the outbreak. Community awareness and health education given by peripheral team on vector control measures, hygiene and sanitation."
Karnataka,Koppal,Dengue,52,0,16-06-2025,18-06-2025,Under Surveillance,"Cases were reported from Village Killarahatti Thanda, PHC Mudenur, Taluk Kushtagi, District Koppal. Cases presented with symptoms of fever, headache, and myalgia. The affected age group was 11-20 years, with an equal gender distribution. Total 17 blood samples were sent for testing, out of which three were positive for Dengue NS1 Ag by ELISA & Rapid NS1. Total 43 blood smears were also examined; all were negative for Malaria. District RRT investigated the outbreak. Community awareness and health education given by peripheral team on vector control measures, hygiene and sanitation."
Karnataka,Vijayanaga r,Acute Diarrheal Disease,140,0,16-06-2025,17-06-2025,Under Surveillance,"15th June 2025 in Bhovi Colony, M.M. Wada, Hadagalli Taluk, Vijayanagar District, Karnataka, in a population of approximately 840 people across 178 households. The suspected source was a contaminated common bore well in a slum area with poor sanitation, open defecation, and stagnant wastewater due to recent rains. A total of 140 cases were reported, with five stool samples confirming the presence of Vibrio cholerae O1 out of a total of 10 stool samples sent to VIMS, Ballari. All affected individuals received treatment including ORS, zinc, and medications, while severe cases were referred to higher health facilities with ambulance support.Health education activities were carried out to promote hand hygiene, safe drinking water, and awareness about open defecation. Cases were reported from Village"
Maharashtr a,Chandrapu r,Acute Diarrheal Disease,48,0,14-06-2025,17-06-2025,Under Control,"Nawegaon Bhuj, Sub-District Mul, District Chandrapur. Cases presented with loose stools, pain abdomen and vomiting. 4 stool samples and 18 water samples were collected and sent to DPHL Chandrapur. Stool samples did not show growth of any pathogenic organism, water samples found fit for potable purpose. District RRT investigated the outbreak. Cases treated symptomatically. Community awareness and health education given by peripheral team on hygiene and sanitation. Cases were reported from Sub-District"
Madhya Pradesh,Betul,Hepatitis A,13,0,19-06-2025,20-06-2025,Under Surveillance,"area, Sub-District Multai, District Betul. Cases presented with fever and jaundice. Total 4 blood samples and 3 water samples were collected and sent to AIIMS, Bhopal and JP Hospital Bhopal respectively. 2 samples found positive for Hepatitis A IgM by ELISA. District RRT investigated the outbreak. Cases treated symptomatically. Community awareness and health education given by peripheral team on hygiene and sanitation"
Madhya Pradesh,Shivpuri,Suspected Food Poisoning,20,0,19-06-2025,19-06-2025,Under Control,"Sub-District Karera, District Shivpuri. Cases presented with loose stools, pain abdomen and vomiting. District RRT investigated the outbreak. All the cases developed the symptoms after having food in a social gathering. Cases treated symptomatically. Community awareness and health education given by peripheral team on hygiene and sanitation. Cases were reported from Village"
Mizoram,Kolasib,Suspected Typhoid,38,0,19-06-2025,20-06-2025,Under Surveillance,"Bilkhawthlir, District Kolasib. Cases are presented with Cough with fever. 38 samples tested positive for Salmonella typhi by RDT kits. Seven water samples found unfit for potable purpose. Cases treated accordingly. Community awareness and health education given by peripheral team on hygiene and sanitation."
Odisha,Anugul,Acute Diarrheal Disease,43,0,22-06-2025,22-06-2025,Under Control,"Sub-District Athmallik, District Anugul. Cases presented with loose stools, nausea and vomiting. 9 rectal swabs and 6 water samples were collected and sent to DPHL Anugul. Rectal swabs did not show any growth of any pathogenic organism and water samples found unfit for potable purpose. District RRT investigated the outbreak. Cases treated symptomatically. Community awareness and health education given by peripheral team on hygiene and sanitation. Cases were reported from Village Bhalutal,"
Odisha,Bargarh,Suspected Food Poisoning,14,0,19-06-2025,19-06-2025,Under Control,"Sub-District Ambabhona, District Bargarh. Cases presented with loose stools, nausea and vomiting. 3 rectal swabs and 3 water samples were collected and sent to DPHL Bargarh. Rectal swabs did not show any growth of any pathogenic organism and water samples found fit for potable purpose. District RRT investigated the outbreak. All the case developed the symptoms after having food in family function. Cases treated symptomatically. Community awareness and health education given by peripheral team on hygiene and sanitation. Cases were reported from Village Pingala"
Odisha,Boudh,Hepatitis A,18,0,21-06-2025,22-06-2025,Under Surveillance,"beda, Sub-District Baunsuni, District Boudh. Cases presented with fever, fatigue, and jaundice. 80 blood samples and 2 water samples were collected and sent to DPHL. 18 samples found positive for Hepatitis A IgM by ELISA. District RRT investigated the outbreak. Cases treated symptomatically. Community awareness and health education given by peripheral team on hygiene and sanitation."
Odisha,Puri,Acute Diarrheal Disease,31,0,16-06-2025,16-06-2025,Under Control,"Astaranga, Sundar, Patasun darpur & Jharling, Sub-District Astaranga, District Puri. Cases presented with loose stools, nausea and vomiting. 1 rectal swab and 4 water samples were collected and sent to DPHL Puri. Rectal swabs did not show any growth of any pathogenic organism and water samples found unfit for potable purpose. District RRT investigated the outbreak. Cases treated symptomatically. Community awareness and health education given by peripheral team on hygiene and sanitation. Cases were reported from Village Amiti,"
Odisha,Rayagada,Un Differentiate d Fever,108,0,21-06-2025,21-06-2025,Under Surveillance,"District Rayagada. Cases presented with fever. 108 blood samples found negative for Malaria by RDT kits tested at DPHL Rayagada. District RRT investigated the outbreak. Age group of the affected cases were 15-44 years. Cases treated symptomatically. Community awareness and health education given by peripheral team on vector control measures, hygiene and sanitation. Cases were reported from Sub-District"
Tamil Nadu,Cuddalore,Suspected Food Poisoning,81,0,20-06-2025,21-06-2025,Under Control,"Kurinjipadi, District Cuddalore. Cases presented with Nausea, vomiting and pain abdomen. District RRT investigated the outbreak. All the cases developed the symptoms after having breakfast at Neyveli Lignite Corporation (NLC) stadium on Yoga day. Cases treated symptomatically. Community awareness and health education given by peripheral team on hygiene and sanitation."
Tamil Nadu,Vellore,Acute Diarrheal Disease,12,0,18-06-2025,18-06-2025,Under Surveillance,"palayam, Sub-District Vellore, District Vellore. Cases presented with loose stools and vomiting. 7 water samples were collected and sent to DPHL Vellore and King Institute, Guindy. 5 water samples found unfit for potable purpose (Faecal coli detected). District RRT investigated the outbreak. Cases treated symptomatically. Community awareness and health education given by peripheral team on hygiene and sanitation. Cases were reported from Village Paikpara,"
Uttar Pradesh,"Jaunpur th March, 2020. The States have been reporting the COVID-19 cases and deaths on a real-time basis and the same was being updated on the website of",Chickenpox,COVID-19 STATUS,11,0 06-05-2025,Under Control,"District Jaunpur, District Jaunpur. Cases presented with fever with maculo-papular rash. 3 blister swabs were collected and sent to IMS BHU Varanasi. for the Varicella Zoster outbreak. Age group of the affected cases was Cases treated symptomatically. Community awareness and health education given by peripheral team on hygiene and sanitation.",All the samples found positive PCR. District RRT investigated the 9-53 years.
West Bengal,Birbhum,Acute Diarrheal Disease,33,0,16-06-2025,16-06-2025,Under Control,"Sub-District Nalhati-I, District Birbhum. Cases presented with loose stools and vomiting. One rectal swab and water samples were collected and sent to GMCH Rampurhat and PHE department. Rectal swab found sterile on culture. One water sample found unfit for potable purpose District RRT investigated the outbreak. Cases treated symptomatically. Community awareness and health education given by peripheral team on hygiene and sanitation. Cases were reported from Village Dhagra,"
West Bengal,Purulia DISEASE OUTBREAKS OF PREVIOUS WEEKS REPORTED LATE,Acute Diarrheal Disease,20,0,18-06-2025,18-06-2025,Under Control,"Sub-District Hura, District Purulia. Cases presented with loose stools and vomiting. One rectal swab and water samples were tested. Rectal swab did not show growth of any pathogenic organism. One water sample found unfit for potable purpose District RRT investigated the outbreak. Cases treated symptomatically. Community awareness and health education given by peripheral team on hygiene and sanitation."
Andhra Pradesh,Eluru,Acute Diarrheal Disease,11,0,01-02-2025,Under Control,"Pedapadu, District Eluru. Cases presented with loose motion and vomiting. treated symptomatically. education given by peripheral team on hygiene and sanitation. Cases were reported from all the 5 BPHCs in Dhemaji district.",District RRT investigated the outbreak. Cases Community awareness and health
Arunachal Pradesh,Lohit,Acute Diarrheal Disease,27,0,30-06-2025,30-06-2025,Under Control,"Kendra Vidyalaya, Sunpura, Sub-District Sunpura Circle, District Lohit. Cases presented with loose motion, vomiting and pain abdomen. 2 blood samples were collected and sent to RMRC-ICMR, Dibrugarh. One sample tested positive for E.Coli (Shiga Toxin Producing E.Coli, STEC) by RT-PCR. District RRT investigated the outbreak. Cases treated symptomatically. Community awareness and health education given by peripheral team on hygiene and sanitation. Cases were reported from Village"
Assam,Dhemaji,Japanese Encephalitis,,12 3,01-04-2025,Under Surveillance,"Cases presented with fever, headache, body pain and altered sensorium. were collected and tested at AMCH, DCH Dhemaji, and a private lab. investigated Community peripheral female, 15-year-old female and a 5-year-old male expired due to illness on 30 repectively.","A total of 30 CSF samples and 2 serum samples 12 samples found positive for JE. District RRT the outbreak. Cases treated at hospital. awareness and health education given by team on hygiene and sanitation. A 3-year-old th th th June, 2025, 9 July, 2025 and 12 July, 2025"
Assam,Dibrugarh,Suspected Food Poisoning,123,0,29-06-2025,30-06-2025,Under Control,"Lukhura khania, Sub-District Chabua, District Dibrugarh. Cases presented with pain abdomen, loose stools and vomiting. 3 rectal swabs and 2 water samples were collected and sent to AMCH Dibrugarh. Rectal swabs did not show growth of any pathogenic organism, water samples found unfit for potable purpose District RRT investigated the outbreak. All the cases developed the symptoms after having food at a social gathering. Cases treated symptomatically. Community awareness and health education given by peripheral team on hygiene and sanitation. Cases were reported from Village"
Bihar th,"Supaul March, 2020. The States have been reporting the COVID-19 cases and deaths on a real-time basis and the same was being updated on the website of",Suspected Food Poisoning,COVID-19 STATUS,6 0,28-01-2025,Under Surveillance,"Chhatapur presented with vomiting and diarrhea after consumption of food at school. District RRT investigated the outbreak. Cases treated symptomatically. Community awareness and health education given by peripheral team on control measures, hygiene and sanitation. ORS was distributed.","Sub-District Chhatapur, District Supaul. Cases"
Bihar,Vaishali,Acute Diarrheal Disease,20,0,01-07-2025,01-07-2025,Under Surveillance,"Lawapur Harnarayan, Sub-District Mahnar, District Vaishali. Cases presented with loose stools and vomiting. District RRT investigated the outbreak. Cases treated symptomatically. Community awareness and health education given by peripheral team on hygiene and sanitation"
Chhattisgarh,Baloda Bazar,Acute Diarrheal Disease,17,0,29-06-2025,30-06-2025,Under Control,"Cases were reported from Village Raseda, Sub-District Baloda Bazar, District Baloda Bazar. Cases presented with diarrhea and vomiting. All the cases were diagnosed clinically. District RRT investigated the outbreak. Cases treated symptomatically. Community awareness and health education given by peripheral team on hygiene and sanitation. Cases were reported from Village"
Chhattisgarh,Bemetara,Measles,5,0,04-07-2025,04-07-2025,Under Surveillance,"Gunarhod, Sub-District Bemetara, District Bemetara. Cases presented with fever with rash. 5 blood samples were collected and sent to NIRTH Jabalpur. All the samples found positive for Measles IgM by ELISA. District RRT investigated the outbreak. Age group of the affected cases was less than 6 years. Cases treated symptomatically. Community awareness and health education given by peripheral team on vaccination, hygiene and sanitation. Cases were reported from Village Hardi,"
Chhattisgarh,Janjgir- Champa,Acute Diarrheal Disease,15,0,03-07-2025,04-07-2025,Under Control,"Sub-District Akaltara, District Janjgir- Champa. Cases presented with diarrhea and vomiting. 3 stool samples were collected and sent to district hospital. Samples did not show growth of any pathogenic organism. District RRT investigated the outbreak. Cases treated symptomatically. Community awareness and health education given by peripheral team on hygiene and sanitation."
The Dadra And Nagar Haveli And Daman And Diu,Dadra And Nagar Haveli,Acute Diarrheal Disease,11,0,04-07-2025,04-07-2025,Under Surveillance,"Cases were reported from Satish Bhai ki Chawl, Village Athola & Athal, Sub- District Dadra & Nagar Haveli, District Dadra And Nagar Haveli. Cases presented with loose stools and vomiting. 10 water samples were collected and sent to Namo Medical College, Silvasa. Six water samples found unfit for potable purpose. District RRT investigated the outbreak. Cases treated symptomatically. Community awareness and health education given by peripheral team on hygiene and sanitation."
Goa,North Goa,Acute Diarrheal Disease (Shigellosis),91,0,29-06-2025,02-07-2025,Under Surveillance,"Bicholim, District North Goa. Cases presented with loose stools and vomiting. 7 Stool samples and 2 water samples were collected and sent to North Goa District lab and DHS. 2 Stool samples showed growth of Shigella, and water sample found fit for potable purpose. District RRT investigated the outbreak. Cases treated symptomatically. Community awareness and health education were given by the peripheral team on control measures, hygiene, and sanitation. Cases were reported from Village Vasco,"
Goa,South Goa,Typhoid,22,0,28-06-2025,05-07-2025,Under Surveillance,"Sub-District Mormugao, District South Goa. Cases presented with fever, chills, bodyache. A total of 4 blood samples tested positive for Salmonella typhi by Blood culture. District RRT investigated the outbreak. Community awareness and health education given by peripheral team on hygiene and sanitation. Cases were reported from GLRS School,"
Gujarat,Dohad,Suspected Food Poisoning,90,0,03-07-2025,03-07-2025,Under Surveillance,"Mandor Sub-District Limkheda, District Dohad. Cases presented with nausea, vomiting, pain abdomen and dizziness. 1 water sample and 3 food samples were collected and sent District lab GWSSB Dahod and Food & Drug lab Vadodara respectively. Result is awaited. District RRT investigated the outbreak. All the cases developed the symptoms after having food in a school camp. Cases treated symptomatically. Community awareness and health education given by peripheral team on hygiene and sanitation"
Jharkhand,Dhanbad,Acute Diarrheal Disease,15,0,02-07-2025,02-07-2025,Under Surveillance,"Village Jolhadih, Sub-District Nirsa, District Dhanbad. Cases presented with vomiting and loose stools. 7 water samples were collected and sent to District testing lab. Water sample found unfit for potable purpose. District RRT investigated the outbreak. Cases treated symptomatically. Community awareness and health education given by peripheral team on hygiene and sanitation. Cases were reported from Village"
Jharkhand,Dumka,Chickenpox,9,0,01-07-2025,02-07-2025,Under Surveillance,"Haroraydih, Sub-District Masalia, District Dumka. Cases presented with fever with rash. 5 blood samples were collected and sent to RIMS Ranchi. 4 samples found positive for the Varicella Zoster IgM by ELISA. District RRT investigated the outbreak. Age group of the affected cases was 6-32 years. Cases treated symptomatically. Community awareness and health education given by peripheral team on vaccination, hygiene and sanitation."
Jharkhand,Sahebganj,Acute Diarrheal Disease,13,0,02-07-2025,03-07-2025,Under Control,"Sub-District Barharwa, District Sahebganj. Cases presented with vomiting and loose stools. District RRT investigated the outbreak. Cases treated symptomatically. Community awareness and health education given by peripheral team on hygiene and sanitation. Cases were reported from Village Chatra,"
Jharkhand,Sahebganj,Malaria,10,0,01-07-2025,01-07-2025,Under Control,"Sub-District Mandro, District Sahebganj. Cases presented with fever with chills. A total of 10 samples found positive for malaria (Plasmodium falciparum) by RDT. District RRT investigated the outbreak. Cases treated with anti-malarial and other supportive measures. Community awareness and health education given by peripheral team on vector control measures, hygiene, and sanitation. Cases were reported from Village Bandu,"
Jharkhand,Saraikela Kharsawan,Acute Diarrheal Disease,18,0,03-07-2025,04-07-2025,Under Surveillance,"Sub-District Ichagarh, District Saraikela Kharsawan. Cases presented with vomiting and loose stools. District RRT investigated the outbreak. Cases treated symptomatically. Community awareness and health education given by peripheral team on hygiene and sanitation. Cases were reported from Village Chota"
Jharkhand,Saraikela Kharsawan,Acute Diarrheal Disease,26,0,30-06-2025,02-07-2025,Under Surveillance,"Amra, Sub-District Ichagarh, District Saraikela Kharsawan. Cases presented with vomiting and loose stools. Water samples collected and sent to MGM Medical College Hospital. District RRT investigated the outbreak. Cases treated symptomatically. Community awareness and health education given by peripheral team on hygiene and sanitation."
Jammu and Kashmir,Badgam,Hepatitis A,10,0,01-07-2025,01-07-2025,Under Control,"Cases were reported from Village Ompora, Sub-District Budgam, District Badgam. Cases presented with symptoms of fever, fatigue and jaundice. 10 blood samples and 4 water samples were collected and sent to DPHL Budgam. 2 blood samples found positive for Hepatitis A by ELISA. District RRT investigated the outbreak. Cases treated symptomatically. Community awareness and health education given by peripheral team on hygiene and sanitation. Cases were reported from Kashidh Tola,"
Kerala,Ernakulam,Suspected Food Poisoning,56,0,03-07-2025,04-07-2025,Under Surveillance,"Cases were reported from Sub-District Kanayannur, District Ernakulam. Cases presented with loose stools, pain abdomen and vomiting. 3 water samples were collected and sent for testing. One water sample found unfit for potable purpose. District RRT investigated the outbreak. All the cases developed the symptoms after having food in a social gathering on 26.06.2025. Cases treated symptomatically. Community awareness and health education given by peripheral team on hygiene and sanitation Cases were reported from Village Velom,"
Kerala,Kozhikode,Hepatitis A,108,0,01-07-2025,01-07-2025,Under Surveillance,"Sub-District Vatakara, District Kozhikode. Cases presented with symptoms of jaundice. 4 blood samples tested positive for Hepatitis A by ELISA, District RRT investigated the outbreak. All the cases attended a marriage function on 03.07.2025. Cases treated symptomatically. Community awareness and health education given by peripheral team on hygiene and sanitation. Case was reported from Village"
Kerala,Palakkad,Nipah Virus,1,0,03-07-2025,05-07-2025,Under Surveillance,"Thachanattukara, District Palakkad. A 38- year-old female presented with fever, vomiting. Blood sample found positive for NIPAH by RT-PCR at KKD VRDL and NIV, Pune. District RRT investigated the outbreak. Case is getting treatment in the hospital. Community awareness and health education given by peripheral team on vector control measures, hygiene and sanitation."
Kerala,Palakkad,Jaundice,16,0,01-07-2025,02-07-2025,Under Surveillance,"Thiruvegapura, Sub-District Pattambi, District Palakkad. Cases presented with symptoms of jaundice. 5 serum samples were collected and sent for testing. All the samples found negative for HAV IgM by ELISA. District RRT investigated the outbreak. Cases treated symptomatically. Community awareness and health education given by peripheral team on hygiene and sanitation."
Kerala,Palakkad,Acute Diarrheal Disease,34,0,01-07-2025,01-07-2025,Under Control,"Cases were reported from Village Vandazhi-II, Sub-District Alathur, District Palakkad. Cases presented with loose stools and vomiting. 2 stool samples and 2 water samples were collected and sent to IPHL. Rectal swabs did not show growth of any pathogenic organism and both water samples found unfit for potable purpose (Coliforms detected). District RRT investigated the outbreak. Cases treated symptomatically. Community awareness and health education given by peripheral team on hygiene and sanitation."
Kerala,Palakkad,Suspected Food Poisoning,156,0,03-07-2025,05-07-2025,Under Control,"Cases were reported from Villages Alathur (CT), Wadakkanchery (CT) & Puducode, Sub-District Alathur, District Palakkad. Cases presented with loose stools, pain abdomen and vomiting. 3 stool samples were collected and sent to PHL. 2 samples showed growth of Norovirus. District RRT investigated the outbreak. All the cases developed the symptoms after attending an engagement party. Cases treated symptomatically. Community awareness and health education given by peripheral team on hygiene and sanitation."
Meghalaya,South Garo Hills,Suspected Typhoid,12,0,05-06-2025,05-07-2025,Under Surveillance,"Sub-District Baghmara, District South Garo Hills. Cases presented with fever, chills, nausea and vomiting. 12 blood tested positive for Salmonella typhi by Widal test at Siju PHC. Age group of the affected cases were 19-46 years. Community awareness and health education given by peripheral team on hygiene and sanitation."
Maharashtra,Dharashiv,Suspected Food Poisoning,19,0,04-07-2025,05-07-2025,Under Control,"Smarak High School Yenegur, Sub-District Umarga, District Dharashiv. Cases presented with fever, headache, pain abdomen and weakness. All the cases developed the symptoms after eating food in school. District RRT investigated the outbreak. 4 patients referred to SDH Umerga. Cases treated symptomatically. Community awareness and health education given by peripheral team on hygiene and sanitation. Cases were reported from Village"
Maharashtra,Gadchiroli,Complicate d Malaria (Plasmodiu m falciparum),2,2,04-07-2025,05-07-2025,Under Surveillance,"Jambhali, Sub-District Dhanora, District Gadchiroli. Cases presented with fever and loose stools. Total 2 blood samples found positive for Malaria (Plasmodium falciparum) by RDT kits at PHC Karwafa. District RRT investigated the outbreak. Cases treated with anti-malarial and other supportive treatment. Community awareness and health education given by peripheral team on vector control measures, hygiene and sanitation. Two persons died due to Complicated Malaria. 28-year-old male expired on 04/07/2025 at GMC Nagpur and 54-year-old male expired on 06/07/2025 at GH, Gadchiroli."
Maharashtra,Gadchiroli,Mixed Malaria (Plasmodiu m falciparum & Plasmodiu m vivax),9,1,28-06-2025,01-07-2025,Under Control,"Parainar, Sub-District Bhamragad, District Gadchiroli. Cases presented with fever and loose stools. Total 9 blood samples found positive for malaria (3 for Plasmodium vivax and 6 for plasmodium falciparum) by RDT kits at PHC Karwafa. District RRT investigated the outbreak. Cases treated with anti-malarial and other supportive treatment. Community awareness and health education given by peripheral team on vector control measures, hygiene and sanitation. Two persons died due to Complicated Malaria. A 14-year-old female expired on 28/06/2025 at SDH, Aheri due to Complicated Malaria. Cases were reported from Village"
Maharashtra,Nanded,Acute Diarrheal Disease,27,0,30-06-2025,30-06-2025,Under Surveillance,"Nemach, PHC Jaitpur, Sub-District Budar, District Shahdol. Cases presented with loose stools and vomiting. 2 stool samples and 4 water samples were collected and sent to DPHL. Stool samples did not show growth of any pathogenic organism. District RRT investigated the outbreak. Cases treated symptomatically. Community awareness and health education given by peripheral team on hygiene and sanitation. Cases were reported from Village Siju,"
Madhya Pradesh,Bhind,Suspected Food Poisoning,54,0,30-06-2025,01-07-2025,Under Surveillance,"Cases were reported from Village Imlendi, Sub-District Ater, District Bhind. Cases presented with loose stools and vomiting after eating food at a social gathering on 30-06-2025. Food samples were collected and sent to Food Safety Lab Bhopal. District RRT investigated the outbreak. Cases treated symptomatically. Community awareness and health education given by peripheral team on hygiene and sanitation."
Madhya Pradesh,Burhanpur,Malaria (Plasmodiu m Vivax),3,0,30-06-2025,01-07-2025,Under Control,"Cases were reported from ward no. 38, Rastipura area, Sub-District Burhanpur, District Burhanpur. Cases presented with fever with chills. A total of 3 samples found positive for malaria (Plasmodium vivax) by RDT at Kiran Pathology Lab Burhanpur. District RRT investigated the outbreak. Cases treated with anti-malarial and other supportive measures. Community awareness and health education given by peripheral team on vector control measures, hygiene, and sanitation. Cases were reported from Village"
Madhya Pradesh,Satna,Leptospirosi s,26,0,02-07-2025,02-07-2025,Under Surveillance,"Barahiya, Sub-District Maihar, District Satna. Cases presented with fever with rash. 18 samples were collected and sent to AIIMS Bhopal. All samples came positive for the Leptospirosis IgM by ELISA. District RRT investigated the outbreak. Cases treated symptomatically. Community awareness and health education given by peripheral team on vector control measures, hygiene, and sanitation. Cases were reported from Village"
Madhya Pradesh,Shahdol,Acute Diarrheal Disease,18,0,02-07-2025,03-07-2025,Under Surveillance,"Nemach, PHC Jaitpur, Sub-District Budar, District Shahdol. Cases presented with loose stools and vomiting. 2 stool samples were collected and sent to GMC. Stool samples did not show growth of any pathogenic organism. District RRT investigated the outbreak. Cases treated symptomatically. Community awareness and health education given by peripheral team on hygiene and sanitation."
Odisha,Bargarh,Acute Diarrheal Disease,63,0,05-07-2025,05-07-2025,Under Surveillance,"Cases were reported from Village Hiralipali, Sub-District Attabira, District Bargarh. Cases presented with nausea, vomiting and loose motion. 24 rectal swabs and 19 water samples were collected and sent to DPHL, Bargarh. Rectal Swabs did not show growth of any pathogenic organism, Water sample found unfit for potable purpose. Cases treated symptomatically. Community awareness and health education given by peripheral team on control measures, hygiene and sanitation. Cases were reported from Village"
Odisha,Cuttack,Acute Diarrheal Disease,22,0,02-07-2025,02-07-2025,Under Surveillance,"Sahangagopalpur, Sub-District Banki, District Cuttack. Cases presented with vomiting and loose motion. 2 rectal swabs and 5 water samples were collected and sent to DPHL, Cuttack. Rectal Swabs did not show growth of any pathogenic organism, Water sample found fit for potable purpose. Cases treated symptomatically. Community awareness and health education given by peripheral team on control measures, hygiene and sanitation. Cases were reported from Village"
Odisha,Ganjam,Acute Diarrheal Disease,24,0,06-07-2025,06-07-2025,Under Surveillance,"Ustapalli, Sub-District Digapahandi, District Ganjam. Cases presented with vomiting and loose motion. 1 stool sample and 4 water samples were collected and sent to DPHL, Ganjam. Stool sample did not show growth of any pathogenic organism, Water sample found fit for potable purpose. Cases treated symptomatically. Community awareness and health education given by peripheral team on control measures, hygiene and sanitation."
Odisha,Rayagada,Suspected Food Poisoning,10,0,06-07-2025,06-07-2025,Under Control,"Tikarapada, Sub-District Doraguda, District Rayagada. Cases presented with vomiting and loose stools. All the cases developed the symptoms after eating forest mushroom in a family get together on 05-07-2025. Cases treated symptomatically. Community awareness and health education given by peripheral team on hygiene and sanitation. Cases were reported from Dheevalur"
Tamil Nadu,Cuddalore,Hepatitis A,14,0,26-06-2025,30-06-2025,Under Surveillance,"colony Sub-District Nallur, District Cuddalore. Cases presented with symptoms of fever, jaundice. 51 blood samples tested at DPHL Cuddalore and 14 samples found positive for Hepatitis A IgM by ELISA, District RRT investigated the outbreak. Cases treated symptomatically. Community awareness and health education given by peripheral team on hygiene and sanitation. Cases were reported from Village"
Tamil Nadu,Salem,Chickenpox,7,0,04-07-2025,04-07-2025,Under Surveillance,"Sikkanampatty Colony, Sub-District Kadayampatti, District Salem. Cases presented with fever with rash. 3 blood samples were collected and sent to Kings Institute, Guindy. All the samples found positive for the Varicella Zoster IgM by ELISA. District RRT investigated the outbreak. Age group of the affected cases was 6-10 years. Cases treated symptomatically. Community awareness and health education given by peripheral team on hygiene and sanitation."
Tamil Nadu,Salem,Acute Diarrheal Disease,40,0,06-07-2025,06-07-2025,Under Control,"Erumapalayam Extension – Kaara Santhu, Sub-District Salem, District Salem. Cases presented with loose stools and vomiting. 2 water samples were collected and sent to DPHL Mettur. Water samples found fit for potable purpose. District RRT investigated the outbreak. Cases treated symptomatically. Community awareness and health education given by peripheral team on hygiene and sanitation."
West Bengal DISEASE OUTBREAKS OF PREVIOUS WEEKS REPORTED LATE Name of State-UT,Purulia Name of District,Acute Diarrheal Disease Disease- Illness,23 No. of Cases,0 No. of Deaths,04-07-2025 Date of Start Outbreak,04-07-2025 Current Status,Under Control Comments- Action Taken Cases were,"Cases were reported from Village Manguria-lalpur, Sub-District Hura, District Purulia. Cases presented with loose stools and vomiting. 2 rectal swabs and water sample were collected and sent to BSMCH. Rectal swabs did not show growth of any pathogenic organism. Water sample found unfit for potable purpose. District RRT investigated the outbreak. Cases treated symptomatically. Community awareness and health education given by peripheral team on hygiene and sanitation. reported from Village Vatluru Sub-District"
Andaman & Nicobar Islands,South Andamans,Acute Gastroenteriti s,30,0,11-07-2025,11-07-2025,Under Surveillance,"Cases were reported from Minni Bay, Defence Area (INS Dhanwantri), Brinchgunj Military Station, Sri Vijaya Puram, Sub-District Port Blair, District South Andamans. Cases presented with symptoms of stomach ache, vomiting, fever and loose stools. The affected age group was 6-10 years. A total of 7 blood samples & 3 water samples were collected and tested at INS Dhanwantri Hospital, all were positive for Escherichia coli. District RRT investigated the outbreak. Community awareness and health education were given by the peripheral team on food and water hygiene, handwashing practices, and sanitation."
Andhra Pradesh,Anantapur,Acute Diarrheal Disease,5,0,05-07-2025,09-07-2025,Under Control,"Cases were reported from Tilak Nagar, 10th and 11th Wards of UPHC Tilak Nagar, Sub-District Guntakal, District Anantapur. Cases were presented with diarrhea. Seven water samples were collected and tested at IPM Mangalagiri, and results were found satisfactory. District RRT investigated the outbreak. A total of 5 cases were admitted in AH Guntakal. A medical camp organized. Community awareness and health education were provided by the peripheral team on control measures, hygiene, and sanitation."
Assam,Biswanath,Chickenpox,12,0,11-07-2025,11-07-2025,Under Surveillance,"Cases were reported from Village Pratap Ghar T.E. 126-225 under Biswanath BPHC, Sub-District Biswanath, District Biswanath. Cases presented with symptoms of fever, body ache, and rashes on the body. The most affected age group ranged from 19 to 54 years. All cases were diagnosed clinically. District RRT investigated the outbreak, conducted health education, and promoted hygiene and control measures. Awareness campaigns and active case finding were carried out, with continuous follow-up. Supportive medications were provided, and the affected area was marked as isolated."
Assam,Bongaigao n,Japanese Encephalitis,1,1,12-07-2025,12-07-2025,Under Surveillance,"A case of JE was reported from Pachim Bhadragaon, Bidyapur under Bongaigaon BPHC, District Bongaigaon. A 59-year- old female, presented with fever, seizures, and altered mental status. A CSF sample was collected and tested at Bongaigaon DPHL, which was positive for JE IgM by ELISA. District RRT investigated the outbreak. House-to- house surveys were conducted to identify additional cases with similar symptoms. Intensive community awareness activities were carried out regarding vector-borne disease prevention and control measures. The patient was unvaccinated against JE and died on 17th July 2025."
Assam,Dhemaji,Chikungunya,7,0,11-07-2025,12-07-2025,Under Surveillance,"Cases were reported from Batgharia SHC under Dhemaji BPHC, District Dhemaji. Cases presented with symptoms of fever, joint pain, body swelling, weakness, and headache, affecting individuals aged 6 to 55 years. Six blood samples were collected and sent to RMRC-ICMR NE Region, Dibrugarh, out of which 2 were positive for Chikungunya IgM by ELISA. District RRT investigated the outbreak. Community awareness, health education on vector control measures, hygiene, and sanitation."
Assam,Jorhat,Japanese Encephalitis,2,1,08-07-2025,08-07-2025,Under Control,"Cases were reported from Village No.1 Mohbondha Grant, Sub-District Jorhat West, District Jorhat, under Baghchung BPHC. Cases presented with fever and irrelevant talk. Two CSF samples were collected and tested at SRL, Department of Microbiology, JMCH Jorhat, both were positive for JE IgM by ELISA. District RRT investigated the outbreak. Fever surveys and active case searches were done. Two awareness camps were conducted. Distribution of ITBNs, house- to-house IEC activities, distribution of leaflets, and fogging was done. Daily fever surveys and regular field visits were done. Vaccination history revealed one vaccinated and one unvaccinated case. One death of a 66-year-old female has occurred on 16.07.2025 at JMCH (JE positive)."
Assam,Majuli,Mumps,20,,0 01-07-2025,Under Control,"District Majuli, District Majuli, under Bongaon SD. cases presented with fever, difficulty in swallowing, swelling in the parotid area, body ache and loss of appetite. The most affected age group was 5-12 years. All cases were diagnosed clinically. All affected investigated the outbreak. Two health camps in the affected area and community awareness sessions conducted. Cases were","individuals were vaccinated. District RRT were organised were reported from Village Karmada, Sub-District"
Assam,Tinsukia,Dysentery,43,0,12-07-2025,13-07-2025,Under Control,"Cases were reported from Village Badalbheta, Sub-District Doom Dooma, District Tinsukia, under Kakopather BPHC. Cases presented with loose stools with blood. The outbreak was linked to the consumption of food during a religious ceremony on 02/07/2025. All age groups were affected. Three water samples and two stool samples were collected and sent to DPHL Tinsukia for culture and sensitivity testing. Stool samples showed growth of Shigella (non- lactose fermenting Gram-negative bacilli), while MPN results confirmed that the water samples were unsatisfactory for drinking. District RRT investigated the outbreak. House-to- house active case search was conducted and treatment was given. MMU was deployed for case management. IEC activities such as miking and health talks were conducted on sanitation, hygiene, and safe drinking water practices."
Chhattisgarh,Baloda Bazar,Acute Diarrheal Disease,28,,0 02-07-2025,Under Control,"Baloda Bazar, District Baloda diarrhea and vomiting. District RRT investigated the outbreak. Community awareness and health education were conducted by the peripheral team on control measures, hygiene, and sanitation. Contaminated water was suspected to be the cause of outbreak.",Bazar. Cases presented with
Chhattisgarh,Janjgir- Champa,Acute Diarrheal Disease,14,0,11-07-2025,11-07-2025,Under Surveillance,"Cases were reported from Village Rogda, Sub-District Akaltara, District Janjgir. Cases presented with loose stools and vomiting. One stool sample was collected and sent to District Hospital Laboratory, Janjgir for stool culture, which was found negative for any entero- pathogen. Water chlorination, distribution of chlorine tablets and bleaching powder was done. Health education on hand hygiene and the use of boiled water for consumption was given. Contaminated water was suspected to be the cause of outbreak."
Chhattisgarh,Mahasam und,Acute Diarrheal Disease,84,0,12-07-2025,12-07-2025,Under Surveillance,"Cases were reported from Village Baitari, Sub-District Saraipali, District Mahasamund. Cases presented with diarrhea and vomiting. The most affected age group was 15-44 years. Seven stool samples were collected and sent to Hamar Lab, Pandri Raipur, Department of Microbiology, for culture, all of which were found negative for any entero- pathogen. Three water samples were also sent for testing, with coliform detected in one sample. A health camp and door-to- door survey were organized. District RRT investigated the outbreak. Community awareness and health education were provided by the peripheral team on control measures, hygiene, and sanitation. Contaminated water was suspected to be the cause of outbreak."
The Dadra And Nagar Haveli And Daman And Diu,Dadra And Nagar Haveli,Acute Diarrheal Disease,11,0,07-07-2025,08-07-2025,Under Surveillance,"Cases were reported from Kamlesh Bhai Ki Chawl, Navafalia, Village Dhapsa, PHC Naroli, District Dadra & Nagar Haveli. Cases were presented with loose motion and vomiting. People had consumed water from a common bore well. A total of 9 water samples were collected and sent to NAMO Medical College, Silvassa, of which 4 samples were found contaminated (H2S test). One patient was treated at NAMO Hospital, Silvassa, the rest were treated symptomatically & ORS sachets distributed to cases. District RRT investigated the outbreak. Chlorine drops were distributed to households. Community awareness and health education were given on safe drinking water, hygiene maintenance, and proper sanitation."
Gujarat,Anand,Hepatitis E,8,0,07-07-2025,07-07-2025,Under Control,"Cases were reported from Village Malasoni, Sub-District Khambhat, District Anand. Cases presented with diarrhea. The affected age group was between 5-44 years. A total of 3 water samples and 5 blood samples were collected and sent to DPHL Anand. All 3 water samples were found positive for fecal E.coli and 3 blood samples tested positive for Hepatitis E IgM by ELISA. District RRT investigated the outbreak. Community awareness and health education were given by the peripheral team on control measures, hygiene, and sanitation."
Gujarat,Panch Mahals,Acute Encephalitic Syndrome (Suspected CHPV),1,0,05-07-2025,07-07-2025,Under Control,"Cases were reported from Village Betiya, Sub-District Godhra, District Panch Mahals. Cases presented with Acute Encephalitic Syndrome. One suspected case of Viral Encephalitis was reported in an 8-year-old female child from Dabhi Faliya, Village Betiya, under PHC Karsana. One serum sample was collected and sent to GBRC, which tested negative for CHPV. District RRT investigated the outbreak. Community awareness and health education were given by the peripheral team on vector control measures, hygiene, and sanitation."
Gujarat,Vadodara,Acute Gastroenteriti s,64,0,09-07-2025,09-07-2025,Under Control,"Cases were reported from a Girls Hostel, Fatehgunj UPHC, District Vadodara. Cases presented with loose stools on 07/07/2025. The affected age group was 15-44 years. Total 6 water samples were collected & sent to SSG Vadodara, out of which 5 were found to be unsatisfactory for drinking. Eight stool samples were collected and sent to a private lab, all were negative for Cholera & pus cells isolated. District RRT investigated the outbreak. Community awareness and health education were given by the peripheral team on control measures, hygiene, and sanitation. Admitted cases received IV fluids and necessary treatment at SSGH, while OPD cases were managed symptomatically at the University Health Centre. A total of 26 food samples were collected by the Food & Drugs Department and FSL. Water samples were collected."
Himachal Pradesh,Kangra,HFMD,4,0,08-07-2025,09-07-2025,Under Control,"Cases were reported from Village Thatri, Sub-District Dharmsala, District Kangra. Cases presented with fever with rash. The affected age group was 2-5 years. All 4 samples were collected and sent to Dr. RPGMC Tanda for Measles and Rubella testing, and all tested negative. The cases were diagnosed clinically as HFMD. District RRT investigated the outbreak. House-to-house visits and active case search was conducted. Vitamin A was administered to the patients and counselling was given regarding danger signs of Measles and Rubella. An IEC campaign was carried out in the area to spread awareness on MR."
Himachal Pradesh,Kangra,Suspected HFMD,18,0,08-07-2025,09-07-2025,Under Surveillance,"Cases were reported from Village Zamanabad, Chakban Ghurkari and Gahlian Khas under Bagli PHC and Tiara PHC, Sub-District Kangra, District Kangra. Cases of fever with rash were reported in the age group of 2-5 years. Cases were clinically diagnosed as HFMD. Eight serum, throat & NP swab samples were collected and sent to VRDL Dr. RPGMC Tanda for Measles and Rubella testing. All samples tested negative for Measles, while one sample was found positive for Rubella. District RRT investigated the outbreak. House- to-house visits and active case search were conducted in surrounding villages. Appropriate treatment was provided and counselling of parents was done. Extensive IEC and health education activities were carried out in the affected area, with emphasis on hygiene and sanitation."
Haryana,Kaithal,Acute Diarrheal Disease,27,0,11-07-2025,11-07-2025,Under Control,"Cases were reported from Village Baba Ladana, PHC Padla, CHC Siwan. Cases presented with loose watery stools and abdominal pain in the age group of 15-44 years. Nine blood samples for Hepatitis A and E and five stool samples for Vibrio cholera were collected and sent to DPHL, DCH Kaithal for ELISA and culture testing. All samples tested negative for Hep-A, Hep-E and Vibrio cholera. District RRT investigated the outbreak. House-to-house surveys were conducted, during which active case search was undertaken. Leakage points in the water supply system were repaired and two new chlorination dozers were installed in the Public Health tube well. IEC activities were undertaken on hygiene and sanitation, halogen tablets and ORS packets were distributed and health talks were organized. Medical help was provided round-the-clock at SC Baba Ladana, with one ambulance stationed 24x7 for referral cases."
Jharkhand,Dhanbad,Acute Diarrheal Disease,15,0,12-07-2025,12-07-2025,Under Surveillance,"Cases were reported from Village Mohanpur, Sub-District Gobindpur, District Dhanbad. Cases presented with loose stools and vomiting. Six water samples were collected and sent for testing. District RRT investigated the outbreak. The cases were treated symptomatically. Community awareness and health education were carried out by the peripheral team focusing on hygiene and sanitation."
Jharkhand,East Singhbum,Acute Diarrheal Disease,8,0,10-07-2025,12-07-2025,Under Surveillance,"Cases were reported from Village Dhirol, Sub-District Potka, District East Singhbhum. Cases presented with loose stools and vomiting. Two water samples were collected and sent to VRDL, out of which one sample was found unfit for potable purposes with Enterococcus faecalis detected. District RRT investigated the outbreak. The cases were treated symptomatically. Community awareness and health education were provided by the peripheral team on hygiene and sanitation."
Jharkhand,East Singhbum,Acute Diarrheal Disease,21,0,09-07-2025,09-07-2025,Under Surveillance,"Cases were reported from Village Manpur, Sub-District Potka, District East Singhbhum. Cases presented with loose stools and vomiting. Three water samples were collected and sent to VRDL, all of which were found unfit for potable purposes with Enterococcus faecalis detected. District RRT investigated the outbreak. The cases were treated symptomatically. Community awareness and health education were provided by the peripheral team on hygiene and sanitation."
Jharkhand,Latehar,Malaria (P.falciparum & P.vivax),6,0,09-07-2025,09-07-2025,Under Control,"Cases were reported from Village Goal Khar, Sub-District Mahuadanr, District Latehar. Cases presented with fever and chills. Out of 54 blood samples collected, 6 tested positive for Malaria by RDT (2 cases of Plasmodium falciparum and 4 cases of Plasmodium vivax). District RRT investigated the outbreak. The cases were treated with anti-malarial drugs and other supportive measures. Community awareness and health education were provided by the peripheral team on vector control measures, hygiene, and sanitation."
Jharkhand Jharkhand,Lohardaga Saraikela Kharsawa n,Acute Diarrheal Disease Acute Diarrheal Disease,9 8,0 0,07-07-2025 10-07-2025,09-07-2025 10-07-2025,Under Control Under Surveillance,"Cases were reported from Village Gaurang Kocha, Sub-District Ichagarh, District Saraikela Kharsawan. Cases presented with loose stools and vomiting. One water sample was collected and sent to MGMCH Dimna, which was found unfit for potable purpose. District RRT investigated the outbreak. The cases were treated symptomatically. Community awareness and health education were provided by the peripheral team on hygiene and sanitation. Cases were reported from Village Gaurang Kocha, Sub-District Ichagarh, District Saraikela Kharsawan. Cases presented with loose stools and vomiting. One water sample was collected and sent to MGMCH Dimna, which was found unfit for potable purpose. District RRT investigated the outbreak. The cases were treated symptomatically. Community awareness and health education were given by the peripheral team on hygiene and sanitation."
Jammu and Kashmir,Jammu,Acute Hepatitis A,6,0,08-07-2025,11-07-2025,Under Surveillance,"Cases were reported from Ward No. 42, Nanak Nagar area, District Jammu. Cases presented with fever, stomach ache, vomiting and jaundice. A total of 5 blood samples were sent to Gandhi Nagar Hospital, all 5 were positive for Hepatitis A IgM by ELISA. Three water samples were collected and sent for microbiological investigations to DPHL Gandhinagar, the results of which were unsatisfactory for drinking purpose. District RRT investigated the outbreak and community awareness and health education were conducted by the peripheral team on hygiene, sanitation, control measures, and safe drinking and eating habits."
Jammu and Kashmir,Kupwara,Chickenpox,8,0,12-07-2025,12-07-2025,Under Surveillance,"Cases were reported from Village Dar Mohall Herpora, Jaggerpora Block, District Kupwara. Cases presented with rash and fever. The affected age group was 2 to 44 years. A total of four blood samples were collected and sent to DPHL Kupwara for testing, all of which were found positive for Chickenpox IgM ELISA. District RRT investigated the outbreak. Health education was imparted regarding the spread of the disease and IEC activities were conducted through miking."
Jammu and Kashmir,Kupwara,Acute Diarrheal Disease,136,0,09-07-2025,09-07-2025,Under Surveillance,"Cases were reported from Nagri Gamander Block, District Kupwara. Cases presented with vomiting and loose stools. The affected age group was 7 to 63 years. A total of three stool samples were collected and sent to DPHL Kupwara for analysis, where normal flora was isolated. Two water samples were also collected and sent to DPHL Kupwara for analysis and were found unsatisfactory. District RRT investigated the outbreak. Health education was imparted regarding the spread of the disease, IEC activities were conducted and health advisories were distributed."
Kerala,Ernakulam,Dengue,6,0,07-07-2025,07-07-2025,Under Surveillance,"Cases were reported from Village Amballur, Sub-District Kanayannur, District Ernakulam. Cases presented with symptoms of fever and myalgia. A total of 3 serum samples were collected and sent to RPHL, all tested positive for Dengue IgM by ELISA. District RRT investigated the outbreak. Fogging and source reduction were conducted in the affected area. Community awareness and health education were provided by the peripheral team on vector control measures, hygiene, and sanitation. The vector indices recorded were HI-12, BI- 29 (high) & CI-9."
Kerala,Kottayam,Hepatitis A,12,0,08-07-2025,10-07-2025,Under Surveillance,"Cases were reported from FHC Manarcadu, Village Manarcad and Meenadam, Sub-District Kottayam, District Kottayam. Cases presented with symptoms of fever, vomiting, headache and fatigue. The affected age group was 3 to 44 years. A total of 12 cases were reported, of which 8 were admitted. Three blood samples were sent to MCH Kottayam, 2 were positive for Hepatitis A by card test and 1 for Hepatitis A IgM by ELISA. District RRT investigated the outbreak. Community awareness and health education were provided by the peripheral team on control measures, hygiene, and sanitation."
Kerala,Kottayam,Hepatitis A,9,0,08-07-2025,10-07-2025,Under Surveillance,"Cases were reported from CHC Koodalloor, Village Kidangoor, Sub- District Meenachil, District Kottayam. Cases presented with symptoms of fever, vomiting, headache, and fatigue. The affected age group was 20 to 54 years. A total of 9 cases were reported, 8 admitted. Six samples were sent to LLM Hospital, all were positive for Hepatitis A. one water sample sent for testing, was negative for coliform bacteria and E.coli. District RRT investigated the outbreak. Community awareness and health education activities on hygiene and sanitation were conducted."
Kerala,Kozhikode,Hepatitis A,28,0,05-07-2025,07-07-2025,Under Surveillance,"Cases were reported from FHC Narippatta, Village Narippatta, Sub- District Vatakara, District Kozhikode. Cases presented with fever with jaundice, with cases linked to a marriage function. Two blood samples were collected and tested at RPHL, of which both were found positive for Anti-HAV IgM ELISA. District RRT investigated the outbreak. Community awareness and health education were provided by the peripheral team on hygiene and sanitation measures."
Kerala,Malappura m,Nipah Virus,1,1,06-07-2025,07-07-2025,Under Surveillance,"Cases were reported from PHC Makkaraparambu, District Malappuram. An 18-year-old female reported with fever, vomiting and altered sensorium. Samples were collected and sent to NIV Pune, where they tested positive for Nipah Virus by RT-PCR. District RRT investigated the outbreak. Community awareness and health education were provided by the peripheral team on hygiene and sanitation measures. The 18- year-old female expired due to the illness."
Kerala,Palakkad,Hepatitis A,12,0,11-07-2025,11-07-2025,Under Surveillance,"Cases were reported from PHC Thirumittacode, Village Thirumittacode- II, Sub-District Pattambi, District Palakkad. Cases presented with fever with jaundice on 29-06-2025. The affected age group was 2 to 15 years. All other cases were epidemiologically linked. A total of 3 serum samples were collected and sent to DH Palakkad, all were positive for HAV IgM by ELISA. Five water samples collected & sent for testing, showed presence of coliform bacteria & E.coli in two samples. District RRT investigated the outbreak. Community awareness and health education were provided by the peripheral team on hygiene and sanitation measures."
Kerala,Palakkad,Hepatitis A,16,0,10-07-2025,10-07-2025,Under Surveillance,"Cases were reported from PHC Thiruvegappura and PHC Ongalur, Village Ongallu-II, Sub-District Pattambi, District Palakkad. Cases presented with Hepatitis A. Cases presented with symptoms of jaundice. Five serum samples were tested at IPHL, all were positive for Hepatitis A IgM ELISA. District RRT investigated the outbreak. Community awareness and health education were provided by the peripheral team on hygiene and sanitation measures."
Kerala,Palakkad,Hepatitis A,7,0,08-07-2025,10-07-2025,Under Surveillance,"Cases were reported from Village Thiruvegapura, Sub-District Pattambi, District Palakkad. Cases presented with jaundice. Five serum samples were tested at IPHL, of which one tested positive for Hepatitis A IgM ELISA. All other cases were epidemiologically linked. District RRT investigated the outbreak. Community awareness and health education were provided by the peripheral team on hygiene and sanitation measures."
Kerala,Palakkad,Suspected Hepatitis,54,0,07-07-2025,08-07-2025,Under Surveillance,"Cases were reported from Village Kulukkallur and Koppam, Sub-District Pattambi, District Palakkad. Cases presented with jaundice on 01-06-2025. The cases were epidemiologically linked, with the suspected source of infection being contaminated drinking water from a common well. Five serum samples tested for Hepatitis A IgM ELISA were found negative. Water samples were collected & tested positive for total and fecal coliforms, confirming contamination. District RRT investigated the outbreak. Community awareness and health education were provided by the peripheral team on hygiene and sanitation measures."
Kerala,Pathanam thitta,Acute Diarrheal Disease,10,0,08-07-2025,11-07-2025,Under Control,"Cases were reported from Village Thiruvalla, Sub-District Thiruvalla, District Pathanamthitta. Cases presented with fever, vomiting and diarrhea after consumption of contaminated food. All affected were also using water from two common wells. Water samples tested at RPHL Pathanamthitta showed presence of E.coli. District RRT investigated the outbreak. House-to-house surveillance was conducted, super chlorination was carried out in the affected area and ORS and zinc tablets were distributed. Community awareness and health education were given by the peripheral team on hygiene, sanitation, and safe drinking water practices."
Kerala,Thiruvana nthapura m,Suspected Food Poisoning,26,0,12-07-2025,12-07-2025,Under Surveillance,"Cases were reported from Village Manacadu, Sub-District Thiruvananthapuram, District Thiruvananthapuram. Cases presented with diarrhea and vomiting after consumption of food from a common place on 11-07-2025. One stool sample was collected and showed no growth of any entero-pathogen on culture at SPHL Thiruvananthapuram. District RRT investigated the outbreak. House-to- house surveillance and active case search were carried out, and community awareness and health education were given by the peripheral team on food safety, hygiene, and sanitation."
Karnataka,Yadgir,Food Poisoning,27,0,07-07-2025,07-07-2025,Under Control,"Cases were reported from PHC Nagnoor, Village Tippanatagi, Sub-District Shorapur, District Yadgir. Cases presented with symptoms of loose motion and vomiting following consumption of uncooked food during a religious event on 05/07/2025. One stool sample tested at a private laboratory in Hunsagi, showed no ova/cysts or motile organisms. Nine water samples tested at the Taluk-level Water Testing Laboratory, Shorapur, were found suitable for potable purposes. District RRT investigated the outbreak, established a temporary clinic for treatment, carried out chlorination of water sources, elimination of contaminated containers, and inspection of cement tanks. House-to-house surveillance was conducted along with intensive health education and IEC activities."
Maharashtra,Buldhana,Acute Diarrheal Disease,69,0,09-07-2025,09-07-2025,Under Control,"Cases were reported from Village Matargaon Bk, Sub-District Shegaon, District Buldhana. Cases presented with symptoms of loose motion. The affected age group was 8 to 75 years. A total of 4 water samples were collected and sent to DPHL, where 1 sample was found contaminated. District RRT investigated the outbreak. Community awareness and health education were given by the peripheral team on hygiene, sanitation, and control measures."
Maharashtra,Dharashiv,Dengue & Malaria (P.vivax),64,1,07-07-2025,08-07-2025,Under Surveillance,"Cases were reported from Datta Nagar, PHC Dhoki, Block Dharashiv. Cases presented with symptoms of fever. The most affected age group was 5 to 44 years. A total of 11 serum samples were collected and sent to Beed Lab, out of which 2 were positive for Dengue, and 64 blood smears were collected and sent to DMO office, where 6 samples were positive for Malaria (Plasmodium vivax). District RRT investigated the outbreak. Daily fever surveys, abetting, fogging, provision of bed nets, and field visit were done. One suspected death of a 19 year old female has occurred due to the illness on 05.07.2025."
Maharashtra,Gadchiroli,Acute Diarrheal Disease,76,0,11-07-2025,12-07-2025,Under Surveillance,"Cases were reported from Village Sagnapur, Sub-District Chamorshi, District Gadchiroli. Cases presented with symptoms of loose motion and vomiting on 10/07/2025. A total of 2 stool samples were collected and sent to Hindlab Gadchiroli, all tested negative for any entero-pathogen. District RRT investigated the outbreak. Surveillance was started and IEC activities on ADD were conducted. The cause of the outbreak was attributed to a pipeline leakage."
Maharashtra,Gadchiroli,Malaria (P.falciparum),4,1,07-07-2025,09-07-2025,Under Control,"Cases were reported from Village Koinvarshi, Sub-District Etapalli, District Gadchiroli. Cases presented with symptoms of fever. A total of 69 blood smears were collected & sent for testing and 133 RDK tests were conducted at PHC Gatta; out of which 4 were positive for Malaria (Plasmodium falciparum). District RRT investigated the outbreak. House-to-house surveillance was done. Health education, IEC on Malaria, container surveys and indoor residual spraying was done. One death of a 6 years/male has occurred on 06/07/2025 at GMC Chandrapur due to Complicated Malaria."
Maharashtra,Gadchiroli,Malaria (P.vivax & P.falciparum),6,1,06-07-2025,07-07-2025,Under Control,"Cases were reported from Village Temli, Sub-District Korchi, District Gadchiroli. Cases presented with symptoms of fever. A total of 74 blood smears were collected & sent for testing and 405 RDK tests were conducted at PHC Botekasa, out of which 6 tested positive for Malaria (2 positive for Plasmodium vivax and 4 positive for Plasmodium falciparum). District RRT investigated the outbreak. House-to-house surveillance was conducted, along with health education & IEC on Malaria, container surveys and indoor residual spraying. One death of a 70 years/male, occurred on 05/07/2025 at RH Korchi due to Complicated Malaria."
Maharashtra,Gadchiroli,Malaria (P.vivax & P.falciparum),6,1,06-07-2025,07-07-2025,Under Control,"Cases were reported from Village Tulmil, Sub-District Dhanora, District Gadchiroli. Cases presented with symptoms of fever. A total of 21 blood smears were collected & sent for testing and 324 RDK tests were conducted at PHC Godalwahi, out of which 6 tested positive for (2 positive for Plasmodium vivax and 4 positive for Plasmodium falciparum). District RRT investigated the outbreak. House-to-house surveillance was conducted, along with health education, IEC on Malaria, container surveys, RDK and blood smear checks and indoor residual spraying. One death of a 10 years/female, occurred on 05/07/2025 at GMC Chandrapur due to Complicated Malaria."
Maharashtra,Nandurbar,Acute Diarrheal Disease,50,0,11-07-2025,13-07-2025,Under Control,"Cases were reported from Village Chimnipada, SC Shegave under PHC Palsun, Sub-District Nawapur, District Nandurbar. Cases presented with symptoms of loose motions. Stool samples of two patients were sent for laboratory testing and were found negative for Vibrio cholerae. Water samples were sent to DPHL. District RRT investigated the outbreak. Daily active surveillance was done. Community awareness and health education given by peripheral team on control measures, hygiene and sanitation. Chlorination was done in the village, an alternative water supply was arranged."
Maharashtra,Palghar,Malaria (P.vivax),11,0,13-07-2025,13-07-2025,Under Control,"Cases were reported from Village Ghivanda, Sub-District Jawhar, District Palghar. Cases presented with symptoms of fever. A total of 791 smear samples were collected and sent to MRHRU Dahanu, where 11 samples tested positive for Plasmodium vivax. District RRT investigated the outbreak. Rapid fever survey, mass slide collection, and entomological surveillance were conducted. Temporary breeding sites were identified and destroyed, guppy fish were introduced, and fogging was carried out in the affected areas. Health education sessions were organized to promote dry-day observance and vector- borne disease prevention. Mass surveillance was carried out."
Madhya Pradesh,Alirajpur,Diphtheria,4,2,09-07-2025,10-07-2025,Under Surveillance,"Cases were reported from DH Alirajpur, CHC Joba, Village Sidgaon, Sub-District Jobat, District Alirajpur, with patients presenting with sore throat, fever, swollen neck glands, difficulty in breathing, and bloody nasal discharge. Cases were in the age group of 6-10 years. Two throat swab samples were collected and sent for testing, where one was positive for Diphtheria by culture. All affected children were vaccinated. District RRT investigated the outbreak. Active case searches were conducted. Prophylactic treatment was administered to all contacts. A health camp and an extra vaccination session were organized for eligible individuals. Health and hygiene education was provided. Two deaths (6 year/female & 8 year/female) occurred due to the disease."
Madhya Pradesh,Burhanpur,Dengue,16,0,08-07-2025,08-07-2025,Under Surveillance,"Cases were reported from Ward No. 3, Shri Krishan Mandir area, Urban Shahpur, Sub-District Burhanpur, District Burhanpur, where cases aged 6- 65 years presented with fever and joint pain. Seven blood samples tested at a Pvt. Clinic in Shahpur were positive for Dengue Rapid NS1. District RRT investigated the outbreak. House-to- house rapid fever surveys, container checks, and destruction of larval habitats. Vector control activities, including fogging, application of temephos, pyrethrum spray, and environmental sanitation was done. Health education sessions were organized for the community. Entomological indices recorded were: House Index (HI) – 6.3, Container Index (CI) – 11.7, and Breteau Index (BI) – 14.8."
Madhya Pradesh,Guna,Acute Diarrheal Disease,10,0,08-07-2025,08-07-2025,Under Surveillance,"Cases were reported from Village Barkheda Sapha, Sub-District Guna, District Guna. Cases presented with symptoms of loose motion. Two stool samples were collected and sent to GMC Shivpuri, which showed no growth of any entero-pathogen. District RRT investigated the outbreak. Door-to-door survey was done. Health education on safe drinking water, boiling water and hygienic practices was given. Treatment of drinking water sources was done & an alternate safe source was arranged."
Madhya Pradesh,Jabalpur,Acute Diarrheal Disease,8,0,11-07-2025,11-07-2025,Under Surveillance,"Cases reported from Village Hinauta, Sub-District Kundam, District Jabalpur. Cases presented with symptoms of loose motion, fever and dehydration. Five stool samples were collected and sent to Microbiology Lab, Medical College Jabalpur, all samples tested negative for Cholera or any other entero-pathogen. District RRT investigated the outbreak. Awareness sessions for villagers on safe drinking water and hygienic food practices was conducted. Cleaning of the drainage system, chlorination of drinking water sources and repair of the village drinking water supply line was done. The cause of the outbreak was attributed to contamination of drinking water."
Madhya Pradesh,Panna,Food Poisoning,24,0,06-07-2025,07-07-2025,Under Surveillance,"Cases reported from Village Sinhai, Sub- District Ajaigarh, District Panna. Cases presented with symptoms of loose motion. The outbreak was linked to consumption of food in a religious ceremony. All age groups were affected. Stool samples were collected and sent to the laboratory for testing. District RRT investigated the outbreak. House-to- house surveys were conducted, a health camp was organized for treatment, and food samples were collected by the Food Safety Officer and sent to the laboratory. Instructions were given to stop consumption of the contaminated food."
Madhya Pradesh,Rajgarh,Acute Diarrheal Disease,194,0,09-07-2025,10-07-2025,Under Surveillance,"Cases were reported from Village Haripura, Khutiyabey, Raghopur & Pipal Khedi, Sub-District Khilchipur, and urban area of Khilchipur, District Rajgarh. Cases presented with symptoms of loose motion and vomiting. Ten stool samples were collected and sent to DPHL, Bhopal, all of which tested negative for any entero-pathogen. Two water samples were sent to DPHL Bhopal, both were found to be unsatisfactory for drinking & showed growth of E.coli, Citrobacter spp., Klebsiella spp. on culture. District RRT investigated the outbreak. Community awareness and health education given by peripheral team on control measures, hygiene and sanitation. The outbreak was due to consumption of contaminated drinking water, with most of the patients using the same water source."
Madhya Pradesh,Rewa,Scrub Typhus,21,0,12-07-2025,12-07-2025,Under Surveillance,"Cases were reported from Village Rajgarh, Bhundaha and Panni, Sub- District Sirmour, District Rewa. Cases presented with symptoms of fever and headache. The affected age group was 15 to 44 years. Total 21 blood samples were collected and sent to Virology Lab, SSMC Rewa, all samples were positive for Scrub Typhus IgM by ELISA. District RRT investigated the outbreak. House-to-house surveillance was done. Community awareness and health education were provided by the peripheral team on control measures, hygiene, and sanitation."
Madhya Pradesh,Rewa,Acute Diarrheal Disease,51,2,12-07-2025,12-07-2025,Under Surveillance,"Cases were reported from Village Purwa, Sub-District Sirmour, District Rewa. Cases presented with symptoms of loose watery stool. The affected age group was 5 to 44 years. A total of 6 stool samples and 10 water samples were collected and sent to DPHL DH Rewa; stool samples showed no growth, but water samples were found contaminated on culture. District RRT investigated the outbreak. House-to-house surveys were conducted, treatment was provided, and a health camp was organized in the village for treatment. Health education was given, and chlorination and bleaching were carried out in drinking water sources. The cause of the outbreak was contaminated drinking water. Two deaths (45/F and 30/F) have occurred due to the illness on 12.08.2025."
Nagaland,Dimapur,Japanese Encephalitis,1,1,12-07-2025,12-07-2025,Under Control,"A case was reported from Sub-District Dimapur Sadar, District Dimapur. A 36- year-old male presented with headache, fever, seizure, unconsciousness, neck rigidity, altered sensorium, restlessness and tongue bite. Blood sample tested positive for JE IgM by ELISA. District RRT investigated the outbreak. Distribution of necessary medications, continuous surveillance and community awareness activities on vector control measures, hygiene and sanitation were done. The patient died due to the illness on 15-07-2025 at District Hospital Dimapur."
Odisha,Boudh,Hepatitis A,9,0,07-07-2025,08-07-2025,Under Control,"Cases were reported from Village Khuntbandh, Sub-District Baudh Sadar, District Boudh. Cases presented with symptoms of fever and jaundice. The most affected age group was 5-14 years. A total of 1 water sample and 9 blood samples were sent to DPHL Boudh. Water sample was H2S positive with OT<0.01 PPM and all 9 blood samples were positive for HAV IgM by ELISA. District RRT investigated the outbreak. House-to-house surveys, water disinfection, IEC/BCC activities, and inspection of nearby food stalls with education of vendors on hygiene and sanitation practices were done. The cause of the outbreak was consumption of contaminated water."
Odisha,Ganjam,Acute Diarrheal Disease,11,0,06-07-2025,07-07-2025,Under Control,"Cases were reported from Village Mardarajpur, Sub-District Jarada, District Ganjam. Cases presented with symptoms of vomiting, nausea and loose motion. The most affected age group was 15-44 years. A total of 2 rectal swabs and 3 water samples were sent to DPHL Ganjam. Water samples were H2S positive with no residual chlorine detected on OT testing (non-potable). Rectal swabs showed no entero- pathogenic organism on culture. District RRT investigated the outbreak. Distribution of ORS and other necessary medications, water disinfection, continuous surveillance, and community awareness activities were conducted. The suspected source of the outbreak was contaminated water."
Odisha,Jharsugud a,Acute Diarrheal Disease,5,0,11-07-2025,11-07-2025,Under Surveillance,"Cases were reported from Village Rengalpali, Sub-District Kolabira, District Jharsuguda. Cases presented with symptoms of vomiting and nausea. The affected age group was 5-14 years. A total of 5 rectal swabs and 2 water samples were sent to Jharsuguda DPHL. Water samples were H2S positive with no residual chlorine detected on OT testing (non-potable). Rectal swabs showed no entero-pathogenic organism on culture. District RRT investigated the outbreak. Distribution of ORS and other necessary medications, water disinfection, continuous surveillance and community awareness activities were conducted. The suspected source of the outbreak was contaminated water."
Odisha,"Jharsuguda th March, 2020. The States have been reporting the COVID-19 cases and deaths on a real-time basis and the same was being updated on the website of",Hepatitis A,11 COVID-19 STATUS,,0 30-06-2025,Under Control,"Lakhanpur, symptoms of fever and jaundice. The most affected age group was 5-14 years. A total of 11 blood samples and 5 water samples were collected and sent to DPHL Jharsuguda. Water samples were H2S negative with OT<0.01 PPM and 5 blood samples tested positive for HAV IgM by ELISA. District RRT investigated necessary medications, surveillance conducted.","District Jharsuguda. Cases presented with the outbreak. Distribution of ORS and other water disinfection, continuous and community awareness activities were"
Odisha,Nayagarh,Suspected Food Poisoning,8,0,11-07-2025,11-07-2025,Under Control,"Cases were reported from Village Ambapada, Sub-District Nuagaon, District Nayagarh. Cases presented with symptoms of vomiting, nausea and loose motion after consumption of contaminated food in a social gathering on 10.07.2025. The most affected age group was 15-44 years. Six rectal swabs and two water samples were collected & sent to Nayagarh DPHL. Entero- pathogenic E.coli (EPEC) was positive in all six rectal swabs on culture. One water sample showed presence of Coliform- like bacteria. District RRT investigated the outbreak Distribution of ORS and other necessary medications, water disinfection, continuous surveillance, and community awareness activities were conducted."
Odisha,Nuapada,Chickenpox,29,0,07-07-2025,07-07-2025,Under Control,"Cases were reported from Village Junani, Sub-District Nuapada, District Nuapada. Cases presented with symptoms of fever with rash. The most affected age group was 5-14 years. A total of 5 serum samples were collected and sent to ICMR-RMRC Bhubaneswar, all were negative for Measles. Vaccination status showed 92% of the affected were vaccinated. All cases were clinically diagnosed as Chickenpox. District RRT investigated the outbreak. IEC activities were undertaken, Vitamin A solution was given to the affected persons, proper hygiene, adequate nutrition and isolation practices were advised."
Punjab,Patiala,Acute Diarrheal Disease,141,2,04-07-2025,09-07-2025,Under Control,"Cases were reported from Alipur Arayia, PHC Kauli, CHC Tripar, District Patiala. Cases presented with symptoms of loose stools and vomiting on 04.07.2025. The probable cause was mixing of drinking water with sewage. The most affected age group was 35-44 years. A total of 161 water samples were collected & 112 tested at DPHL Patiala & SPHL Kharar, out of which 29 were non-potable by H2S test. Fifteen stool samples were collected; 7 showed growth of Coliforms and 8 had no growth of any enteric organism. District RRT investigated the outbreak. Community awareness and health education given by peripheral team on control measures, hygiene and sanitation. Distribution of chlorine tablets and ORS packets, dissemination of pamphlets, announcements in Gurudwaras, door-to-door surveys, stationing of two ambulances round-the- clock, provision of alternate drinking water via tanks was done. Deaths occurred in a 2-year-old malnourished female and a 68-year-old male with hypertension."
Puducherry,Karaikal,Dengue,10,0,12-07-2025,12-07-2025,Under Surveillance,"Cases were reported from Polagam, Village T.R. Pattinam & Karaikal, Sub- District Karaikal, District Karaikal. Cases presented with fever. The affected age group was 19-48 years. Eight blood samples were collected and sent to DPHL, GH Karaikal, out of which seven were positive for Dengue IgM by ELISA. The likely cause of the outbreak was water storage in uncovered barrels, leading to mosquito breeding. District RRT investigated the outbreak. Source reduction activities, fogging, IEC material distribution, and health awareness talks in the affected areas was done."
Rajasthan,Jhalawar,Typhoid,20,0,06-07-2025,07-07-2025,Under Control,"Cases were reported from Village Khanpur, Sub-District Khanpur, District Jhalawar. Cases presented with high fever and headache. The affected age group was 20-30 years. A total of 20 blood samples were collected and tested at CHC Khanpur Laboratory, out of which 4 were positive for Typhoid Widal test. District RRT investigated the outbreak. Community awareness and health education were given by the peripheral team on control measures, hygiene, and sanitation."
Uttar Pradesh,Saharanpu r,Acute Diarrheal Disease,89,0,06-07-2025,08-07-2025,Under Control,"Cases were reported from Mohalla Chamanjali and Mohalla Chhatta, CHC/Block Nanauta, District Saharanpur. Cases were presented with loose motion, vomiting and abdominal pain after consumption of food at a religious event. Most of the cases were treated at CHC Nanauta & 7 patients were treated at District Hospital Saharanpur. District RRT investigated the outbreak. ORS packets were distributed to the affected individuals. Health education was given regarding safe food habits."
Uttarakhand,Almora,Suspected Hepatitis,13,0,11-07-2025,12-07-2025,Under Control,"Cases were reported from Village Chintoli, Sub-District Syalde, District Almora. Cases in the age group of 5-15 years presented with fever, vomiting, abdominal pain, weakness and jaundice. Three blood samples were collected & sent to CHC Deghat, Almora, which tested negative for Hepatitis A. District RRT investigated the outbreak. Health camp, door-to-door visits, counseling, prevention, and control activities were undertaken. Active case search was conducted through house-to-house surveillance and IEC activities were carried out on hygiene and sanitation."
West Bengal Name of State-UT,Bankura DISEASE OUTBREAKS OF PREVIOUS WEEKS REPORTED LATE Name of District,Acute Diarrheal Disease Disease- Illness,15 No. of Cases,0 No. of Deaths,05-07-2025 Date of Start Outbreak,09-07-2025 Current Status,"Under Surveillance Comments- Action Taken Cases were reported from Village Chamo Guri Bonia, Sub-","Cases were reported from Babu Jagjiban Ram Chatrabas Yojna, Bibarda Taldangra Area, Sub-District Taldangra, District Bankura. Cases presented with symptoms of loose watery stools. The affected age group was 11-14 years. Cases were treated at Taldangra RH. Rectal swab samples and water samples (for H2S test) were collected and sent for testing. District RRT investigated the outbreak. Distribution of ORS and Zinc, supply of Halazone tablets, provision of drinking water tank and community health education and awareness campaign on safe water, hygiene, and sanitation practices."
Andhra Pradesh,Visakhapatanam,Acute Diarrheal Disease,22,0,17-07-2025,17-07-2025,Under Control,"Village Gayatri Nagar, Sub- District Visakhapatnam (Urban), District Visakhapatanam. Cases presented with loose stools and vomiting. 2 stool samples and 5 water samples were collected and sent to Regional laboratory. Stool samples did not show growth of any pathogenic organism. 3 water samples found unfit for potable purpose. District RRT investigated the outbreak. Cases treated symptomatically. Community awareness and health education given by peripheral team on control measures, hygiene and sanitation. Cases were reported from"
Assam,Cachar,Fever of Unknown Origin,19,0,16-07-2025,17-07-2025,Under Surveillance,"Village Rosekandi Grant, BPHC Dholai, Sub-District Silchar, District Cachar. Cases presented with fever. 5 blood samples found negative for Malaria by PBF examination at Borjalanga MPHC lab. District RRT investigated the outbreak. Cases treated symptomatically. Community awareness and health education given by peripheral team on vector control measures, hygiene and sanitation."
Assam,Hailakandi,Fever of Unknown Origin,24,0,18-07-2025,18-07-2025,Under Surveillance,"Village Uttar Kanchanpur, Sub- District Algapur, District Hailakandi. Cases presented with fever. 1 blood sample out of 24 samples found positive for Malaria (Plasmodium vivax) by PBF examination at Kalingar BPHC. District RRT investigated the outbreak. Cases treated symptomatically. Community awareness and health education given by peripheral team on vector control measures, hygiene and sanitation. Cases were reported from Talap"
Assam,Tinsukia,Leptospiro sis,7,0,17-07-2025,18-07-2025,Under Surveillance,"town, Kokaratoli gaon, Sub- District Doom Dooma, District Tinsukia. Cases presented with fever, jaundice, loss of appetite. 33 blood samples were collected and sent to DPHL Tinsukiya. 7 samples found positive for the Leptospirosis IgM by ELISA. However, all 33 samples found negative for Hepatitis A and E. District RRT investigated the outbreak. Cases treated symptomatically. Community awareness and health education given by peripheral team on hygiene and sanitation."
Bihar,Jamui,Malaria (Mixed),5,,0 15-06-2025,Under Surveillance,"Burhikhar, Tola Borwa & Tola Baratanr, Sub-District Jhajha, District Jamui. Cases presented among 60 found positive for Malaria by PBF investigated with anti-malarial. Community awareness and health education given by peripheral team on vector control measures, hygiene and sanitation.",with fever. 5 blood samples examination. District RRT the outbreak. Cases treated
Bihar,Kaimur (Bhabua),Acute Diarrheal Disease,12,,0 17-01-2025,Under Surveillance,District Kaimur (Bhabua). Cases presented with investigated symptomatically. and health team on hygiene and sanitation. Case was reported from Village Bandral,loose stools. District RRT the outbreak. Cases treated Community awareness education given by peripheral
Bihar,Patna,Acute Diarrheal Disease,20,0,17-07-2025,19-07-2025,Under Surveillance,"Village Deodaha, Sub-District Dhanarua, District Patna. Cases presented with loose stools and vomiting. 2 stool samples were collected and sent to PMCH Patna. Stool samples did not show growth of any pathogenic organism. District RRT investigated the outbreak. Cases treated symptomatically. Community awareness and health education given by peripheral team on hygiene and sanitation. Cases were reported from"
Bihar,Samastipur,Fever with Rash,10,0,14-07-2025,16-07-2025,Under Surveillance,"Village Atapur, Sub district Hasanpur. District Samastipur. Cases presented with fever with rash. 5 blood samples were collected and sent to AIIMS Patna. All the samples found negative for the Measles IgM by ELISA. District RRT investigated the outbreak. Age group of the affected cases were 4-30 years. Cases treated symptomatically. Community awareness and health education given by peripheral team on vaccination, hygiene and sanitation."
Chhattisgarh,Baloda Bazar,Acute Diarrheal Disease,36,0,15-07-2025,18-07-2025,Under Control,"Cases were reported from Village Karmadih, Sub-District Baloda Bazar, District Baloda Bazar. Cases presented with diarrhea and vomiting. District RRT investigated the outbreak. Cases treated symptomatically. Community awareness and health education given by peripheral team on control measures, hygiene and sanitation. Contaminated water might be the cause of outbreak. Cases were reported from"
Chhattisgarh,Baloda Bazar,Acute Diarrheal Disease,16,0,15-07-2025,18-07-2025,Under Control,"Villages Bendri, Dhaura bhata, Sub-District Bhatapara, District Baloda Bazar. Cases presented with diarrhea and vomiting. District RRT investigated the outbreak. Cases treated symptomatically. Community awareness and health education given by peripheral team on control measures, hygiene and sanitation. Contaminated water might be the cause of outbreak."
Chhattisgarh,Janjgir-Champa,Acute Diarrheal Disease,46,0,18-07-2025,18-07-2025,Under Surveillance,"District Pamgarh, District Janjgir-Champa. Cases presented with loose stools and vomiting. 2 stool samples were collected and sent to District Hospital Janjgir. Stool samples did not show growth of any pathogenic organism. District RRT investigated the outbreak. Cases treated symptomatically. Community awareness and health education given by peripheral team on control measures, hygiene and sanitation. Contaminated water might be the cause of outbreak. Cases were reported from"
Chhattisgarh,Janjgir-Champa,Acute Diarrheal Disease,19,0,14-07-2025,15-07-2025,Under Control,"Village Kuthur, Sub-District Nawagarh, District Janjgir- Champa. Cases presented with loose stools and vomiting. 2 stool samples were collected and sent to District Hospital Janjgir. Stool samples did not show growth of any pathogenic organism. District RRT investigated the outbreak. Cases treated symptomatically. Community awareness and health education given by peripheral team on control measures, hygiene and sanitation. Contaminated water might be the cause of outbreak."
Gujarat,Banas Kantha,Acute Diarrheal Disease,43,1,14-07-2025,14-07-2025,Under Control,"Village Vekari, Sub-District Danta, District Banas Kantha. Cases presented with loose stools. 1 stool sample was collected and sent to Banas Medical College and Hospital. It came positive for Cholera. District RRT investigated the outbreak. Cases treated symptomatically. Community awareness and health education given by peripheral team on hygiene and sanitation. A 15- year-old male expired on 14- 07-2025. Cases were reported from"
Gujarat,Gandhinagar,Acute Diarrheal Disease,0,0,16-07-2025,18-07-2025,Under Surveillance,"District Gandhinagar. Cases presented with loose stools. 4 water samples were collected and sent to GMERS, Gandhinagar. It was found unfit for potable purpose. District RRT investigated the outbreak. Cases treated symptomatically. Community awareness and health education given by peripheral team on hygiene and sanitation."
Gujarat,Surendranagar,Hepatitis A,7,0,17-07-2025,17-07-2025,Under Surveillance,"Village Gomta, Sub-District Wadhwan, District Surendranagar. Cases presented with jaundice. Total 2 blood samples and 2 water samples were collected and sent to MGS General Hospital, Surendranagar. Both blood samples came positive for Hepatitis A IgM by ELISA, and water samples found unfit for potable purpose. District RRT investigated the outbreak. Cases treated symptomatically. Community awareness and health education given by peripheral team on hygiene and sanitation. Cases were reported from"
Jharkhand,East Singhbum,Acute Diarrheal Disease,56,0,19-07-2025,19-07-2025,Under Surveillance,"Village Chalakdih, Sub district Ghatshila, District East Singhbum. Cases presented with loose stools and vomiting. 8 water samples were collected and sent to MGM VRDL lab. Water samples found unfit for potable purpose (E. coli and Enterococcus faecalis detected). District RRT investigated the outbreak. Cases treated symptomatically. Community awareness and health education given by peripheral team on hygiene and sanitation. Cases were reported from"
Jharkhand,East Singhbum,Dengue,18,0,12-07-2025,14-07-2025,Under Surveillance,"Village Gobindpur & Chota Govindpur, Sub-District Golmuri-Cum-Jugsalai, District East Singhbum. Cases presented with fever with body ache. 18 blood samples found positive for the Dengue NS1, by ELISA at MGM College and Hospital. District RRT investigated the outbreak. Cases treated symptomatically. Community awareness and health education given by peripheral team on vaccination, hygiene and sanitation."
Jharkhand,Sahebganj,Malaria,9,0,16-07-2025,17-07-2025,Under Surveillance,"Village Chotaudali, Sub- District Barhait, District Sahebganj. During fever survey, 9 blood samples found positive for Malaria by RDT kits. District RRT investigated the outbreak. Cases treated with anti-malarial. Community awareness and health education given by peripheral team on vector control measures, hygiene and sanitation. Cases were reported from"
Jharkhand,Saraikela Kharsawan,Acute Diarrheal Disease,18,0,18-07-2025,19-07-2025,Under Surveillance,"Village Ratai, Sub-District Ichagarh, District Saraikela Kharsawan. Cases presented with loose stools and vomiting. District RRT investigated the outbreak. Cases treated symptomatically. Community awareness and health education given by peripheral team on hygiene and sanitation."
Jammu and Kashmir,Jammu,Human Rabies,1,,1 09-07-2025,Under Control,"Kalan, Jammu. A 20-year-old male presented with complaints excessive District History of dog bite Two and half months back. He did not take ARV. He expired on 08-07-2025. health education given by peripheral team on vaccination for dog bite, hygiene and sanitation. Cases","Sub-District Akhnoor, District of hydrophobia, aerophobia, salivation, mental confusion. RRT investigated the outbreak. Community awareness and were reported from Government"
Jammu and Kashmir,Pulwama,Hepatitis A,19,0,17-07-2025,18-07-2025,Under Surveillance,"Village Mandora, Sub-District Tral, District Pulwama. Cases presented with fever, fatigue and jaundice. 3 blood samples and 7 water samples were collected and sent to DPHL Pulwama. 2 blood samples found positive for Hepatitis A by ELISA, and 2 water samples found unfit for potable purpose. District RRT investigated the outbreak. Cases treated symptomatically. Community awareness and health education given by peripheral team on hygiene and sanitation."
Kerala,Ernakulam,Acute Diarrheal Disease,35,0,10-07-2025,17-07-2025,Under Control,"Nangeli Ayurveda College, Nelikuzhy, Village Eramalloor (CT), Sub-District Kothamangalam, District Ernakulam. Cases presented with fever, loose stools and vomiting. 2 water samples were collected and sent to RPH Lab Ernakulam. Both water samples found unfit for potable purpose (coliforms detected). District RRT investigated the outbreak. Cases treated symptomatically. Community awareness and health education given by peripheral team on hygiene and sanitation. Cases were reported from"
Kerala,Ernakulam,Suspected Food Poisoning,15,,0 06-07-2025,Under Control,"Muvattupuzha, District Ernakulam. Cases presented with loose stools, pain abdomen and vomiting after taking 2 water samples were collected and sent to RPH Lab Ernakulam. Both water samples found unfit for potable purpose (coliforms detected). outbreak. Community awareness and health education given by peripheral team on hygiene and sanitation. Cases were reported from Govt. LP School,",meals in school. District RRT investigated the Cases treated symptomatically.
Kerala,Ernakulam,Acute Diarrheal Disease,36,,0 09-07-2025,Under Control,"Village Aikaranad North, Pattimattom & Vadavu District Ernakulam. Cases presented with fever, vomiting. 2 water samples were collected and water purpose (coliforms detected). District RRT investigated symptomatically. and health education given by peripheral team on hygiene and sanitation.","kode, Sub-District Kunnathunad, loose stools, pain abdomen and sent to RPH Lab Ernakulam. Both samples found unfit for potable the outbreak. Cases treated Community awareness"
Kerala,Kannur,Hepatitis A,47,0,11-07-2025,15-07-2025,Under Surveillance,"Village Panapuzha, Sub-District Payyannur, District Kannur. Cases presented with symptoms of jaundice. 7 blood samples tested positive for Hepatitis A by ELISA, 9 Water samples tested and found fit for potable purpose. District RRT investigated the outbreak. Cases treated symptomatically. Community awareness and health education given by peripheral team on hygiene and sanitation."
Kerala,Kollam,Hepatitis A,47,0,16-07-2025,16-07-2025,Under Surveillance,"Village Mayyanad (CT), Sub- District Kollam, District Kollam. Cases presented with symptoms of jaundice, fever, headache and fatigue. 7 blood samples tested positive for Hepatitis A by ELISA, 5 water samples tested and found unfit for potable purpose (E. Coli detected). District RRT investigated the outbreak. Cases treated symptomatically. Community awareness and health education given by peripheral team on hygiene and sanitation. Cases were reported from"
Kerala,Kottayam,Hepatitis A,9,0,16-07-2025,17-07-2025,Under Surveillance,"Village Mundakayam, Sub- District Kanjirappally, District Kottayam. Cases presented with symptoms of jaundice. 7 blood samples tested positive for Hepatitis A by ELISA from GH Kaniirapally. District RRT investigated the outbreak. Cases treated symptomatically. Community awareness and health education given by peripheral team on hygiene and sanitation."
Kerala,Malappuram,Suspected Food Poisoning,40,0,14-07-2025,17-07-2025,Under Surveillance,"Health Facility Maranchery, Sub-District Ponnani, District Malappuram. Cases presented with loose stools, pain abdomen and vomiting after attending a marriage function. District RRT investigated the outbreak. Cases treated symptomatically. Community awareness and health education given by peripheral team on hygiene and sanitation. Case was reported from Village"
Kerala,Palakkad,Nipah Virus,1,1,12-07-2025,17-07-2025,Under Surveillance,"Kumaramputhur, Sub-District Mannarkad, District Palakkad. A 57-year-old male presented with fever, vomiting. Blood sample found positive for NIPAH by RT-PCR at VRDL Manjeri and NIV, Pune. District RRT investigated the outbreak. Case was admitted in the hospital. He expired on 17-07- 2025. Due to illness. Community awareness and health education given by peripheral team on vector control measures, hygiene and sanitation."
Kerala,Thiruvananthapu ram,Suspected Food Poisoning,36,0,16-07-2025,18-07-2025,Under Surveillance,"Village Navaikulam, Sub- District Varkala, District Thiruvananthapuram. Cases presented with loose stools, pain abdomen and vomiting after taking meals in lunch at GLPS Kizhakanela on 16-07- 2025. District RRT investigated the outbreak. Cases treated at GMCH, KLM. Community awareness and health education given by peripheral team on hygiene and sanitation. Cases were reported from"
Karnataka,Belagavi,Acute Diarrheal Disease,12,,0 14-01-2025,Under Surveillance,"Primary School, Village Hoolikatti, Sub- District Savadatti, District Belagavi. Cases presented with loose stools and abdominal discomfort. found RRT treated symptomatically at GH Savadatti. Community awareness and health education given by peripheral team on hygiene and sanitation.",1 water sample was tested and unfit for potable purpose District investigated the outbreak. Cases
Karnataka,Hassan,Suspected Food Poisoning,92,0,14-07-2025,15-07-2025,Under Control,"Cases were reported from Villages Karehalli, Thirupathi & Bommanahalli, Sub-District Arsikere, District Hassan. Cases presented with loose stools, vomiting and abdominal discomfort. 5 stool samples and 2 water samples were collected and sent to DPHL Hassan. Stool samples did not show growth of any pathogenic organism, water sample found unfit for potable purpose District RRT investigated the outbreak. All the cases developed the symptoms after attending a social gathering on th 13 July, 2025. Cases treated symptomatically. Community awareness and health education given by peripheral team on hygiene and sanitation."
Karnataka,Shivamogga,Suspected Food Poisoning,13,,0 10-07-2025,Under Control,"attending Bellur, Shivamogga. Cases stools. samples were collected and sent to DPHL Shivamogga. growth of any pathogenic organism, water samples found unfit for potable purpose. District Cases treated symptomatically. Community awareness and health education given by peripheral team on hygiene and sanitation. Cases","Heresani Anganwadi, Village Sub-District Hosanagara, District presented with loose 2 stool samples and 21 water Stool samples did not show RRT investigated the outbreak. were reported from Sub-District"
Maharashtra,Kolhapur,Hepatitis A,8,0,16-07-2025,16-07-2025,Under Surveillance,"Kenwade, PHC Pimpalgaon, Tal Kagal, District Kolhapur Cases presented with fever, loss of appetite, Jaundice. 40 blood samples and 10 water samples were collected and sent to RH Solankpur. Eight samples tested positive for Hepatitis A IgM by ELISA. Three water samples found unfit for potable purpose. District RRT investigated the outbreak. Cases treated symptomatically. Community awareness and health education given by peripheral team on control measures, hygiene and sanitation. Cases were reported from"
Maharashtra,Raigad,Acute Diarrheal Disease,12,,0 08-07-2025,Under Surveillance,"Katkarwadi, Raigad. Cases presented with vomiting and loose stools. 6 stool samples were collected and Hospital Mumbai. One stool sample found positive for Cholera on Culture. RRT treated awareness and health education given by peripheral team on hygiene and sanitation. The functional DTP Water Filter Machine. Cases were reported from Village-","Taluk Khalapur District sent to Grant Medical College, JJ District investigated the outbreak. Cases symptomatically. Community outbreak could be due to non- Khothi"
Maharashtra,Thane,Acute Diarrheal Disease,35,0,13-07-2025,14-07-2025,Under Surveillance,"Village Bapsai, TQ Kalyan, District Thane. Cases presented with loose stools. 6 water samples were collected and sent to Bhujal Sarvekshan Vikas Yantrana and found unfit for potable purpose. District RRT investigated the outbreak. Cases treated symptomatically. Community awareness and health education given by peripheral team on hygiene and sanitation."
Madhya Pradesh,Ashoknagar,Measles,11,0,18-07-2025,18-07-2025,Under Control,"Village shankarpur, Sub- District Isagarh, District Ashoknagar. Cases presented with fever with rash, vomiting. 6 blood samples were collected and sent for testing. All 6 blood samples found positive for measles IgM by ELISA. District RRT investigated the outbreak. Age group of the affected cases were 1-14 years. Cases treated symptomatically. Community awareness and health education given by peripheral team on hygiene and sanitation."
Madhya Pradesh,Burhanpur,Acute Diarrheal Disease,24,0,16-07-2025,16-07-2025,Under Control,"Cases were reported from Village Badgaon Mafi, Sub- District Burhanpur, District Burhanpur. Cases presented with vomiting and loose stools. 5 rectal swabs and 2 water samples were collected and sent to DPHL Indore. Stool samples did not show growth of any pathogenic organism, water sample found unfit for potable purpose. District RRT investigated the outbreak. Cases treated symptomatically. Community awareness and health education given by peripheral team on hygiene and sanitation. Cases were reported from Sub-"
Madhya Pradesh,Jhabua,Acute Diarrheal Disease,7,2,12-07-2025,15-07-2025,Under Control,"District Jhabua, District Jhabua. Cases presented with vomiting and loose stools. 2 water samples were collected and sent to DPHL Indore; samples found unfit for potable purpose. District RRT investigated the outbreak. Cases treated symptomatically. Community awareness and health education given by peripheral team on hygiene and sanitation. Two children, 5 year old male and 8 year old male expired on 11/07/2025 due to severe dehydration."
Madhya Pradesh,Rewa,Acute Diarrheal Disease,18,1,16-07-2025,16-07-2025,Under Control,"Village Bamhauri, Sub-District Sirmour, District Rewa. Cases presented with loose stools. 5 stool samples were collected and sent to DPHL Rewa. Stool samples did not show growth of any pathogenic organism. District RRT investigated the outbreak. Cases treated symptomatically. Community awareness and health education given by peripheral team on hygiene and sanitation. A 95- year-old female expired on 16/07/2025. Cases were reported from"
Madhya Pradesh,Seoni,Acute Diarrheal Disease,46,0,16-07-2025,17-07-2025,Under Surveillance,"Village Begarwani Khurd, Sub- District Keolari, District Seoni. Cases presented with loose stools. District RRT investigated the outbreak. Cases treated symptomatically. Community awareness and health education given by peripheral team on hygiene and sanitation."
Madhya Pradesh,Shahdol,Acute Diarrheal Disease,33,0,18-07-2025,18-07-2025,Under Surveillance,"Village Darshila, Sub-District Budar, District Shahdol. Cases presented with loose stools. 2 stool samples were collected and sent to GMC Shahdol. Stool samples did not show growth of any pathogenic organism. District RRT investigated the outbreak. Cases treated symptomatically. Community awareness and health education given by peripheral team on hygiene and sanitation. Cases were reported from"
Madhya Pradesh,Shahdol,Acute Diarrheal Disease,40,0,12-07-2025,14-07-2025,Under Surveillance,"Village Karhi Tola, Sub- District Budar, District Shahdol. Cases presented with loose stools. 4 stool samples were collected and sent to GMC Shahdol. Stool samples did not show growth of any pathogenic organism. District RRT investigated the outbreak. Cases treated symptomatically. Community awareness and health education given by peripheral team on hygiene and sanitation."
Madhya Pradesh,Shivpuri,Acute Diarrheal Disease,18,0,17-07-2025,18-07-2025,Under Control,"Village Kumhrauwa, Sub- District Kolaras, District Shivpuri. Cases presented with loose stools and vomiting. District RRT investigated the outbreak. Cases treated symptomatically. Community awareness and health education given by peripheral team on hygiene and sanitation. Cases were reported from"
Madhya Pradesh,Singrauli,Acute Diarrheal Disease,37,0,12-07-2025,16-07-2025,Under Surveillance,"Village Makrohar, Sub-District Singrauli, District Singrauli. Cases presented with loose stools. 1 stool sample and 1 water sample were collected and sent to DPHL Rewa. Stool sample did not show growth of any pathogenic organism. Water sample found unfit for potable purpose. District RRT investigated the outbreak. Cases treated symptomatically. Community awareness and health education given by peripheral team on hygiene and sanitation."
Odisha,Bargarh,Acute Diarrheal Disease,14,0,20-07-2025,20-07-2025,Under Control,"Village Bungapali, Sub-District Ambabhona, District Bargarh. Cases presented with vomiting and loose stools. 2 rectal swabs and 3 water samples were collected and sent to DPHL Bargarh. Rectal swabs did not show growth of any pathogenic organism. Water samples found unfit for potable purpose. District RRT investigated the outbreak. Cases treated symptomatically. Community awareness and health education given by peripheral team on hygiene and sanitation. Cases were reported from"
Odisha,Boudh,Hepatitis A,19,0,18-07-2025,18-07-2025,Under Surveillance,"Village Kirikichi pali, Sub- District Manamunda, District Boudh. Cases presented with fever and jaundice. Total 54 blood samples and 4 water samples were collected and sent to DPHL Boudh. 19 blood samples came positive for Hepatitis A IgM by ELISA, and water samples found fit for potable purpose. District RRT investigated the outbreak. Cases treated symptomatically. Community awareness and health education given by peripheral team on hygiene and sanitation."
Odisha,Cuttack,Acute Diarrheal Disease,84,0,13-07-2025,14-07-2025,Under Surveillance,"Chhatra Bazar Behera Sahi Ward No-38, Sub-District Cuttack, District Cuttack. Cases presented with vomiting and loose stools. 2 rectal swabs and 6 water samples were collected and sent to DPHL Cuttack. Rectal swabs did not show growth of any pathogenic organism. Water samples found unfit for potable purpose. District RRT investigated the outbreak. Cases treated symptomatically. Community awareness and health education given by peripheral team on hygiene and sanitation. Cases were reported from Sub-"
Odisha,Kendujhar,Suspected Food Poisoning (Mushroo m Poisoning),84,0,16-07-2025,16-07-2025,Under Surveillance,"District Sainkul, District Kendujhar. Cases presented with vomiting and loose stools. 2 rectal swabs and 6 water samples were collected and sent to DPHL Kendujhar. Rectal swabs did not show growth of any pathogenic organism. Water samples found unfit for potable purpose. District RRT investigated the outbreak. All the cases developed the symptoms after consuming local Mushroom in the dinner. Cases treated symptomatically. Community awareness and health education given by peripheral team on hygiene and sanitation."
Odisha,Sundargarh,Suspected Food Poisoning,14,0,18-07-2025,18-07-2025,Under Surveillance,"Village Mahipani, Sub-District Bisra, District Sundargarh. Cases presented with vomiting and loose stools. 2 rectal swabs and 6 water samples were collected and sent to DPHL Sundergarh. Rectal swabs did not show growth of any pathogenic organism. Water samples found unfit for potable purpose. District RRT investigated the outbreak. All the cases developed the symptoms after having food in hostel meal. Cases treated symptomatically. Community awareness and health education given by peripheral team on hygiene and sanitation."
Punjab,Patiala,Acute Diarrheal Disease,21,0,20-07-2025,20-07-2025,Under Surveillance,"Cases were reported from Village Changera, Sub-District Rajpura, District Patiala. Cases presented with loose stools. 1 stool sample and 23 Water samples were collected and sent DPHL Patiala and SPHL. Stool sample did not show growth of any pathogenic organism. 8 water samples found unfit for potable purpose. District RRT investigated the outbreak. Cases treated symptomatically. Community awareness and health education given by peripheral team on hygiene and sanitation."
Tamil Nadu,Coimbatore,Chikungun ya,46,0,16-07-2025,17-07-2025,Under Surveillance,"Cases were reported from Poonga Nagar, Brindhavan Nagar, UPHC Vilankurichi, Sub-District Coimbatore South, District Coimbatore. Cases presented with fever with joint pain. Total 5 blood samples found negative for Chikungunya IgM by ELISA at DPHL Pollachi. District RRT investigated the outbreak. Cases treated symptomatically. Community awareness and health education given by peripheral team on vector control measures, hygiene and sanitation."
Tamil Nadu,The Nilgiris,Chickenpox,11,0,17-07-2025,17-07-2025,Under Surveillance,"Cases were reported from KPS School, Aggal HSC, Kattabettu PHC, Sub-District Kotagiri, District The Nilgiris. Cases presented with fever with rash. 2 blood samples were collected and sent to DPHL Nilgiris. Sample were negative for Dengue, Leptospirosis, Typhoid and malaria. District RRT investigated the outbreak. Cases treated symptomatically. Community awareness and health education given by peripheral team on hygiene and sanitation."
Uttar Pradesh th,"Kushi Nagar March, 2020. The States have been reporting the COVID-19 cases and deaths on a real-time basis and the same was being updated on the website of",Food Poisoning COVID-19 STATUS,25,,0 02-07-2025,Under Control,"(Sita Ramkola, presented with complaints of loose motion, vomiting RRT consumed stale fish prepared a day before in treated Hospital Kushi Nagar. Majority of the cases were below 18 years of age. ORS packets given regarding safe food habits.","patti - Telia tola), CHC/Block District Kushinagar. Cases and abdominal cramps District investigated the outbreak. People a community gathering. Cases were at CHC Ramkola and District to cases. Health education given"
Uttar Pradesh,Lalitpur,Acute Diarrheal Disease,23,0,17-07-2025,18-07-2025,Under Surveillance,"Cases were reported from Village Bamhori Bansha, Sub- District Lalitpur, District Lalitpur. Cases presented with loose stools and vomiting. 3 Water samples tested at Regional Lab Swasthya Bhawan Lucknow and found unfit for potable purpose. District RRT investigated the outbreak. Affected age group was 3-60 years. Cases treated symptomatically. Community awareness and health education given by peripheral team on hygiene and sanitation."
Uttar Pradesh,Meerut,Food Poisoning,0,0,16-07-2025,17-07-2025,Under Surveillance,"Cases were reported from Shalimar Garden area, CHC tarapuriDistrict Meerut. Cases presented with loose stools and vomiting. District RRT investigated the outbreak. All the cases developed the symptoms after having food in a marriage function. Cases treated symptomatically. Community awareness and health education given by peripheral team on hygiene and sanitation"
West Bengal,Bankura,Cholera,99,0,12-07-2025,17-07-2025,Under Surveillance,"Cases were reported from Sub- District Gangajalghati, District Bankura. Cases presented with loose stools. 4 rectal swabs and 1 water sample were collected and sent to BSMCH, Bankura. All the rectal swabs found positive for Vibrio cholerae on culture and water sample found unfit for potable purpose. District RRT investigated the outbreak. Cases treated in the hospital. Community awareness and health education given by peripheral team on hygiene and sanitation."
West Bengal DISEASE OUTBREAKS OF PREVIOUS WEEKS REPORTED LATE Name of State- UT,Purulia Name of District,Cholera Disease- Illness,30 No. of Cases,0 No. of Deaths,15-07-2025 Date of Start Outbreak,16-07-2025 Current Status,Under Surveillance Comments- Action Taken Cases,"Cases were reported from Village Rapkata, Sub-District Balarampur, District Purulia. Cases presented with loose stools. 2 rectal swabs and 1 water sample were collected and sent to BSMCH, Bankura. Rectal swabs found positive for Vibrio cholerae on culture and water sample found unfit for potable purpose. District RRT investigated the outbreak. Cases treated in the hospital. Community awareness and health education given by peripheral team on hygiene and sanitation. were reported from Village Tola"
Andhra Pradesh,Palnadu,Food Poisoning,,20,,0 20-05-2025,Under Control,"Peddakondayapalem, Sub-district lpur, District Palnadu. Cases presented with symptoms of stomachache, diarrhea and nausea. District RRT investigated the outbreak. Cases consumed food at a family function. Cases were treated symptomatically at a medical camp organized in the village. Cases were in the age group 38-70 years. Community awareness and health education given by the peripheral team on safe food habits, hygiene and sanitation."
Andhra Pradesh,Sri Sathya Sai,Food Poisoning,,13,,0 05-07-2025,Under Control,"Cases reported from KGBV School, Village Papireddypalli, Sub-district Somandepalle, District Sri Sathya Sai. Cases presented with loose motion, vomiting and abdominal pain. District RRT investigated the outbreak. The affected age group was 14-70 years. Cases consumed food prepared in the hostel mess and were treated at PHC Somandepalli. Nine stool samples were collected and sent to DPHL, Hindupur. The results showed normal flora. Community awareness and health education given by the peripheral team on safe food habits and clean drinking water, hygiene and sanitation."
Andhra Pradesh,Sri Sathya Sai,Acute Diarrhoeal Disease,,13,,0 14-05-2025,Under Control,"Sub-district Madakasira, District Sri Sathya Sai. Cases presented with the symptom of loose watery stools. District RRT investigated the outbreak. The affected age group was 5-60 years. House to house survey was done in the village and cases were treated symptomatically. Possible cause of the outbreak was water contamination. 3 water samples were collected and sent to RWS. One sample was non-potable. Community awareness and health education given by the peripheral team on safe drinking water, hygiene and sanitation. Cases reported from Village Gantakalla"
Andhra Pradesh,Sri Sathya Sai,Acute Diarrhoeal Disease,,53,,2 06-05-2025,Under Surveilla nce,"Golla Hatti, Sub-district Rolla, District Sri Sathya Sai. Cases presented with symptoms of loose motion and vomiting. District RRT investigated the outbreak. Cases were in age group 1 - 75 years. Cases were treated at a health camp organized in the village. Three stool samples were collected and sent to DPHL, Hindupur. The results showed presence of Aeromonas. Two deaths were reported: 10-year-old female (06.05.2025) and 21-year-old female (17.05.2025), both due to severe diarrhea and vomiting. Community awareness and health education given by the peripheral team on safe drinking water, hygiene and sanitation."
Assam,Sonitpur,Japanese Encephalitis,13,4,19-07-2025,21-07-2025,Under Surveillance,"Cases were reported from Villages Phulguri Nepali, Barpukhuri Par, Sirajuli Pathar, Oriontoli, Singitali, Mazgaon, Dauka Chuburi, Hirajuli TE, Bhalukjaroni, Kathaldup, Chilabandha, Naharbari, Jamidarichuk, Sub-districts Chariduar, Dhekiajuli (Pt) and Tezpur of District Sonitpur. Cases presented with symptoms of acute fever, headache, unconsciousness and change in mental status. District RRT investigated the outbreak. Cases were in the age group 6 - 68 years. 100 CSF and serum samples of AES cases were collected and sent to SRL-TMCH and DPHL-KCH Sonitpur. Out of these samples, 13 tested positive for Japanese Encephalitis (IgM ELISA). 4 deaths were reported: 51-year-old female on 25.06.2025, 36-year-old male on 8.07.2025, 10-year-old male on 12.07.2025, and a 6-year-old female on 13.07.2025. The cause of 4 deaths was confirmed to be Japanese Encephalitis. IEC activities and vector control measures were conducted. Fever surveillance was conducted and fogging operations were carried out. Community awareness and health education given by peripheral team on vector control measures, health seeking behaviour, vaccination, hygiene and sanitation"
Chhattisgarh,Bijapur,Malaria,9,0,19-07-2025,21-07-2025,Under Surveillance,"Cases were reported from Village Markapal, Sub-District Bhairamgarh, District Bijapur. The cases presented with symptoms of fever with chills. District RRT investigated the outbreak. House to house fever survey was done in the affected area. Cases were in the age group 5-49 years. Cases were treated with antimalarial medication. Out of 160 blood samples collected during malaria mukt abhiyan and tested at CHC Bhairamgarh using RDT, 9 samples were positive for malaria (7 Plasmodium falciparum and 2 Plasmodium vivax). Vector control measures were undertaken. Community awareness was given. Source Reduction activities were conducted. Cases were reported from Village Hardi,"
Chhattisgarh,Janjgir- Champa,Acute Diarrhoeal Disease,62,0,20-07-2025,21-07-2025,Under Surveillance,"Sub-District Akaltara, District Janjgir Champa. Cases presented with symptoms of loose motion and vomiting. District RRT investigated the outbreak. Majority of the cases were in the age group 15-60 years. Cases were treated symptomatically at a health camp organized in the locality. 1 Stool sample was collected and sent to District Hospital Janjgir tested negative for cholera by culture. Public health measures were taken, such as water chlorination by the PHE department, distribution of chlorine tablets and bleaching powder, and health education on hand hygiene, consumption of boiled water. Community awareness was done by the peripheral team on safe drinking water, hygiene maintenance and proper sanitation."
Chhattisgar h,Mohla Manpur Ambagarh Chouki,Acute Diarrhoeal Disease,,17,,0 10-07-2025,Under Surveilla nce,"Chichwahi and Gudaras, Sub-District Aundhi, District Mohla Manpur Ambagarh Chouki. Cases presented with symptoms of loose watery stools and vomiting. District RRT along with the Block RRT visited the affected villages to assess the situation and conducted a health camp to provide medical assistance. People consumed water from a common well. Cases were in the age group 15-65 years. It was observed that the well- used for drinking water was located adjacent to a septic tank, and there appeared to be seepage from the tank, possibly contaminating the well water. Water chlorination was done by the PHE department, Chlorine tablets were distributed to the households. Health education was given about safe drinking water, hygiene maintenance, proper sanitation and consumption of boiled water. Cases of fever less than 7 days, headache and"
Gujarat,Anand,Hepatitis A,14,0,23-07-2025,23-07-2025,Under Surveillance,"Sub-District Petlad, Anand. The cases presented with loss of appetite, anorexia and abdominal pain. District RRT investigated the outbreak. Cases were in the age group 5-44 years. Cases were treated at CHC Petlad. Out of 11 blood samples tested at SSG Hospital Vadodara, 8 samples were positive for Hepatitis A (IgM ELISA). Out of 22 water samples collected and sent to S.S Hospital Petlad, 7 samples were unsatisfactory for drinking purpose. Pipeline leakages were repaired by PHED. Chlorination of water sources was done in the locality. Community awareness and health education given by the peripheral team on safe drinking water, hygiene and sanitation. Cases were reported from Village"
Gujarat,Banas Kantha,Acute Diarrhoeal Disease,15,1,24-07-2025,24-07-2025,Under Control,"Kanagar, Sub-District Danta, District Banas Kantha. Cases presented with symptoms of loose watery stools and vomiting. District RRT investigated the outbreak. Cases were in the age group 5-60 years. Cases were treated at CHC Danta. 2 stool samples were collected and sent to Banas General Hospital Palanpur tested negative for cholera by culture. A 3-year- old male expired on 27.07.2025 with acute gastroenteritis, severe dehydration, shock and AKD. Chlorine tablets were distributed to households. Community awareness and health education given by the peripheral team on safe drinking water, hygiene and sanitation."
Gujarat,Bhavnagar,Acute Diarrhoeal Disease,17,0,24-07-2025,25-07-2025,Under Surveillance,"Narigram area, UPHC Akhlol Jakatnaka, District Bhavnagar. Cases presented with symptoms of diarrhea, vomiting and severe dehydration.District RRT investigated the outbreak. Cases were in the age group 5-44 years. Cases were treated at a health camp organized in the locality. 1 stool sample collected and sent to Sir T Hospital tested negative for V. cholerae (culture). Out of 3 water samples sent to Government Medical College Bhavnagar, 2 samples were non-potable. Chlorine tablets distributed to households. Community awareness and health education given by the peripheral team on safe drinking water, hygiene and sanitation. Cases were reported from the Urban area"
Gujarat,Patan,Hepatitis A,,0,25-07-2025,25-07-2025,Under Surveillance,"of UPHC/Sub-District Sidhpur, District Patan. Cases presented with symptoms of nausea and abdominal pain. District RRT investigated the outbreak. Cases were in the age group 5-25 years. Cases were treated at UPHC Sidhpur. 2 water samples collected and sent to General Hospital Sidhpur were unsatisfactory for drinking purpose. All 16 blood samples collected and sent to SDH Sidhpur tested positive for Hepatitis A (IgM ELISA). Chlorination of water sources was done in the locality. Pipeline leakages were repaired by PHED. Community awareness and health education given by the peripheral team on safe drinking water, hygiene and sanitation."
Haryana,Yamunana gar,Acute Diarrhoeal Disease,23,0,24-07-2025,24-07-2025,Under Surveillance,"Sub Center-Munda khera, CHC Chhachhrauli, District Yamuna Nagar. The cases presented with symptoms of stomach pain, loose watery stools and headache. District RRT investigated the outbreak. Cases were treated at a health camp organized in the locality and at CHC Chhachhrauli. All age groups ≥ 5 years were affected. 7 stool samples were collected and sent to DPHL (IDSP) Yamuna Nagar tested negative for cholera by culture. All 11 blood samples collected tested negative for Hepatitis A & E (IgM ELISA). 4 water samples were collected and sent to DPHL (IDSP) for bacteriological test were found unfit for drinking purpose. ORS packets were distributed. Community awareness and health education given by the peripheral team on safe drinking water, hygiene and sanitation."
Jharkhand,Bokaro,Chickenpox,11,0,25-07-2025,25-07-2025,Under Surveillance,"Cases of fever with rash were reported from Village Pipradih, CHC Bermo, Sub- district Chandrapura, District Bokaro. District RRT investigated the outbreak. Active search for fever cases done in the locality. Cases were in the age group 4 - 48 years. All cases were treated symptomatically. Community awareness and health education given by the peripheral team on isolation of cases, hygiene maintenance and proper nutrition."
Jharkhand,East Singhbum,Acute Diarrhoeal Disease,13,0,21-07-2025,21-07-2025,Under Control,"reported from Village Amainagar, Sub- District Ghatshila. District East Singhbhum. District RRT investigated the outbreak. Cases were treated at a health camp organized in the village. Cases were in the age group 2 - 65 years. ORS packets were distributed to cases. 3 water samples were collected and sent to MGM VRDL lab Jamshedpur showed presence of Enterococcus faecalis. Chlorine tablets were distributed to households. Community awareness and health education given by peripheral team on safe drinking water, hygiene and sanitation Cases were reported from Village"
Kerala,Ernakula m,Acute Diarrhoeal Disease Suspected,35,0,22-07-2025,22-07-2025,Under Control,"Institution, Karimakkad Ward-38, UPHC Thrikakara, District Ernakulam. The cases presented with symptoms of loose stools and vomiting. District RRT investigated the outbreak. The affected age group was 17 - 38 years. Cases were treated symptomatically. 2 stool samples were collected and sent to NIV Alappuzha, which tested PCR negative for the viral panel. 2 water samples tested at RPHL, Ernakulam showed presence of coliforms. Cleaning and chlorination of OHTs was done. Community awareness and health education given by the peripheral team on safe drinking water, hygiene and sanitation. Cases were reported from Village"
Kerala,Ernakula m,Food Poisoning,35,0,21-07-2025,21-07-2025,Under Control,"Mulavukad (CT), Sub-District Kanayannur, District Ernakulam. The cases presented with symptoms of loose stools and vomiting. District RRT investigated the outbreak. Cases were treated at CHC Kanayannur. Cases were in the age group 5 - 65 years. Cases had consumed food from a bakery. 2 water samples were collected from the tap of bakery and sent to Regional Public Health Laboratory, Ernakulam showed presence of coliforms. Community awareness and health education given by the peripheral team on safe drinking water and food habits, hygiene and sanitation."
Kerala,Kannur,Hepatitis A,15,0,21-07-2025,21-07-2025,Under Surveillance,"Sub-district Iritty, District Kannur..Cases presented with symptoms of loss of appetite, abdominal pain and fever. District RRT investigated the outbreak. Cases were in the age group 6 - 38 years. All the cases were diagnosed based on symptoms and abnormal liver test results. Cases were treated at CHC Iritty. Out of 6 water samples collected and sent to RAL Lab Kuthuparamba, 3 samples were contaminated with Coliform and E. coli. Out of 2 blood samples collected and sent to Indira Gandhi Co-Operative Hospital Thalassery, 1 sample tested positive for Hepatitis A (IgM ELISA). ORS packets were given to cases. Super chlorination of wells was done. Community awareness and health education was given by the peripheral team on safe drinking water, hygiene and sanitation."
Kerala,Kottayam,Acute Diarrhoeal Disease,13,0,25-07-2025,25-07-2025,Under Surveillance,"Brilliant Girls Hostel, Village Mutholy (Ward No. 9), Sub-District Meenachil, District Kottayam. Cases presented with symptoms of fever, abdominal discomfort, nausea and vomiting. District RRT investigated the outbreak. The cases were in the age group 18 to 23 years. Cases were treated symptomatically. 2 water samples were collected from the hostel's well tank and filter unit and tested negative for E. coli and Coliforms at KWA Kottayam. Improper food storage, inadequate reheating, or cross contamination during food handling may have contributed to the outbreak. ORS packets were given to cases. Community awareness and health education given by the peripheral team on safe drinking water and food habits, hygiene and sanitation. Cases of loose stool, abdominal pain, and"
Kerala,Palakkad,Acute Gastroenteri tis,44,0,22-07-2025,24-07-2025,Under Control,"vomiting were reported from Village Pudussery East, PHC Pudussery, Sub- District Palakkad, District Palakkad. District RRT investigated the outbreak. Cases were trainees in Forest Training Institute, Waalayar. Cases were in the age group 24-40 years. 2 stool samples collected were negative for salmonella, shigella and vibrio cholera. Cases treated symptomatically. Health education given by the peripheral team on safe drinking water, hygiene maintenance and proper sanitation."
Kerala,Pathanamth itta,Fever,,85,,0 14-07-2025,Under Surveilla nce,"myalgia were reported from Village Vadasserikkara, KAP-5 Police battalion ward 8, CHC Ranny Perunad, District Pathanamthitta. District RRT investigated the outbreak. Cases were treated at CHC Ranny Perunad and Ranni Taluk hospital. 2 throat swab samples collected and sent to NIV Alappuzha, tested positive for Influenza A (H3N2). Cases were in the age group 24-51 years. Health education given to the trainees in the camp by the District Surveillance Officer on spread of influenza and preventive measures, hygiene and sanitation."
Kerala,Thrissur,Mpox,,(Clade I),,0 14-07-2025,Under Surveilla nce,"Panchayath, Sub-District Chavakkad, District Thrissur. District RRT investigated the outbreak. A 33 -year -old male presented with fever, sore throat, cough on 03/07/2025, followed by vesicles on hands and fingers the next day. The case had a history of travel from abroad on 14/07/2025. The patient was admitted to Aster Medicity, Kochi on 15-07-2025, with clinical symptoms provisionally diagnosed as Mpox. The case was diagnosed at Aster Medicity, Kochi, and the sample was tested at NIV Alappuzha on 16-07-2025 which was positive for Mpox by PCR. For confirmation, sample was further sent to NIV Pune on 18-07-2025, which was positive for Mpox (Clade I). The patient was cured and discharged from isolation at Government Medical College, Kalamassery, Ernakulam on 02.08.2025. Community awareness and health education on control, hygiene, and sanitation. Cases of loose motion and vomiting were"
Karnataka,Chikballap ur,Suspected Food Poisoning,38,0,25-07-2025,25-07-2025,Under Control,"Shankavarampalli, PHC Mittemari, Sub- district Bagepalli, District Chikkaballapura. Cases presented with symptoms of vomiting and loose motion. District RRT investigated the outbreak. Cases were in the age group 8 -78 years. Nearly 400 people attended a death ceremony. The lunch served was contaminated with rainfall and the food preparation area was unhygienic. Cases were treated symptomatically. 1 stool sample was collected and sent to DPHL Chikballapur showed growth of no pathogens. 2 water samples tested with H₂S media were found potable. Community awareness and health education was given by peripheral team on safe food habits, hygiene and sanitation. House-to-house survey was done by health staff and ASHA workers to identify any new cases."
Karnataka,Mandya,Suspected Food Poisoning,37,0,26-07-2025,27-07-2025,Under Control,"Excellence School, Village Mellahalli, CHC K.M. Doddi, Sub-district Maddur, District Mandya. Cases presented with symptoms of loose motion and vomiting. Cases were in the age group 3 - 42 years. District and Block RRT visited the school and conducted an inspection of the hostel and water supply. Food prepared at the hostel was suspected to be contaminated. Cases were treated at a health camp organized in the school premises. Out of 3 water samples collected and sent to DPHL Mandya, 2 samples were non-potable. 3 stool samples were collected and tested at MIMS, Mandya (Hanging drop test) and 2 stool samples were collected and tested at MMC, Mysore (culture and sensitivity) showed growth of no pathogens. IEC activities were conducted. The Education Department was informed of preventive action in the school hostel. The school authorities, hostel warden, and headmaster were instructed to supply purified drinking water and ensure regular cleaning of the water tanks."
Karnataka,Vijayapur a,Acute Diarrhoeal Disease,52,0,26-07-2025,26-07-2025,Under Surveillance,"PHC Huvina Hipparagi, Sub-district Basavana Bagewadi, District Vijayapura. Cases presented with symptoms of loose stool and vomiting. The most affected age group was 5-10 years. District RRT investigated the outbreak. There was a contaminated borewell near a stream, which was submerged due to rainfall and surrounded by open-air defecation sites considered as the possible source of water contamination. A temporary OPD clinic was established at the Anganwadi center for treatment of cases. Out of 7 water samples collected and tested at DPHL Vijayapur, 3 samples were found unfit for human consumption. All 3 stool samples collected and tested at DPHL Vijayapur were negative for cholera with only normal commensals isolated. Alternate water supply was arranged in the village. Cleaning and chlorination of OHTs and pipelines and bacteriological testing before water supply was done. Drilling of a new borewell was done to ensure safe water. Community awareness and health education was given regarding safe drinking water, hygiene maintenance and proper nutrition."
Meghalaya,Eastern West Khasi Hills,Suspected Food Poisoning,21,1,18-07-2025,22-07-2025,Under Control,"Mawriangtynnai , PHC Kynrud, Block Mairang, District Eastern West Khasi Hills. District RRT investigated the outbreak. Cases presented with symptoms of vomiting, abdominal pain, headache, and loose stools. Cases had consumed leftover food. Cases were treated at PHC Kynrud and Nongum. The 15–19 years age group was identified as the most affected. 1 death occurred in a 15-year-old female on 14.07.2025 with symptoms of multiple episodes of vomiting and loose stools. Cause of death was AGE, Shock with Aspiration Pneumonia. Community awareness and health education on the importance of safe food and water handling practices was done by the peripheral team."
Meghalaya,East Garo Hills,Human Rabies,,1,,1 12-07-2025,Under Control,"Namesa, PHC Dagal, Sub-District Songsak, District East Garo Hills. A 31-year-old male presented with symptoms of fever, headache, muscle spasms, aerophobia, hyper salivation, insomnia, and hydrophobia. The case was clinically diagnosed as rabies. Based on history, the exposure occurred approximately five months prior, but the patient did not seek care or initiate treatment from any health facility. The patient was admitted to Williamnagar Civil Hospital on 7th July 2025 and succumbed to the illness on 10th July 2025. District RRT investigated the outbreak. As a precautionary measure, family members who were involved in patient care were advised to undergo post- exposure prophylaxis (PEP). Additionally, IEC activities were conducted, including a public health awareness campaign in the presence of the local headman, in collaboration with the District Veterinary Department, which organized a Mass Awareness Programme in Chidimit Namesa Village."
Maharashtra,Jalgaon,Measles,67,0,16-07-2025,27-07-2025,Under Surveillance,"Cases were reported from Village Asoda, and Patarkhede, Block Erandol, District Jalgaon. The cases presented with symptoms of fever with rash, cough, coryza and Conjunctivitis. District RRT investigated the outbreak. Cases were students of Ashramshala school. Cases were in age group 6 - 12 years. Cases were treated at GMC Jalgaon and RH Erandol. Out of 11 serum samples collected and sent to Kasturba Hospital Mumbai, 5 samples tested positive for Measles (IgM ELISA). Active search for left-out and drop-out vaccination cases was conducted, and special vaccination sessions were arranged for these beneficiaries. Vitamin A supplementation given to students of ashramshala school. Health education was given by the peripheral team on isolation of cases, hygiene maintenance and proper nutrition."
Madhya Pradesh,Balaghat,Acute Diarrhoeal Disease,24,0,17-07-2025,22-07-2025,Under Control,"reported from Village Garra (CT), Sub- District Lalbarra, District Balaghat. District RRT investigated the outbreak. Cases treated symptomatically at a health camp organized in the locality. ORS packets and Zinc tablets distributed to cases by ASHA and ANM. 2 patients treated at a Private hospital. Cases were in the age group 2-77 years. Community awareness and health education given by peripheral team on use of boiled water for drinking purpose, hygiene maintenance and sanitation. Cases of loose motion and vomiting were"
Madhya Pradesh,Betul,Acute Diarrhoeal Disease,22,0,26-07-2025,27-07-2025,Under Surveillance,"reported from Village Seridhana, PHC Hidli, Sub-District Athner, District Betul. District RRT investigated the outbreak. House to house survey done. Cases treated symptomatically. Cases were in the age group 5-65 years. 5 water samples collected and sent to DPHL Bhopal were non-potable. Chlorination of water sources was done in the village. Community awareness and health education given by the peripheral team on safe drinking water, hygiene maintenance and sanitation."
Madhya Pradesh,Betul,Acute Diarrhoeal Disease,13,0,23-07-2025,24-07-2025,Under Surveillance,"Cases of loose motion were reported from Village Chirmatekdi, PHC Bhaura, Sub- District Shahpur, District Betul. District RRT investigated the outbreak. House to house survey done Cases treated symptomatically by the peripheral team. 3 patients treated at CHC Shahpur. ORS packets and Zinc tablets given to cases. Cases were in the age group 9-55 years. 5 water samples collected and sent to DPHL Bhopal were non-potable. Chlorination of water sources was done in the village. Health education on hand hygiene and safe drinking water given to the community by peripheral team. Cases of loose motion and vomiting were"
Madhya Pradesh,Betul,Acute Diarrhoeal Disease,21,0,19-07-2025,21-07-2025,Under Surveillance,"reported from Village Emlidhana, PHC Chirapatla, Sub-District Chicholi, District Betul. District RRT investigated the outbreak. House to house survey was done. Cases treated symptomatically. Cases were in the age group 1-60 years. 1 stool sample collected and sent to DPHL Bhopal was invalid. Health education on hand hygiene and safe drinking water was given to the community by the peripheral team."
Madhya Pradesh,East Nimar,Chikunguny a,71,0,23-07-2025,23-07-2025,Under Surveillance,"Mal, PHC Jawar, Sub-District Khandwa, District East Nimar. District RRT investigated the outbreak. Cases presented with fever and joint pain. The most affected age group was 15-44 years. Out of 12 serum samples collected and sent to District Hospital Khandwa, 11 samples tested positive for Chikungunya (IgM ELISA). Community awareness and health education were given by the peripheral team on vector control measures, hygiene, and sanitation. Sources identified included water collection on concrete surfaces and plastic waste Cases were reported from Village"
Madhya Pradesh,Panna,Acute Diarrhoeal Disease,55,0,21-07-2025,21-07-2025,Under Control,"Gidhauda, PHC Sarangpur, Sub-District Shahnagar, District Panna. District RRT investigated the outbreak. Cases presented with loose motion. People consumed water from a borewell in the affected area. Cases were treated at PHC Sarangpur. Cases were in the age group 1-77 years. 1 water sample collected by PHED was potable. Chlorination of water sources done by PHED. Community awareness and health education given by the peripheral team on safe drinking water, hygiene maintenance and sanitation."
Madhya Pradesh,Rewa,Food Poisoning,14,0,25-07-2025,25-07-2025,Under Control,"Baghelan, CHC Naigarhi District Rewa. District RRT investigated the outbreak. Cases presented with loose watery stool, abdominal pain, vomiting after eating ""kondo Rot"" prasad at Matarani temple. Cases were treated at CHC Naigadhi. 1 patient was treated at Medical College Rewa. All cases recovered. 3 stool samples collected and sent to DPHL Rewa, tested negative for cholera by culture. Cases were in the age group 3-70 years. Community awareness and health education given by the peripheral team on safe food habits."
Madhya Pradesh,Sheopur,Acute Diarrhoeal Disease,290,4,23-07-2025,23-07-2025,Under Surveillance,"sehrana, CHC/Sub-District Karahal, District Sheopur. District RRT investigated the outbreak. Population of the affected area was 1034. House to house survey of 230 households was done. People consumed water from handpump and tubewell in the village. Cases were treated at a health camp organized in the locality and at CHC Karahal. Cases were in the age group 2 months - 65 years. 2 stool samples collected and sent to SRVS Medical College and Hospital Shivpuri tested negative for cholera (Hanging Drop preparation). 6 water samples collected by PHED were satisfactory for drinking purpose. 1 death occurred in a 2-month- old female on 16.07.2025 with symptoms of fever and breathlessness, 1 death in a 10-month- old male on 18-07-2025 with symptoms of loose motion, vomiting and fever, 1 death in a 28-year-old-male on 20- 07-2025 with severe dehydration and shock and a 17 months old male died on 24-07-2025. Chlorination of water sources was done by PHED. Community awareness and health education given by peripheral team on safe drinking water, hygiene and sanitation"
Madhya Pradesh,Singrauli,Acute Diarrhoeal Disease,14,0,21-07-2025,21-07-2025,Under Control,"reported from Village Badkud, CHC/Sub- District Chitrangi, District Singrauli. District RRT investigated the outbreak. Cases treated symptomatically. Cases were in the age group 4-85 years. 1 water sample was collected and sent to DPHL Rewa showed growth of coliform bacteria by culture. Chlorine tablets distributed to households. Community awareness and health education given by the peripheral team on safe drinking water, hygiene and sanitation. Cases of loose motion and vomiting were"
Madhya Pradesh,Singrauli,Acute Diarrhoeal Disease,22,0,21-07-2025,21-07-2025,Under Control,"reported from Village Katrihar, PHC Bagaia, Sub-District Chitrangi, District Singrauli.District RRT investigated the outbreak. Cases treated symptomatically. Majority of the cases were in the age group 15-44 years. 1 stool sample collected and sent to DPHL Rewa tested negative for cholera by culture. 1 water sample was collected and sent to DPHL Rewa showed growth of coliform bacteria by culture. Chlorine tablets distributed to households. ORS packets and zinc tablets given to cases. Community awareness and health education given by the peripheral team on safe drinking water, hygiene and sanitation."
Madhya Pradesh,Singrauli,Acute Diarrhoeal Disease,,20,,0 16-07-2025,Under Control,"reported from Village Butwa, PHC Khatai, Sub-District Karahal, District Singrauli. District RRT investigated the outbreak. House to house survey was done. Cases were treated symptomatically. Cases were in the age group 2-70 years.Community awareness and health education given by the peripheral team on hygiene and sanitation."
Madhya Pradesh,Tikamgar h,Measles,9,0,20-07-2025,21-07-2025,Under Surveillance,"from Village Mudiya, Para Khas & Para Ugad, CHC Badagaon, Sub-District Badgaon Dhasan, District Tikamgarh.District RRT investigated the outbreak. Active search for fever cases done in the locality. Cases treated symptomatically. Cases were in the age group 2-8 years. All 4 serum samples collected and sent to ICMR, Jabalpur tested positive for Measles (IgM ELISA). Community awareness and health education given by the peripheral team on isolation of cases, hygiene maintenance and proper nutrition."
Nagaland,Dimapur,Japanese Encephalitis,4,2,17-07-2025,21-07-2025,Under Surveillance,"(CT) & Dhansiri, UPHC Duncan, District Dimapur. Cases presented with fever, headache altered mental status, unconscious and neck rigidity. District RRT investigated the outbreak. 4 CSF samples of patients were confirmed for JE (IgM ELISA) on 11th July (1 case) and 16th July (3 cases) respectively at Sentinel surveillance site laboratory, District Hospital Dimapur. Cases had no travel history. A 48-year-old female died on 12- 07-2025 before the test result of confirmed JE was received. Second death occurred in a 80 -year -old male on 30-07-2025 with Bacterial Meningitis. Chronic Hepatitis B and Pulmonary TB were the other co- morbid conditions. Door -to -door fever surveillance was conducted, and fogging operations were carried out in the locality. Health education and community awareness were provided regarding JE symptoms, prevention, and vector control measures. Cases of loose motion, vomiting and"
Odisha,Bargarh,Acute Diarrhoeal Disease,15,0,24-07-2025,24-07-2025,Under Control,"abdominal pain were reported from Village Remanda, PHC Remunda, Sub- District Bheden, District Bargarh. District RRT investigated the outbreak. Cases were students of Khiresara Meher High school. Cases were treated symptomatically. Cases were in the age group 11-15 years. ORS packets were distributed to the cases. Community awareness and health education given by the peripheral team on safe food habits and drinking water, hygiene maintenance and proper sanitation."
Odisha,Ganjam,Food Poisoning,24,0,20-07-2025,21-07-2025,Under Control,"from Village Phasiguda, PHC BhismagirI, Sub-District Digapahandi, District Ganjam. District RRT investigated the outbreak. Cases treated symptomatically. Cases consumed stale food (kanji). Two cases treated at CHC Digapahandi & 4 cases treated at MKCG Medical College and Hospital, Berhampur Odisha. One stool sample collected tested negative for Cholera by culture. Cases were in the age group 5-71 years. Community awareness and health education given by the peripheral team on safe drinking water and food habits, hygiene maintenance and proper sanitation."
Odisha,Koraput,Chikunguny a,107,0,19-07-2025,22-07-2025,Under Surveillance,"Pada, PHC Mathalput, Sub-District Koraput, District Koraput. Cases are presented with fever, swelling and joint pain. Cases were in the age group 5 - 73 years. District RRT and VBD team investigated the outbreak. Aedes aegypti larvae were found in plastic drums and outdoor waste material in the community on investigation. All cases were treated at nearest health facilities. Out of 16 serum samples collected and sent to RMRC, Bhubaneswar, 10 samples tested positive for Chikungunya (IgM ELISA). The population of the affected area was 1066. Vector control measures undertaken in the community. IEC-BCC activities on anti- chikungunya measures with focus on source reduction done to create awareness and to minimize the formation of breeding source followed by personal protection and cleaning of peri-domestic areas (cutting of wild bushes-shrubs) by ASHA, ANM and Health Supervisor"
Odisha,Mayurbha nj,Food Poisoning,12,0,23-07-2025,23-07-2025,Under Control,"Patrapada, Sub-District Thakurmunda, District Mayurbhanj. Cases were students of Patrapada Ashram School who presented with loose motion, vomiting, nausea and abdominal pain after eating food prepared in the school kitchen. District RRT investigated the outbreak. Cases treated symptomatically. 4 cases treated at CHC Thakurmunda and 2 cases at SDH Anadapur. Cases were in the age group 7-19 years. Three rectal swabs and three water samples were collected. Water samples tested H₂S positive, with no residual chlorine detected on OT testing. Rectal swabs showed no enteropathogenic organisms. All samples were tested at DPHL, Mayurbhanj.1 stool and 2 rectal swab samples collected and sent to DPHL Mayurbhanj tested negative for cholera by culture. Community awareness and health education given by the peripheral team on safe food habits and hygiene maintenance. Cases of loose motion were reported from"
Odisha,Nuapada,Acute Diarrhoeal Disease,40,0,23-07-2025,23-07-2025,Under Control,"Village Nangalbod, Sub-District Sinapali, District Nuapada. District RRT investigated the outbreak. House to house survey done in the village. Symptomatic treatment given to cases. 3 cases treated at CHC Sinapali. Cases were in the age group 5-60 years. All 3 stool samples collected and sent to DPHL Balangir tested negative for cholera by culture. All 5 water samples collected tested positive for H2S test. Chlorine tablets were distributed to households. Community awareness and health education given by the peripheral team on safe drinking water, hygiene maintenance and proper sanitation."
Rajasthan,Jhunjhunu,Food Poisoning,117,0,22-07-2025,24-07-2025,Under Control,"Cases of loose motion were reported from Village Chelasi, Block Nawalgarh, Sub- District Nawalgarh, District Jhunjhunu. District RRT investigated the outbreak. The affected age group was 9-74 Years. The cases consumed food at an engagement ceremony. Cases treated symptomatically. Out of 10 stool samples collected and sent to DPHL Jhunjhunu, 8 samples showed growth of Staphylococcus aureus species. All 5 water samples collected were potable. Community awareness and health education given by the peripheral team on safe food habits, hygiene and sanitation. Cases reported from Village Mathiya,"
Tamil Nadu,Tirunelveli,Dengue,,121,,1 21-06-2025,Under Surveillance,"Cases of fever, body pain, and headache were reported from Village Koondankulam, PHC Navalady, Sub- District Radhapuram, District Tirunelveli. District RRT investigated the outbreak. Active search for fever cases done by the peripheral team. Cases treated at a health camp organized in the affected area. 3 cases were treated at KKMCH hospital. Cases were in the age group 18-51 years. Out of 35 blood samples collected and sent to KKMCH Tirunelveli, 15 samples tested positive for Dengue (IgM ELISA). A 35- year-old male died on 01.08.2025 with Sepsis, Shock with MODS, AKI, Respiratory Failure, Dengue+ve and Leptospirosis. Community awareness and health education were given by the peripheral team on vector control measures, hygiene, and sanitation."
Uttar Pradesh,Chandauli,Acute Diarrhoeal Disease,37,0,21-07-2025,23-07-2025,Under Control,"PHC Jiyanpura, Sub-District Sakaldiha, District Chandauli. The cases presented with symptoms of loose motion and vomiting. District RRT investigated the outbreak. The cases were of the age group of 1-55 years. Out of 4 water samples collected and sent to Regional Lab Swasthya Bhawan Lucknow, 1 sample was non-potable. People had consumed water from handpump in the affected area. Chlorine tablets distributed to households. ORS packets given to cases. Health education given regarding safe drinking water and hygiene maintenance."
West Bengal,Bankura,Acute Diarrhoeal Disease,14,0,14-07-2025,22-07-2025,Under Control,"Cases of loose motion and vomiting were reported from Village Durlavpur, Sub- District Saltora, District Bankura. District RRT investigated the outbreak. Cases were treated symptomatically. All 3 rectal swab samples collected and sent to BSMCH Bankura revealed common gut microbiota. All 5 drinking water samples collected from a well and tube well were contaminated with coliforms and E. coli. Chlorine tablets were distributed to households. ORS sachets and Zinc tablets were given to cases. Community awareness and health education given by the peripheral team on safe drinking water, hygiene and sanitation."
West Bengal,"Bankura th March, 2020. The States have been reporting the COVID-19 cases and deaths on a real-time basis and the same was being updated on the website of",Hepatitis A,COVID-19 STATUS,50,,0 19-01-2025,Under Surveillance,"Cases were reported from Villages Kuldoba and Baghakhuli, Sub-District Simlapal, District Bankura. Cases presented with loss of appetite, anorexia and abdominal pain. District RRT investigated the outbreak. Cases were treated at a medical camp organized in the affected area. Chlorination of water sources was done. Majority of the cases were below 20 years of age. All 10 serum samples collected and sent to STM, Kolkata tested positive for Hepatitis A (IgM ELISA). Pipeline leakages were repaired by PHED. Chlorination of water source was done. Community awareness and health education given by the peripheral team on safe drinking water, hygiene and sanitation."
Andhra Pradesh,Chittoor,Suspected Food Poisoning,10,0,13-05-2025,Under Control,"Sub-District Santhipuram, District Chittoor. Cases presented District were in the age group consumed leftover food from a previous day’s gathering. Cases were treated symptomatically. Community awareness and health education given by the peripheral team on safe water and food habits, hygiene and sanitation. Cases",with loose motion and vomiting. RRT investigated the outbreak. Cases 5-44 years. Cases had were reported from Village Periambadi
Andhra Pradesh,Chittoor,Food Poisoning,10,0,05-06-2025,Under Control,"H/W, Sub-District Yadamarri, District Cases presented with loose motion, vomiting and abdominal outbreak. Cases were in the age group 5-59 years. Cases had consumed food at a death ceremony. Cases Community awareness and health education given by the peripheral team on safe water and food habits, hygiene and sanitation. Cases of loose motion were reported from Village",Chittoor. pain. District RRT investigated the were treated at PHC Yadamarri.
Andhra Pradesh,Guntur,Acute Diarrhoeal Disease,54,0,29-06-2025,Under Control,"Lam, PHC Ponnekallu, Sub-District Tadikonda, District outbreak. The affected age group was 18-22 years. House to house survey was done by ASHAs and ANM of the affected village. Cases were treated at a health camp established in the locality. 7 water samples Guntur, were potable. Community awareness and health education given by the peripheral team on safe water and food habits, hygiene and sanitation.",Guntur. District RRT investigated the collected and sent to Regional Lab
Arunachal Pradesh,Longding,Measles,7,0,29-07-2025,03-08-2025,Under Surveillance,"colony and Khasa Village, Sub- District Pangchao SDO, District Longding. Cases presented with symptoms of fever with rash. District RRT investigated the outbreak. Cases were treated symptomatically. Cases were in the age group 2- 7 years. All 7 cases were unvaccinated. Out of 7 serum samples collected and sent to GMCH Guwahati, 4 samples tested positive for Measles (IgM ELISA). Community awareness and health education given by the peripheral team on isolation of cases, hygiene maintenance and proper nutrition."
Arunachal Pradesh,Lower Subansiri,Measles,10,0,02-08-2025,02-08-2025,Under Surveillance,"Cases were reported from Don Bosco School, Village Hapoli, Sub-District Ziro Hq., District Lower Subansiri. Cases presented with symptoms of fever with rash. District RRT investigated the outbreak. Symptomatic treatment was given to cases. Cases were in the age group 8 months - 10 years. Out of 10 blood samples collected and sent to GMCH Guwahati, 1 sample tested positive for Measles (IgM ELISA). Community awareness and health education given by the peripheral team on isolation of cases, hygiene maintenance and proper nutrition. Cases were reported from Village"
Bihar,Gaya,Acute Diarrhoeal Disease,10,0,31-07-2025,02-08-2025,Under Surveillance,"Nasirpur, Sub-District Konch, District Gaya. Cases presented with symptoms of loose motion and vomiting. District RRT investigated the outbreak. Cases were in the age group 9-12 years. Symptomatic treatment was given to cases. Chlorine tablets were distributed to households. Community awareness and health education was given by the peripheral team on safe drinking water, hygiene and sanitation."
Bihar,Jehanabad,Acute Diarrhoeal Disease,236,0,28-07-2025,29-07-2025,Under Surveillance,"Kako, Sub-District Kako, District Jehanabad. Cases presented with loose motion and vomiting. District RRT investigated the outbreak. Cases were in the age group 2-78 years. All cases were treated at a health camp organized in the village. ORS packets and ZInc tablets were given to cases. Chlorine tablets were distributed to the households. Community awareness and health education given by peripheral team on safe drinking water, hygiene and sanitation Cases were reported from Village"
Bihar,Pashchim Champaran,Acute Gastroenterit is,47,0,31-07-2025,02-08-2025,Under Surveillance,"Madhopur, Sub-District Majhaulia, District Pashchim Champaran. Cases presented with abdominal pain, diarrhoea and vomiting. District RRT investigated the outbreak. Cases were in the age group 5 - 30 years. The onset of symptoms started following the consumption of pani puri. All cases were treated symptomatically. Community awareness and health education given by the peripheral team on safe water and food habits, hygiene and sanitation."
Chhattisgar h,Rajnandgaon,Acute Diarrhoeal Disease,30,0,24-07-2025,31-07-2025,Under Control,"Rengakathera, Block Ghumka, Sub-District Rajnandgaon, District Rajnandgaon. Cases presented with loose stools and vomiting. District RRT investigated the outbreak. Cases were treated symptomatically at a health camp established in the affected area. 5 cases were treated at GMCH Rajnandgaon. Chlorine tablets distributed to households. Community awareness and health education given by the peripheral team on safe drinking water, hygiene and sanitation."
Gujarat,Valsad,Cholera,63,0,29-07-2025,29-07-2025,Under Surveillance,"vomiting were reported from Village Sarigam (CT), Sub-District Umbergaon, District Valsad. District RRT investigated the outbreak. House to house survey was done. Cases treated at a health camp established in the affected area and at CHC Bhilad. Chlorination of water sources was done. 2 stool samples collected and sent to GMERS Valsad tested positive for cholera by culture. 2 water samples collected showed presence of Klebsiella colonies in significant numbers. ORS packets and Zinc tablets were distributed to cases. Community awareness and health education given by the peripheral team on safe drinking water, hygiene and sanitation."
Jharkhand,Saraikela Kharsawan,Acute Diarrhoeal Disease,12,0,31-07-2025,02-08-2025,Under Surveillance,"Bankati, Sub-District Ichagarh, District Saraikela Kharsawan. Cases presented with vomiting and loose stool. District RRT investigated the outbreak. Cases were in the age group 3 - 70 years. Symptomatic treatment was given to cases. Chlorine tablets distributed to households. Community awareness and health education given by peripheral team on safe water and food habits, hygiene and sanitation."
Jammu and Kashmir,Anantnag,Hepatitis A,8,0,31-07-2025,02-08-2025,Under Control,"Sheikhpora, Block Sallar, District Anantnag. Cases presented with fever, fatigue and yellow discoloration of eyes. District RRT investigated the outbreak. The affected age group was 10-13 years. 8 blood samples were collected and sent to DPHL Anantnag for serology of HAV and HEV, all were found positive for Hepatitis A. 2 water samples were collected and sent to DPHL Anantnag for analysis, all were found unsatisfactory. Community awareness and health education given by peripheral team on safe water and food habits, hygiene and sanitation"
Jammu and Kashmir,Ganderbal,Hepatitis A,31,0,31-07-2025,31-07-2025,Under Control,"Gotli Bagh, Sub-District Ganderbal, District Ganderbal. Cases presented with fever, fatigue and yellow discoloration of eyes. District RRT investigated the outbreak. Total population of the village was 1000. Cases consumed water from a common source. Cases were in the age group 6-35 years. 26 blood and 3 water samples were collected and sent to DPHL Ganderbal. 2 blood samples tested positive for Hepatitis A. All 3 water samples were non-potable. Cases were treated at a health camp established in the locality. 1 case was treated at DH Ganderbal. Chlorine tablets were distributed to the households. Chlorination of the water source was done by PHED. Community awareness and health education given by peripheral team on safe drinking water, hygiene and sanitation Cases were reported from Village"
Kerala,Kottayam,Mumps,26,0,02-08-2025,02-08-2025,Under Surveillance,"LPB School located in ward 14, Village Kidangoor Block Koodalloor, Sub-District Meenachil, District Kottayam. Cases presented with fever, parotitis, difficulty in swallowing and fatigue. District RRT investigated the outbreak. Most of the cases were below 9 years of age. Cases were treated symptomatically. 1 serum sample was tested and found positive for Mumps IgM by ELISA at NIV, Alappuzha. Community awareness and health education given regarding isolation of cases, hygiene maintenance and proper nutrition. Cases were reported from Village"
Kerala,Kottayam,Mumps,36,0,30-07-2025,30-07-2025,Under Surveillance,"Manjoor & Kothanalloor, Sub- District Vaikom, District Kottayam. Cases presented with fever, parotitis, difficulty in swallowing and fatigue. District RRT investigated the outbreak. Cases were in the age group 6-13 years. All cases were diagnosed clinically. 3 serum samples were sent to NIV, Alappuzha. 1 sample tested positive for Mumps IgM by ELISA. Symptomatic treatment given to cases. Community awareness and health education given regarding isolation of cases, hygiene maintenance and proper nutrition."
Kerala,Kottayam,Fever of unknown origin,119,0,25-07-2025,28-07-2025,Under Surveillance,"Madappally, Sub-District Changanassery, District Kottayam. Cases presented with fever, cough and body pain. District RRT investigated the outbreak. Cases were students of Good Shepherd public school located in ward 17 of Madappally panchayath. Symptomatic treatment was given to cases. 4 cases were treated at FHC Madappally. Cases were in the age group 5-18 years. 3 nasopharyngeal swabs were sent to NIV ALP and all were negative for respiratory Viral panel. Community awareness and health education given by the peripheral team on respiratory etiquette, hygiene and sanitation."
Kerala,Malappuram,Food Poisoning,38,0,28-07-2025,31-07-2025,Under Control,"and abdominal pain were reported from Village Porur, Sub-District Nilambur, District Malappuram. District RRT investigated the outbreak. Cases consumed food in a wedding reception held at Sharafiya Auditorium in Wandoor Panchayat on 13-7-25. Cases were treated at PHC Porur. Community awareness and health education given by the peripheral team on safe food habits, hygiene and sanitation. Cases were reported from Village"
Kerala,Palakkad,Hepatitis A,15,0,29-07-2025,30-07-2025,Under Surveillance,"Vilayur, Sub-District Pattambi, District Palakkad. Cases presented with symptoms of anorexia, abdominal pain and fever. District RRT investigated the outbreak. Cases were treated at PHC Vilayur. Cases were in the age group 20-30 years. 3 water samples were collected and tested. They were found to contain total and fecal coliform bacteria. 6 serum samples collected and sent to IPHL, tested positive for Hepatitis A (IgM ELISA). Chlorine tablets were distributed to households. Community awareness and health education given by peripheral team on safe drinking water, hygiene and sanitation"
Kerala,Palakkad,Chickenpox,10,0,26-07-2025,28-07-2025,Under Surveillance,"reported from Village Parudur, Sub-District Pattambi, District Palakkad. District RRT investigated the outbreak. Cases were students of a Madrassa. Symptomatic treatment was given to cases. Cases were in the age group of 6-10 years. Community awareness and health education given by the peripheral team on isolation of cases, hygiene maintenance and proper nutrition. Cases were reported from Village"
Kerala,Pathanamthit ta,Mumps,33,0,01-08-2025,01-08-2025,Under Surveillance,"Kadampanadu, Pallickal & Poruvazhy, Sub-District Adoor, District Pathanamthitta. Cases presented with fever, parotitis, difficulty in swallowing and fatigue. District RRT investigated the outbreak. Cases were students of Vivekananda English Medium School, located in Kadampanadu Panchayat, ward 4. Cases were reported on 31.07.2025. Cases were in the age group 4-6 years. All cases were diagnosed clinically. Symptomatic treatment was given to cases. Only 2 cases were vaccinated for mumps. On 01-08-2025 a decision was taken to close the school for one week to prevent further spread of the disease. Community awareness and health education given regarding isolation of cases, hygiene maintenance and proper nutrition."
Karnataka,Bagalkot,Measles,27,0,29-06-2025,Under Surveillance,"Siddha Colony of Mudhol City of the UPHC Mudhol, Cases present with symptoms of fever with rash. District Cases were among children under the age group of 12 years. 5 serum samples and 2 throat swabs were sent to NIV Bangalore for virus isolation. 3 serum samples tested positive for Measles (IgM ELISA). immunized, 6 were not immunized for measles and immunization Vitamin A supplementation was administered to all 27 between 9 months to 10 years were vaccinated against measles on 02/08/2025. IEC activities on measles prevention were conducted. Cases of loose motion, vomiting and abdominal","in Mudhol Taluk, District Bagalkot. RRT investigated the outbreak. Among the children, 11 were status was unknown in 10. affected children. 158 children aged"
Karnataka,Vijayapura,Chikungunya,28,0,31-07-2025,31-07-2025,Under Surveillance,"Balaganur, Sindagi Taluk, District Vijayapura. Cases presented with fever, body ache and joint pain. District RRT investigated the outbreak. The affected age group was 1 month - 70 years. 6 serum samples were tested for Chikungunya IgM at DPHL Vijayapura. 5 tested positive for Chikungunya IgM. Fogging and source reduction activities were conducted. IEC sessions were held emphasizing vector control measures. · Discussion with PDO was done regarding solid waste management, regular cleaning of drainage, and repair of water leakages and instructions to ensure safe drinking water supply to avoid storage for long periods."
Maharashtr a,Amravati,Dengue & Chikungunya,20,0,28-07-2025,28-07-2025,Under Surveillance,"joint pain were reported from Panchashil Ashram shala, Village Karanja Bahiram, Sub-District Chandurbazar, District Amravati. District RRT investigated the outbreak. Cases were treated at a health camp organized in the locality and at CHC Chandur Bazaar. Out of 20 serum samples collected and sent to DH Amravati, 7 samples tested positive for Dengue and 3 for Chikungunya (IgM ELISA). Preventive and control measures were undertaken in the locality. Vector control measures were undertaken in the locality. IEC activities and community awareness was done by the peripheral team on personal protection and cleaning of stagnant water once a week."
Maharashtr a,Raigad,Fever,20,0,28-07-2025,31-07-2025,Under Surveillance,"were reported from Village Dhutum, Sub-District Uran, District Raigad. District RRT investigated the outbreak. House to house fever survey was done in the locality. Cases were treated at PHC Koproli. Out of 6 blood samples collected, 1 sample tested positive for Dengue (NS1 Ag ELISA). Cases were in the age group 13-57 years. Community awareness and health education given by peripheral team on vector control measures, hygiene and sanitation. Cases of fever with rash, cough,"
Manipur,Senapati,Measles,35,0,30-07-2025,30-07-2025,Under Surveillance,"sore/red eyes and tiredness were reported from Villages Willong Khunou, Makhrelui, Tusii Ngaonii Khumaand Emesiiphro, PHCs Maram and Bendramei, Sub- District Tadubi, District Senapati. District RRT investigated the outbreak. 35 samples (blood & throat swab) were collected and sent to Guwahati Medical College, for MR IgM antibody test. 13 cases were Measles IgM positive, and all cases were negative for Rubella. Cases were in the age group 1-8 years. 10 cases were unvaccinated for Measles. District DIO team conducted vaccination. Community awareness and health education given by the peripheral team on isolation of cases, hygiene maintenance and proper nutrition."
Madhya Pradesh,Ashoknagar,Measles,28,0,30-07-2025,31-07-2025,Under Surveillance,"reported from Village Denga Mohchar, Sub-District Isagarh, District Ashoknagar. District RRT investigated the outbreak. Active search for fever cases was done in the village. Cases were treated at CHC Isagarh. Cases were in the age group 1-29 years. Vitamin A solution was given to cases. 6 serum samples collected and sent to Government. Medical College Vidisha, tested positive for Measles (IgM ELISA). Community awareness and health education given by the peripheral team on isolation of cases, hygiene maintenance and proper nutrition."
Madhya Pradesh,Bhopal,Cholera,14,0,31-07-2025,31-07-2025,Under Surveillance,"colony, Karond area, Bhopal city, District Bhopal. District RRT investigated the outbreak. House to house survey was done by the ASHAs and ANM in the affected area. Cases were treated at CHC Vishwakarma Nagar Karond. Cases were in the age group 1-60 years. Out of 10 stool samples collected and sent to Jay Prakash Hospital Bhopal, 1 sample tested positive for cholera by culture. Out of 4 water samples collected by PHED, 3 samples were unfit for household consumption. Chlorination of water sources was done by PHED and Muncipal Corporation department Community awareness and health education given by the peripheral team on safe drinking water, hygiene and sanitation."
Madhya Pradesh,Guna,Chikungunya,13,0,01-08-2025,01-08-2025,Under Surveillance,"reported from Village Khutiyawad, CHC Myana, Block Bhadora, District Guna. District RRT investigated the outbreak. Active search for fever cases was done in the affected area. Cases were treated at CHC Myana. Cases were in the age group 25-80 years. Out of 3 serum samples collected, 2 samples tested positive for Chikungunya (IgM ELISA). People were advised to wear long sleeves and pants, use screens on windows and doors and reduce mosquito breeding sites by removing stagnant water from containers like flower pots, tires and clogged gutter. Cases were reported from"
Madhya Pradesh,Katni,Acute Diarrhoeal Disease,19,0,01-08-2025,02-08-2025,Under Surveillance,"Village/PHC Deorihatai, Sub- District Murwara, District Katni. Cases presented with loose motion and vomiting. District RRT investigated the outbreak. Water pipe line leakages near sewage was the possible cause of the outbreak. Cases were treated at a medical camp established in the locality. ORS packets and Zinc tablets were given to cases. Cases were in the age group 2-69 years. Alternate water supply was arranged. Pipeline leakages were repaired by the municipal corporation team. Community awareness and health education given by peripheral team on safe drinking water, hygiene and sanitation"
Madhya Pradesh,Neemuch,Acute Diarrhoeal Disease,48,0,31-07-2025,31-07-2025,Under Control,"abdominal pain were reported from Village Pipalikheda Singoli, Sub- District Jawad, District Neemuch. District RRT investigated. It was observed that sewage water mixed with supply water through pipeline leakages. Cases were treated at CHC Singoli. Cases were in age group 2-70 years. Chlorine tablets were distributed to households. ORS packets and Zinc tablets were given to cases. Pipeline leakages were repaired. Community awareness and health education given by peripheral team on safe drinking water, hygiene and sanitation Cases were reported from Village"
Madhya Pradesh,Panna,Malaria,21,0,24-07-2025,29-07-2025,Under Surveillance,"Kaimuria, Sub-District Pawai, District Panna. Cases presented with fever with chills. District RRT investigated the outbreak. Active search for fever cases was done. Cases were treated at CHC Pawai. Cases were in the age group 2-75 years. Out of 21 blood samples collected, 18 samples tested positive for P. falciparum by RDT. Community awareness and health education given by the peripheral team on vector control measures, hygiene and sanitation."
Madhya Pradesh,Shahdol,Acute Diarrhoeal Disease,10,0,30-07-2025,31-07-2025,Under Surveillance,"Kolmi, Sub-District Budar, District Shahdol. Cases are presented with loose motion and vomiting. District RRT investigated the outbreak. Cases were treated at CHC Jhikbijuri. Cases were in age group 9-40 years. 2 stool samples collected tested negative for cholera by culture. Chlorine tablets were distributed to households. Community awareness and health education given by peripheral team on safe drinking water, hygiene and sanitation Cases of fever with myalgia and"
Odisha,Bargarh,Measles Hepatitis A,41,0,30-07-2025,31-07-2025,Under Surveillance,"reported from Village Laxman Nagar, Sub-District Attabira, District Bargarh. District RRT investigated the outbreak. House to house survey for fever cases was done. Cases were treated symptomatically. Cases were in the age group 11 months-17 years. All 5 serum samples collected and sent to ICMR-RMRC Bhubaneswar., tested positive for Measles (IgM ELISA). Vitamin A solution was given to cases. Community awareness and health education given by the peripheral team on isolation of cases, hygiene maintenance and proper nutrition. Cases were reported from Village"
Odisha,Cuttack,& E,10,0,02-08-2025,02-08-2025,Under Surveillance,"Sainso, Sub-District Barang, District Cuttack. Cases presented loss of appetite, vomiting and abdominal pain. District RRT investigated the outbreak. Cases were treated at CHC Mahidharpada. Cases were in the age group 4-75 years. Out of 55 serum samples collected, 9 samples tested positive for Hepatitis A and 1 sample tested positive for Hepatitis E (IgM ELISA). Chlorine tablets distributed to households. Community awareness and health education given by the peripheral team on safe drinking water, hygiene and sanitation."
Odisha,Cuttack,Hepatitis A,14,0,02-08-2025,02-08-2025,Under Surveillance,"Gobindapur, Sub-District Badamba, District Cuttack. Cases presented loss of appetite, vomiting and abdominal pain. District RRT investigated the outbreak. Cases were treated at CHC Maniabandha. Cases were in the age group 4-65 years. Out of 32 blood samples collected, 14 samples tested positive for Hepatitis A (IgM ELISA). Chlorine tablets distributed to households. Community awareness and health education given by the peripheral team on safe drinking water, hygiene and sanitation. Cases of loose motion and"
Odisha,Deogarh,Acute Diarrhoeal Disease,12,0,02-08-2025,03-08-2025,Under Surveillance,"vomiting were reported from Village Pejagala, Sub-District Reamal, District Deogarh. District RRT investigated the outbreak. People consumed water from tubewell dug well in the locality. Cases were treated symptomatically. Chlorination of well was done. ORS packets and ZINC tablets were given to cases. Cases were in the age group 5-70 years. 1 stool sample collected and sent to DPHL Deogarh tested negative for cholera by culture. Health education given by the peripheral team on safe drinking water, hygiene and sanitation."
Odisha,Deogarh,Acute Diarrhoeal Disease,12,0,29-07-2025,29-07-2025,Under Surveillance,"Dehuripali, Sub-District Kundheigola, District Deogarh. Cases presented with loose water stools. District RRT investigated the outbreak. Cases were treated at SC Palasama. ORS packets and ZINC tablets were given to cases. Cases were in the age group 1-60 years. 4 water samples collected tested negative with H2S test. Health education given by the peripheral team on safe drinking water, hygiene and sanitation. Cases were reported from Village"
Odisha,Jagatsinghap ur,Hepatitis A,41,0,29-07-2025,29-07-2025,Under Surveillance,"Kamalpur, Sub-District Biridi, District Jagatsinghapur. Cases presented with loss of appetite, fever, bloating sensation. District RRT investigated the outbreak. Cases were treated symptomatically. Cases were in the age group 6-75 years. Out of 41 blood samples collected and sent to DPHL Jagatsinghapur, 10 samples tested positive for Hepatitis A (IgM ELISA). Chlorination of water sources was done. Community awareness and health education given by the peripheral team on safe drinking water, hygiene and sanitation."
Odisha,Koraput,Acute Diarrhoeal Disease,12,0,28-07-2025,29-07-2025,Under Control,"Cases of loose motion and vomiting were reported from Village Malda (Malisahi hamlet), Sub-District Boriguma, District Koraput. District RRT investigated the outbreak. Cases presented with symptoms of vomiting, nausea and loose motion. Cases were treated symptomatically. 6 cases were treated at DHH, Nabarngapur. The most affected age group was 15-44 years. Open defecation was a common practice in the affected village. The source of drinking water was a bore well and pipeline supply water. 1 rectal swab and 3 water samples were collected and tested at DPHL, Koraput. The water samples were H₂S negative with no residual chlorine detected on the OT test, while the rectal swab showed growth of E. coli. The suspected source of the outbreak was water. Community awareness and IEC activities like personal hygiene and sanitation, use of boiled water, hand washing done by the peripheral team."
Rajasthan,Baran,Acute Diarrhoeal Disease,87,0,28-07-2025,28-07-2025,Under Surveillance,"vomiting were reported from Village Phool Baroda, Sub-District Chhipabarod, District Baran. District RRT investigated the outbreak. Tubewell was the source of drinking water in the community. Cases were treated at a health camp established in the locality and at SDH Chhabra. Cases were in the age group 2-78 years. Super chlorination of tube wells was done by PHED. 3 stool samples collected and sent to MBS Hospital Lab Kota tested negative for cholera by culture. All 17 water samples collected by PHED Baran were non-potable. Community awareness and health education given by the peripheral team on safe drinking water, hygiene and sanitation."
Sikkim,Soreng,Typhoid,24,0,30-07-2025,30-07-2025,Under Surveillance,"Village/PHC Rinchenpong, District Soreng. Cases presented with fever, loss of appetite, nausea and abdominal pain. District RRT investigated the outbreak. Cases were treated at PHC Rinchenpong. Cases were in the age group 1-57 years. Out of 24 blood samples collected and tested at PHC Rinchenpong, 3 samples tested positive for Salmonella typhi (TyphiDot/Rapid Card test). Chlorination of water reservoirs was done by PHED. 3 water samples collected and tested at DPHL Gyalshing were grade 4 - unsatisfactory for drinking purpose by MPN method. Community awareness and health education given by the peripheral team on safe drinking water and food habits, hygiene and sanitation."
Tamil Nadu,Tiruchirappa lli,Food Poisoning,30,0,29-07-2025,30-07-2025,Under Control,"Kodiyalam & Uthamsevi, Sub- District Srirangam, District Tiruchirappalli. Health Facility Andanallur-PHC. District RRT investigated the outbreak. Cases were students of government middle school Kodiyalam who complained of abdominal pain and vomiting after consuming mid-day meal. The affected students were treated at PHC Andhanallur. Cases were in the age group 5-14 years. Community awareness and health education given by peripheral team on safe food habits, hygiene and sanitation Cases were reported from Village"
Uttar Pradesh,Mathura,Suspected Food Poisoning,18,0,25-07-2025,01-08-2025,Under Control,"Borpa Block Magorra, CHC Goverdhan, District Mathura. Cases presented with loose motion, nausea and vomiting after eating golgappas. District RRT investigated the outbreak. Cases were treated symptomatically. 6 cases were treated at CHC Goverdhan. Most of the cases were children below 10 years of age. Community awareness and health education given by peripheral team on safe food habits, hygiene and sanitation"
Uttar Pradesh,Sonbhadra,Acute Diarrhoeal Disease,13,0,31-07-2025,01-08-2025,Under Surveillance,"Khutaha, Sub-District Ghorawal, District Sonbhadra. Cases presented with symptoms of loose motion and vomiting. District RRT investigated the outbreak. Cases were treated symptomatically. Majority of the cases were in the age group 5-44 years. ORS packets and Zinc tablets distributed to cases. Chlorine tablets were distributed to households. Community awareness and health education given by peripheral team on use of boiled water for drinking water, hygiene and sanitation. Cases of fever with rash were"
West Bengal,Alipurduar,Scrub Typhus,15,0,31-07-2025,31-07-2025,Under Surveillance,"reported from Village Uttar Shibkata, Sub-District Alipurduar - II, District Alipurduar. District & Block RRT investigated the outbreak. Cases were treated symptomatically. Cases were students of a primary school in the age group 3-10 years. Out of 15 serum samples collected and sent to DH Alipurduar, 2 samples tested positive for Orientia tsutsugamushi (IgM ELISA). Community awareness and health education given by the peripheral team on vector control measures, hygiene and sanitation."
West Bengal,Murshidabad,Acute Diarrhoeal Disease,36,0,15-07-2025,Under Control,"pain were District Khargram, District Murshidabad. District RRT investigated the outbreak. Cases were treated at Khargram Rural Hospital. People consumed water from tube well in tablets Superchlorination of tubewell was done. Cases were in the age group 8 months-64 years. 2 stool samples collected and sent to RH Khargram tested negative awareness peripheral team on safe drinking water, hygiene and sanitation.","reported from Village Ayra, Sub- the locality. Chlorine were distributed to the households. for cholera by culture. Community and health education given by the"
West Bengal,Purulia,Acute Diarrhoeal Disease,26,0,02-08-2025,03-08-2025,Under Control,"reported from Village Patharkata (Raidih hamlet), Sub-District Manbazar - I, District Purulia. District & Block RRT investigated the outbreak. Cases were children below 5 years of age and were treated at RH Manbazar. 2 rectal swab samples were collected and sent to BSMCH, Bankura showed growth of normal commensals. 1 water sample collected by PHED was non-potable. Community awareness and health education given by the peripheral team on use of boiled water for drinking purpose, hygiene and sanitation. Cases were reported from Village"
West Bengal,Purulia,Acute Diarrhoeal Disease,29,0,02-08-2025,03-08-2025,Under Control,"Rakshyara, Sub-District Hura, District Purulia. Cases presented with loose watery stool. District RRT investigated the outbreak. Cases were in the age group 2-65 years. Cases were treated symptomatically. 11 cases treated at RH Hura. 2 rectal swab samples were collected and sent to BSMCH, Bankura showed growth of normal commensals. 1 water sample collected by PHED was potable. Community awareness and health education given by the peripheral team on use of boiled water for drinking purpose, hygiene and sanitation."
West Bengal th,"Purulia March, 2020. The States have been reporting the COVID-19 cases and deaths on a real-time basis and the same was being updated on the website of",Cholera,28 COVID-19 STATUS,0,15-07-2025,Under Surveillance,"Village Purulia. Cases were in the age group 4-75 years. 2 rectal swab samples collected and sent to BSMCH, Bankura showed growth of Vibrio cholerae by culture. 1 water sample collected by PHED from tubewell was contaminated. Water tanker was arranged by the BDO office. Disinfection of Tubewell was done. Community awareness and health education given by peripheral team on safe drinking water, hygiene and sanitation","Rapkata, Block Balarampur, District District RRT investigated the outbreak. were treated at BPHC Bansgarh. Cases"
Arunachal Pradesh,Namsai,Suspected Typhoid,,78,0 08-07-2025,,Under Surveillance,"Chownkham, Sub-District Chownkham EAC, District Namsai. Cases presented with symptoms of fever, headache, fatigue & stomach pain. District RRT investigated the outbreak. The affected age group was 6 to 78 years of age. 78 blood samples were collected and sent to District Hospital Namsai, of which 47 tested positive for S. Typhi by widal test. Community awareness and health education given by the peripheral team on hygiene maintenance, use of safe water, and sanitation."
Arunachal Pradesh,Namsai,Dengue,,98,0 31-07-2025,,Under Surveillance,"Cases were reported from Township Chownkham, Sub-District Chownkham EAC, District Namsai. Cases presented with symptoms of fever, body ache and myalgia. District RRT investigated the outbreak. House to house search for fever cases was done in the affected area. Cases were in the age group 10-70 years. 623 blood samples were collected and sent to District Hospital Namsai, of which 46 tested positive for Dengue NS1 and IgM by ELISA and 52 tested positive by Rapid NS1. Community awareness and health education given by the peripheral team on vector control measures, hygiene and sanitation."
Assam,Dhemaji,Chickenpox,11,0,04-08-2025,06-08-2025,Under Control,"Chahaki Chowk, Sub-District Sissibargaon, District Dhemaji. Cases presented with symptoms of fever and skin rash. District RRT investigated the outbreak. Cases were below 15 years of age. Cases were treated symptomatically. Out of 7 blood samples collected and sent to ICMR-RMRC Dibrugarh, 3 samples were positive for Varicella Zoster (IgM ELISA). Community awareness and health education given by the peripheral team on isolation of cases, hygiene maintenance and proper nutrition."
Assam,Dibrugarh,Acute Diarrhoeal Disease,13,1,07-08-2025,10-08-2025,Under Surveillance,"Balijan Chah Bagan, Sub-District Tengakhat, District Dibrugarh. Cases presented with symptoms of loose stool and vomiting. District RRT investigated the outbreak. Cases were of the age group 2-68 years. Two rectal swabs and two water samples were collected and tested at the SRL, Department of Microbiology, AMCH, Dibrugarh. Culture of one rectal swab showed growth of Shigella flexneri, while the other showed no significant enteric bacterial pathogen. Coliform counts in both water samples indicated Class 4 contamination, rendering them unsatisfactory for drinking. 1 death was reported on 06/08/2025 at AMCH Dibrugarh, in a 45-year-old female who was suffering from symptoms of diarrhoea and vomiting. Public health measures, including distribution of ORS and zinc tablets, were implemented. Community awareness and health education given by the peripheral team on hand hygiene, sanitation & safe drinking water practice."
Assam,Nagaon,Acute Diarrhoeal Disease,24,0,05-08-2025,06-08-2025,Under Control,"Cases were reported from Village Kachupit, Sub-District Nagaon, District Nagaon. Cases are presented with loose motion, fever, vomiting and headache. District RRT investigated the outbreak. The affected age group was 4-65 years. 3 rectal swabs were collected and tested at Microbiology department, Nagaon Medical College & Hospital (NMCH). 2 water samples from the drinking water sources of the affected families were collected and sent to DPHL, IDSP, Nagaon. All the rectal swab samples culture reports showed the growth of normal gut flora. Both the water samples were found to be of Class- IV quality and unsatisfactory for drinking in the MPN test. Outbreak may be attributed to poor quality drinking water and unhygienic living conditions of the affected cases in the area. Community awareness and health education given by the peripheral team on hygiene, sanitation & safe drinking water practice."
Assam,Tamulpur,Suspected Food Poisoning,,27,0 30-07-2025,,Under Surveillance,"Camp, Kumarikata, Sub-District Tamulpur, District Tamulpur. The cases presented with vomiting, fever, and loose motion. The District RRT investigated the outbreak. Cases were treated symptomatically. 8 stool samples collected showed growth of E.coli. In culture. 2 water samples collected for the MPN test were unsatisfactory. Community awareness and health education were provided by the peripheral team on hygiene, sanitation, and safe drinking water and food habits. Cases were reported from Village Behl"
Assam,Tinsukia,Shigellosis,57,0,08-08-2025,09-08-2025,Investigatio n closed,"Gyankush Residential School, Village No- 1 Balupara Gaon, Sub- District Tinsukia, District Tinsukia. Cases presented with symptoms of loose stool with blood. District RRT investigated the outbreak. The affected age group was 5-18 years. 3 water and 8 stool samples were collected and sent to DPHL Tinsukia for testing. Stool culture showed growth of Shigella species, while MPN results indicated the water samples were satisfactory for drinking. IEC activities on sanitation and hygiene were conducted, children were advised to drink boiled water, and immediate chlorination of all tubewells and drains was suggested. Cases were reported from Village"
Bihar,Begusarai,Acute Diarrhoeal Disease,8,2,01-08-2025,05-08-2025,Under Surveillance,"Chakamla, Sub-district Bhagwanpur, District Begusarai. Cases presented with loose motions and vomiting. District RRT investigated the outbreak. Cases were in the age group 2 - 65 years. Cases were treated at CHC Bhagwanpur. ORS packets and Zinc tablets were given to cases. Chlorination of water sources was done. A 2 year old girl child died on 28.07.25 and a 4 year old girl child died on 31.07.25 with severe dehydration. Community awareness and health education given by the peripheral team on safe water and food habits, hygiene and sanitation."
Chhattisga rh,Balod,Acute Diarrhoeal Disease,10,0,05-08-2025,06-08-2025,Under Control,"Cases of loose motion, vomiting and dehydration were reported from Village Mundera, Sub- District Gunderdehi, District Balod. District RRT investigated the outbreak. Cases were treated at a health camp organized in the locality. Cases were in the age group 2-57 years. 3 stool samples collected and tested at District Hospital Balod were negative for cholera by culture. 8 water samples collected by PHED were potable. ORS packets and Zinc tablets were given to cases. Chlorine tablets were distributed to the households. Community awareness and health education given by the peripheral team on safe water and food habits, use of boiled water for drinking purpose, hygiene and sanitation. Cases of loose motion were"
Chhattisga rh,Baloda Bazar,Acute Diarrhoeal Disease,26,0,05-08-2025,07-08-2025,Under Control,"reported from Village Sisdeori, Sub-District Palari, District Baloda Bazar. District RRT investigated the outbreak. Cases were in the age group 4-60 years. Cases were treated at health camp organized in the affected area. Chlorine tablets were distributed to households. Community awareness and health education given by the peripheral team on safe water and food habits, hygiene and sanitation."
Chhattisga rh,Gaurella Pendra Marwahi,Acute Diarrhoeal Disease,39,0,04-08-2025,05-08-2025,Under Control,"were reported from Village Salheghori, Sub-District Pendra Road Gorella, District Gaurella Pendra Marwahi. District RRT investigated the outbreak. Cases were in the age group 5-65 years. Symptomatic treatment was given to cases. 3 stool samples collected and sent to CIMS Bilaspur tested negative for cholera by culture. Chlorination of water sources was done. Community awareness and health education given by the peripheral team on safe water and food habits, hygiene and sanitation."
Chhattisga rh,Jashpur,Acute Diarrhoeal Disease,22,1,05-08-2025,07-08-2025,Under Control,"Cases were reported from Village Garighat, Sub-District Farsabahar, District Jashpur. Cases presented with loose motions, vomiting and abdominal pain. District RRT investigated the outbreak. Cases were in the age group 10-68 years. The probable cause of the outbreak was contaminated well water. Chlorination of well water was done. ORS packets and Zinc tablets were given to cases. 5 rectal swabs were collected and sent to Medical College, Ambikapur tested negative for cholera by culture. A 10 year old male died on 05/08/25 due to diarrhea. Chlorine tablets were distributed to households. Community awareness and health education given by the peripheral team on safe water and food habits, hygiene and sanitation."
Chhattisga rh,Manendragar h Chirimiri Bharatpur,Hepatitis A,64,0,01-08-2025,04-08-2025,Under Surveillance,"pain in abdomen were reported from Chhoti Bazaar (ward 19 to 23), CHC khadgawa, Sub-District Chirmiri, District Manendragarh Chirimiri Bharatpur. District RRT investigated the outbreak. Cases were treated at DH MCB. 4 blood samples collected and sent to AIIMS Raipur tested positive for Hepatitis A (IgM ELISA). Chlorination of water sources was done. Pipeline leakages were repaired. Community awareness and health education given by the peripheral team on safe drinking water, hygiene and sanitation. Cases were reported from Village"
Goa,South Goa,Cholera,36,0,07-08-2025,07-08-2025,Under Surveillance,"Velim, Sub-District Salcete, District South Goa. Cases presented with loose motion and vomiting. District RRT investigated the outbreak. Cases were crew members of a ship. Cases were treated at PHC Bali. 5 patients with severe dehydration were treated at Goa Medical College. Cases were in the age group 17-57 years. Out of 3 stool samples collected and sent to Goa Medical College, 1 sample tested positive for cholera by culture. Community awareness and health education given by peripheral team on safe drinking water, hygiene and sanitation"
Gujarat,Gir Somnath,Dengue,10,0,07-08-2025,08-08-2025,Under Surveillance,"Chitravad, Sub-District Talala, District Gir Somnath. Cases presented with symptoms of fever with fatigue and myalgia. District RRT investigated the outbreak. Cases were in the age group 35-70 years. Cases were treated at a PHC Borvav. Out of 10 serum samples collected and sent to Civil Hospital Veraval, 3 samples tested positive for Dengue (NS1 ELISA). Vector control measures were undertaken in the affected area. People were advised to wear full sleeve clothes and use mosquito nets."
Gujarat,Kheda,Hepatitis A & E,22,0,08-08-2025,08-08-2025,Under Surveillance,"pain, nausea and anorexia were reported from Umanagar society, Sub-District Kapadvanj, District Kheda. District RRT investigated the outbreak. Cases were in the age group 8-23 years. Possible cause of this outbreak was consumption of contaminated water. Cases were treated at UHC Kapadwanj. 4 cases were treated at Sahyog Hospital Kapadvanj. Out of 14 serum samples collected and sent to DPHL Nadiad, 2 samples tested positive for Hepatitis A and 1 sample for Hepatitis E (IgM ELISA). Out of 3 water samples collected and sent to BJMC Ahmedabad, 2 samples showed presence of E. coli. Chlorine tablets were distributed to households. Community awareness and health education given by the peripheral team on safe drinking water, hygiene and sanitation."
Himachal Pradesh,Mandi,Acute Diarrhoeal Disease,,35,0 21-07-2025,,Under Surveillance,"(111), Sub-District Balh, District Mandi. Cases presented with loose motions and vomiting. District RRT investigated the outbreak. Cases were treated symptomatically. Cases were in the age group 4-85 years. Out of 2 water samples collected and tested at SLBSG MCH Nerchowk, 1 sample was non-potable. 2 Stool samples collected showed growth of Klebsiella species. Chlorine tablets were distributed to households. Community awareness and health education was conducted regarding hand washing, use of boiled water for drinking purpose, ORS preparation, hygiene and sanitation."
Haryana,Panchkula,Chickenpox,16,0,08-08-2025,09-08-2025,Under Surveillance,"Cases of fever with rash were reported from Village Saketri, Chandi Mandir and Mani Majra(R), Basti Kishangarh, Basti Bhagwanpura(CT), Sub-District Panchkula, District Panchkula. District RRT investigated the outbreak. Cases were treated symptomatically. Cases were in the age group 5-7 years. Community awareness and health education given by the peripheral team on isolation of cases, hygiene maintenance and proper nutrition. Cases were reported from Village"
Haryana,Yamunanaga r,Acute Diarrhoeal Disease,28,0,10-08-2025,10-08-2025,Under Control,"Shadipur, Sub-District Jagadhri, District Yamunanagar. Cases presented with symptoms of loose watery stools and stomach pain. District RRT investigated the outbreak. Cases were treated symptomatically. Cases were in the age group 2-60 years. 5 stool samples were collected and tested at DPHL (IDSP) Yamunanagar for cholera culture, all of which were negative. Chlorine tablets were distributed to households. ORS packets and Zinc tablets were given to cases. Community awareness and health education given by peripheral team safe water and food habits, hygiene and sanitation"
Jharkhand,Giridih,Chickenpox,,6,0 06-07-2025,,Under Surveillance,"Cases were reported from Village Dewandih, Sub-District Gande, District Giridih. Cases presented with fever with rash. District RRT investigated the outbreak. Cases were in the age group 7-36 years. Cases were treated symptomatically. 6 blood samples collected and sent to RIMS, Ranchi, tested positive for Varicella Zoster (IgM ELISA). Community awareness and health education given by the peripheral team on hygiene and sanitation. Cases of fever with rash were reported from"
Jharkhand,Saraikela Kharsawan,Acute Diarrhoeal Disease,10,0,04-08-2025,06-08-2025,Under Surveillance,"were reported from Village Pilid-II, HSC Situ, Sub-District Ichagarh, District Saraikela Kharsawan. District RRT investigated the outbreak. Cases were treated at a health camp organized in the locality. Cases were in the age group 16-70 years. ORS packets and Zinc tablets were given to cases. Chlorine tablets were distributed to households. Community awareness and health education given by the peripheral team on safe drinking water, hygiene and sanitation."
Jammu and Kashmir,Kupwara,Chickenpox,45,0,05-08-2025,05-08-2025,Under Surveillance,"Cases were reported from Govt. Middle School, Village Bata Gund, Sub-District Langate, District Kupwara. Cases presented with fever and rash. District RRT investigated the outbreak. Cases were in the age group 13-14 years. House to house search for fever cases was done by the health team. Symptomatic treatment was given to cases. Out of 13 blood samples collected and sent to DPHL Kupwara, 9 samples tested positive for Chickenpox (IgM ELISA). Health education community awareness activities were conducted on isolation of cases, hygiene maintenance and proper nutrition."
Jammu and Kashmir,Pulwama,Acute Diarrhoeal Disease,10,0,08-08-2025,09-08-2025,Under Control,"Dafer Pora, Lonepora, Sub-District Pulwama, District Pulwama. Cases presented with loose motions, vomiting and abdominal pain. District RRT investigated the outbreak. Cases were in the age group 23-65 years. 3 stool samples were collected and sent to DPHL Pulwama, where normal intestinal flora was isolated. 2 water samples were collected and tested at DPHL Pulwama, both of which were found unsatisfactory. Health education and community awareness activities were conducted on safe drinking water, hygiene and sanitation."
Jammu and Kashmir,Shopian,Hepatitis A,10,0,05-08-2025,06-08-2025,Under Surveillance,"and fever were reported from Village Kathahalan, Nagbal and Naka Gatipora, Sub-District Keller, District Shopian. District RRT investigated the outbreak. Cases were in the age group 6-16 years. Symptomatic treatment was provided to the cases. Out of 10 blood samples collected and tested at DPHL Shopian, 5 samples were positive for Hepatitis A (IgM ELISA). 3 water samples collected and tested at DPHL Shopian were unsatisfactory for drinking purpose. Chlorine tablets were distributed to the households. Community awareness and health education conducted by the peripheral team regarding consumption of boiled water, sanitation and hygiene maintenance. Cases of loose motion and vomiting"
Kerala,Ernakulam,Chickenpox,,13,0 09-07-2025,,Under Surveillance,"Village Edakkat tuvayal, Sub-District Kunnathunad, District Ernakulam. District RRT investigated the outbreak. Cases were students of Saint FM seminary public school in Thiruvannur Gramapanchayath. Cases were treated symptomatically. Cases were in the age group 9-12 years. Community awareness and health education given by the peripheral team on isolation of cases, hygiene maintenance and proper nutrition."
Kerala,Idukki,Chickenpox,17,0,01-08-2025,04-08-2025,Under Surveillance,"reported from GV HSS Kadukkacity School, Sub-District Udumbanchola, District Idukki. District RRT investigated the outbreak. Cases were treated at FHC Rajakumari. Cases were in the age group 15-17 years. Community awareness and health education given by the peripheral team on isolation of cases, hygiene maintenance and proper nutrition. Cases of loose motion and vomiting"
Kerala,Kozhikode,Hepatitis A,,42,0 28-07-2025,,Under Surveillance,"Thuneri (CT), Eramala (CT), Maniyur (CT), Vatakara & Ayancheri (CT), Sub-District Vatakara, District Kozhikode. Cases presented with loss of appetite, anorexia, pain in abdomen, vomiting. District RRT investigated the outbreak. Cases were staff of ASHA Hospital, Vadakara. 5 cases were treated at health facilities: Iqraa Hospital (1 case), MIMS Hospital (1 case), and ASHA Hospital (3 cases). Cases were in the age group 17-42 years. The probable source of infection was suspected to be contaminated water from ASHA hospital, as water sources appeared to be contaminated from sewage leak. 1 serum sample collected and tested at Iqraa Hospital Vatakara was positive for Hepatitis A (IgM Elisa). Chlorination of water sources was done and pipeline leakages were repaired. Community awareness and health education given by the peripheral team on safe drinking water, hygiene and sanitation. Cases of fever with rash were reported from"
Karnataka,Dharwad,Fever of unknown origin,68,0,06-08-2025,06-08-2025,Under Control,"Cases of fever were reported from Village B. Shigatti, Sub-District Kalghatgi, District Dharwad. Block RRT investigated the outbreak. Health staff visited the village and house to house search for fever cases was done. Cases were treated at PHC Galagi Hulakoppa and Taluk Hospital, Kalaghatagi. 26 blood smear samples collected at PHC Galagi Hulakoppa tested negative for malaria parasite. Out of 5 blood samples tested, 1 sample was positive for Dengue (NS1 antigen). Further, 5 blood samples were sent to DPHL Dharwad tested negative for Dengue and Chikungunya by IgM ELISA. Cases were in the age group 2-82 years. Anti-larval measures were carried out in the affected area. Health education on safe drinking water, environmental cleanliness, hand hygiene, and prevention of waterborne and vector-borne diseases was given to the community members. Fogging and drainage cleaning activities in coordination with the Gram Panchayat was carried out in the area."
Karnataka,Vijayapura,Acute Diarrhoeal Disease,42,0,06-08-2025,07-08-2025,Under Control,"were reported from Village Hanchinal, Sub-District Almel, District Vijayapura. District RRT investigated the outbreak. Cases were treated symptomatically at a medical camp established in the locality. A borewell near a drainage was suspected to be the source of infection due to possible underground water contamination. Cleaning and chlorination of the overhead tank was done. People were advised to stop the use of borewell water. Cases were in the age group 2-75 years. 4 water samples and 2 stool samples were collected. All samples were sent to DPHL Lab, Vijayapura. 1 water sample (Hanchinal OHT) was unfit for human consumption. 2 stool samples tested negative for cholera- like pathogens and showed only commensal organisms. Community awareness and health education given by the peripheral team on safe drinking water, hygiene and sanitation."
Maharasht ra,Bhandara,Fever of unknown origin,58,0,07-08-2025,07-08-2025,Under Surveillance,"ache and sore throat were reported from Sainik school, Village Kesalwada, Sub-District Lakhani, District Bhandara. District RRT investigated the outbreak. Cases were treated symptomatically at a health camp organized in the locality. Majority of the cases were in the age group 5-14 years. 14 serum samples collected tested negative for Dengue and Chikungunya. Community awareness and health education given by the peripheral team on vector control measures, respiratory etiquettes, hygiene and sanitation."
Maharasht ra,Chandrapur,Acute Diarrhoeal Disease,103,0,04-08-2025,05-08-2025,Under Surveillance,"pain, nausea and vomiting were reported from Village Halda, Sub- District Brahmapuri, District Chandrapur. District RRT investigated the outbreak. Cases were treated at a health camp organized in the locality. 10 cases treated at DH Chandrapur. The total population of the affected village was 3512. Cases were in the age group 2-80 years. 3 stool samples were collected and tested at DPHL Chandrapur. They tested negative for cholera by culture. 33 water samples were collected and tested at RH Bramhapuri, and all were potable. Water tanks were cleaned and pipeline leakages were repaired. Chlorination of wells was done. Community awareness and health education given by the peripheral team on safe drinking water, hygiene and sanitation."
Maharasht ra,Dharashiv,Malaria,21,0,07-08-2025,07-08-2025,Under Surveillance,"reported from Village Wakdikej, Sub-District Kalamb, District Dharashiv. Cases presented with fever. District RRT investigated the outbreak.Active search for fever cases was done in the affected area. Cases were treated at the health facility Itkur. Cases were in the age group 3-60 years. Out of 6 blood smears collected, 1 patient tested positive for Plasmodium vivax and had a travel history from Mumbai to village Wakdikej. Community awareness and health education given by the peripheral team on vector control measures, hygiene and sanitation. Cases were reported from Village"
Maharashtr a,Jalgaon,Measles,,20,0 14-07-2025,,Under Surveillance,"Village Deoli, Sub-District Chalisgaon, District Jalgaon. Cases were students of Ashram Shala Deoli Tal. District RRT investigated the outbreak. Cases were treated symptomatically.All 6 serum samples collected tested positive for Measles (IgM ELISA). Cases were in the age group 6-13 years. Community awareness and health education given by the peripheral team on isolation of cases, hygiene maintenance and proper nutrition."
Maharasht ra,Kolhapur,Hepatitis A,83,0,06-08-2025,06-08-2025,Under Surveillance,"Cases were reported from Village Keloshi Bk (Khamkarwadi area), Sub-District Radhanagari, District Kolhapur. Cases presented with loss of appetite, anorexia, abdominal pain and yellow coloured urine. District RRT investigated the outbreak. Cases were in the age group 4-79 years. The total population of the affected area was 996. The source of water was well water in the affected area where a stream flows beside the well and water from the stream is fetched into the well for accumulation and then without any proper purification method the water was directly supplied to the public through water supply pipeline. Chlorination of well was done. Pipeline leakages were repaired. Cases were treated at a health camp organized in the affected area and at CHC Dhamod. Out of 14 serum samples collected and sent to SSH lab, 5 samples tested positive for Hepatitis A (IgM ELISA). Out of 3 water samples collected and sent to Minilab Solankur, 2 were unfit for household consumption. Community awareness and health education given by the peripheral"
Madhya Pradesh,Katni,Acute Diarrhoeal Disease,11,0,10-08-2025,10-08-2025,Under Control,"were reported from Village Gudiya pura, Sub-District Bahoriband, District Katni. District RRT investigated the outbreak. Cases were treated at a health camp organized in the locality. Handpump was the source of water used for household consumption. Cases were in the age group 19-65 years. ORS packets and Zinc tablets were given to cases. Water samples were collected on three occasions. In the first round, 5 samples were sent to PHE, all found not consumable. In the second round, 6 samples were tested by PHE and found consumable. In the third round, 6 samples were again tested by PHE and found consumable. Chlorine tablets were distributed to households. Community awareness and health education given by the peripheral team on safe drinking water, hygiene and sanitation."
Madhya Pradesh,Rajgarh,Cholera,33,0,08-08-2025,10-08-2025,Under Surveillance,"Berad, Sub-District Biaora, District Rajgarh. Cases presented with loose motion and vomiting. District RRT investigated the outbreak. Cases were treated at PHC Napanera. Cases were in the age group 1-85 years. Out of 5 stool samples collected, 2 samples tested positive for V. cholerae (O1) by culture. Chlorine tablets were distributed to households. Community awareness and health education given by the peripheral team on safe drinking water, hygiene and sanitation. Cases of loose motion and vomiting"
Madhya Pradesh,Shahdol,Acute Diarrhoeal Disease,19,0,03-08-2025,04-08-2025,Under Control,"were reported from Village Bhainsaha, Sub-District Jaisinghnagar, District Shahdol. District RRT investigated the outbreak. Cases were treated at CHC Jaisinghnagar. Majority of the cases were in the age group 15-44 years. 3 stool samples collected tested negative for cholera by culture. Chlorine tablets were distributed to households. Community awareness and health education given by the peripheral team on safe drinking water,, hygiene and sanitation."
Madhya Pradesh,Shajapur,Acute Diarrhoeal Disease,12,0,06-08-2025,07-08-2025,Under Control,"Cases of loose motion, vomiting and abdominal pain were reported from Village Patlawada, Sub- District Shujalpur, District Shajapur. Block RRT investigated the outbreak. Cases were treated symptomatically. ORS packets were given to the cases. Cases were In age group 5-20 years. Community awareness and health education given by the peripheral team on safe drinking water,, hygiene and sanitation. Cases of fever were reported from"
Madhya Pradesh,Singrauli,Suspected Scrub Typhus,11,0,05-08-2025,05-08-2025,Under Surveillance,"Village Koyal Khunth, PHC Mada, Sub-District/District Singrauli. District RRT investigated the outbreak. House to house survey was done by the health team. Cases were treated symptomatically. Cases were in the age group 1-40 years. Out of 9 blood samples collected and sent to DH Lab, 1 sample tested positive for Orientia tsutsugamushi by RT-PCR. Community awareness and health education given by the peripheral team on vector control measures, hygiene and sanitation."
Odisha,Balangir,Food Poisoning,135,0,02-08-2025,04-08-2025,Under Control,"Tentulik hunti, Sub-District Titlagarh, District Balangir. Cases presented with abdominal pain, vomiting, nausea, headache and dizziness. District RRT investigated the outbreak. Cases consumed rice in midday meal. A lizard was found in the cooked rice. All cases were below 15 years of age. Cases were treated symptomatically at CHC Muribahal. Community awareness and health education given by peripheral team on safe food habits, hygiene and sanitation Cases of loose motion, vomiting &"
Odisha,Cuttack,Suspected Food Poisoning,14,0,04-08-2025,04-08-2025,Under Control,"pain in abdomen were reported from Village Chauliaganjathatari Sahiward No-42, Sub-District Cuttack (M.Corp.) P.S, District Cuttack. District RRT investigated the outbreak. Cases were students of Kanyashram who consumed food prepared in the ashram kitchen. Cases were treated symptomatically. Cases were in the age group 9-15 years. Community awareness and health education given by the peripheral team on safe food habits, hygiene and sanitation."
Odisha,Ganjam,Suspected Typhoid,20,0,05-08-2025,07-08-2025,Under Surveillance,"and abdominal pain were reported from Village Ramapalli, Sub- District Chhatrapur, District Ganjam. District RRT investigated the outbreak. Cases were treated symptomatically. 2 cases were treated at MKCG MCH. Cases were in the age group 4-31 years. Out of 9 blood samples collected and sent to DPHL Ganjam, 3 samples tested positive for S. Typhi by widal. The source of infection was due to contaminated supply water. Chlorination of the water source was done. Community awareness and health education given by the peripheral team on vector control measures, hygiene and sanitation. Cases of loss of appetite, pain in"
Odisha,Khordha,Hepatitis A,10,0,07-08-2025,07-08-2025,Under Surveillance,"abdomen and yellow coloured urine were reported from Ward no. 56, Mainshi khala basti, Kalpana UPHC, District Khordha. District RRT investigated the outbreak. Cases were treated symptomatically. Chlorine tablets were distributed to households. Cases were in the age group 4-30 years. 4 serum samples collected and sent to DPHL Khorda, tested positive for Hepatitis A (IgM ELISA). Community awareness and health education given by the peripheral team on safe drinking water, hygiene and sanitation."
Rajasthan,Jhalawar,Acute Diarrhoeal Disease,9,0,07-08-2025,08-08-2025,Under Surveillance,"were reported from Village Taraj, Sub-District Khanpur, District Jhalawar. District RRT investigated the outbreak. Cases were treated symptomatically. Cases were in the age group 11-65 .years. ORS packets and Zinc tablets were given to cases. Chlorine tablets were distributed to households. 1 stool sample collected, tested negative for cholera by culture. Community awareness and health education given by the peripheral team on safe drinking water, hygiene and sanitation. Cases of loss of appetite, pain in"
Tamil Nadu,Krishnagiri,Hepatitis A,20,0,06-08-2025,07-08-2025,Under Surveillance,"abdomen, anorexia and vomiting were reported from Village Andeva napalli, Sub-District Denkanikottai, District Krishnagiri. Block RRT investigated the outbreak. Active fever surveillance was done in the village. Cases were treated at PHC Kakkadasam. Cases were in the age group 5-18 years. Out of 20 blood samples collected and sent to DPHL Lab, Krishnagiri 3 samples tested positive for Hepatitis A (IgM ELISA). Chlorination of water sources was done. Community awareness and health education given by the peripheral team on safe drinking water, hygiene and sanitation."
Tamil Nadu,Thanjavur,Hepatitis A,38,0,07-08-2025,08-08-2025,Under Surveillance,"Kumbakonam (Pattanam), Perumandi (CT), Melakaveri, Darasuram & Swamimalai, UPHC Melacauvery, Sub-District Kumbakonam, District Thanjavur. District RRT investigated the outbreak. Cases were treated symptomatically. Cases were in the age group 3-70 years. Out of 29 blood samples collected and sent to DPHL Thanjavur, 12 samples tested positive for Hepatitis A (IgM ELISA). Alternate supply through water tankers was arranged in the locality. Chlorine tablets were distributed to households. Community awareness and health education given by the peripheral team on safe drinking water, hygiene and sanitation."
West Bengal,Birbhum,Acute Diarrhoeal Disease,35,0,09-08-2025,09-08-2025,Under Control,"Cases were reported from Adivasi Para, Village Sarbbanandapur, Sub- District Bolpur Sriniketan, District Birbhum. Cases presented with loose motion and vomiting. District RRT investigated the outbreak. The main source of water was a tube well that was used by the affected people. Cases were treated symptomatically. 10 cases were treated at SDH Bolpur. Cases were in the age group 8-71 years. 2 rectal swab samples collected and sent to Suri District Hospital, and tested negative for cholera by culture. Out of 5 water samples collected by PHED, 1 sample was non-potable. Packaged drinking water and mobile water van was arranged in the locality. Community awareness and health education given by the peripheral team on safe drinking water, hygiene and sanitation."
Andhra Pradesh,Anantapur,Acute Diarrhoeal Disease,8,0,04-08-2025,Under Surveillance,"Peddamatlagondi, District motions. District RRT investigated the outbreak. The affected age group was coliform was detected in 1 water sample collected and sent to RWS. The cases had attended a local festival. packets and Zinc tablets were given to Community awareness and health education given by the peripheral habits, hygiene and sanitation.","Sub-District Singanamala, Anantapur. Cases presented with loose 15-60 years. No Medical Camp was conducted. ORS cases. team on safe water and food"
Arunachal Pradesh,Lohit,Dengue,61,0,23-07-2025,Under Surveillance,"District presented with RRT investigated the outbreak. The affected age group was 14-70 years. Cases were treated at CHC Wakro and Zonal General Hospital Tezu. 416 serum samples were collected and sent to DPHL positive Community awareness and health education given by the measures, hygiene and sanitation. Cases","Wakro EAC, District Lohit. Cases fever and body aches. District Tezu where 61 samples were found for Dengue, tested by IgM ELISA. peripheral team on vector control of fever with rash were reported from"
Arunachal Pradesh,Longding,Measles,19,0,16-07-2025,Under Surveillance,"Village District outbreak. fever with rash. Active search for fever cases was done in the affected area. Cases were treated symptomatically. collected and sent to GMC Guwahati Assam, 5 samples tested positive for Measles (IgM ELISA). Vitamin A supplementation was provided. Cases were in the age group 6-15 years. All the cases were awareness peripheral preventable diseases, hygiene maintenance and proper nutrition.","Zedua, Sub-District Longding HQ, Longding. District RRT investigated the Cases presented with symptoms of Out of 15 blood samples unvaccinated for Measles.. Community and health education given by the team on isolation of cases, vaccine-"
Andhra Pradesh,Sri Sathya Sai,Acute Diarrhoeal Disease,13,0,08-07-2025,Under Control,"Sub-District Sathya Sai. and outbreak. The affected age group was 5-60 years. The cases had attended Symptomatic treatment was given to cases. packets and Zinc tablets were given to cases. Health education given by the peripheral team on safe sanitation. Cases were reported from Wakro township, Sub-","Obuladevaracheruvu, District Sri Cases presented with loose motions vomiting. District RRT investigated the a community festival. ORS water and food habits, hygiene and"
Arunachal Pradesh,Longding,Measles,10,0,13-08-2025,13-08-2025,Under Surveillance,"reported from Niaunu Village, Sub-District Longding HQ, District Longding. District RRT investigated the outbreak. Cases were in the age group of 10 months to 10 years. All the cases were not vaccinated. Symptomatic treatment was given to cases. 10 blood samples were collected and sent to GMC Guwahati, Assam, where 5 were found positive for Measles, tested by IgM ELISA. The cases were given 2 doses of Vitamin A solution. Community awareness and health education given by the peripheral team on isolation of cases, hygiene maintenance and proper nutrition."
Assam,Barpeta,Suspected Food Poisoning,4,3,14-08-2025,16-08-2025,Under Surveillance,"Mandia Gaon, Sub-District Baghbor, District Barpeta. Cases presented with vomiting and loose watery stool. District RRT investigated the outbreak. The affected age group was 19-40 years. Three deaths were reported. A 40-year-old male died on 13.08.2025 with hypovolemic shock due to acute gastroenteritis, a 22-year-old male died on 14.08.2025 and a 37-year-old female died on 15.08.2025. 1 sample of uncooked pulse, two samples of uncooked rice, and water samples were collected. The uncooked masur dal and rice samples conformed to prescribed standards. However, the water sample was found unsafe— chemically (pH 6.2 against standard 6.5–8.5) and microbiologically (TNTC coliforms, E. coli detected). The kitchen area was observed to have inadequate hygiene, improper food storage, and lapses in cleanliness. Community awareness and health education given by the peripheral team on safe water and food habits, hygiene and sanitation."
Assam,Dibrugarh,Cholera,29,2,16-08-2025,17-08-2025,Under Surveillance,"Tingri T.E. Co-Darkhasta, Sub- District Tengakhat, District Dibrugarh. Cases presented with loose motion and vomiting. District RRT investigated the outbreak. The affected age group was 9 months-60 years. Cases were treated at a health camp organized in the locality. Two deaths were reported in a 52-year- old male with a history of diabetes and hypotension who developed diarrhoea and vomiting and died on 16.08.2025, and a 13-year-old female died on 17.08.2025. 1 rectal swab and 1 water sample was collected. The rectal swab tested positive for Vibrio cholerae O1 serotype Ogawa at SRL, Microbiology Department. The MPN test of the water sample indicated that it was non-potable. Chlorination of water sources was done. Community awareness and health education given by the peripheral team on safe drinking water and food habits, hygiene and sanitation."
Assam,Dibrugarh,Cholera,15,2,15-08-2025,16-08-2025,Under Surveillance,"Mereli Pathar, Sub-District Chabua, District Dibrugarh. Cases presented with loose stool and vomiting. District RRT investigated the outbreak. The affected age group was 11 months- 70 years. Two deaths were reported: a 12-year-old male died on 09-08-2025 due to loose stools with abdominal pain and vomiting, and a 70-year-old female died on 11-08-2025 due to diarrhoea and vomiting. 1 rectal swab and 2 water samples were collected and tested at the State Referral Laboratory (SRL), Microbiology Department, AMCH, Dibrugarh. The rectal swab was positive for Vibrio cholerae O1 serotype Ogawa. 2 water samples collected were non-potable for drinking. ORS and Zinc tablets were distributed. Community awareness and health education given by the peripheral team on safe drinking water, food habits, hygiene and sanitation."
Assam,Lakhimpur,Suspected Food Poisoning,72,0,17-08-2025,17-08-2025,Under Surveillance,"Cases were reported from Village Deobil Chamaguri, Sub-District Naobaicha, District Lakhimpur. Cases presented with fever, headache, abdominal pain and loose motion after consuming food in a shraddha ceremony. District RRT investigated the outbreak. Drinking water source was from a tube well without a proper platform. 4 rectal swab samples were collected and tested at the District Public Health Laboratory (IDSP), Telahi Model Hospital; no significant pathogenic growth was observed. 3 water samples were tested at the same laboratory, showing intermediate results for drinking purpose (MPN 9/100 ml in two samples and 6/100 ml in one sample), with all samples slightly positive for H₂S test. ORS packets were given to cases. Community awareness and health education given by the peripheral team on safe drinking water and food habits, hygiene and sanitation."
Assam,Sonitpur,Acute Diarrhoeal Disease,86,0,14-08-2025,14-08-2025,Under Control,"urban area, Sub-District Tezpur, District Sonitpur. Cases presented with multiple episodes of vomiting and loose motion. District RRT investigated the outbreak. The affected age group was 2-76 years. Two families from the affected locality travelled to Bhopal for Sawan Pooja and returned on 12- 08-2025. Symptoms began the next day (13-08-2025) in all family members, indicating a possible exposure during travel or shortly after return. Cases were treated at Kanaklata Civil Hospital and Tezpur Medical College. All 21 stool samples collected and sent to TMCH for culture, showed growth of normal gut flora. Water samples collected were found unsatisfactory for drinking purpose. Alternate drinking water supply was arranged by PHED. Chlorination of water sources was done. Community awareness and health education given by the peripheral team on safe drinking water and food habits, hygiene and sanitation."
Chhattisgarh,Mungeli,Food Poisoning,79,0,13-08-2025,14-08-2025,Under Control,"Chinu, Sub-District Mungeli, District Mungeli. Cases presented with loose motions after consuming food in a death ceremony. District RRT investigated the outbreak. The affected age group was 6-79 years. Cases were treated at a health camp established in the locality. 5 stool samples collected and sent to CIMS Bilaspur tested negative for cholera by culture. Community awareness and health education given by the peripheral team on safe drinking water and food habits, hygiene and sanitation. Cases of loose motion and"
Chhattisgarh,Raigarh,Dengue,9,0,05-07-2025,Under Surveillance,"District presented with fever and body ache. District RRT investigated the outbreak. Cases were treated at CHC Raigarh. The affected age group was 17-72 years. All 9 serum samples collected and sent to SRL Medical College Raigarh tested positive for Dengue awareness peripheral hygiene and sanitation. Cases of fever with rash,","Raigarh, District Raigarh. Cases are (NS1, IgM ELISA). Community and health education given by the team on vector control measures, cough and cold were"
Chhattisgarh,Rajnandgao n,Acute Diarrhoeal Disease,16,0,14-08-2025,14-08-2025,Under Surveillance,"vomiting were reported from Village Bairagi Bhedi, Sub- District Chhuriya, District Rajnandgaon. District RRT investigated the outbreak. Pipeline leakages were observed in the locality. Symptomatic treatment was given to cases. 7 cases were treated at CHC Chhuria & GMCH Rajnandgaon. 2 stool samples and 2 water samples were collected and sent to GMC RJN Lab. Stool samples tested negative for cholera by culture. Water samples were potable. Pipeline leakages were repaired by the gram panchayat. Chlorine tablets were distributed to households. Community awareness and health education given by the peripheral team on safe drinking water, hygiene and sanitation."
Gujarat,Ahmadabad,Crimean- Congo Haemorrhagi c Fever,1,1,14-08-2025,14-08-2025,Under Control,"Pisawada, Sub-District Dholka, District Ahmadabad. A 46-year- old male presented with disorientation and confusion and was admitted to SVP hospital Ahmedabad where he was found positive for CCHF. The patient died on 08-08-2025 due to illness. Blood sample collected and sent to NIV Pune, tested positive for Nairo virus. District RRT investigated the outbreak. Infection Prevention and Control measures were enhanced to prevent hospital staff and patients from HAI. Health, Animal husbandry and Rural development department teams conducted house to house survey in the affected area. Health education was given on by the peripheral team on hygiene and sanitation."
Haryana,Yamunanag ar,Hepatitis A,70,0,11-08-2025,11-08-2025,Under Control,"Cases of loose watery stools, headache and stomach pain were reported from Village Mukarabpur, Sub-District Chhachhrauli, District Yamunanagar. District RRT investigated the outbreak. The affected age group was 2-80 years. House to House survey conducted by Medical and paramedical teams. First aid post established in the affected area. All cases were treated symptomatically. All 9 stool samples collected and sent to DPHL (IDSP) Yamuna Nagar tested negative for cholera by culture. 4 blood samples collected tested positive for Hepatitis A (IgM ELISA). Out of 14 water samples collected and send to DPHL (IDSP) for bacteriological test. 9 samples were unfit for drinking purpose. Chlorination of water sources was done. Community awareness and health education given by the peripheral team on safe drinking water and food habits, hygiene and sanitation."
Jharkhand,Garhwa,Acute Diarrhoeal Disease,15,1,11-08-2025,11-08-2025,Under Control,"Cases were reported from Village Buka, Sub-District Bhawnathpur, District Garhwa. Cases presented with loose motions and vomiting. District RRT investigated the outbreak. The outbreak was likely due to contaminated drinking water following heavy rainfall and open defecation in the area. The affected age group was 11-80 years. Cases were treated at a health camp established in the affected area. Chlorine tablets were distributed to households. 1 death occurred in an 80-year-old female on 8-8-2025 due to severe dehydration and shock. A health camp was organized. Community awareness and health education given by the peripheral team on use of soap for hand washing before meal and after defecation and boiled water for drinking purpose."
Jharkhand,Latehar,Scrub Typhus,18,0,16-08-2025,16-08-2025,Under Surveillance,"Barwadih (CT), Amdiha, Mangra, Babhandih, Chamardiha, Pokhari Kalan, Betla, Khura, Mandal, Chhipadohar, Panwai, Lat, Herhe, Ledgain, Morwai Kalan, Ukamar, Bode, Chungru, Kechki and Chapri and Ker, Sub-District Barwadih, District Latehar. Cases presented with fever and bodyache. District RRT investigated the outbreak. The affected age group was 1-84 years. Out of 57 serum samples tested by IgM ELISA for Scrub Typhus at Gandhiji Private Hospital Barwadih, 18 samples were positive for Orientia tsutsugamushi. Community awareness and health education given by the peripheral team on vector control measures, hygiene and sanitation. Cases of loose motion and"
Jharkhand,Saraikela Kharsawan,Acute Diarrhoeal Disease,18,0,12-08-2025,13-08-2025,Under Surveillance,"vomiting were reported from Village Mahto Riding, Sub- District Kharsawan, District Saraikela Kharsawan. District RRT investigated the outbreak. Cases were treated at a health camp organized in the affected area. ORS packets and Zinc tablets were given to cases. Chlorine tablets were distributed to households. Community awareness and health education given by peripheral team on safe drinking water,, hygiene and sanitation"
Jammu and Kashmir,Baramulla,Jaundice,12,0,12-08-2025,12-08-2025,Under Surveillance,"Odura, (Hajam mohalla), CHC Fatehgarh, Sub-District/District Baramulla. Cases presented with loss of appetite, abdominal pain and yellow coloured urine. Block RRT along with District RRT investigated the outbreak. Cases were treated at a health camp organized in the locality. Cases were in age group 8-50 years. Out of 12 blood samples collected and sent to DPHL Baramulla, 3 samples tested positive for Hepatitis A (IgM ELISA). 3 water samples collected were potable. Chlorine tablets were distributed to the households. Community awareness and health education given by the peripheral team on safe drinking water, hygiene and sanitation. Cases of fever with bodyache and"
Jammu and Kashmir,Kathua,Dengue,23,0,12-08-2025,13-08-2025,Under Surveillance,"myalgia were reported from Ward 11, Kathua urban, Sub- District/District Kathua. District RRT investigated the outbreak. House to house fever survey was done. Cases were treated symptomatically. 61 blood samples collected and sent to IDSP DPHL Kathua, 23 samples tested positive for Dengue (NS1 ELISA). Source reduction activities were undertaken in the affected area. Community awareness and health education given by the peripheral team on vector control measures, hygiene and sanitation."
Jammu and Kashmir,Kathua,Chickenpox,11,0,11-08-2025,11-08-2025,Under Surveillance,"reported from Bal Ashram (Ward No. 17), Sub-District/District Kathua. District RRT investigated the outbreak. Active search for fever cases was done in the locality. Cases were treated symptomatically. Cases were in the age group 10-15 years. Community awareness and health education given by the peripheral team on isolation of cases, hygiene maintenance and proper nutrition. Cases of fever with rash were"
Jammu and Kashmir,Shopian,Chickenpox,11,0,13-08-2025,13-08-2025,Under Control,"reported from Village Molu Dange Rpora, Sub-District Barbugh, District Shopian. District RRT investigated the outbreak. Cases were treated symptomatically. Cases were in the age group 4-30 years. All 5 serum samples collected and sent to DPHL Shopian tested positive for Varicella zoster virus (IgM ELISA). Community awareness and health education given by the peripheral team on isolation of cases, hygiene maintenance and proper nutrition."
Kerala,Kannur,Hepatitis A,81,0,11-08-2025,12-08-2025,Under Surveillance,"and anorexia were reported from Village Keezhur, Chavassery & Manathana, ward 8 Iritty Municipality, Sub-District Iritty, District Kannur. Cases were primarily students, teachers, and staff of Iritty Higher Secondary School. District RRT investigated the outbreak. Cases were in the age group 12-49 years. Cases were treated at Taluk hospital Iritty. 2 blood samples collected tested positive for Hepatitis A (IgM ELISA) at MIMS Hospital and RPHL Kannur. 6 blood samples collected and sent to Taluk Hospital Iritty, tested positive for Hepatitis A (Rapid Card test). Water testing of the school's open well revealed heavy contamination with E. coli (97 CFU-100 ml) and coliforms (>300 CFU-100 ml). Following detection, the well was drained, water tanks cleaned, and super chlorination carried out. Field visits by the Taluk Hospital Iritty Public Health Team were conducted on multiple dates, along with a health awareness session for parents. Community awareness and health education given by the peripheral team on safe drinking water and food habits, hygiene and sanitation."
Kerala,Palakkad,Chickenpox,12,0,06-08-2025,Under Surveillance,Village District Palakkad. District RRT investigated the outbreak. Active the symptomatically. Cases were in the age group 18- 22 years. education isolation proper nutrition.,"Vadakkenchery, Sub-District Alathur, search for fever cases done in affected area. Cases were treated Community awareness and health given by the peripheral team on of cases, hygiene maintenance and"
Kerala,Pathanamth itta,Hepatitis A,22,0,13-08-2025,14-08-2025,Under Surveillance,"Cases were reported from ward 6, Kaviyoor GP, Sub-District Thiruvalla, District Pathanamthitta. Cases presented with symptoms of loss of appetite, pain abdomen and yellow coloured urine. District RRT investigated the outbreak. Majority of the cases were students of NSS High School, NSS LP School and Cherupushpam School. Cases were treated at FHC Kaviyoor. Cases were in the age group 5-33 years. 3 serum samples collected and sent to RPHL Kozhenchery tested positive for Hepatitis A (IgM ELISA). Coliform bacteria was detected in all 4 water samples collected from wells and tested at Kozencherry Laboratory. Chlorination of wells was done. Community awareness and health education given by the peripheral team on safe drinking water, hygiene and sanitation."
Karnataka,Chikkamagal uru,Fever,24,0,16-07-2025,Under Surveillance,"reported Sub-District District were students of Cases were treated at TH Koppa. the age group 6-18 years. collected negative for Measles Rubella (IgM ELISA). 13 serum Chikkamagalur tested negative for Dengue (NS1 ELISA). Source reduction activities were done. Community awareness and health education given by the measures, hygiene and sanitation. Cases","from Village Addada & Bomlapura, Koppa, District Chikkamagaluru. RRT investigated the outbreak. Cases Prabhodhini Gurukula school. Cases were in 5 serum samples and sent to HIMS Hassan, tested samples collected and sent to DPHL, peripheral team on vector control of fever with rash were reported from"
Karnataka,Kolar,Food Poisoning,46,0,13-08-2025,13-08-2025,Under Control,"Cases of loose motion, vomiting and abdominal pain were reported from Village Basavanatha, Sub- District/District Kolar. District RRT investigated the outbreak. Cases were students of Vidya Jyothi College who consumed food (Dosa, Chatne and Rice) in the hostel mess. Cases were treated at SNR District Hospital, Kolar. 1 stool sample tested at DPHL Kolar for Hanging - drop showed no darting type of motility. 1 water sample collected was non-potable. Community awareness and health education given by the peripheral team on safe food habits, hygiene and sanitation."
Karnataka,Mandya,Fever of unknown origin,46,0,13-08-2025,14-08-2025,Under Surveillance,"were reported from Village Kereme Galad Oddi & Besagarahalli, Sub-District Shrirangapattana, District Mandya. District RRT investigated the outbreak. Cases were students of Javahar Navodaya Vidyalaya Residential school. Cases were treated at a health camp organized in the school campus. Out of 3 blood samples collected and sent to Besagarahalli PHC, 1 sample tested positive for S. TyphI by widal. 3 RO Plant water samples collected and sent to DSL Lab Mandya were potable. Community awareness and health education given by the peripheral team on vector control measures, hygiene and sanitation."
Maharashtra,Bhandara,Acute Diarrhoeal Disease,64,0,11-08-2025,12-08-2025,Under Surveillance,"Bidsitepar, Sub-District Mohadi, District Bhandara. Cases presented with loose motion, abdominal pain, nausea and vomiting. District RRT investigated the outbreak. Cases were treated at a health camp organized in the locality. Cases were in the age group 2-66 years. ORS packets and Zinc tablets were given to cases. Chlorine tablets were distributed to households. Community awareness and health education given by the peripheral team on safe drinking water, hygiene and sanitation."
Maharashtra,Gadchiroli,Dengue,68,2,08-08-2025,11-08-2025,Under Surveillance,"reported from Village Yella, Sub- District Mulchera, District Gadchiroli. District RRT investigated the outbreak. House to house search for fever cases was done in the affected area. Cases were treated at a health camp organized in the locality and at PHC Lagam. Out of 227 blood samples collected and sent to Sentinel lab Gadchiroli, 68 samples tested positive for Dengue (NS1 ELISA). Cases were in the age group 3-60 years. 2 deaths occurred in a 40 year old male on 06-08-2025 at SDH Aheri and a 30 year old male died on 08-08-2025 at a private hospital. Vector control measures were undertaken. Community awareness was done on wearing full sleeve clothes and cleaning of water containers to prevent stagnant water. Cases of loose motion, vomiting"
Maharashtra,Nagpur,Acute Diarrhoeal Disease,40,0,12-08-2025,13-08-2025,Under Control,"vomiting with abdominal pain were reported from Police Headquarter Ashi Nagar, UPHC Pachpaoli, District Nagpur. District RRT investigated the outbreak. Cases were treated symptomatically. ORS packets were given to cases. Chlorination of water sources was done. Cases were in the age group 2-58 years. OT test conducted on 2 water samples from NMC water source was found to be potable (0.2 ppm) whereas for water tanks was found to be negative for residual chlorine. Community awareness and health education given by peripheral team on safe drinking water, hygiene and sanitation Cases of fever with joint pain were"
Maharashtra,Nanded,Chikungunya,10,0,04-08-2025,11-08-2025,Under Surveillance,"reported from Village- Elegaon, SC-Moghali, Sub-District Bhokar, District Nanded. District RRT investigated the outbreak. Cases were treated at PHC Moghali. All 6 serum samples collected and sent to GMC Nanded tested positive for Chikungunya (IgM ELISA). Cases were in the age group 1-54 years. Entomological survey was done in the affected area. Source reduction activities were undertaken. Community awareness and health education given by the peripheral team."
Manipur,Imphal West,Chickenpox,34,0,17-08-2025,17-08-2025,Under Surveillance,"reported from Village Mayan Gimphal, Sub-District Wangoi, District Imphal West. Cases were students of a residential school. District RRT investigated the outbreak. Active search for fever cases was done in the locality. Cases were treated symptomatically. Cases were in the age group 12-16 years. Community awareness and health education given by the peripheral team on isolation of cases, hygiene maintenance and proper nutrition. Cases of fever less than 7 days"
Manipur th,"Imphal West March, 2020. The States have been reporting the COVID-19 cases and deaths on a real-time basis and the same was being updated on the website of",Dengue,1251 COVID-19 STATUS,0,17-07-2025,Under Surveillance,"Meiband, Uripok, Lamphe Lpat, Singja Mei Maibam Leikai, Sub-District Lamphelpat, District Imphal orbital pain, body pain, myalgia and rash. District RRT and block team visited the affected area. Fever surveillance and source reduction activities were carried out in the affected localities. Cases were treated at health camps organized in the villages. Cases were in the age group 15-44 years. 396 serum samples collected and sent to VRDL- RIMS Dengue (NS1, IgM ELISA). 840 samples tested positive for Dengue by Rapid NS1 Ag and 15 samples tested positive by Rapid IgM. in the affected areas done every week, Larvicide Spray on alternate days, Aedes larvae survey by Malaria Health workers was carried out, ITBN, emptying and cleaning water containers, flower pots, vase done weekly. Health education and IEC activities done by the health workers.","& West. Cases presented with fever, retro- and VRDL-JNIMS tested positive for Fogging"
Madhya Pradesh,Dindori,Fever of unknown origin,12,0,12-08-2025,12-08-2025,Under Surveillance,"were reported from Village Bahera Mal, PHC Kisalpuri, District Dindori. District RRT investigated the outbreak. House to house fever survey was done in the affected area. Cases were treated at a health camp organized in the locality. Cases were in the age group 1-79 years. All 12 blood samples collected, tested negative for Malaria by RDT. Vector control measures were undertaken. Community awareness and health education given by the peripheral team on use of mosquito nets and cleaning of water in unused containers."
Madhya Pradesh,Mandla,Fever of unknown origin,22,0,16-08-2025,16-08-2025,Under Surveillance,"Cases of fever with joint pain and myalgia were reported from Village Pipariya (Singhpur), Sub- District Niwas, District Mandla. District RRT investigated the outbreak. Active search for fever cases was done by the health team. Cases were treated at DH Mandla. Cases were in the age group 11-15 years. All 16 blood samples collected and sent to DH Mandla, tested negative for malaria. Out of 6 serum samples collected and sent to National Institute of Research in Tribal Health (NIRTH), Jabalpur, 1 sample tested positive for Chikungunya (IgM ELISA). Entomological survey was done in the affected area. Source reduction activities were undertaken. Health education given and IEC activities done regarding early treatment of cases and personal protection. People were advised to clean water storage tanks at regular intervals."
Madhya Pradesh,Narsinghpu r,Acute Diarrhoeal Disease,26,0,11-08-2025,11-08-2025,Under Surveillance,"vomiting were reported from Village Jamuniya, Sub-District Gotegaon, District Narsinghpur. District RRT investigated the outbreak. Cases were treated at a health camp organized in the locality. ORS packets and Zinc tablets were given to cases. Cases were in the age group 6-75 years. Chlorination of water sources was done. 2 stool samples collected and sent to Medical College Jabalpur; result awaited. Community awareness and health education given by the peripheral team on use of boiled water for drinking purpose, personal hygiene and sanitation. Cases were reported from Village"
Odisha,Sambalpur,Fever of unknown origin,28,0,10-08-2025,11-08-2025,Under Surveillance,"were reported from Village Khulia, Sub-District Sasan, District Sambalpur. Block RRT investigated the outbreak. Cases were students residing in Khulia Ashram school hostel. 100 students were residing in the school hostel. Symptomatic treatment was given to cases. Cases were in the age group 5-14 years. All 28 blood samples collected tested negative for Malaria by RDT. Community awareness and health education given by the peripheral team on vector control measures, hygiene and sanitation."
Rajasthan,Baran,Dengue,53,0,13-08-2025,13-08-2025,Under Surveillance,"fatigue were reported from Village/CHC Koyla, Sub- District/District Baran. District & Block RRT investigated the outbreak. House to house fever survey was done in the affected area. Cases were treated at CHC Koyla. Cases were in the age group 8-66 years. 1 serum sample collected and sent to DPHL Baran tested positive for Dengue (IgM ELISA).2 blood samples collected were positive for Dengue (Rapid NS1). Community awareness and health education given by the peripheral team on vector control measures, hygiene and sanitation. Cases of loose motion, vomiting"
Uttar Pradesh,Pratapgarh,Acute Diarrhoeal Disease,36,0,09-08-2025,11-08-2025,Under Control,"and abdominal pain were reported from Village Katka Manapur, Sub- District Pratapgarh, District Pratapgarh. District and Block RRT investigated the outbreak. Cases were treated symptomatically and at CHC Sandwa Chandika. Cases were in the age group 2-80 years. ORS packets were given to cases. Chlorine tablets were distributed to households. Out of 3 water samples collected and sent to Regional Lab Swasthya Bhawan Lucknow, 2 samples were non- potable. Community awareness and health education given by the peripheral team on safe drinking water, hygiene and sanitation."
West Bengal DISEASE OUTBREAKS OF PREVIOUS WEEKS REPORTED LATE Name of State- UT,Purulia Name of District,Cholera Disease- Illness,25 No. of Cases,0 No. of Deaths,15-08-2025 Date of Start Outbreak,16-08-2025 Current Status,Under Surveillance Comments- Action Taken Cases,"Cases of loose watery stool and vomiting were reported from Village Phuphundi, Sub-District Hura, District Purulia. Block RRT investigated the outbreak. Cases were treated symptomatically. 4 cases were treated at RH Hura. Out of 2 rectal swab samples collected and sent to BSMCH Bankura, 1 sample tested positive for V. cholerae by culture. Chlorine tablets were distributed to households. Community awareness and health education given by peripheral team on safe drinking water, hygiene and sanitation were reported from Village"
Arunachal Pradesh,Papum Pare,Scrub Typhus,13,0,11-08-2025,Under Surveillance,"Cases were reported from Sub-District Naharlagun EAC, District Papumpare. Cases presented with symptoms of fever, headache and eschar. District RRT investigated the outbreak. The affected age group was 2-37 years. Cases were treated symptomatically. Out of 101 blood samples collected and sent to DPHL TRIHMS, Naharlagun, 13 tsutsugamushi (IgM ELISA). Community awareness and health education given by the peripheral team on vector control measures, hygiene and sanitation.","Naharlagun township, samples tested positive for Orientia"
Assam,Darrang,Suspected Food Poisoning,83,0,24-07-2025,Under Control,"Cases were reported from Village Gharoa Sonapur, Bachachuba and Khatikuchi, Sub District Sipajhar, District Darrang. Cases pain, vomiting, loose motion, and fever. District RRT investigated the outbreak. The affected age group was 2-70 years. It was observed that the outbreak occurred due to consumption of unhygienic food served at a birthday party. All cases were treated. 8 rectal swabs and 1 water sample was collected and sent to IPHL Darrang. Culture for rectal swab samples showed growth of normal gut flora. H₂S test on the water sample showed the water was education given by the peripheral team on drinking sanitation.","presented with abdominal potable. Community awareness and health safe water and food habits, hygiene and"
Assam,Dibrugarh,Acute Diarrhoeal Disease,52,0,19-08-2025,24-08-2025,Under Control,"Cases were reported from Village Borpather Kakoti Gaon, Sub District Dibrugarh West, District Dibrugarh. Cases presented with fever, abdominal pain, passage of greenish-blue stool and vomiting. District RRT investigated the outbreak. The affected age group was 3-70 years. Most of the affected persons had consumed a meal at a funeral ceremony. Cases were treated symptomatically. 3 rectal swabs and 3 water samples were collected and sent to the State Referral Laboratory, Microbiology Dept, AMCH, Dibrugarh. Culture showed growth of Shigella sonnei in 2 rectal swabs. 3 water samples were found potable (2 water samples showed Class 2 satisfactory for drinking purposes and 1 showed Class I excellent for drinking purposes). Public health measures included the distribution of ORS, zinc, and other essential medicines. Community awareness and health education given by the peripheral team on safe drinking water and food habits, hygiene and sanitation."
Assam,Hailakandi,Fever,263,0,22-08-2025,22-08-2025,Under Surveillance,"Cases of fever with painful swelling of joints were reported from Village Alaicherra Pt VI, Dariagh at Grant & Rongpur Pt III,"
Assam,Hojai,Suspected Food Poisoning,99,0,19-08-2025,20-08-2025,Under Control,"Cases were reported from Village Kharikhana Billgaon, Sub District Lanka, District Hojai. Cases presented with diarrhoea, vomiting and abdominal pain. District RRT investigated the outbreak. The affected age group was 3-70 years. The outbreak was reported following the consumption of prasad at a religious gathering. 6 stool samples were collected and sent for culture and sensitivity testing, while 4 water samples were collected for MPN testing. The samples were tested at DMCH Microbiology Laboratory. Culture of stool samples demonstrated growth of Escherichia coli. The MPN results of the water samples indicated that the water was unsatisfactory for drinking. IEC measures were implemented, and"
Assam,Kamrup,Acute Diarrhoeal Disease,40,0,20-08-2025,22-08-2025,Under Surveillance,"Cases were reported from Village Karaibari, Sub District Rangia Pt, District Kamrup. Cases presented with fever, loose watery stool without blood and some cases of vomiting. District RRT investigated the outbreak. The affected age group was 4-67 years. A health camp and daily house-to- house surveys were conducted. The outbreak was reported following a religious gathering. 7 rectal swabs for culture, and 4 water samples for MPN were collected and tested at DPHL, Kamrup. Laboratory results showed that rectal swabs revealed only normal gut flora, and among the water samples, 1 was satisfactory while 3 were unsatisfactory for drinking. Community awareness and health education given by the peripheral team on safe drinking water and food habits, hygiene and sanitation."
Assam,Nagaon,Chickenpox,9,0,21-08-2025,21-08-2025,Under Control,"Cases were reported from Central Jail, Nagaon, Sub District Nagaon, District Nagaon. Cases presented with fever, diffuse (generalized) maculopapulovesicular rash, cough and headache. District RRT investigated the outbreak. The affected age group was 18-48"
Bihar,Vaishali,Cholera,55,0,18-08-2025,18-08-2025,Under Surveillance,"Cases were reported from Village Bhagwanpur Kaiju, Sub-District Patepur, District Vaishali. Cases presented with loose motion. District RRT investigated the outbreak. The affected age group was 3-80 years. Out of 10 stool samples collected and sent to PMCH Patna, 2 samples tested positive for Vibrio cholerae by culture. Out of 5 water samples collected and sent to PHED Hajipur, 2 samples were non- potable. Chlorine tablets were distributed to households. Community awareness and health education given by the peripheral team on safe drinking water and food habits, hygiene and sanitation."
Gujarat,Jamnagar,Dengue,169,1,20-08-2025,20-08-2025,Under Surveillance,"Cases of fever with fatigue and myalgia were reported from Jamnagar City, UPHC Navagamand, District Jamnagar. District RRT investigated the outbreak. Cases treated at UPHC Navagamand and DH Jamnagar. Out of 169 serum samples collected and sent to MP Shah"
Jharkhand,Palamu,Food Poisoning,30,0,18-08-2025,19-08-2025,Under Surveillance,"Cases were reported from Kasturba Gandhi Balika Vidyalaya, Tarhasi, Sub-District Tarhasi, District Palamu. Cases presented with vomiting, uneasiness and stomach pain after eating mid-day meal. District RRT investigated the outbreak. Cases were treated symptomatically. ORS packets were given to cases. Community awareness and health education given by the peripheral team on safe food habits, hygiene and sanitation."
Jammu and Kashmir,Anantnag,Acute Diarrhoeal Disease,16,0,23-08-2025,24-08-2025,Under Control,"Cases were reported from Village Arthar, Block Larnoo, Sub-District Kokernag, District Anantnag. Cases presented with loose motions, vomiting and abdominal pain. District RRT investigated the outbreak. The affected age group was 10 to 75 years. 3 stool samples sent to DPHL Anantnag showed normal flora. 3 water samples tested at DPHL Anantnag for MPN count were found non-potable. The Jal Shakti Department was informed about water contamination. Chlorination of water sources was done. Community awareness and health education given by the peripheral team on safe drinking water and food habits, hygiene and sanitation."
Jammu and Kashmir,Bandipora,Acute Diarrhoeal Disease,55,0,23-08-2025,23-08-2025,Under Control,"Cases were reported from Chapran, Village Aragam, Sub- District Bandipora, District Bandipora. Cases presented with loose motions and vomiting."
Jammu and Kashmir,Baramulla,Hepatitis A,16,0,23-08-2025,23-08-2025,Under Control,"Cases were reported from Village Mohiyen, Block Tangmarg, District Baramulla. Cases presented with fever, fatigue and yellow discoloration of eyes. District RRT investigated the outbreak. The affected age group was 4-16 years. Out of 7 blood samples collected and sent to DPHL Baramulla, 5 samples tested positive for HAV (IgM ELISA). 5 water samples were collected and sent to DPHL Baramulla for MPN count, and all were found non- potable. Community awareness and health education given by the peripheral team on safe drinking water, hygiene and sanitation."
Jammu and Kashmir,Baramulla,Hepatitis A,24,0,18-08-2025,18-08-2025,Under Control,"Cases Were Reported From Village Bhujthala, Sub-District Boniyar, District Baramulla. Cases presented with fever, fatigue and"
Jammu and Kashmir,Kupwara,Suspected Typhoid,28,0,17-08-2025,18-08-2025,Under Control,"Cases were reported from Village Cheerkot, Sub-District Lalpora, District Kupwara. Cases presented with intermittent fever, headache, abdominal pain, loss of appetite and dehydration in a few individuals. District RRT investigated the outbreak. The affected age group was 6-64 years. 7 blood samples were collected and sent to DPHL Kupwara for Typhi Dot test, of which 5 tested positive for Salmonella typhi. 2 water samples were collected and tested at DPHL Kupwara for MPN count, of which 1 was found non- potable. Health education was imparted to the community"
Jammu and Kashmir,Shopian,Chickenpox,7,0,19-08-2025,20-08-2025,Under Surveillance,"Cases of fever with rash were reported from Village Chaki Sadiq Khan, Sub-District Hermain, District Shopian. Cases presented with fever and rash. District RRT investigated the outbreak. Cases were treated symptomatically. Cases were in the age group 5-11 years. 4 blood samples were collected and sent to DPHL Shopian for analysis, all of which tested positive for VZV (IgM ELISA). Community awareness and health education given by the peripheral team on isolation of cases, hygiene maintenance and proper nutrition."
Kerala,Ernakulam,Food Poisoning,26,0,21-08-2025,21-08-2025,Under Control,"Cases of loose stools, abdominal pain and vomiting were reported from Village Kumbalangy (CT), Sub-District Kochi, District Ernakulam. District RRT investigated the outbreak. Cases were treated symptomatically."
Kerala,Kannur,Dengue,30,0,15-08-2025,19-08-2025,Under Surveillance,"Cases were reported from Village Pattuvam, Cheruthazham (CT), Pariyaram (CT) & Ezhome (CT), Sub-District Taliparamba, District Kannur. Cases presented with fever and body ache. District RRT investigated the outbreak. Of the reported cases, 21 were employees of National Electronics, The remaining 9 cases were from adjacent commercial buildings— including Grand Thejus, a pet shop, Gokulam Finance, the Government Employees’ Society and a local barber shop in Kuttukan Complex—as well as from nearby residential households. The affected individuals were in the age group 18 - 55 years. The clustering of cases among employees and individuals in close proximity indicates localized transmission. Cases were treated at UPHC Koovode. Seven serum samples tested positive for NS1 ELISA at KNR RPHL. Anti-larval"
Kerala,Kottayam,Fever,70,0,20-08-2025,21-08-2025,Under Surveillance,"Cases of fever, headache, rhinitis and fatigue were reported from Villages Mannanchery (CT), Haripad (CT), Chennithala (CT) & Thiruvarpu, Sub-District Kottayam, District Kottayam. District RRT investigated the outbreak. Cases were treated at FHC Nattakom. Cases were students of Government Polytechnic College. The affected cases were in the age group 18 - 20 years. 3 samples were tested at NIV ALP, of which 1 was positive for H3N2. Community awareness and health education given by the peripheral team on prevention and control measures of the influenza virus, hygiene and sanitation."
Karnataka,Ballari,Dengue,31,0,18-08-2025,18-08-2025,Under Surveillance,"Cases were reported from Village Kududarahal, Sub-District Siruguppa, District Ballari. Cases presented with fever and body ache. District RRT investigated the outbreak. The affected age group was 20-45 years. 11 blood samples were collected. 7 blood samples were tested at BMC & RC, Ballari out of which 3 samples tested positive for Dengue IgM ELISA. 4 blood samples were tested at DPHL, Ballari out of which 1 sample tested positive for Dengue NS1 Antigen. Larval source reduction activities and fogging was done. Community awareness and health education given by peripheral team on vector control measures, hygiene and sanitation"
Karnataka,Bidar,Acute Diarrhoeal Disease,27,0,18-08-2025,19-08-2025,Under Control,"Cases were reported from Village Nelwad under Kamthana PHC, Sub-District Bidar, District Bidar. Cases presented with loose motion. District RRT investigated the outbreak. The most affected age group was 15-44 years. The source of the infection was contaminated drinking water. 7 water samples were collected and 5 were tested at PHC Kamathana and 2 were tested at DPHL, Bidar. 4 stool samples were tested at RL, BRIMS Bidar. 6 water samples were potable, and 1 was non-potable. All 4 stool samples tested negative for Vibrio cholerae. Raj Panchayat"
Karnataka,Haveri,Acute Diarrhoeal Disease,14,0,18-08-2025,18-08-2025,Under Control,"Cases were reported from Village Shadguppi, Sub-District Hangal, District Haveri. Cases presented with loose stools, vomiting, abdominal pain and giddiness. District RRT investigated the outbreak. The most affected age group was 15-44 years. All cases were treated at GH Hangal. 4 stool samples were tested at DPHL Haveri. All samples were negative for Vibrio cholerae (Hanging drop test) and negative for ova, cyst, and trophozoites. Stool culture on MacConkey agar, Blood agar, SS agar, XLD agar and TCBS agar showed no enteric pathogens. 4 blood samples were tested at DPHL Haveri. All 4 blood cultures remained sterile after 7 days of"
Karnataka,Mandya,Acute Diarrhoeal Disease,25,0,19-08-2025,19-08-2025,Under Control,"Cases were reported from Village Shankarapura, Sub-District Maddur, District Mandya. Cases presented with loose stools. District RRT investigated the outbreak. The most affected age group was 15-59 years. A community feast organized during a religious event along with inadequate sanitation, is suspected to be the source of infection. 3 stool samples tested at MMC Mysore for culture showed growth of no pathogenic organisms. 3 water samples tested at DSL Mandya for MPN count were non- potable. 10 water samples tested at"
Karnataka,Tumakuru,Fever of Unknown Origin,21,0,22-08-2025,22-08-2025,Under Surveillance,"Cases were reported from Maharshi Valmiki Hostel, Village Godekere Gate, Sub-District Chiknayakanhalli, District Tumakuru. Cases presented with symptoms of fever with mild body pain and headache. District RRT investigated the outbreak. The most affected age group was 15-44 years. 3 blood samples collected and sent to DPHL Tumkuru tested negative for Dengue (IgM ELISA). A fever clinic was established at the hostel, and all symptomatic students received treatment. Internal and external fogging was carried out, larval survey and source reduction activities were implemented. Community awareness and health education given by the peripheral team on vector control measures, hygiene and sanitation."
Ladakh,Leh Ladakh,Suspected Food Poisoning,127,0,17-08-2025,18-08-2025,Under Control,"Cases were reported from a Film Shooting Crew stationed at the Gurudwara area en route to Nyoma, Sub-District Leh, District Leh Ladakh. Cases presented with loose stools, vomiting, abdominal cramps and headache. District RRT investigated the outbreak. The affected age group was 5-60 years. 1 stool sample and food samples of paneer and onion were"
Maharasht ra,Akola,Chikungunya,10,0,18-08-2025,18-08-2025,Under Surveillance,"Cases of fever with joint pain were reported from Village Kothari Kh., Sub-District Patur, District Akola. District RRT investigated the outbreak. House to house search for fever cases was done in the affected area. Cases were treated at CHC Patur. Cases were in the age"
Maharasht ra,Dharashiv,Malaria,21,0,22-08-2025,22-08-2025,Under Surveillance,"Cases of fever with chills were reported from Village Kothalwadi & Deodhanora, Sub-District Kalamb, District Dharashiv. District RRT investigated the outbreak. Active search for fever cases was done in the affected villages. Cases were treated at PHC Itkur. Cases were in the age group 4-65 years. Out of 10 blood samples collected, 1 sample was positive for P. falciparum. Community awareness and health education given by the peripheral team on vector control measures, hygiene and sanitation."
Maharasht ra,Kolhapur,Hepatitis A,33,0,21-08-2025,21-08-2025,Under Surveillance,"Cases with loss of appetite, nausea and yellow coloured urine were reported from Village Herle, Sub- District Hatkanangle, District Kolhapur. District RRT investigated the outbreak. The population of the affected area was 15,153. Cases were treated at PHC Herle. Borewell was the source of water supply to the affected population. Out of 10 water samples collected and sent to DPHL, Kolhapur, 3 samples were non-potable. Out of 19 serum"
Madhya Pradesh,Ashoknagar,Fever with Rash,11,0,18-08-2025,18-08-2025,Under Surveillance,"Cases of fever with rash were reported from Village Bakhtar Jagir, Sub-District Isagarh, District Ashoknagar. District RRT investigated the outbreak. House to house search for fever cases was done in the locality. Cases were treated symptomatically. Cases were in the age group 1-7 years. Community awareness and health education given by the peripheral team on isolation of cases, hygiene maintenance and proper nutrition."
Madhya Pradesh,Bhind,Acute Diarrhoeal Disease,30,0,21-08-2025,22-08-2025,Under Surveillance,"Cases of loose motion and vomiting were reported from Village Bhawanipura, Sub- District/District Bhind. District RRT investigated the outbreak. Cases were treated at a health camp organized in the locality. Cases were in the age group 3-75 years. 3 stool samples collected tested negative for cholera by culture. Chlorination of water sources was done. ORS packets and Zinc tablets were given to cases. Community awareness and health education given by the peripheral"
Madhya Pradesh,Damoh,Acute Diarrhoeal Disease,35,0,16-08-2025,19-08-2025,Under Surveillance,"Cases of loose motion and vomiting were reported from Village KarondiMangarh, CHC Jabera, District Damoh. District RRT investigated the outbreak. Cases were treated at a health camp organized in the locality. Cases were in the age group 8 months - 70 years. Chlorination of water sources was done. ORS packets and Zinc tablets were given to cases. Community awareness and health education given by the peripheral team on vector control measures, hygiene and sanitation."
Madhya Pradesh,East Nimar,Dengue,37,0,23-08-2025,23-08-2025,Under Surveillance,"Cases of fever with joint pain, headache and weakness were reported from Village Lachhora Mal, Sub-District Harsud, District East Nimar. District RRT investigated the outbreak. Cases were treated at CHC Killod. Total population of the village was 1477. Cases were in the age group 11 months -75 .years. Out of 7 serum samples collected, 3 samples tested positive for Dengue (NS1 ELISA). Further, 2 samples were collected and tested positive for Dengue (IgM ELISA). Community awareness and health education given by peripheral team on vector control measures, hygiene and sanitation"
Madhya Pradesh,East Nimar,Fever,13,0,23-08-2025,23-08-2025,Under Surveillance,"Cases of fever with chills were reported from Village SINGOT, Sub-District Pandhana, District East Nimar. Block RRT investigated the outbreak. Active search for fever cases was done in the locality. Cases were treated at PHC Singot. Cases were in the age group 18-63 years. 3 blood samples collected tested negative for Malaria by RDT. Anti-larval activities and fogging was done in the affected village. Community awareness and health education given by the peripheral team on vector control measures, hygiene and sanitation."
Madhya Pradesh,East Nimar,Fever,21,0,20-08-2025,20-08-2025,Under Surveillance,"Cases of fever with chills were reported from Ganesh Talai Ward, Sub-District Khandwa, District East Nimar. District RRT investigated the outbreak. House to house survey was done. Cases were treated symptomatically. Cases were in the age group 13-61 years. All 21 blood samples collected tested negative for Malaria by RDT. Community awareness and health education given by the peripheral team on vector control measures, hygiene and sanitation."
Madhya Pradesh,Jabalpur,Acute Diarrhoeal Disease,20,0,20-08-2025,20-08-2025,Under Surveillance,"Cases of loose motion and vomiting were reported from Village Mandhara, Sub-District Majholi, District Jabalpur. District RRT investigated the outbreak. Cases were treated at CHC Majholi. Cases were in the age"
Madhya Pradesh,Ratlam,Fever,22,0,19-08-2025,20-08-2025,Under Surveillance,"Cases of fever with bodyache and myalgia were reported from Village Bajna, Sub-District Bajna, District Ratlam. District RRT investigated the outbreak. Cases were students residing at Aklawya Balika chatrawas. The age group of the affected cases was 10-15 years. Cases were treated at CHC Bajna. 21 serum samples were collected"
Madhya Pradesh,Rewa,Scrub Typhus,13,0,23-07-2025,Under Surveillance,"Cases of fever were reported from Village Ragauli, Sub-District Semaria, District REWA. District RRT investigated the outbreak. House to house search of fever cases was done. Semariya. All 3 blood samples collected and sent to Virology lab Rewa Medical College tested positive for were in the age group 2-66 years. awareness and health education given by peripheral team protection, hygiene and sanitation","Cases were treated at CHC Orientia tsutsugamushi (IgM ELISA). Cases Community on vector control measures, personal"
Madhya Pradesh,Rewa,Scrub Typhus,15,0,23-07-2025,Under Surveillance,"Cases of fever were reported from Village Ulahikala, Sub-District investigated the outbreak. House to house search of fever cases was done. Cases were treated at CHC Gudh. Virology lab Rewa Medical College tested positive for were in the age group 3-67 years. awareness peripheral team on vector control measures, personal protection, hygiene and sanitation.","Gudh, District Rewa. District RRT All 3 blood samples collected and sent to Orientia tsutsugamushi (IgM ELISA). Cases Community and health education given by the"
Madhya Pradesh,Shahdol,Acute Diarrhoeal Disease,15,0,21-08-2025,21-08-2025,Under Surveillance,"Cases of loose motion and vomiting were reported from Village/PHC Jaitpur, Sub-District Budar, District Shahdol. District RRT investigated the outbreak. Cases were treated at PHC Jaitpur. Chlorine tablets were distributed to households. Community awareness and health education given by the peripheral team on safe drinking water, hygiene and sanitation."
Madhya Pradesh,Shajapur,Acute Diarrhoeal Disease,24,0,20-08-2025,20-08-2025,Under Surveillance,"Cases of loose watery stools were reported from Village Ranthbhawar, Sub-District Shajapur, District Shajapur. District RRT investigated the outbreak. House to house survey was done. Cases were treated symptomatically. 1 case was treated at DH Shajapur. Chlorination of water sources was done by PHED. Community awareness and health education given by the peripheral team on safe drinking water, hygiene and sanitation."
Madhya Pradesh,Shajapur,Dengue,17,0,18-08-2025,19-08-2025,Under Surveillance,"Cases of fever with myalgia and fatigue were reported from Village khadi, Sub-District Shujalpur, District Shajapur. District RRT investigated the outbreak. House to"
Madhya Pradesh,Vidisha,Dengue & Chikungunya,28,0,18-08-2025,19-08-2025,Under Surveillance,"Cases of fever with joint pain, myalgia and fatigue were reported from Village RaisNaga, Sub- District Gyaraspur, District Vidisha. District RRT investigated the outbreak. Cases were treated at a health camp organized in the locality. Out of 8 serum samples collected and sent to Government Medical College Vidisha, 1 sample tested positive for Dengue and 1 sample was positive for Chikungunya (IgM ELISA). Cases were in the age group 4-80 years. Source reduction activities were done. Community awareness and health education given by the peripheral team on vector control measures, hygiene and sanitation."
Odisha,Gajapati,Suspected Food Poisoning,10,0,17-08-2025,19-08-2025,Under Control,"Cases were reported from Village Dihudisah, Sub-District Ramagiri, District Gajapati. Cases presented with vomiting, nausea and a few patients had loose motion. The most affected age group was 15-44 years. District RRT investigated the outbreak. The suspected food poisoning cases appear to be due to mushroom consumption. House- to-house survey was conducted, treatment and ORS with necessary medications were provided to affected individuals, water disinfection was carried out. Community awareness and health education were imparted on safe drinking water, food habits, hygiene, and sanitation."
Odisha,Kendujhar,Acute Diarrhoeal Disease,35,0,17-08-2025,18-08-2025,Under Control,"Cases were reported from Village Krushnapur, Sub-District Sainkul, District Kendujhar. Cases presented with vomiting, nausea and a few patients had loose motion. District RRT investigated the outbreak. The most affected"
Odisha,Koraput,Hepatitis A,15,0,20-08-2025,21-08-2025,Under Surveillance,"Cases were reported from Government SSD Girls High School, Village Subai, Sub- District Similiguda, District Koraput. Cases presented with fatigue, fever, and nausea, yellowing of the skin and eyes, abdominal pain, loss of appetite and dark urine. District RRT investigated the outbreak. The affected age group was 11-15 years. 12 blood samples were collected and tested at IPHL Jeypore, Koraput, of which 5 samples were positive for HAV (IgM) (IgM). 8 H₂S tests were conducted, with 2 indicating faecal contamination. 8 water samples"
Tamil Nadu,Coimbatore,Suspected Food Poisoning,41,0,19-08-2025,20-08-2025,Under Control,"Cases of loose motion and abdominal pain were reported from MR IDLY Ladies Hostel, Hopes, Peelamedu, PHC Peelamedu, District Coimbatore. District RRT investigated the outbreak. Cases were nursing interns who consumed food at the hostel mess. Symptomatic treatment was given to cases.1 stool sample was sent for culture test to Coimbatore Medical College Hospital. 5 water samples were sent for Physical, Chemical and Bacteriological Examination to Chief Water Analysts Laboratory, Coimbatore. 1 water sample showed E. coli and Shigella. No pathogen was detected in the stool culture. Community awareness and health education given by peripheral team on safe food habits, hygiene and sanitation."
Tamil Nadu,Tirupathur,Fever,15,0,20-08-2025,21-08-2025,Under Control,"Cases of fever less than 7 days were reported from Villages Velakalnatham, Mallapalli, Kumarampatt and Kunnathur Sub- District Tirupathur, District"
Tamil Nadu,Villupuram,Hepatitis A,16,0,04-08-2025,Under Surveillance,"Cases coloured urine were reported from Village Kedar, Sub-District District RRT investigated the outbreak. Cases were treated at PHC Kedar. Cases were in the age group 10-20 years. Open defecation and improper drainage of sewage water was observed. Probable cause was contamination of the water supply pipeline with the sewage PHED. samples ELISA). education given by peripheral team on safe drinking water, hygiene and sanitation","of loss of appetite, nausea and yellow Vikravandi, District Villupuram. line. Pipeline leakages were repaired by Out of 16 serum samples collected, 3 tested positive for Hepatitis A (IgM Community awareness and health"
Uttar Pradesh th,"Aligarh March, 2020. The States have been reporting the COVID-19 cases and deaths on a real-time basis and the same was being updated on the website of",Acute Diarrhoeal Disease COVID-19 STATUS,47,0,10-08-2025,Under Surveillance,"Cases of loose motion and vomiting were reported from Nagaichpada District outbreak. organized in the affected area. Cases were in the age group 5-70 years. Out of 6 stool samples collected and sent to JNMC Akigarh,, 3 samples showed growth of Klebsiella tablets distributed to households. and health education given by the peripheral team on safe drinking water, hygiene and sanitation.","Bhanpada, Chaudhrian, Mukhriyan and Mohallas, Sub-District Atrauli, Aligarh. Block RRT investigated the Cases were treated at a health camp E.coli and 1 sample showed growth of pneumoniae. ORS packets and Zinc were given to cases. Chlorine tablets were Community awareness"
Uttar Pradesh,Fatehpur,Dengue,11,0,21-08-2025,21-08-2025,Under Surveillance,"Cases of fever with myalgia, fatigue were reported from Village Jarara, Sub-District Bindki, District Fatehpur. District RRT investigated the outbreak. House to house fever survey was done in the affected area. Cases were treated at PHC Deomai. Out of 11 serum samples collected and sent to BSL Lab, 7 samples tested positive for Dengue (IgM ELISA). Cases were in the age group 12-70 years. Vector control measures were undertaken in the affected village. Community awareness and health education given by the peripheral team on wearing of full sleeve clothes and regular cleaning of stagnant water."
Uttar Pradesh,Lalitpur,Acute Diarrhoeal Disease,23,0,21-08-2025,22-08-2025,Under Surveillance,"Cases of loose motion and vomiting were reported from Village Rakhwara, Sub-District Madawara, District Lalitpur. District RRT investigated the outbreak. Symptomatic treatment was given to cases. Cases were in the age group 8-55 years. ORS packets and Zinc tablets were given to cases. Chlorination of water sources was done. Community awareness and health education given by the peripheral team onsafe drinking water, hygiene and sanitation."
Uttar Pradesh,Lalitpur,Acute Diarrhoeal Disease,13,0,19-08-2025,19-08-2025,Under Surveillance,"Cases were reported from Village Dudhai, CHC Balabehat, Sub- District/District Lalitpur. Cases presented with loose watery stools. District RRT investigated the outbreak. Cases were treated symptomatically. Cases were in the age group 4-60 years. ORS packets and Zinc tablets were given to cases. Chlorine tablets were distributed to households. Community awareness and health education given by the peripheral team on safe drinking water, hygiene and sanitation."
Uttar Pradesh,Lucknow,Acute Diarrhoeal Disease,17,0,21-08-2025,21-08-2025,Under Surveillance,"Cases of loose motion, vomiting and abdominal pain were reported from Jankipuram Area Sec 7, CHC Aliganj, District Lucknow. District RRT investigated the outbreak. Cases were treated at a medical camp established in the affected area. 4 cases were treated at RML Hospital.. Cases were in the age"
Uttar Pradesh,Sonbhadra,Acute Diarrhoeal Disease,14,0,20-08-2025,22-08-2025,Under Surveillance,"Cases were reported from Village Pidaria, Sub-District Ghorawal, District Sonbhadra. Cases presented with loose motion and vomiting. District RRT investigated the outbreak. Cases were treated at a health camp organized in the locality. ORS packets were given to cases. The probable source of the outbreak was consumption of polluted water from handpump water. BDO Ghorawal and gram pradhan arranged drinking water tanks. Cases were in the age group 16-60 years. Chlorine tablets were distributed to the households. Community awareness and health education given by the peripheral team on safe drinking water, hygiene maintenance and proper sanitation."
West Bengal,Maldah,Food Poisoning,89,1,23-08-2025,23-08-2025,Under Control,"Cases were reported from Village Mathabari & Uttar Lakshmipur, Sub-District Kaliachak - II, District Maldah. Cases presented with loose motion, vomiting, and abdominal pain. District RRT"
West Bengal,Purulia,Cholera,17,0,20-08-2025,21-08-2025,Under Surveillance,"Cases were reported from Asragora Hamlet of Village Parsia, Sub-District Hura, District Purulia. Cases presented with loose watery stools. District RRT investigated the outbreak. The affected age group was 15-44 years. Out of 2 stool samples collected and sent to the Department of Microbiology, BSMCH, Bankura, 1 sample tested positive for Vibrio cholerae by culture. Chlorination of water"
Andhra Pradesh,Chittoor,Food Poisoning,45,0,29-08-2025,29-08-2025,Under Surveillance,"Cases of loose motion and vomiting were reported from Village Guruka varipalle, Sub-District Thavanampalle, District Chittoor. District RRT investigated the outbreak. Cases were treated at a health camp organized in the affected village. Cases consumed lemon rice and curd rice served as prasadam during Vinayaka Chaturthi festival. Cases were in the age group 2-79 years. All 4 stool samples collected and sent to Apollo Hospital, Aragonda tested negative for cholera by culture. Community awareness and health education given by the peripheral team on safe food habits, hygiene and sanitation."
Assam,Charaideo,Dengue,13,0,28-08-2025,28-08-2025,Under Surveillance,"Cases were reported from Village Baregaon, Borhat Bagicha, Borhat Habi, Bokapathar and Borah Gaon, Sub-District Sapekhati and Sonari, District Charaideo. Cases presented with fever. District RRT investigated the outbreak. House to house survey was done. Cases were treated at a health camp organized in the locality. The affected age group was 10-45 years. Out of 28 serum samples collected and sent to DPHL Charaideo, 13 samples tested positive for Dengue (NS1 ELISA). Distribution of insecticide-treated bed nets (ITBN), source reduction, mosquito breeding source (MBS) survey, BT spray, fogging and leaflet distribution were carried out. Community awareness and health education given by the peripheral team on vector control measures, hygiene and sanitation."
Assam,Dibrugarh,Food Poisoning,67,0,24-08-2025,25-08-2025,Under Control,"Cases were reported from Village Dikhari Gaon No 2, Dikhari Gaon No. 1, Kawoimari Gaon, 108 No Khowang Grant, Sub-District Moran, District Dibrugarh. Cases presented with abdominal pain, fever, loose stool and vomiting. District RRT investigated the outbreak. The cases had consumed Prasad at a religious gathering. The affected age group was 3-74 years. 3 rectal swabs, 5 water samples, and leftover food samples were sent to the State Referral Laboratory, Microbiology Department, AMCH, Dibrugarh. Culture results revealed Salmonella enterica serovar Typhimurium in the rectal swabs, while 3 of the water samples were found not potable. The leftover food sample showed growth of Klebsiella species after aerobic incubation. Community awareness and health education given by the peripheral team on safe drinking water and food habits, hygiene and sanitation."
Assam,Hojai,Dengue,13,0,30-08-2025,30-08-2025,Under Surveillance,"Cases were reported from Village Modertoli Mikir Gaon, Sub-District Doboka, District Hojai. Cases presented with high fever, headache and joint pain. District RRT investigated the outbreak. The affected age group was 4-61 years. 13 blood samples were collected and sent to DPHL, Hojai for Dengue NS1 testing. Of these, 4 samples tested positive for Dengue NS1 ELISA. Public health measures included fogging, ITBN distribution, fever survey, source reduction, BTI spray, release of larvivorous fish, and miking. Community awareness and health education given by the peripheral team on vector control measures, hygiene and sanitation."
Assam,Jorhat,Fever,16,0,27-08-2025,28-08-2025,Under Control,"Cases were reported from Village Katanibari TE, Sub-District Mariani, District Jorhat. Cases presented with fever and cough. District RRT investigated the outbreak. House to house search for fever cases was done. The affected age group was 1-62 years. 16 blood samples were tested for malaria at the field level using Rapid Diagnostic Kits (RDK), and all were found negative for Plasmodium falciparum and Plasmodium vivax. Community awareness and health education given by the peripheral team on vector control measures, airborne, water- borne and vector-borne diseases, hygiene and sanitation."
Assam,Kamrup Metro,Chikungunya,66,0,28-08-2025,29-08-2025,Under Surveillance,"Cases were reported from Ujjalnagar Kali Mandir, Sub-District Dhirenpara, District Kamrup Metro. Cases presented with fever and joint pain. District RRT investigated the outbreak. House to house search for fever cases was done. Cases were treated at a health camp established in the locality. Out of 212 blood samples collected and sent to GMCH, 66 samples tested positive for Chikungunya (IgM ELISA). Source reduction activities and fogging was done. Community awareness and health education given by peripheral team on vector control measures, hygiene and sanitation."
Assam,Tinsukia,Acute Diarrhoeal Disease,13,0,25-08-2025,26-08-2025,Under Surveillance,"Cases were reported from Village Borbheta Kuhiarbari, Sub-District Tinsukia, District Tinsukia. Cases presented with loose watery stool and vomiting. District RRT investigated the outbreak. Cases were treated at a medical mobile van deployed in the affected area. 3 water samples and 4 stool samples were collected and sent to DPHL, Tinsukia Civil Hospital. Stool cultures showed growth of E. coli, and water testing by MPN indicated the samples were non-potable. Chlorination of water sources was done. Community awareness and health education given by the peripheral team on safe drinking water and food habits, hygiene and sanitation."
Bihar,Aurangabad,Food Poisoning,14,0,26-08-2025,26-08-2025,Under Control,"Cases were reported from Village Pirwan, Sub-District Madanpur, District Aurangabad. Cases presented with loose motion. District RRT investigated the outbreak. Cases were students of Madhya Vidyalaya who fell ill after eating mid-day meal. The affected age group was 6-15 years. All were treated at CHC Madanpur. Community awareness and health education given by the peripheral team on safe food habits, hygiene and sanitation."
Bihar,Bhojpur,Food Poisoning,15,0,22-08-2025,28-08-2025,Under Control,"Cases were reported from Village Gidha Mushar Toli, Sub-District Koilwar, District Bhojpur. Cases presented with vomiting and diarrhea. District RRT investigated the outbreak. The affected age group was 2-60 years. Cases fell ill after consuming spoiled chicken. Community awareness and health Cases were treated symptomatically. education given by the peripheral team on safe drinking water and food habits, hygiene and sanitation."
Gujarat,Surendranagar,Hepatitis A,77,0,26-08-2025,26-08-2025,Under Surveillance,"Cases were reported from Villages Gosal, Doliya, Sayla, Sudamda, Mota Kerala & Juna Jashapar, Thoriyali, Khintla, Kesarpar, Sayla 2, Gadhshirvaniya Vakhatpar, Sub-District Sayla, District Surendranagar. Cases presented with loss of appetite, vomiting and abdominal pain. District RRT investigated the outbreak. House to house survey was done. Cases were treated symptomatically. The affected age group was 4 months-23 years. Out of 3 blood samples collected and sent to IDSP-DPHL MGS Hospital (Lab), 2 samples tested positive for Hepatitis A (IgM ELISA). Chlorination of water sources was done. Pipeline leakages were repaired. Community awareness and health education given by the peripheral team on safe drinking water and food habits, hygiene and sanitation."
Haryana,Karnal,Leptospirosis,12,0,11-08-2025,Under Control,"Cases of fever with bodyache were reported from Village District Karnal. positive case from the affected area was reported from PGI Chandigarh. District RRT investigated the outbreak. House to house fever survey was done. Cases were treated at CHC Gharaunda. Out of 12 serum samples collected and sent to DPHL Karnal, Leptospirosis about leptospirosis, its transmission & preventive measures. regarding handwashing. contact with contaminated water sources and use water proof boots, gloves specially while working in farms, construction sites.","Kohand (30), Sub-District Gharaunda, On 11.08.2025, a leptospirosis 5 samples tested positive for (IgM ELISA). Raise awareness Community awareness was done personal hygiene and proper People were advised to avoid"
Jharkhand,Dhanbad,Acute Diarrhoeal Disease,13,0,26-07-2025,Under Surveillance,"Cases reported Tundi, investigated symptomatically. were distributed to the households. Cases were in the age group 14-60 years. and health education given by the peripheral team on safe drinking water, hygiene and sanitation.","of loose motion and vomiting were from Village Singraidih, Sub-District District Dhanbad. District RRT the outbreak. Cases were treated ORS packets and Zinc tablets given to cases. Chlorine tablets were Community awareness"
Jharkhand,East Singhbum,Acute Diarrhoeal Disease,18,1,28-08-2025,31-08-2025,Under Surveillance,"Cases of loose watery stools were reported from Village Poklabera, Sub-District Patamda, District East Singhbum. District RRT investigated the outbreak. Cases were treated at a health camp organized in the locality. Cases were in the age group 2-60 years. Out of 4 water samples collected and sent to MGM VRDL Lab, 2 samples were non-potable. Chlorine tablets were distributed to households. 1 death occurred in a 28- years-old-female with shock and dehydration on 28.08.2025. Community awareness and health education given by the peripheral team on safe drinking water, hygiene and sanitation."
Jammu and Kashmir,Jammu,Jaundice,21,0,26-08-2025,29-08-2025,Under Surveillance,"Cases of loss of appetite, abdominal pain and yellow coloured urine were reported from Sector 5 and 9 of Nanak nagar area, UPHC Nanak Nagar, District Jammu. District RRT investigated the outbreak. House to house survey was done in the affected area. Cases were treated at GH Gandhi Nagar. Cases were in the age group 5-25 years.21 blood samples collected and sent to GH Gandhi Nagar showed raised bilirubin level. 2 water samples collected and sent to IDSP-DPHL Jammu were non-potable. Chlorination of water sources was done. Community awareness and health education given by the peripheral team on safe water and food habits, hygiene and sanitation."
Kerala,Kottayam,Acute Diarrhoeal Disease,101,0,23-08-2025,25-08-2025,Under Surveillance,"Cases of loose motion, vomiting and abdominal pain were reported from Alphonsa Residential school, ward 7 of Bharananganam Gramapancahayth, Block Ullanad, District Kottayam. District RRT investigated the outbreak. Cases were treated at CHC Ullanad. Cases were in the age group 4-10 years. Cleaning of the water tank was done. 1 stool sample collected and sent to NIV Alapuzha tested positive for Rota virus. Community awareness and health education given by the peripheral team on safe drinking water and food habits, hygiene and sanitation."
Kerala,Palakkad,Hepatitis A,10,0,25-08-2025,30-08-2025,Under Surveillance,"Cases of loss of appetite, nausea, and abdominal pain were reported from Village Cherpul acherry (ward 24), Sub-District Ottappalam, District Palakkad. District RRT investigated the outbreak. All cases were treated. Out of 4 serum samples collected and sent to IPHL Palakkad, 2 samples tested positive for Hepatitis A (IgM ELISA). Cases were in the age group 5-39 years. All 12 water samples collected and sent to Modern Biotech water Testing Lab pattambi showed presence of fecal coliform. Chlorination of water sources was done. Community awareness and health education given by the peripheral team on safe drinking water, hygiene and sanitation."
Kerala,Thiruvananthapura m,Suspected Food Poisoning,28,0,28-08-2025,29-08-2025,Under Surveillance,"Cases of loose motion, vomiting and abdominal pain were reported from Government College of Nursing, Village Ulloor, UPHC Kannamoola, District Thiruvananthapuram. District RRT investigated the outbreak. Cases were students who fell ill after consuming breakfast at college canteen and were treated at MCH TVM. Cases were in the age group 19-25 years. Community awareness and health education given by the peripheral team on safe food habits, hygiene and sanitation."
Karnataka,Chitradurga,Chikungunya,90,0,27-08-2025,30-08-2025,Under Surveillance,"Cases were reported from Village Gollanakatte, Sub-District Chitradurga, District Chitradurga. The cases presented symptoms of fever with myalgia. District RRT investigated the outbreak. The affected age group was 3-84 years.Fever clinic established in the village and treatment was provided to patients.Out of 8 blood samples collected and sent to DPHL, Chitradurga, 3 samples tested positive for Chikungunya (IgM ELISA). Source reduction activities and fogging was done in the affected area. Community awareness and health education given by the peripheral team on vector control measures, hygiene and sanitation."
Karnataka,Mandya,Chikungunya,16,0,28-08-2025,30-08-2025,Under Surveillance,"Cases were reported from Village Dabbahalli, Sub-District Malavalli, District Mandya. Cases presented with fever and myalgia. District RRT investigated the outbreak. The affected age group was 10-76 years. A temporary clinic was opened, and treatment was provided. 5 blood samples were tested at DSL Mandya, of which 3 were positive for Chikungunya virus by IgM ELISA. Community awareness and health education given by the peripheral team on vector control measures, hygiene and sanitation."
Karnataka,Mandya,Acute Diarrhoeal Disease,29,0,29-08-2025,30-08-2025,Under Surveillance,"Cases were reported from Villages H.H. Kopplu, Thalagavadi and Anasale, Sub- District Malavalli, District Mandya. Cases presented with loose stools and vomiting. District RRT investigated the outbreak. The affected age group was 8-74 years. 3 stool samples were tested for culture at Referral Lab MMC Mysore, all tested negative for cholera. 11 water samples were tested at DSL Mandya (3) and DS Halli PHC (8), of which 7 were found safe for potable purposes and 4 were found not safe for potable purposes. Community awareness and health education given by the peripheral team on safe drinking water, prevention of communicable diseases, hygiene and sanitation."
Meghalaya,South West Khasi Hills,Suspected Food Poisoning,44,0,27-08-2025,27-08-2025,Under Surveillance,"Cases of loose watery stools, bodyache, fever and chills were reported from Village Demnar, Sub-District Mawkyrwat, District South West Khasi Hills. District RRT investigated the outbreak. House to house survey was done. Cases were treated symptomatically. 12 cases were treated at Civil Hospital Mawkyrwat. ORS packets were given to cases. Cases were in the age group 5-75 years. Community awareness and health education given by the peripheral team on safe drinking water and food habits, hygiene and sanitation."
Maharashtr a,Chandrapur,Fever,49,0,24-08-2025,25-08-2025,Under Surveillance,"Cases of fever with headache, chills and body ache were reported from Village Annur, Sub- District Rajura, District Chandrapur. District RRT investigated the outbreak. House to house search for fever cases was done in the affected area. Medicines were given to cases by the health staff. The population of the village was 284. Out of 49 blood samples collected, 2 samples tested positive for P. vivax and 1 sample for P. falciparum. Anti- larval activities and fogging was done in the affected area. Community awareness and health education given by the peripheral team on vector control measures, hygiene and sanitation."
Maharashtr a,Dharashiv,Dengue,54,0,29-08-2025,29-08-2025,Under Surveillance,"Cases of fever with body ache and muscle pain were reported from Village/PHC Mulaj, Sub-District Umarga, District Dharashiv. District RRT investigated the outbreak. Active search for fever cases was done in the affected area. Population of the affected area was 7176. Cases were treated at PHC Mulaj. Out of 14 serum samples collected and sent to Solapur lab, 7 samples tested positive for Dengue (IgM ELISA). Cases were in the age group 3-70 years. Community awareness and health education given by the peripheral team on vector control measures, hygiene and sanitation."
Maharashtr a,Jalgaon,Dengue,48,0,21-08-2025,25-08-2025,Under Surveillance,"Cases were reported from Village Achalgaon & Nimbhore, Sub-District Bhadgaon, District Jalgaon. District RRT investigated the outbreak. House to house search for fever cases was done in the affected area. Population of the affected area was 2109. Cases were treated at PHC Kajgaon. Cases were in the age group 4-75 years. Out of 48 serum samples collected, 3 samples tested positive for Dengue (IgM ELISA). Anti- larval activities and fogging was done in the affected area. Community awareness and health education given by the peripheral team on vector control measures, hygiene and sanitation."
Maharashtra,Jalgaon,Dengue,47,0,25-07-2025,Under Surveillance,"Cases were reported from Village Ambehoi & Dhamangaon, Jalgaon. District RRT investigated the outbreak. Active search for fever cases was done in the affected Dahiwad. Cases were in the age group 7-75 years. Out of 47 blood samples collected and sent to GMC Dengue (IgM ELISA). fogging Community awareness and health education given by measures, hygiene and sanitation.","Sub-District Chalisgaon, District area. Cases were treated at PHC Jalgaon, 4 samples tested positive for Anti-larval activities and was done in the affected villages. the peripheral team on vector control"
Madhya Pradesh,Burhanpur,Fever of Unknown Origin,30,0,25-08-2025,25-08-2025,Under Surveillance,"Cases of fever with fatigue, weakness myalgia and joint pain were reported from Village Nawra, Sub-District Nepanagar, District Burhanpur. District RRT investigated the outbreak. Active search for fever cases was done in the affected area. Cases were treated at PHC Haiderpur. The population of the affected village was 3456. 5 blood samples collected and sent to District Hospital Lab Burhanpur tested negative for Dengue (IgM ELISA) and 5 blood samples collected and sent to GMC Khandwa tested negative for Chikungunia (IgM ELISA). Mosquito control activities were done by gram Panchayat Nawara. Pyrethrum spray was done. Community awareness and health education given by the peripheral team on vector control measures, hygiene and sanitation."
Madhya Pradesh,Datia,Dengue,18,0,25-08-2025,28-08-2025,Under Surveillance,"Cases of fever with muscle pain were reported from Village Kusauli, Ikara, Imaliya & Murera, Sub-District/District Datia. District RRT investigated the outbreak. House to house search for fever cases was done in the affected area. All cases were treated. Cases were in the age group 6-71 years. All 6 serum samples collected and sent to MC DATIA lab tested positive for Dengue (IgM ELISA). Anti-larval activities and fogging was done in the affected area. People were advised to wear full sleeve clothes and clean stagnant water in air coolers and containers twice a week."
Madhya Pradesh,Guna,Measles,12,0,29-07-2025,29-08-2025,Under Surveillance,"Cases were reported from Ward 9, Block/Sub-District Aron, District Guna. District RRT investigated the outbreak. Active search for fever cases was done in the locality. Cases were treated symptomatically. Cases were in the age group 1-6 years. 1 serum sample collected and sent to GMC Bhopal tested positive for Measles (IgM ELISA). Community awareness and health education given by the peripheral team on isolation of cases, hygiene maintenance and proper nutrition."
Madhya Pradesh,Morena,Dengue,23,0,25-08-2025,25-08-2025,Under Surveillance,"Cases of fever with muscle pain and fatigue were reported from Village Gudha Asan, Sub-District Joura, District Morena. District RRT investigated the outbreak. Active search for fever cases was done by the health team. Cases were treated at a health camp organized in the affected area. The population of the affected village was 1208. Out of 23 serum samples collected and sent to DH Morena, 3 samples tested positive for Dengue (NS1 ELISA). .Cases were in the age group 18-50 years. Anti-larval activities and fogging was done. Community awareness and health education given by peripheral team on vector control measures, hygiene and sanitation"
Madhya Pradesh,Panna,Acute Diarrhoeal Disease,24,0,28-08-2025,28-08-2025,Under Surveillance,"Cases of loose motion and vomiting were reported from Village Bamori, Sub-District Pawai, District Panna. District RRT investigated the outbreak. Cases were treated symptomatically. ORS packets and Zinc tablets were given to cases. Cases were in the age group 2-48 years. Chlorine tablets were distributed to the households. Community awareness and health education given by the peripheral team on safe drinking water, hygiene and sanitation."
Madhya Pradesh,Rewa,Dengue,26,0,25-08-2025,25-08-2025,Under Surveillance,"Cases of fever with muscle pain anf fatigue were reported from Village Dihiya & Bagadha Pidihan, Sub-District Sirmour, District Rewa. District RRT investigated the outbreak. House to house fever survey was done. Cases were treated at CHC Sirmaur. Cases were in the age group 18-75 years. 5 serum samples collected and sent to Virology lab Medical College Rewa tested positive for Dengue (IgM ELISA). Source reduction activities were undertaken in the affected area. Community awareness and health education given by the peripheral team on vector control measures, hygiene and sanitation."
Madhya Pradesh,Shajapur,Dengue,20,0,25-08-2025,25-08-2025,Under Surveillance,"Cases of fever with headache, muscle pain and fatigue were reported from Village Ranayal, Sub-District Kalapipal, District Shajapur. District RRT investigated the outbreak. Cases were treated at PHC Pochaner. Out of 17 serum samples collected and sent to DH Shajapur, 9 samples tested positive for Dengue (NS1 ELISA). Cases were in the age group 12-70 years. Anti- larval activities and fogging was done by Block and Malaria Team. Community awareness and health education given by the peripheral team on vector control measures, hygiene and sanitation."
Mizoram,Aizawl,Chickenpox,95,0,25-08-2025,26-08-2025,Under Surveillance,"Cases of fever with vesicular rash were reported from Village/SC Muanna veng, Sub- District Tlangnuam, District Aizawl. District RRT investigated the outbreak. House to house search for fever cases was done in the locality and nearby schools. Cases were given symptomatic treatment at UPHC Zsemabawk. Cases were in the age group 2- 13 years. Community awareness and health education given by the peripheral team on isolation of cases, hygiene maintenance and proper nutrition."
Mizoram,Saitual,Suspected Typhoid,22,0,27-07-2025,Under Surveillance,"Cases of fever, abdominal pain and vomiting were reported from Village Keifang Venglai, Keifang Leitan, District Phullen, District investigated the outbreak. House to house search for fever cases was done in the affected area. Cases were treated at Cases were in the age group 10 months - 60 years. Out of 20 blood samples collected and sent to DH Saitul, 20 samples tested positive for Salmonella typhi source was done. health education given by peripheral team on safe drinking sanitation","Tawizo, Tualbung & Saitual I, Sub- Saitual. District RRT District Hospital Saitual. by Typhidot. Chlorination of the water Community awareness and water and food habits, hygiene and"
Odisha,Gajapati,Chikungunya,78,0,18-08-2025,Under Surveillance,"Cases were reported from Village Kitingi, Sub- District presented with the outbreak. House to house fever conducted. The most affected age group was 15- 44 years. 10 blood samples were collected and sent to DPHL Gajapati for testing. Of these, 7 samples tested positive for Chikungunya ELISA). Community awareness and health education given by measures, hygiene and sanitation.","Kasinagar, District Gajapati. Cases fever. District RRT investigated survey was (IgM Anti-larval activities were done. the peripheral team on vector control"
Odisha,Rayagada,Acute Diarrhoeal Disease,15,0,23-08-2025,25-08-2025,Under Surveillance,"Cases were reported from Village PCAMP-1, Sub-District Seskhal, District Rayagada. Cases presented with symptoms of vomiting and nausea, with a few patients also experiencing loose motions. District RRT investigated the outbreak. House to house survey was done. The most affected age group was 15-44 years. 4 rectal swabs and 4 water samples were collected and sent to DPHL. All water samples tested H₂S positive with no residual chlorine detected in the OT test. Out of 4 rectal swabs collected, 1 was found positive for Vibrio cholerae O1 by culture. ORS and other necessary medications were provided. Water disinfection was done. Community awareness and health education given by the peripheral team on safe drinking water and food habits, hygiene and sanitation."
Punjab,Jalandhar,Acute Diarrhoeal Disease,264,0,27-08-2025,29-08-2025,Under Surveillance,"Cases of loose motion and vomiting were reported from Arya Nagar and Chandan Nagar, Kartarpur Urban Area, District Jalandhar. District RRT investigated the outbreak. House to house survey was done. Cases were treated at a health camp organized in the locality. 14 cases were treated at DH Jalandhar and Shahed Babulabh Singh Civil Hospital. The probable cause of the outbreak was mixing of drinking water with sewage after heavy rain. Cases were in the age group 5-75 .years. 2 stool samples collected and sent to DPHL, Jalandhar showed growth of normal commensals by culture. Out of 5 water samples collected and sent to SPHL Kharar, 4 samples were non-potable. ORS packets and Zinc tablets were given to cases. Pipeline leakages were repaired. Alternate water supply through tankers were arranged in the locality. Community awareness and health education given by the peripheral team on safe drinking water, hygiene and sanitation."
Rajasthan,Jaipur,Hepatitis A,20,0,11-08-2025,Under Control,"Cases of loose motion, vomiting, loss of appetite and abdominal pain were reported from Khatipura area, UPHC Khatipura, RRT investigated the outbreak. Probable cause of outbreak pipeline UPHC city. Out of 11 serum samples collected and sent to SMS Medical College Jaipur, 5 samples tested positive for samples collected and sent to the PHED lab were potable. Chlorination of water sources was done. Pipeline Community awareness and health education given by the peripheral hygiene and sanitation.","District Jaipur. District was mixing of sewage water with supply water. Cases were treated at Khatipura and at nearby hospitals in the Hepatitis A (IgM ELISA). Water leakages were repaired by PHED. team on safe drinking water,"
Rajasthan,Udaipur,Fever,359,0,09-08-2025,Under Surveillance,"Cases of fever were reported from Village Lambi Semal, Thal, Palaya, PHC Padawali, Sub-District Gogunda, investigated the outbreak. House to house survey of people treated locality. Cases were in the age group 3-15 years. Out of 359 blood RNT Medical College Udaipur, 1 sample tested positive for P. vivax and 3 samples tested positive for fogging Community awareness and health education given by measures, hygiene and sanitation.","District Udaipur. District RRT 3431 houses was done. A total of 15,120 were screened for fever. Cases were at a medical camp established in the samples collected and sent to P. falciparum. Anti-larval activities and was done in the affected areas. the peripheral team on vector control"
Tamil Nadu,Tirupathur,Fever,12,0,28-08-2025,29-08-2025,Under Control,"Cases were reported from Village Basheeraabad HSC, under PHC Vaniyambadi, Block Alangayam, Sub- District Vaniyambadi, District Tirupathur. Cases presented with fever. District RRT investigated the outbreak. The affected age group was 13-24 years. All 4 blood samples collected and sent to DPHL-Pudhupettai tested negative for Dengue by IgM ELISA. Cases were in the age group 13-23 years. A fever camp, fogging activities and source reduction activities were conducted.Community awareness and health education given by the peripheral team on vector control measures, hygiene and sanitation."
Tripura,West Tripura,Dengue,15,0,22-08-2025,26-08-2025,Under Surveillance,"Cases of fever with fatigue and myalgia were reported from SN Colony, CHC/Sub-District Jirania, District West Tripura. District RRT investigated the outbreak. Active search for fever cases was done in the locality. Cases were treated at CHC Jirania. Cases were in the age group 18-45 years. Out of 15 serum samples collected, 11 samples tested positive for Dengue NS1 ELISA. Source reduction activities were undertaken. Community awareness and health education was given by the peripheral team on vector control measures, personal protection and sanitation."
Uttar Pradesh,Jhansi,Acute Diarrhoeal Disease,16 COVID-19 STATUS,0,27-07-2025,Under Surveillance,"Cases reported from Village Marora, CHC Sub-District/District investigated the outbreak. House to house survey was done. People consumed water from 4 hand pumps in the locality. Cases were given ORS packets and Zinc tablets.Few cases were treated at MLB Medical College Jhansi. age group collected and sent to Medical College Jhansi, 2 samples handpumps which were used in the village for drinking water were marked as unsafe for water consumption. Chlorine tablets were distributed to households. education drinking water, hygiene and sanitation","of loose motion and vomiting were Badagaon, Jhansi. District RRT Cases were in the 2-56 years. Out of 4 water samples were non-potable. All the four Community awareness and health given by peripheral team on safe"
West Bengal,Purba Bardhaman,Acute Diarrhoeal Disease,26,0,29-08-2025,30-08-2025,Under Surveillance,"Cases of loose motion and vomiting were reported from Village Keotara, Sub-District Jamalpur, District Purba Bardhaman. District RRT investigated the outbreak. The probable source of contamination was consumption of pond water. Symptomatic treatment was given to cases. Chlorine tablets were distributed to households.Cases were in the age group 6-70 years. 1 stool sample collected and sent to Burdwan Medical college, tested negative for cholera by culture. Community awareness and health education given by the peripheral team on safe drinking water, hygiene and sanitation."
West Bengal,Purulia,Acute Diarrhoeal Disease,16,0,26-08-2025,27-08-2025,Under Control,"Cases of loose watery stool were reported from Village Parbad Kashitan (Saloni hamlet), Sub-District Balarampur, District Purulia. District RRT investigated the outbreak. People consumed water from a well. Cases were treated symptomatically with ORS and anti-diarrhoeal medicine. 8 cases were treated at PHC Kerowa. Cases were in the age group 4-63 years. One rectal swab sample collected and sent to BSMCH Bankura, showed growth of normal commensals by culture. Water sample collected from a well was non-potable. Chlorination of well water was done. Community awareness and health education given by the peripheral team on safe drinking water, hygiene and sanitation."
West Bengal Name of State-UT,Purulia DISEASE OUTBREAKS OF PREVIOUS WEEKS REPORTED LATE Name of District,Acute Diarrhoeal Disease Disease- Illness,20 No. of Cases,0 No. of Deaths,30-08-2025 Date of Start Outbreak,31-08-2025 Current Status,Under Control Comments- Action Taken,"Cases of loose motion and vomiting were reported from Village Patharkata (Tatighutu hamlet), Block Manbazar -I, District Purulia. District RRT investigated the outbreak. People consumed water from a tubewell in the locality. Cases were treated with ORS and anti-diarrhoeal medicine. Cases were in age group 5-73 years.2 rectal swab samples collected and sent to the Dept. of Microbiology, BSMCH, Bankura, tested negative for cholera by culture. Water sample of the tubewell collected was non-potable. Superchlorination of tubewell was done. Community awareness and health education given by the peripheral team on safe drinking water, hygiene and sanitation."
Assam,Dhubri,Acute Diarrhoeal Disease,23,0,01-09-2025,01-09-2025,Under Surveillance,"Cases of loose motion and vomiting were reported from Village Dhubrichar, Sub-District/District Dhubri. District RRT investigated the outbreak. Cases were treated at Dhubri Medical College & Hospital. Cases were in the age group 2-80 years. 3 stool and 2 rectal swab samples collected tested negative for cholera by culture. 6 water samples collected by PHED were unsatisfactory for drinking purpose. Community awareness and health education given by the peripheral team on safe drinking water and food habits, hygiene and sanitation."
Assam,Sonitpur,Acute Diarrhoeal Disease,28,0,05-09-2025,05-09-2025,Under Control,"Cases of loose motion and vomiting were reported from Village Bhitor Parowa Gaon, Sub-District Tezpur, District Sonitpur. District RRT investigated the outbreak. House to house survey was done. Cases were treated symptomatically at a health camp established in the locality. 4 cases were treated at Kanaklata Civil Hospital. 4 rectal swab samples collected showed growth of normal gut flora. 2 water samples collected and sent to DPHL Sonitpur were non- potable. .Chlorination of water sources was done by PHED. Community awareness and health education given by the peripheral team on safe drinking water, hygiene and sanitation."
The Dadra And Nagar Haveli And Daman And Diu,Dadra And Nagar Haveli,Acute Diarrhoeal Disease,11,0,04-09-2025,04-09-2025,Under Surveillance,"Cases of loose motion were reported from Pravesh Khan Chawl, Area Unganpada, Village Rakholi(CT), Sub- District Dadra & Nagar Haveli, District Dadra & Nagar Haveli. District RRT investigated the outbreak. The affected locality comprised of chawls with a total of 60 rooms, housing 235 residents. Cases were treated at CHC Rakholi. 5 cases were treated at NAMO Hospital, Silvassa. All the cases had consumed water from a 20-litre water bottle, suggesting a possible waterborne source. All 5 blood samples collected tested negative for S.typhi by culture. 1 stool sample collected and tested at NAMO Hospital Silvassa, showed growth of no enteric pathogens. ORS sachets and chlorine drops were distributed to the households. Out of 13 water samples collected and sent to Namo Hospital Silvassa, 6 samples were non-potable. Residents were educated on the correct use of chlorine drops to disinfect drinking water. Water storage tanks were cleaned and chlorinated as an immediate safety"
Gujarat,Bhavnagar,Crimean- Congo Haemorrhagic Fever,1,1,03-09-2025,03-09-2025,Under Surveillance,"Case was reported from Vankarvas, Talaja road, Sub-District Palitana,5 | Page District Bhavnagar. A 47-year-old male presented with drowsiness, altered sensorium and difficulty in breathing and was admitted to Civil hospital Ahmedabad. The patient died on 02.09.2025 due to illness. Blood sample collected and sent to NIV Pune was confirmed for CCHF by RT-PCR. District RRT investigated the outbreak. Infection Prevention and Control measures were enhanced to prevent hospital staff and patients from HAI. Health, Animal husbandry and Rural development department teams conducted house to house survey in the affected area. Health education was given by the peripheral team on hygiene and sanitation."
Gujarat,Kheda,Food Poisoning,14,0,04-09-2025,04-09-2025,Under Control,"Cases were reported from Village Aslali, Sub-District Matar, District Kheda. Cases presented with abdominal discomfort, diarrhoea and vomiting. District RRT investigated the outbreak. The affected age group was 11 - 19 years. Cases were students of Image Technical Institute and consumed food (Upma, Kadhi and Curd) in the canteen. Cases were treated symptomatically. 3 cases were treated at SDH Kheda. Community awareness and health education given by the peripheral team on safe drinking water and food habits, hygiene and sanitation."
Haryana,Karnal,Suspected Typhoid,15,0,01-09-2025,01-09-2025,Under Surveillance,"Cases were reported from Village Balla, Munak and Bhambar Heri, Sub-District Ballah ST, District Karnal. Cases are presented with fever. District RRT investigated the outbreak. Mass fever surveillance was conducted. The"
Jharkhand,Dhanbad,Acute Diarrhoeal Disease,18,0,01-09-2025,06-09-2025,Under Surveillance,"Cases of loose motion and vomiting were reported from Village Maheshpur, Sub-District Baghmara-Cum-Katras, District Dhanbad. District RRT investigated the outbreak. Cases were treated symptomatically. ORS packets and Zinc tablets were given to cases. Chlorine tablets were distributed to households.. Community awareness and health education given by the peripheral team on safe drinking water, hygiene and sanitation."
Jharkhand,East Singhbum,Acute Diarrhoeal Disease,34,0,04-09-2025,05-09-2025,Under Surveillance,"Cases were reported from Village Kherua, Sub-District Patamda, District East Singhbum. Cases are presented with loose motion and vomiting. District RRT investigated the outbreak. The affected age group was 5-64 years. House to house survey was done. 4 water samples from 4 wells were tested at MGM Medical College for culture. Enterococcus faecalis was detected in 3 samples. Cases were treated symptomatically. ORS packets and"
Jharkhand,Garhwa,Paratyphoid,6,2,01-09-2025,01-09-2025,Under Surveillance,"Cases of loose motion and vomiting were reported from Village Karwa Pahar & Tenhra Alias Dhurki, Sub- District Dhurki, District Garhwa. District RRT investigated the outbreak. Cases were treated symptomatically. 1 patient was treated at CHC Dhurki. A 12-years-old male with severe dehydration died on 30.08.2025 and a 35 years-old-female died on 01.09.2025. 1 stool sample collected and sent to RIMS Ranchi tested positive for S. Paratyphi B by culture. ORS packets and Zinc tablets were given to cases. Chlorination of water sources was done. Community awareness and health education given by peripheral team on vector control measures, hygiene and sanitation"
Jammu and Kashmir,Anantnag,Hepatitis A,18,0,01-09-2025,01-09-2025,Under Surveillance,"Cases were reported from Govt Middle School Halan Block Verinag , S/c Thaman, Village Thaman Kote, Sub- District Shahbad Bala, District Anantnag. Cases presented with fever, fatigue and yellow discoloration of the eyes. District RRT investigated the outbreak. The affected age group was 5- 15 years. All cases were treated. Out of 9 blood samples collected and sent to DPHL Anantnag, 2 samples tested positive for HAV (IgM ELISA). 2 water samples were collected and sent to DPHL Anantnag for MPN testing; both samples were found to be non-potable. Chlorination of water sources was done. Community awareness and health education given by the peripheral team on spread of disease, safe drinking water and food habits, hygiene and sanitation."
Jammu and Kashmir,Srinagar,Chickenpox,12,0,01-09-2025,01-09-2025,Under Surveillance,"Cases were reported from Tyndale Biscoe School Zone Batmaloo, Village Maisuma, Sub-District Srinagar"
Kerala,Ernakulam,Acute Gastroenteritis,31,0,01-09-2025,01-09-2025,Under Surveillance,"Cases were reported from St. Joseph HS School, Chengal, Sub-District Aluva, District Ernakulam. Cases presented with loose stools and vomiting. District RRT investigated the outbreak. A total of 2500 students and teachers participated in the Onam Celebration function. The affected age group was 4- 15 years. 2 stool samples collected tested negative for Rotavirus by PCR. Water samples collected showed the presence of coliform bacteria. Community awareness and health education given by the peripheral team on safe drinking water and food habits, hygiene and sanitation."
Kerala,Malappuram,Chickenpox,56,0,09-08-2025,01-09-2025,Under Surveillance,"Cases of fever with rash were reported from Athavanad Government High School, PHC Athavanad, District Malappuram. District RRT investigated the outbreak. Cases were treated symptomatically. Cases were in the age group 8-13 years. The LP and UP sections of the school were closed for a week. Community awareness and health education given by the peripheral team on isolation of cases, hygiene maintenance, proper nutrition and sanitation."
Kerala,Palakkad,West Nile Fever,1,0,29-08-2025,01-09-2025,Under Surveillance,"A case of West Nile Fever was reported from Village Keezhpala Tholanur (ward 14), PHC Kuthanur, Sub -District Alathur, District Palakkad. The patient, a 18 -years-old male, presented with fever, headache, and seizure. He was"
Kerala,Wayanad,Hepatitis A,33,0,03-08-2025,Surveillance,"Under Cases of were Vazhavatta, Wayanad. District RRT investigated the outbreak. House to house survey was done. Cases were treated locality. The age group of affected cases was 9-55 years. Out of 33 serum samples collected and sent to Public Health Lab Wayanad, 5 samples tested positive Chlorination Community awareness and health education given by the peripheral team on safe drinking water and food habits, hygiene and sanitation.","fever with loss of appetite and nausea reported from Mandad area, FHC Sub-District Vythiri, District at a medical camp established in the for Hepatitis A (IgM ELISA). of water sources was done."
Karnataka,Chitradurga,Chikungunya and Dengue,18,0,01-09-2025,02-09-2025,Under Surveillance,"Cases were reported from Village Channaganahalli of Mylenahalli, Sub- District Challakere, under Doddaullarthy PHC, District Chitradurga. Cases presented with fever and joint pain. District RRT investigated the outbreak. Active surveillance and monitoring was conducted and patients were treated at the PHC level. The most affected age"
Karnataka,Gadag,Fever with Rash,30,0,01-09-2025,02-09-2025,Under Surveillance,"Cases were reported from Morarji Desai Residential School, Village Kanaginahal under Lakkundi PHC, Sub-District Gadag, District Gadag. Cases presented with fever with rash. District RRT investigated the outbreak. The most affected age group was 5-14 years. 14 fever cases and 16 rash cases were identified among the hostel students. A fever and rash survey was conducted among hostel residents while an emergency clinic was established at the school for immediate treatment and monitoring of patients. Cases presenting with rash were clinically diagnosed as scabies. 4 water samples were tested for MPN at DPHL Gadag, all of which were found non-potable. 4 serum samples were collected: 2 were tested at DPHL Gadag for Dengue NS1 ELISA and found negative, while the remaining 2 were sent to BMC Bangalore for Chickenpox IgM testing"
Meghalaya,East Khasi Hills,Human Rabies,1,1,25-08-2025,,"Under A case was reported from Village/PHC Dangar, Block Control 35-years-old Irrelevant speech, disorientation, hydrophobia and aerophobia on 19th Aug 2025 and was admitted in the isolation ward of Civil Hospital Shillong on 23rd Aug 2025. He expired on 25th Aug 2025. The patient was clinically diagnosed with rabies. He was also a K/C/O Opioid dependence (IVDU) and as per enquiry had a history of dog bite 10 years back. District RRT investigated the outbreak. As a precautionary measure, family members who were involved in patient care were post-exposure IEC activities were conducted, including a public health awareness campaign in the presence of the local headman, in collaboration with the District Veterinary Department, which organized a Awareness Programme in the Village. Community awareness peripheral hygiene and sanitation.","Mawsynram, District East Khasi Hills. A male developed symptoms of advised to undergo prophylaxis (PEP). Additionally, Mass and health education given by the team on vaccination for dog bite,"
Meghalaya,West Jaintia Hills,Suspected Food Poisoning,64,0,30-08-2025,02-09-2025,Under Control,"Cases of loose motion, vomiting and abdominal pain were reported from Village/SC Khonsaro, Sub-District Thadlaskein, District West Jaintia Hills. District RRT investigated the outbreak. People had consumed beef bought from one vendor. All cases were treated at CHC Namdong. Cases were in the age group 1-49 years. Community awareness and health education given"
Madhya Pradesh,East Nimar,Fever,28,0,03-09-2025,03-09-2025,Under Surveillance,"Cases of fever were reported from Village Bhawsinghpura, Sub-District Khandwa, District East Nimar. District RRT investigated the outbreak. House to house fever survey was done. The affected age group was 2-65 years. Cases were given symptomatic treatment. All 28 blood samples collected tested negative for malaria (RDT). Community awareness and health education given by the peripheral team on vector control measures, hygiene and sanitation."
Madhya Pradesh,Hoshangabad,Leptospirosis,9,0,01-09-2025,01-09-2025,Under Surveillance,"Cases were reported from Village Bamuria, Sub-District Dolariya, District Hoshangabad. Cases presented with fever and muscle pain. District RRT investigated the outbreak. The affected age group was 24-61 years. Fever survey was conducted in the community. Out of 9 serum samples collected and sent to AIIMS Bhopal, 1"
Madhya Pradesh,Hoshangabad,Leptospirosis,9,0,01-09-2025,01-09-2025,Under Surveillance,"Cases were reported from Village Rawanpipal and Jhaklai, Sub-District Seoni-Malwa, District Hoshangabad. Cases presented with fever and muscle pain. District RRT investigated the outbreak. The affected age group was 10-70 years. Fever survey was done in the community. Out of 6 serum samples collected and sent to AIIMS Bhopal, 5 samples tested positive for Leptospirosis (IgM ELISA). Community awareness and health education given by the peripheral team on vector control measures, hygiene and sanitation."
Madhya Pradesh,Jhabua,Japanese Encephalitis,2,0,02-09-2025,02-09-2025,Under Surveillance,"Cases were reported from Village Amlipada & Machhaliya, Sub-District Rama, District Jhabua. Cases presented with fever, headache and altered mental status. District RRT investigated the outbreak. Active search for fever cases was done in the affected area. Out of 8 serum samples collected and sent to AIIMS Bhopal, 2 samples tested positive for JE (IgM ELISA). Cases were not vaccinated for Japanese Encephalitis. Community awareness and health education given by the peripheral team on vector control measures, hygiene and sanitation."
Madhya Pradesh,Khargone,Chikungunya,50,0,01-09-2025,01-09-2025,Under Surveillance,"Cases of fever with joint pain were reported from Village Panali, Sub- District Segaon, District Khargone. District RRT investigated the outbreak. House to house search for fever cases was done. All cases were treated"
Madhya Pradesh,Neemuch,Fever,25,0,04-09-2025,04-09-2025,Under Control,"Cases of fever were reported from Village Amlikheda, Sub-District Neemuch, District Neemuch. District RRT investigated the outbreak. Active search for fever cases was done in the affected area. Cases were treated at PHC Cheeta Kheda. Cases were in the age group 11-82 years. All 7 blood samples collected tested negative for Malaria (RDT). Community awareness and health education given by the peripheral team on vector control measures, hygiene and sanitation."
Madhya Pradesh,Rajgarh,Fever,18,0,01-09-2025,01-09-2025,Under Surveillance,"Cases of fever were reported from Village Sehatkhedi, Sub-District Narsinghgarh, District Rajgarh. District RRT investigated the outbreak. House to house fever survey was done. Cases were treated at Cases are presented with PHC Eklera. Cases were in the age group 9-75 years. All 18 blood samples collected tested negative for Malaria (RDT). Community awareness and health education given by the peripheral team on vector control measures, hygiene and sanitation."
Madhya Pradesh,Shajapur,Fever with Rash,8,0,02-09-2025,06-09-2025,Under Surveillance,"Cases of fever with rash were reported from Village Ghatti Mukhtyarpur, Sub14 | Page- District Kalapipal, District Shajapur. District RRT investigated the outbreak. House to house search for fever cases was done. Cases were treated symptomatically. Cases were in the age group 6-10 years. Out of 6 serum samples collected and sent to GMC Bhopal, 2 samples tested positive for Rubella and 1 sample was positive for Measles (IgM ELISA). Vitamin A solution was given to cases. Community awareness and health education given by the peripheral team on isolation of cases, hygiene maintenance and proper nutrition."
Madhya Pradesh,Shivpuri,Acute Diarrhoeal Disease,172,0,01-09-2025,01-09-2025,Under Control,"Cases of loose motion and vomiting were reported from Village Mohrai, Sub-District Kolaras, District Shivpuri. District RRT investigated the outbreak. Cases were treated at a health camp organized in the locality. 4 stool samples collected were invalid. Cases were in the age group 2-80 years. ORS packets and Zinc tablets were given to cases. Chlorination of water sources was done. Community awareness and health education given by the peripheral team on safe drinking water and food habits, hygiene and sanitation."
Mizoram,Aizawl,Fever,142,0,29-08-2025,01-09-2025,Under Surveillance,"Cases of fever with muscle pain and fatigue were reported from Village Armed Veng South, Sub-District Tlangnuam, District Aizawl. District RRT investigated the outbreak. House to house search for fever cases was done. Cases were treated at a health camp organized in the locality. All 3 blood samples collected tested negative for Dengue (NS1 ELISA). Anti-larval activities and fogging was done. Community awareness and health education given by the peripheral team on vector control measures, hygiene and sanitation."
Odisha,Jharsuguda,Suspected Food Poisoning,20,0,01-09-2025,03-09-2025,Under Surveillance,"Cases of loose motion, vomiting and abdominal pain were reported from Village Dayadera, Sub-District Lakhanpur, District Jharsuguda. District RRT investigated the outbreak. Cases had consumed mushroom curry. Cases were given symptomatic treatment. ORS packets were given to cases. 1 patient was treated at CHC Lakhanpur. Community awareness and health education given by the peripheral team on safe food habits, hygiene and sanitation."
Odisha,Kendujhar,Fever,50,0,02-09-2025,03-09-2025,Under Surveillance,"Cases of fever were reported from Sebashram Girl school, Village Kanjipani, Sub-District Kanjipani,"
Odisha,Rayagada,Chikungunya,10,0,09-08-2025,,"Under Cases of fever with joint pain were reported from Village Control District outbreak. House to house fever survey was done. Cases were treated at PHC Jagannathpur. Out of 10 serum Medical positive larval affected area. education given by the peripheral team on vector control measures, hygiene and sanitation.","Jagannathpur, Sub-District22Rayagada,| Page Rayagada. District RRT investigated the samples collected and sent to MKCG college Berhampur, 8 samples tested for Chikungunia (IgM ELISA). Anti- activities and fogging was done in the Community awareness and health"
Rajasthan,Kota,Suspected Scrub Typhus,10,0,04-09-2025,04-09-2025,Under Surveillance,"Cases of fever, headache, rashes, swollen lymph nodes, tiredness, red lesion and sore on skin at the site of insect bite were reported from Village Madanpura (Ward no.5), CHC Khatoli, Sub-District Pipalda, District Kota. District RRT investigated the outbreak. House to house search for fever cases was done. Population of rodents, cattles, bushes and shrubs in residential area and agricultural practices were the probable cause of the outbreak. Cases were treated symptomatically. Doxycycline and Azithromycine was administered to all suspected Scrub typhus cases according to guidelines. All 10 blood samples collected and sent to Government Medical college Kota tested negative for Orientia tsutsugamushi (IgM ELISA). Source reduction activities were done. Spraying of Cyphermethrin on cattles and around sheds was done by the veterinary department. Community awareness and health education given by the peripheral team on vector control measures, hygiene and sanitation."
Tamil Nadu,Kanchipuram,Acute Diarrhoeal Disease,16,0,04-09-2025,05-09-2025,Under Surveillance,"Cases of loose motion were reported from Village Enadur, Sub-17District| Page Kancheepuram, District Kanchipuram. District RRT investigated the outbreak. Cases were treated symptomatically. ORS packets and Zinc tablets were given to cases. Cases were in the age group 10-60 years. 2 stool samples collected tested negative for cholera by culture. Pipeline leakages were repaired. Community awareness and health education given by the peripheral team on safe drinking water, hygiene maintenance and sanitation."
Tamil Nadu,Mayiladuthur ai,Fever,14,0,02-09-2025,04-09-2025,Under Control,"Cases of fever were reported from Village Muruga mangalam, Sub- District Mayiladuthurai, District Mayiladuthurai. District RRT investigated the outbreak. House to house fever survey was done. Cases were treated at a medical camp established in the locality. 7 cases were treated at GH Kutham. Cases were in the age group 2-60 .years. 5 serum samples collected and sent to DPHL Mayiladuthurai tested negative for Dengue (NS1 Ag ELISA). Further, 4 serum samples collected tested negative for S. typhi by Widal test. Anti-larval activities and fogging was done. Community awareness and health education given by the peripheral team on vector control measures, hygiene and sanitation."
Tamil Nadu,Tirupathur,Dysentry,33,0,30-08-2025,01-09-2025,Under Control,"Cases of loose motion with mucus, vomiting and abdominal pain were reported from Village Elavam patti, Thamalerimuthur & Pullaneri, Sub- District Tirupathur, District Tirupathur. District RRT investigated the outbreak Cases were treated at a health camp established in the affected area. ORS"
Uttar Pradesh,"Jhansi th March, 2020. The States have been reporting the COVID-19 cases and deaths on a real-time basis and the same was being updated on the website of",Diphtheria COVID-19 STATUS,4,2,14-08-2025,Surveillance,"Under Cases swallowing were reported from Village Moti Katra & Ramora, Sub-District Garautha, District Jhansi. A swelling in throat and difficulty in swallowing died on 17.07.2025 at Gwalior Medical College. He was a clinically diagnosed case of Diphtheria. Upon receiving investigated the outbreak. House to house survey was done. 3 cases were identified in the affected area. Cases were treated at CHC Rampura. Cases were in the age group 6-9 years. 2 throat swab samples collected and sent to SGPGI Lucknow, tested Vaccination status of the cases was unknown. Second death occurred in a 6 years-old-male child on Community awareness and health education given by the peripheral team on immunization of cases, hygiene maintenance and proper nutrition.","of fever, sore throat and difficulty in 9 years-old-male child with symptoms of the information, District RRT positive for C. diphtheriae by culture. 31.08.2025 at Medical College, Kanpur."
West Bengal,Hooghly,Suspected Food Poisoning,8,0,28-08-2025,03-09-2025,Under Control,"Cases of loose motion, vomiting and abdominal pain were reported from Village Katabani, Sub-District Arambag, District Hooghly. District RRT investigated the outbreak. Approximately, 120 people had consumed food from Ranna Puja and 8 persons fell ill. Cases were treated at RH Dakshin Narayanpur. Community awareness and health education given by the peripheral team on safe food habits, hygiene and sanitation."
West Bengal,Hooghly,Malaria,27,0,30-08-2025,01-09-2025,Under Control,"Cases of fever with chills were reported from Village Krishna nagar, Sub- District Khanakul - I, District Hooghly. District RRT investigated the outbreak. Active search for fever cases was done in the locality. Cases were treated at RH Khanakul. Cases were in the age group 6-68 years. Out of 27 blood samples collected, 3 samples tested positive for P. falciparum by MPBS. Source reduction activities and fogging was done in the affected area. Community awareness and health education given by the peripheral team on vector control measures, hygiene and sanitation."
West Bengal,Howrah,Malaria,20,0,01-09-2025,03-09-2025,Under Surveillance,"Cases of fever with chills were reported from Village Naupala (CT), Sub- District Bagnan - II, District Howrah. District RRT investigated the outbreak. House to house fever survey was done. Cases were treated at PHC Bankurdaha. Cases were workers at a brick field. Out of 20 blood samples collected, 3 samples tested positive for P."
West Bengal,Purulia,Acute Diarrhoeal Disease,81,0,01-09-2025,01-09-2025,Under Surveillance,"Cases of loose watery stool were reported from Village Raidih, Sub- District Barabazar, District Purulia. Population of the affected area was 1135. People used tubewell water for consumption in the village. Cases were treated symptomatically. Cases were in the age group 10-70 years. ORS packets and Zinc tablets were given to cases. 2 rectal swabs collected and sent to Bankura Sammilani Medical College and Hospital, Bankura showed growth of normal commensals of GI tract after overnight incubation in culture. 2 water samples collected were non-potable. Chlorination of water sources was done. Community awareness and health education given by the peripheral team on safe drinking water, hygiene and sanitation."
Andhra Pradesh,Ntr,Cholera,358,0,11-09-2025,12-09-2025,Under Surveillance,"Cases of vomiting and loose motion were reported from Vijayawada Town, Sub-District Vijayawada (Urban), District Ntr. District RRT investigated the outbreak. House to house survey was done. The affected age group was 2-77 years. Cases were treated at a health camp established in the affected area. 10 patients were treated at GGH. Out of 55 stool samples collected, 3 samples tested positive for V. cholerae by culture. Out of 54 water samples collected and sent to Regional Lab, Guntur, 6 samples were non-potable. The sanitation staff from VMC conducted announcements and community drives in affected areas to educate residents on safe water consumption practices, hygienic food preparation methods, and the critical importance of early symptom reporting. Water supply to the area was temporarily stopped and potable water was supplied through tankers and water bubbles. Community awareness and health education given by the peripheral team on safe drink"
Andhra Tirupati Pradesh,Diarrhoeal Disease,Acute,50,0 01-09-2025,,Under Surveillance,"Cases of loose motion and vomiting were reported from Village Guthiva Ripalli Sub-District Renigunta, District outbreak. House to house survey was done. Cases were treated symptomatically. ORS packets were given to cases. Chlorine tablets were distributed to households. 11 stool samples collected and sent to Sri Balaji Medical College, Tirupati showed presence of normal gut flora. 12 water samples collected and sent to RWS lab, Srikalahasti were potable. Community awareness peripheral team on safe drinking water, hygiene and sanitation.",Tirupati. District RRT investigated the and health education given by the
Andhra Pradesh,Visakhapa tanam,Suspected Food Poisoning,25,0,06-09-2025,08-09-2025,Under Control,"Cases were reported from Village Adaviv Aram, Sub- District Visakhapatnam (Rural, District Visakhapatnam. Cases presented with loose motion, vomiting and abdominal pain after consuming food from a hotel. Cases were students of Vedam Nadam Patasala. District RRT investigated the outbreak."
Andhra Pradesh,Y.S.R.,Dengue,13,0,10-09-2025,11-09-2025,Under Surveillance,"Cases of fever were reported from Village AwcKammavaripalli- AwcKodigandla Palli, Sub- District Muddanur, District Y.S.R. District RRT investigated the outbreak. Total population of the affected area was 360. House to house fever survey was done. Cases were treated symptomatically. Cases were in the age group 6-40 years. Out of 5 serum samples collected, 1 sample tested positive for Dengue (NS1 ELISA). Source reduction activities were done. Community awareness and health education given by peripheral team on vector control measures, hygiene and sanitation."
Assam,Dhemaji,Acute Diarrhoeal Disease,64,0,12-09-2025,12-09-2025,Under Surveillance,"Cases of loose motion and vomiting were reported from Village Tingiri Gaon, Sub- District Gogamukh, District Dhemaji. District RRT investigated the outbreak. Cases were treated at a medical camp established in the locality. Cases were in the age group 4-80 years."
Assam,Majuli,Food Poisoning,74,0,13-09-2025,14-09-2025,Under Surveillance,"Cases were reported from Village Goal Gaon, Sub-District Majuli, District Majuli. District RRT investigated the outbreak. The affected age group was 5-70 years. Cases presented with symptoms of loose motion, vomiting and headache after consumption of boot-mogumaah during a Naam-Kirtan ceremony at a Namghar. 6 rectal swabs, 2 drinking water samples, and 1 sample each of chickpeas and mogu dal (whole/split) were collected. The rectal swab and water samples were sent to JMCH, Jorhat, while the food samples were sent to SPHL, Guwahati. Laboratory results showed rectal swabs positive for Enteropathogenic E. coli. The water samples were found potable, and the food samples"
Chhattisgar h,Gaurella Pendra Marwahi,Food Poisoning,26,0,08-09-2025,11-09-2025,Under Control,"Cases were reported from Village Salheghori, Sub-District Pendra Road Gorella, District Gaurella Pendra Marwahi. Cases presented with diarrhoea and vomiting. District RRT investigated the outbreak. People developed illness after consuming mushrooms. 2 stool samples were sent to CIMS, Bilaspur for culture, and both tested positive for E. coli. 1 water sample was also sent to CIMS, Bilaspur for bacteriological testing and was found to be contaminated. A health camp was organized in the affected area. Community awareness and health education given by the peripheral team on safe drinking water and food habits, hygiene and sanitation."
Chhattisgar h,Mahasam und,Acute Diarrhoeal Disease,21,0,09-09-2025,12-09-2025,Under Control,"Cases were reported from Village Paita, Sub-District Basna, District Mahasamund. Cases presented with diarrhoea and vomiting. District RRT investigated the outbreak. Contaminated bore water might be the cause of the outbreak. A health camp was organized in the affected area. Cases were treated symptomatically. Super"
Haryana,Panipat,Acute Diarrhoeal Disease,15,0,08-09-2025,09-09-2025,Under Surveillance,"Cases of vomiting and abdominal pain were reported from Deshraj Colony under UPHC Rajeev Colony, District Panipat. District RRT investigated the outbreak. Cases were treated symptomatically. All 7 stool samples collected and sent to DPHL Paniapt tested negative for Vibrio Cholera by culture. Out of 34 water samples collected and sent to DPHL, Civil Hospital, Panipat, 1 sample was unfit in bacteriological testing. All cases were found ill due to consumption of unhygienic foods from vendors/shops in the nearby area. Health education was given regarding safe drinking water and food habits."
Jharkhand,Dhanbad,Acute Diarrhoeal Disease,18,0,13-09-2025,13-09-2025,Under Surveillance,"Cases of loose watery stools were reported from Village Maharaj ganj, Sub-District Tundi, District Dhanbad. District"
Jharkhand,East Singhbum,Acute Diarrhoeal Disease,15,0,10-09-2025,10-09-2025,Under Surveillance,"Cases were reported from Village Bandhdi, Sub-District Ghatshila, District East Singhbum. Cases presented with loose motion and vomiting. District RRT investigated the outbreak. Cases were treated symptomatically. Cases were in the age group 13-68 years. 3 water samples were taken and sent to MGM VRDL Jamshedpur for water culture. 2 out of 3 samples showed growth of E. fecalis. Chlorination of water sources was done. Community awareness and health education given by the peripheral team on safe drinking water, hygiene and sanitation."
Jharkhand,East Singhbum,Acute Diarrhoeal Disease,17,0,08-09-2025,09-09-2025,Under Surveillance,"Cases were reported from Village Kumir, Sub-District Patamda, District East Singhbum. District RRT investigated the outbreak. Cases presented with loose motion and vomiting. Cases were treated at CHC Patamda. . Cases were in the age group 3-70 years. Chlorination of water sources was done. Community awareness and health education given by the peripheral team on safe drinking water, hygiene and sanitation."
Jharkhand,Sahebganj,Malaria (P. vivax & P.falciparu m),75,0,01-09-2025,08-09-2025,Under Surveillance,"Cases of fever with chills were reported from Village Chhota Solbandha, Bhagaiya, Kukdar, Chatra, Bishanpur, Pusurgoda & Mandro- Damin Bazar, Sub- District Mandro, District Sahebganj. District RRT investigated the outbreak. House to house fever survey was done. Cases were treated with anti- malarial medicines. Cases were in the age group 2-73 years. Out of 75 blood samples collected, 35 samples tested positive for P. vivax and 25 samples for P. falciparum (RDT). Anti-larval activities and fogging was done in the affected area. Community awareness and health education given by the peripheral team on vector control measures, hygiene and sanitation."
Sahebganj,Malaria (P. vivax & P.falciparum),,15,0 26-08-2025,,Under Surveillance,"Cases of fever with chills were reported from Village Jaribedo, Kapasbera, Godma, Chhuchi, Mirkabedo, Morikatru & Sahebganj. House to house fever survey was done. Cases were treated with anti-malarial medicines. Cases were in the age group 4-22 years. Out of 14 blood samples collected, 1 sample tested positive for samples for P. faciparum and 5 samples were mixed malaria positive (RDT). fogging was done in the affected area. Community awareness and health education given by peripheral team on sanitation.","Kusma, Sub-District Barhait, District District RRT investigated the outbreak. P. vivax, 7 Anti-larval activities and vector control measures, hygiene and"
Sahebganj,Malaria (P. vivax & P.falciparum),,81,0 29-08-2025,,Under Surveillance,"Cases were reported from Village Dhuliani, Kandua, Ichatanr, Pathara, District presented with fever, chills and rigor. House to house fever survey was done. Cases were treated with anti- malarial medicines. Cases were in the age group 1-70 years. Out of 81 blood samples collected, 38 samples tested positive for Malaria (P. vivax - 9, P. falciparum - 28 and mixed - 1) by RDT. Anti-larval activities and fogging was done in the affected area. Community awareness peripheral team on vector control measures, hygiene and sanitation.","BHORAI, Dapani, Chota Paharpur & Sub-District Borio, District Sahebganj. RRT investigated the outbreak. Cases and health education given by the"
Jharkhand,Saraikela Kharsawa n,Acute Diarrhoeal Disease,50,0,08-09-2025,10-09-2025,Under Surveillance,"Cases were reported from Village-Kathjor, Chilgu Panchayat, Sub-District Chandil, District Saraikela Kharsawan. Cases presented with loose motion and vomiting. District RRT investigated the outbreak. Cases were treated at a health camp organized in the locality. Medicine, ORS packets and Zinc tablets were given to cases. Chlorine tablets were distributed to households. Cases were in the age group 15-80 years. Community awareness and health education given by the peripheral team on safe drinking water, hygiene and sanitation."
Jammu and Kashmir,Baramulla,Chickenpo x,17,0,13-09-2025,14-09-2025,Under Surveillance,"Cases of fever with rash were reported from Village KanwalBag (KunchiPora), Sub- District Kunzar, District Baramulla. District RRT investigated the outbreak. Active search for fever cases was done in the affected area. Cases were treated symptomatically. Cases were in the age group 6-14 years. Out of 6 serum samples collected and sent to DPHL IDSP Baramulla, 3 samples tested positive for V. zoster virus"
Jammu and Kashmir,Ganderbal,Suspected Typhoid,57,0,10-09-2025,13-09-2025,Under Surveillance,"Cases of fever with nausea, fatigue and abdominal pain were reported from Village Nuner, Urpash & GotliBagh, Sub- District/ District Ganderbal. District RRT investigated the outbreak. Population of the affected area was 1600. Cases were treated at NTPHC Gutlibagh. Age group of the affected cases was 6 to 60 years. 7 patients were treated at District Hospital Ganderbal. Probable cause of this outbreak was contaminated water. Out of 41 blood samples collected, 31 samples tested positive for S. typhi by widal. 3 water samples collected were unsatisfactory for drinking purpose. Chlorination of water sources was done. Community awareness and health education given by the peripheral team on safe drinking water, hygiene and sanitation."
Jammu Kashmir,Human Rabies,,1,1 04-09-2025,,Under Control,"Case clinically reported from Village Lehar, Sub-District Akhnoor, District outbreak. It was found that the deceased was bitten by his pet dog 2.5 months back and he didn't take ARV post the bite. On further investigation it was found that the pet dog was a pub and it was initially bitten by stray dogs a few days before he bit his owner. The patient aged 62-years-male .received treatment CHC Akhnoor and died at home with symptoms of anxiety, hydrophobia on 01-09-2025. 29 contacts of the patient were vaccinated.Community awareness session on dog bite management and rabies prevention was conducted. Local health authorities and Panchayat were informed to coordinate on stray dog surveillance.","diagnosed for human rabies was Jammu. District RRT investigated the at confusion, agitation, hallucinations and sensitization and"
Jammu and Kashmir,Kathua,Dengue,16,0,11-09-2025,13-09-2025,Under Surveillance,"Cases of fever with fatigue and myalgia were reported from Village Baranoti, Sub- District/District Kathua.District RRT investigated the outbreak. House to house fever survey was done. Cases were treated at a medical camp established in the locality. All 16 serum samples collected and sent to IDSP- DPHL Kathua tested positive for"
Jammu and Kashmir,Shopian,Acute Diarrhoeal Disease,29,0,07-09-2025,08-09-2025,Under Surveillance,"Cases of loose motion and vomiting were reported from Village Gatipora, MUGAP ATHRI, Barthi Pora, Kellar & ButaMaran Wanpora, Sub- District Keller, District Shopian. District RRT investigated the outbreak. House to house survey was done. Cases were treated at PHC Berthipora. ORS packets were given to cases. Cases were in the age group 1-65 years. Chlorine tablets were distributed to households. All 16 stool samples collected and sent to DPHL Shopian tested negative for cholera by culture. Out of 4 water samples collected, 2 samples were unsatisfactory for drinking purpose. Community awareness and health education given by the peripheral team on safe drinking water, hygiene and sanitation."
Kerala,Ernakula m,Acute Diarrhoeal Disease,48,0,06-09-2025,08-09-2025,Under Control,"Cases were reported from Village Keerampara, Sub- District Kothamangalam, District Ernakulam. Cases presented with loose stools, vomiting and abdominal pain. District RRT investigated the outbreak. 5 water samples were collected from different points and 3 samples were found to be positive for E.Coli. 2 stool samples were collected from symptomatic cases and sent to NIV Alleppey for gastro panel test and 1 sample found to be positive for Rota virus. Community awareness and health education given by the peripheral team on safe drinking water and food habits, hygiene and sanitation."
Kerala Ernakulam,Gastroenterit,Acute is,31,0 02-09-2025,,Under Control,"Cases were reported from St. School, Chengal, Village Kalady, District Ernakulam. Cases presented with vomiting, fever, headache, loose stools and stomach pain. District RRT investigated the outbreak. The affected age group was 5-15 years. Cases were treated symptomatically. ORS packets were given to cases. Community awareness and health education drinking sanitation.","Joseph Girl's High given by the peripheral team on safe water and food habits, hygiene and"
Kerala,Kannur,Dengue,22,1,08-09-2025,12-09-2025,Under Surveillance,"Cases were reported from Village Kadambur - CT, Kuttiattoor (CT), Thiruvangad, Edakkad - CT & Elayavo or (CT), District Kannur. Cases presented with fever and body ache. District RRT investigated"
Kerala,Kasaragod,Suspected Food Poisoning,14,0,09-09-2025,10-09-2025,Under Surveillance,"Cases were reported from m Pallikkare Panchayath, Sub- district Hosdurg, District Kasaragod. The public health team of FHC Pallikkara, along with the Food Safety Department visited the affected area and directed to close the hotel at which food was prepared. Cases presented with loose motion and vomiting. Cases had consumed food (Shavarma) at a religious gathering on 08.09-2025. The affected age group was 13-15 years. Cases were treated at BFHC Periya. Community awareness and health education given by peripheral team on safe food habits, hygiene and sanitation."
Kerala,Kollam,Hepatitis A,31,0,11-09-2025,12-09-2025,Under Surveillance,"Cases were reported from Village Anchal, Edamulackal & Ittiva, Sub-District Punalur, District Kollam. District RRT"
Kerala,Palakkad,Suspected Food Poisoning,31,0,14-09-2025,14-09-2025,Under Surveillance,"Cases were reported from Village Vadakkancheri- I, Sub- District Alathur, District Palakkad. District RRT investigated the outbreak. Cases developed symptoms of loose motion, vomiting and abdominal pain in 4-5 hours after consuming food at a local cafe. Cases were in the age group 5-59 years. Cases were treated at CHC Vadakkenchery. Health education given regarding safe food habits, hygiene and sanitation."
Kerala,Palakkad,Acute Gastroente ritis,177,0,09-09-2025,10-09-2025,Under Control,"Cases were reported from Village Vadakkancheri- I, Sub- District Alathur, District Palakkad. District RRT investigated the outbreak. On 8th September 2025, approximately 900 people attended an engagement ceremony. A variety of food items were served. Majorly, people who consumed beef curry, pork curry, moru curry, fish curry and rice developed symptoms such as vomiting, loose motion and stomach pain. A medical camp was organized in the locality. Cases were treated symptomatically at the camp and at CHC Vadakkenchery. Community awareness and health education given by the peripheral team on safe food habits, hygiene and sanitation."
Kerala,Palakkad,Food Poisoning,46,0,08-09-2025,09-09-2025,Under Control,"Cases were reported from Village Thrithal (CT), Sub- District Pattambi, District Palakkad. District RRT investigated the outbreak. Approximately 600 people consumed food (biryani) in a religious gathering. After 4-5 hours, 46 people developed symptoms of loose motion, vomiting and abdominal pain."
Kerala,Thrissur,Hepatitis A,24,0,11-09-2025,13-09-2025,Under Surveillance,"Cases of fever, fatigue, loss of appetite, nausea, vomiting, abdominal pain and dark coloured urine were reported from Ward no. 11, Panjal Gram Panchayat, Sub-District Talappilly, District Cases consumed water from a common well indicating it as the probable source of infection. District RRT investigated the outbreak. Cases were treated at a medical camp established in the locality. 2 cases were treated at CHC Pazhayannur and MCH Thrissur. 2 blood samples collected tested positive for Hepatitis A (IgM ELISA). Cases were in the age group 3-60 years. Chlorination of the well water was done. Gram panchayat was advised to provide safe water supply in the village. Strong support from Panjal Grama Panchayath, Kerala Water Authority, ward-"
Karnataka,Belagavi,Suspected Food Poisoning,122,0,12-09-2025,12-09-2025,Under Surveillance,"Cases of loose motion, vomiting and abdominal pain were reported from Village Hirekudi, Sub-District Chikodi, District Belagavi. Cases were students of Moraraji Desai Residential school Tyangyankodi. District RRT investigated the outbreak. Cases were in the age group 11- 16 years. Cases were treated at 70 cases were treated at GH Chikodi, 7 cases at MCH chikodi and 2 cases were treated at BIMS Belagavi. 4 stool samples collected tested negative for cholera by Microscopy Hanging Drop Preparation. Chlorination of water sources was done. Community awareness and health education given by the peripheral team on safe drinking water and food habits, hygiene and sanitation."
Karnataka,Dharwad,Acute Diarrhoeal Disease,54,0,09-09-2025,11-09-2025,Under Control,"Cases were reported from Village Gudisaga, Sub-District Navalgund, District Dharwad. Cases are presented with loose watery stools and abdominal pain. District RRT investigated the outbreak. Probable cause of this outbreak was consumption of contaminated water. District RRT investigated the outbreak. House to house survey was done by the health team. Medicine and ORS packets were given to cases. 5 cases were treated at Navalgund Taluk hospital. Cases were in the age group 5-65 years. All 4 stool samples collected tested negative for cholera by culture. People were advised to drink boiled water. Water supply from the overhead tank was stopped and alternate water supply through tankers was arranged. Community awareness and health education given by the peripheral team on safe drinking water, hygiene and sanitation."
Karnataka,Raichur,Dengue,134,0,11-09-2025,11-09-2025,Under Surveillance,"Cases of fever were reported from Village Halbhavi, Sub- District Lingsugur, District Raichur. District & Taluka RRT team the affected area. House to house fever survey was done. Cases were treated at PHC Echnal. Cases were in the age group 6-65 years. Out of 55"
Maharashtr a,Dhule,Fever,11,1,11-09-2025,12-09-2025,Under Surveillance,"Cases were reported from Village Ganeshpur, Sub-District Sakri, District Dhule. Cases presented with fever less than 7 days. District RRT investigated the outbreak. Cases were students of Ashramshala Ganeshpur. Active search for fever cases was done in the school. Cases were treated at PHC Kasare. Few cases were treated at GMC Dhule. One death of a 12-years-old girl child occurred on 13-09-2025. Cases were in the age group 6-15 years. All 4 blood samples collected tested negative for Malaria parasite by MPBS. Community awareness and health education given by the peripheral team on"
Kolhapur a,Dengue,,20,0 28-08-2025,,Under Surveillance,"Cases of fever with myalgia were reported from Village Kodoli, Gargoti & Pandharewad, Sub-District Panhala, District Kolhapur. District RRT investigated the outbreak. House to house fever survey was done. Cases were treated at PHC Kekhale. Out of 20 serum samples collected and sent to SSH-CPRH Kolhapur, 10 samples tested positive for Dengue (IgM ELISA). Anti-larval activities and fogging was done in the affected education given control measures, hygiene and sanitation.",area. Community awareness and health by the peripheral team on vector
Maharashtr a,Parbhani,Suspected Food Poisoning,17,0,12-09-2025,12-09-2025,Under Control,"Cases of loose motion, vomiting and abdominal pain were reported from Village/SC Makhni, PHC Kodri, Sub- District Gangakhed, District Parbhani. District RRT investigated the outbreak. Around 100 people consumed food during the Pitrupaksh Shradha meal. Cases developed symptoms 4-5 hours after consuming food. 16 patients were treated at SDH Gangakhed & 1 Patient was treated at DH Parbhani. Cases were in the age group 13-80 years. Gram panchayat authorities arranged immediate supply of potable water to the residents. Community awareness and health education given by the peripheral team on safe food habits, hygiene and sanitation."
Maharashtr a,Yavatmal,Suspected Food Poisoning,17,0,09-09-2025,12-09-2025,Under Surveillance,"Cases of loose motion, vomiting and abdominal pain were reported from Village Shebalpimpri, Sub-District Pusad, District Yavatmal. District RRT investigated the outbreak. Approximately 200 people gathered in a festival celebration where they consumed sweets. Cases were treated symptomatically."
Madhya Agar Malwa Pradesh,,Fever,21,0 30-08-2025,,Under Surveillance,"Cases were reported from Village Borkhe di Kabal & Kalaria, Sub-District Susner, District Agar Malwa. Cases presented with fever for more than 7 days, joint pain, headache investigated survey was done. Cases were treated at CHC Susner. Cases were in the age group 11-75 years. All 21 serum samples tsutsugamushi activities was done by the gram panchayat team. Community awareness and health education given by the peripheral hygiene and sanitation.","and muscle pain. District RRT the outbreak. House to house fever collected tested negative for O. (IgM ELISA). Source reduction team on vector control measures,"
Madhya Pradesh,Indore,Fever,21,0,11-09-2025,11-09-2025,Under Surveillance,"Cases of fever with chills were reported from Sanjeevani Daly College (ZONE-S), UPHC Musakhedi, Sub-District/District Indore. District RRT investigated the outbreak. Fever survey was done in the affected area. Cases were treated at UPHC Musakhedi. Out of 21 blood samples collected, 1 sample tested positive for P. vivax (RDT). Source reduction activities done. Community awareness and health education given by the peripheral team on vector control measures, hygiene and sanitation."
Madhya Pradesh,Mandla,Acute Diarrhoeal Disease,11,0,14-09-2025,14-09-2025,Under Surveillance,"Cases of loose motion and vomiting were reported from Village Simariya, Sub-District Ghughari, District Mandla. District RRT investigated the outbreak. People consumed water from a well in the affected area. Cases were treated at a health camp organized in the locality. All 4 stool samples collected tested negative for Vibrio cholerae, Salmonella spp. & Shigella spp. All 7 serum"
Madhya Pradesh,Sheopur,Acute Diarrhoeal Disease,28,0,13-09-2025,13-09-2025,Under Surveillance,"Cases were reported from Village NayagaonTehkhand, CHC Baroda, Sub-District Badoda, District Sheopur. Cases presented with loose motion and vomiting. District RRT investigated the outbreak. House to house fever survey was done. Cases were treated symptomatically. 2 stool samples collected and sent to SMRVS Shivpuri were invalid. 2 water samples collected were potable. Cases were in the age group 1-60 years. Chlorination of water sources was done. Community awareness and health education given by the peripheral team on safe drinking water, hygiene and sanitation."
Madhya Pradesh,Sidhi,Acute Diarrhoeal Disease,12,0,08-09-2025,08-09-2025,Under Surveillance,"Cases were reported from Village Tansar, Sub-District Kusmi, District Sidhi. Cases presented with loose motion and vomiting. District RRT investigated the outbreak. House to house fever survey was done. Cases were treated symptomatically. 1 stool sample collected and sent to PH Lab Rewa, tested negative for cholera by culture. Cases were in the age group 14-55 years. Chlorination of water sources was done. Community awareness and health education given by the peripheral team on safe drinking water, hygiene and sanitation."
Odisha,Cuttack,Hepatitis A,29,0,08-09-2025,08-09-2025,Under Surveillance,"Cases of fever with nausea, yellow sclera and pain in abdomen were reported from Village Dalabhaga, Sub-District Athagad, District Cuttack. District RRT investigated the outbreak. House to house survey was done. Cases were treated at CHC Berhampur. Majority of the cases were below 15 years of age. Out of 22 blood samples collected and sent to DPHL Cuttack, 2 samples tested positive for Hepatitis A (Anti- HAV IgM ELISA). Chlorine tablets were distributed to households. Community awareness and health education given by the peripheral team on safe drinking water, hygiene and sanitation."
Odisha,Ganjam,Fever,38,0,09-09-2025,10-09-2025,Under Control,"Cases of fever with myalgia were reported from Village Balapanka, Sub-District Badagada, District Ganjam. District RRT investigated the outbreak. Cases were students of Sevashrama School. Most cases were in the age group 5-14 years. All cases were given"
Odisha,Khordha,Hepatitis A,11,0,11-09-2025,11-09-2025,Under Surveillance,"Cases of loss of appetite, fever with abdominal pain and nausea were reported from Village Daman bhuin, Sub-District Tangi, District Khordha. District RRT investigated the outbreak. The affected age group was 5-14 years. Cases were treated at CHC Ola. 4 blood samples collected and sent to DPHL Khordha tested positive for Hepatitis A (IgM ELISA). 4 water samples were collected and sent to DPHL Khordha for H2S and OT test. Sample tested positive for H2S and OT <0.01. Chlorine tablets were distributed to households. Community awareness and health education given by the peripheral team on safe drinking water, hygiene and sanitation."
Punjab Amritsar,Diarrhoeal Disease,Acute,16,2 10-08-2025,,Under Control,"Cases of loose motion, vomiting and stomach ache were reported from Village Khan Kot, Block Verka, District Amritsar. The affected age group was 10-70 years. District RRT investigated the outbreak. 2 blood samples, 3 stool samples and 8 water samples were collected, of which 4 water samples were tested using H₂S vial kits. The samples were sent to DPHL, Amritsar, and 4 water samples were sent to SPHL Lab, Kharar. Stool samples showed growth of E. coli, while blood samples were negative for Hepatitis A and E. The water samples were non-potable. The diagnosis was confirmed using ELISA and culture methods. Based on the verbal autopsy, 2 deaths were reported. The first was a 35-year-old male on 17-08-25 who experienced one night of diarrhea and vomiting. He was not admitted to any healthcare facility, and no medical records were available; the deceased also had a history of drug addiction. The second was a 65-year- old male on 17-08-25 who had two days of loose stools and reportedly took medication from a local RMP. Zinc, ORS and chlorine tablets were distributed. A health camp was Community awareness and health education given by the peripheral team on water-borne diseases, hygiene and sanitation.","vomiting, was not hospitalized, and organised at a local Gurudwara."
"Punjab Ludhiana th March, 2020. The States have been reporting the COVID-19 cases and deaths on a real-time basis and the same was being updated on the website of",Hepatitis A,COVID-19 STATUS,14,0 02-07-2025,,Under Control,"Cases of loss of appetite, nausea and yellow colored urine were reported from Village Block Ludhiana. House to house survey was done. Cases were treated at PHC KaunkeKalan. Cases were in the age group 7- 19 years. Out of 14 blood samples collected and sent to GMC Hepatitis A (IgM sources was done. education drinking sanitation.","Kaunke Kalan, Hathur, Sub-District Jagraon, District District RRT investigated the outbreak. Patiala, 5 samples tested positive for ELISA). Chlorination of water Community awareness and health given by the peripheral team on safe water and food habits, hygiene and"
Puducherry,Mahe,Mpox,1,0,11-09-2025,12-09-2025,Under Surveillance,"A case was reported from Mahe area, Sub-District/District Mahe. District RRT investigated the outbreak. A 21 -years-old male presented with fever, sore throat, and cough on 01-09-2025, Skin lesions started on 07-09-2025 over face and lower limb after three days. Clinically no lymphadenopathy was seen. The case had a history of travel from abroad on 10-09-2025 and was admitted to Govt. General Hospital, Mahe with clinical symptoms provisionally diagnosed as Mpox. The patient was referred to Kozhikode Medical College for a confirmation test and further management. Sample was tested at NIV Pune on 15-09-2025 which was positive for Mpox by RT-PCR. The patient was sent for home isolation of 21 days. First followup sample tested positive for Mpox by RT-PCR on 23-09-2025 and second followup sample tested negative on 29-09-2025 at NIV Pune. The patient was discharged from home isolation on 02-10-2025. 16 close contacts of the patient were identified and quarantined for 21 days. None of the contacts develop any symptom. Mental support and health awareness was given on control, hygiene, and sanitation."
Puducherry,Pondicher ry,Cholera,60,0,08-09-2025,11-09-2025,Under Surveillance,"Cases of loose motion and vomiting were reported from Village Saram, Sub-District Puducherry Taluk, District Pondicherry. District RRT investigated the outbreak. Cases were clustered along the main drainage canal Uppanar and areas supplied by an old pipeline from Muthirapalayam. Cases were treated symptomatically. Out of 12 stool samples collected and sent to JIPMER Puducherry, 1 sample tested positive for V. cholerae by culture. Further, out of 27 stool samples were sent to DPHL Pondy, 1 sample tested positive for V. cholerae by RT- PCR. Out of 34 water samples collected, 2 samples were non- potable. Pipeline leakages were repaired. Chlorination of water sources was done. Community awareness and health education given by the peripheral team on safe drinking water, hygiene and sanitation."
Rajasthan,Baran,Acute Diarrhoeal Disease,50,0,11-09-2025,11-09-2025,Under Surveillance,"Cases of loose motion and vomiting were reported from Village Kalmodiya, Sub-District Chhipabarod, District Baran. District RRT investigated the outbreak. Cases were treated at CHC Sarthal. Majority of the cases were in the age group 21- 30 years. 1 stool sample collected and sent to MBS Kota showed growth of E. coli by culture. Chlorine tablets were distributed to households. Community awareness and health education given by"
Tamil Nadu,Coimbator e,Mumps,20,0,09-09-2025,10-09-2025,Under Surveillance,"Cases of facial swelling, fever, and Myalgia were reported from NSCBAV School, Village Valparai town, Sub-District Valparai, District Coimbatore. Active search for fever cases was done in the locality. Cases were treated at PHC Valparai. Cases were in the age group 8 and 14 years. Buccal swabs were collected from 3 individuals and sent to the Department of Virology, King Institute of Preventive Medicine & Research, Chennai, for RT-PCR testing, where 1 sample tested positive for the mumps virus. The children were advised to remain in home isolation for five days to prevent further spread of the infection, and awareness measures were implemented."
Tamil Nadu,Tirupathu r,Fever,16,0,09-09-2025,09-09-2025,Under Control,"Cases of fever were reported from Village Adiyathur & Mel Achamangalam, Sub-District Tirupathur, District Tirupathur. District RRT investigated the outbreak. House to house search for fever cases was done. Cases were treated at a health camp organized in the locality. Most of the cases were in the age group 11-15 years. 3 serum samples were collected and sent to DPHL Pudhupettai for NS1 Ag ELISA testing, and all tested negative. Anti-larval activities and fogging was done. Community awareness and health education"
West Bengal,Purulia,Cholera,26,0,10-09-2025,11-09-2025,Under Control,"Cases of loose motion and vomiting were reported from Village Saga, Sub-District Bundwan, District Purulia. District/Block RRT investigated the outbreak. Population of the affected area was 1002. Treatment was provided at Bandwan Rural Hospital. Symptomatic treatment was given to cases. Majority of the cases were in the age group 20- 29 years. Out of 2 rectal swabs collected and sent to the Department of Microbiology, Bankura Sammilani Medical College and Hospital, Bankura, 1 sample showed growth of V. cholerae by culture. Water samples collected from the tubewell were found contaminated as reported by the PHE Department. Chlorination of water sources was done. Community awareness and health education given by the peripheral team on vector control measures, hygiene and sanitation."
Andhra Pradesh,Kurnool,Food Poisoning,16,0,27-02-2025,18-09-2025,Under Control,"Cases were reported from Village Mantralayam - I, Sub- District Mantralayam, District Kurnool. Cases presented with loose stools and vomiting. District RRT investigated the outbreak. The affected age group was 5-65 years. Cases developed symptoms after consuming Prasadam (chickpeas and Panchamrutham). All cases were treated at a medical camp organized in the locality. Medicines and ORS packets was given to cases. Community awareness and health education given by the peripheral team on safe drinking water and food habits, hygiene and sanitation."
Andhra Pradesh,Spsr Nellore,Fever,32,0,13-09-2025,15-09-2025,Under Surveillance,"Cases of fever were reported from AP Girl Residential Hostel, Village Atmakur, Sub- District Atmakur, District Spsr Nellore. District RRT investigated the outbreak. The affected age group was 10-15 years. A round-the-clock medical camp was conducted. A total of 25 blood samples were collected and tested for Dengue (Rapid NS1), Malaria (RDT), Typhoid (Widal test). 2 samples tested positive for Salmonella typhi by the Widal test. Chlorination, spraying, and anti-larval activities were carried out in the affected area. Community awareness and health education given by the peripheral team on safe drinking water and food habits, vector control measures, hygiene and sanitation."
Arunachal Pradesh,Changlang,Suspected Typhoid,62,0,18-09-2025,18-09-2025,Under Surveillance,"Cases were reported from Changlang township, Sub- District Changlang Hq, District Changlang. They presented with symptoms of fever, headache, fatigue and stomach pain. District RRT investigated the outbreak. The affected age group was 4 to 60 years. 62 blood samples were collected and sent to District Hospital Changlang where 47 were found to be positive for Typhoid Fever tested by Widal. Community awareness and health education given by the peripheral team on hygiene, safe water, and early health seeking behavior."
Arunachal Pradesh,Changlang,Dengue,26,0,15-09-2025,15-09-2025,Under Control,"Cases were reported from Diyum township, Sub-District Diyum EAC, District Changlang. The cases presented with symptoms of fever, aches and pains. The affected age group was 18 to 75 years. District RRT investigated the outbreak. Out of 26 blood samples collected and sent to DPHL Tezu, District Lohit, 9 samples tested positive for Dengue (NS1 ELISA). Community awareness and health education given by the peripheral team on vector control measures, hygiene and sanitation."
Assam,Bajali,Leptospirosi s,1,1,11-09-2025,19-09-2025,Under Surveillance,"A 53-year-old female case reported with the symptoms of sudden onset of fever with abdominal discomfort from Village Katola Pathar (Katbal Pathar), Sub-District Sarupeta (Pt), District Bajali on 26.08.2025. District RRT investigated the outbreak. She was later admitted to FAAMCH on 02.09.2025 with worsening symptoms. Laboratory testing (IgM ELISA) on 09.09.2025 confirmed Leptospirosis; other tests for Hepatitis A & E, Scrub Typhus, Malaria, and HBsAg were negative. The patient succumbed on 09.09.2025 due to septic shock secondary to Leptospirosis. The likely source of infection was contaminated surroundings due to close animal-human contact. Public health actions included community awareness on zoonotic diseases, active case search, surveillance by AAM team, and veterinary sample collection for testing."
Assam,Hojai,Suspected Food Poisoning,35,0,15-09-2025,16-09-2025,Under Surveillance,"Cases were reported from Village Lanka ward no: 5, Sub- District Lanka, District Hojai. Cases presented with diarrheoa, vomiting and abdominal pain. District RRT investigated the outbreak. The affected age group was 4-65 years. The cases developed symptoms after consuming puja prasad. 13 patients were admitted to Lanka BPHC. 4 water samples, 3 stool samples, and food samples (collected by the FSO) were collected and sent to DMCH. The culture test showed growth of Escherichia coli, while no other significant enteric bacterial pathogen was detected. ORS and Zinc tablets were distributed. Community awareness and health education given by the peripheral team on safe drinking water and food habits, hygiene and sanitation."
Assam,Lakhimpur,Food Poisoning,35,0,16-09-2025,16-09-2025,Under Control,"Cases were reported from Village Jariguri, Sub-District Naobaicha, District Lakhimpur. Cases presented with fever, headache, abdominal pain, vomiting and loose motions. District RRT investigated the outbreak. The affected age group was 8-70 years. The incident arose after consuming Mah-Prashad. Moderate and severe patients were treated at Nowboicha CHC and LMCH. Food remnants were collected by the Food Safety Officer and sent to the SPHL, Bamunimaidam, Guwahati. 8 rectal swab specimens were collected and sent to the DPHL, Telahi Model Hospital for culture and sensitivity testing. Results showed normal growth of E. coli after 48 hours of aerobic incubation. 1 water sample collected from the source where the Mah-Prashad was prepared was tested for H₂S and MPN, and was non-potable. Community awareness and health education given by the peripheral team on safe drinking water and food habits, hygiene and sanitation."
Bihar,Darbhanga,Acute Diarrhoeal Disease,66,2,18-09-2025,19-09-2025,Under Surveillance,"Cases were reported from Village Ward-5 Sara Mohanpur, Sub-District Darbhanga, District Darbhanga. Cases presented with loose motion and vomiting. District RRT investigated the outbreak. The incident was due to poor hygiene conditions. Cases were treated at a health camp organized in the affected area. 30 cases were treated at DMCH. The affected age group was 4-75 years. 2 deaths were reported in a 36 years-old female and a 62-years-old male with severe dehydration on 17- 09-2025. 2 water samples collected by PHED and sent to DLWTL Darbhanga were potable. Chlorination of water sources was done. Overhead tanks were cleaned. Community awareness and health education given by the peripheral team on safe drinking water and food habits, hygiene and sanitation."
Bihar,Munger,Acute Diarrhoeal Disease,42,0,15-08-2025,Surveillance,Under,"Cases of loose motion and vomiting were reported from Village Deoraj, Sub-District Tetiha Bambor, District Munger. District RRT investigated the outbreak. The affected age group was 3-75 years. Cases were treated symptomatically. 1 water sample collected and sent to NMCH Patna was potable. Chlorine tablets were distributed to households. Community awareness and health education given by the peripheral team on safe drinking water and food habits, hygiene and sanitation."
Bihar,Vaishali,Fever with Rash,10,0,20-09-2025,20-09-2025,Under Surveillance,"Cases of fever with rash were reported from Village Azampur, Sub-District Desri, District Vaishali. District RRT investigated the outbreak. House to house search for fever cases was done. The most affected age group was 9-25 years. Cases were treated symptomatically. Community awareness and health education given by the peripheral team on isolation of cases, hygiene maintenance and proper nutrition."
Delhi,South West,Acute Diarrhoeal Disease,20,0,16-09-2025,18-09-2025,Under Control,"Cases of loose motion and vomiting were reported from Pitampura, Jail Road, Delhi Cantt and Dwarka areas of South West Delhi. District RRT investigated the outbreak. Most of the cases were reported on 16th & 17th September, 2025. Cases were treated at AAM Sector 19, Dwarka. Cases were in the age group 2-83 years. It was observed that the probable cause of the outbreak was contaminated water. Medicines and ORS packets were given to cases. Community awareness and health education given by the peripheral team on safe drinking water and food habits, hygiene and sanitation."
Gujarat,Ahmadabad,Acute Diarrhoeal Disease,11,0,17-09-2025,17-09-2025,Under Control,"Cases were reported from SVP Enclave Ahmadabad city, UPHC Shilaj, District Ahmadabad. Cases presented with loose stools and vomiting. District RRT investigated the outbreak. The affected age group was 5-44 years. Medical camp was conducted. 6 water samples were collected and sent to Central Laboratory, Dudheshwar. 1 sample was found to be non-potable. Chlorine tablets and ORS sachets were distributed and Superchlorination of water source was done. Community awareness and health education given by the peripheral team on safe drinking water, food habits, hygiene and sanitation."
Gujarat,Patan,Hepatitis A,11,0,20-09-2025,20-09-2025,Under Surveillance,"Cases were reported from Village DER-2, Sub-District Patan, District Patan. Cases presented with fever and vomiting. District RRT investigated the outbreak. House to house survey was done. The affected age group was 2-12 years. Cases were treated symptomatically. All 5 serum samples collected and tested at SDH Siddhpur tested positive for Hepatitis A (IgM ELISA). Chlorine tablets were distributed to the households. Community awareness and health education given by the peripheral team on safe drinking water, food habits, hygiene and sanitation."
Gujarat,Rajkot,Mpox (Clade I),1,0,20-09-2025,20-09-2025,Under Surveillance,"2 cases were reported from Rajkot, Gujarat. A 37-year-old male with a history of international travel to Malaysia and Dubai, developed blisters on the face and rashes over the peri-anal region on 05-09-2025 while in Malaysia. Symptoms worsened, and he sought medical care on 10-09-2025 in Malaysia and on 11-09-2025 in Dubai. The patient returned back to India on 13-09-2025 and was admitted to Sterling hospital Rajkot. NPS/TS, scrapping from base of lesion and lesion swab samples were collected on 18-09-2025 and sent to the National Institute of Virology (NIV), Pune, which tested positive on 19-09-2025 for Mpox virus RT-PCR (Clade I). The patient is currently stable on room air. No further cases were detected during 21 days of follow-up. A total of three samples of contacts were collected and all tested negative for Mpox virus at NIV Pune. Public health actions included contact tracing and screening, isolation of the index case at Sterling Hospital, active surveillance of the residential area, and monitoring of all asymptomatic contacts."
Jharkhand,East Singhbum,"Hand, Foot and Mouth Disease",30,0,13-09-2025,15-09-2025,Under Surveillance,"Cases of fever with rash on hand and feet, mouth ulcers were reported from Ram Krishna Vivekananda International School, Sub- District Chakulia, District East Singhbum. District RRT investigated the outbreak. Cases were treated symptomatically. Majority of the cases were in the age group 5-14 years. School authorities were advised to identify symptomatic cases and advise them to stay at home for 7 days. Community awareness and health education given by the peripheral team on isolation of cases, maintain proper hydration, hygiene and sanitation."
Jharkhand,Latehar,Acute Diarrhoeal Disease,32,0,17-09-2025,18-09-2025,Under Surveillance,"Cases of loose motion and vomiting were reported from Village Temki, PHC Murup, Sub-District/District Latehar. Block RRT investigated the outbreak. Cases were children aged 1-21 years. All cases were treated at Sadar Hospital Latehar. Community awareness and health education given by the peripheral team on safe drinking water and food habits, hygiene and sanitation."
Jammu and Kashmir,Bandipora,Chickenpox,21,0,19-09-2025,19-09-2025,Under Surveillance,"Cases of fever with rash were reported from Govt. Boys Middle School Sheikhpal Watrina and Govt. Middle School Watrina Bandipora, Village Sheikhpal Watrina, Sub-District Bandipora, District Bandipora. District RRT investigated the outbreak. The affected age group was 4-13 years. 6 blood samples were collected and sent to DPHL Baramulla for IgM Varicella zoster. 2 samples were found positive for IgM Varicella zoster. Health education Community awareness and health education given by the peripheral team on the spread of disease, isolation of affected cases, hygiene and sanitation."
Jammu and Kashmir,Baramulla,Hepatitis A,44,0,17-09-2025,17-09-2025,Under Surveillance,"Cases were reported from Villages Kunzar and Goonipora, Sub-District Kunzar, District Baramulla. Cases presented with fatigue, fever and yellow discoloration of eyes. District RRT investigated the outbreak. The affected age group was 4-41 years. 23 blood samples were tested for Anti-HAV IgM ELISA at DPHL, Baramulla, of which 3 were positive for Hepatitis A virus. 5 water samples were collected and tested at DPHL, Baramulla, and were found to be non-potable. Community awareness and health education given by the peripheral team on safe drinking water, food habits, hygiene and sanitation."
Jammu and Kashmir,Baramulla,Chickenpox,11,0,15-09-2025,15-09-2025,Under Surveillance,"Cases of fever with rash were reported from PM Shree Govt Middle School Village Reram, Sub-District Kunzar, District Baramulla. District RRT investigated the outbreak. The affected age group was 7-14 years. 6 blood samples were sent to DPHL Baramulla for confirmation of Varicella zoster virus infection by IgM ELISA, of which 2 tested positive. Community awareness and health education given by the peripheral team on the spread of disease, isolation of affected cases, hygiene and sanitation."
Jammu and Kashmir,Jammu,Suspected Food Poisoning,10,0,17-09-2025,19-09-2025,Under Surveillance,"Cases were reported from Village Arnia, Sub-District Arnia, District Jammu. Cases presented with nausea, vomiting, dizziness, abdominal pain, chest discomfort and palpitations. District RRT investigated the outbreak. The affected age group was 2-74 years. All cases had consumed flour bought from the same shop. It was also noted that some packets were opened and stored for a long period. All patients were managed symptomatically at PHC Arnia. Community awareness and health education given by the peripheral team on safe drinking water, food habits, hygiene and sanitation."
Jammu and Kashmir,Kathua,Dengue,65,0,16-09-2025,16-09-2025,Under Surveillance,"Cases of fever with muscle pain and fatigue were reported from Ward Nos.4 and 10, District Kathua. District RRT investigated the outbreak. The affected age group was 5-80 years. Cases were treated at a health camp established in the locality. 65 blood samples were tested at IDSP-DPHL for Dengue by NS1 antigen and IgM ELISA, and all were found positive. Community awareness and health education given by the peripheral team on vector control measures, hygiene and sanitation."
Jammu and Kashmir,Kulgam,Hepatitis A,33,1,16-09-2025,16-09-2025,Under Surveillance,"Cases of loss of appetite, fatigue, yellow coloured urine and fever were reported from Village Katrasoo, Sub- District/District Kulgam. District RRT investigated the outbreak. House to house survey was done. The total population of the affected village was 2466. Cases were treated symptomatically. Cases were in the age group 7-70 Out of 19 serum samples collected and sent to DPHL Anantnag, 5 samples tested positive for Hepatitis A (IgM ELISA). 7 water samples were collected and sent to DPHL Kulgam for MPN count, two water samples were found unsatisfactory. The primary cause of this outbreak was identified as unsafe drinking water. 1 death was reported in an 11-years-old male on 17-09-2025. Chlorination of water sources was done. The local people were advised to drink boiled water and maintain proper hygiene."
Jammu and Kashmir,Kupwara,Acute Diarrhoeal Disease,22,0,17-09-2025,17-09-2025,Under Surveillance,"Cases of loose watery stools were reported from Village Goose, CHC Kupwara, Sub- District/District Kupwara. District RRT investigated the outbreak. Symptomatic treatment was given to cases. The affected age group was 18 to 65 years. 1 stool sample collected and sent to District Public Health Laboratory IDSP Kupwara tested negative for cholera by culture. 2 water samples collected were non- potable. Chlorine tablets were distributed to households. Community awareness and health education given by the peripheral team on safe drinking water and food habits, hygiene and sanitation."
Kerala,Ernakulam,Acute Diarrhoeal Disease,17,0,15-09-2025,20-09-2025,Under Surveillance,"Cases of loose stools and vomiting were reported from Village Mootha kunnam (CT), Sub-District Paravur, District Ernakulam. District RRT investigated the outbreak. Cases were UKG students of Margreogorius School ward V of Parur municipality. District RRT investigated the outbreak. Cases were treated in OPD at different health facilities. 2 water samples collected from tap water of school premises tested positive for coliform bacteria. Chlorination of water sources was done. School authorities were informed to provide potable water in the school. Community awareness and health education given by the peripheral team on safe drinking water, hygiene and sanitation."
Kerala,Ernakulam,Suspected Food Poisoning,14,0,15-09-2025,18-09-2025,Under Surveillance,"Cases of loose motion and abdominal pain were reported from Village Mookkannoor, Sub-District Aluva, District Ernakulam. District RRT investigated the outbreak. Cases consumed food at Girls hostel FISAT Engineering College. All cases were treated at PHC Mookkannur. Cases were in the age group 18-21 years. Community awareness and health education given by the peripheral team on safe food habits, hygiene and sanitation."
Kerala,Ernakulam,Shigellosis,20,0,12-09-2025,15-09-2025,Under Surveillance,"Cases of loose motion and vomiting were reported from Village Kuttampuzha, Sub- District Kothamangalam, District Ernakulam. District RRT investigated the outbreak. Cases were treated at a medical camp organized in the locality. 1 patient was treated at MCH Kalamassery and 1 at GH Muvattupuzha. Out of 2 stool samples collected, 1 sample tested positive for Shigella sonnei at Govt. MCH Ernakulam. Chlorination of wells was done. ORS packets and chlorine tablets were distributed to the residents in the affected area. Community awareness and health education given by the peripheral team on safe drinking water, hygiene and sanitation."
Kerala,Kannur,Hepatitis A,26,0,16-09-2025,20-09-2025,Under Surveillance,"Cases of fever with loss of appetite, abdominal pain and nausea were reported from Village Kooveri, Sub-District Taliparamba, District Kannur. District RRT investigated the outbreak. Cases were treated at PHC Chapparappadavu. Most of the cases were in the age group 16-18 years. 2 stool samples collected tested positive for Hepatitis A (IgM ELISA) at RPHL Kannur. 3 water samples collected showed presence of Coliforms. Chlorination of water sources was done. Community awareness and health education given by the peripheral team on safe drinking water, hygiene and sanitation."
Kerala,Kottayam,Hepatitis A,43,0,16-09-2025,17-09-2025,Under Surveillance,"Cases of fever with loss of appetite, abdominal pain and nausea were reported from Village Konni, Anandapuram, Mankulam & Erattupetta (CT), Sub-District Meenachil, District Kottayam. District RRT investigated the outbreak. Cases were treated at PHC Karoor and FHC Erattupetta. Majority of the cases were 18 years of age. 7 cases were treated at IPD. 2 serum samples collected tested positive for Hepatitis A (IgM ELISA). Chlorination of water sources was done in the affected area. Community awareness and health education given by the peripheral team on safe drinking water and food habits, hygiene and sanitation."
Kerala,Kozhikode,Hepatitis A,11,0,02-09-2025,Surveillance,Under,"Cases of fever with loss of appetite and nausea were reported from Naduvannur Higher Secondary School, FHC Naduvannur, Sub-District Koyilandi, District Kozhikode. District RRT investigated the outbreak. Cases were treated symptomatically. 1 serum sample collected and sent to MMC lab, Modakkallur tested positive for Hepatitis A (IgM ELISA). Chlorination of water sources was done. Community awareness and health education given by the peripheral team on safe drinking water, hygiene and sanitation."
Kerala,Malappuram,Hepatitis A,8,0,16-09-2025,17-09-2025,Under Surveillance,"Cases of nausea, loss of appetite and yellow coloured urine were reported from ST ladies hostel, PHC Edakkara, Sub-District Nilambur, District Malappuram. District RRT investigated the outbreak. Cases were treated at PHC Edakkara. 2 serum samples collected tested positive for Hepatitis A (IgM ELISA) at DH Nilambur. Cases were in the age group 6-18 years. Chlorination of water sources was done. Community awareness and health education given by the peripheral team on safe drinking water, hygiene and sanitation."
Karnataka,Chitradurga,Food Poisoning,88,0,18-09-2025,19-09-2025,Under Surveillance,"Cases of loose motion, vomiting and abdominal pain were reported from Village Chikbyaladakere, PHC GN Kere, Sub-District Hosdurga, District Chitradurga. District RRT investigated the outbreak. Cases fell ill after consuming Non veg food in Kereyammanahalli Hill area (where food was prepared and consumed). Cases were treated at CB kere AAM, 18 cases were referred to CHC KK Pura. All cases recovered. Most cases were in the age group 15-44 years. Community awareness and health education given by the peripheral team on safe food habits, hygiene and sanitation."
Karnataka,Gadag,Acute Diarrhoeal Disease,15,0,18-09-2025,19-09-2025,Under Control,"Cases of loose motion were reported from Village Kadadi, Sub-District/, District Gadag. District RRT investigated the outbreak. Cases were students of Government High school Kadadi who developed symptoms after consuming mid- day meal. Cases were in the age group 5-14 years. All cases were given symptomatic treatment at a health camp organized in the school premesis. 1 stool sample and 2 water samples collected and sent to DPHL Gadag; stool sample tested negative for cholera by culture and water samples were potable.ORS packets were given to cases. Chlorination of water sources was done in the locality. Community awareness and health education given by peripheral team on vector control measures, hygiene and sanitation"
Maharashtra,Gadchiroli,Acute Gastroenter itis,40,0,15-09-2025,16-09-2025,Under Control,"Cases of loose motion, vomiting and abdominal pain were reported from Village Kashipur, Sub-District Chamorshi, District Gadchiroli. District RRT investigated the outbreak. House to house survey was done. Cases were treated at a health camp established in the locality. Cases were in the age group 8-65 years. All 8 water samples collected and sent to DPHL Gadchiroli were unsatisfactory for drinking purpose. Chlorination of water sources was done. Community awareness and health education given by the peripheral team on safe drinking water, hygiene and sanitation."
Maharashtra,Nagpur,Acute Encephalitis Syndrome,36,25,18-09-2025,18-09-2025,Under Surveillance,"Cases were reported from Hanuman Nagar and Ashi Nagar Zones, Sub-District Nagpur (Urban), District Nagpur. Cases presented with fever, cough, cold, loose stool, respiratory distress, AKI, Septecemia, Refractory Shock with DIC, vomiting, Convulsions, altered sensorium, oliguria, uprolling of eyeballs. Cases were in the age group 6 months -16 years. On 16.09.2025 Government Medical College, Nagpur notified Nagpur Municipal Corporation about the sudden rise in Pediatric AES cases referred to GMCH, Nagpur. Maximum cases were referred from Chhindwara Madhya Pradesh. Similar cases were reported from AIIMS, Nagpur & Nelson Hospital, Nagpur. District RRT and MSU Nagpur team investigated the outbreak. 3 samples (CSF/Serum) of patients admitted at GMC Nagpur were sent to NIV, Pune on 22nd September, 2025. All samples tested negative for Japanese Encephalitis, Chandipura, West Nile, Dengue Virus, Scrub typhus, Hepatitis A & E (IgM ELISA). 1 sample tested positive for Leptospirosis. Further, 11 Nasopharyngeal and Oropharyngeal swabs were collected and sent to NIV, Pune on 03th Oct, 2025, All samples"
Maharashtra,Raigad,Malaria,98,0,16-09-2025,19-09-2025,Under Surveillance,"Cases of fever with chills were reported from Village Shedung, Sub-District Panvel, District Raigad. District RRT investigated the outbreak. Active search for fever cases was done in the affected area. Cases were treated at a health camp established in the locality. Cases were in the age group 2- 53 years. Out of 98 blood samples collected, 15 samples tested positive for P. vivax by MPBS. Community awareness and health education given by the peripheral team on vector control measures, hygiene and sanitation."
Maharashtra,Raigad,Fever,13,1,17-09-2025,19-09-2025,Under Surveillance,"Cases of fever with muscle pain and fatigue were reported from Village Govthane, Sub-District Uran, District Raigad. District RRT investigated the outbreak. 1 death of a 32 years-old-male on 16-09-2025 was reported from Gandhi Hospital Panvel who was positive for Dengue NS1 ELISA. House to house fever survey was done in the affected area. Medicine was given to cases. All 11 blood smears collected tested negative for malaria by MPBS. Cases were in the age group 28-72 years. Source reduction activities were done. Community awareness and health education was given by the peripheral team on vector control measures, hygiene and sanitation."
Maharashtra,Thane,Cholera,21,0,18-09-2025,18-09-2025,Under Surveillance,"Cases of loose motion, vomiting, abdominal pain and weakness were reported from Village Aghai, Sub-District Shahapur, District Thane. District RRT investigated the outbreak. Cases were treated symptomatically. ORS packets and Zinc tablets were given to cases. Chlorination of water sources was done. Cases were in the age group 3-70 years. Out of 7 stool samples collected, 1 sample tested positive for V. cholerae (O1 Ogawa) by culture. 3 water samples collected were potable. Community awareness and health education given by the peripheral team on safe drinking water, hygiene and sanitation."
Manipur,Imphal West,Dengue,45,0,15-08-2025,Surveillance,Under,"Cases of fever with myalgia and fatigue were reported from Village Moibung Khunou, Kanglatombi Bazar Board & Sekmai, Sub-District Lamsang, District Imphal West. District RRT investigated the outbreak. House to house fever survey was done. Cases were treated. All 45 serum samples collected from 15-08-2025 to 18- 10-2025 tested positive for Dengue (Rapid NS1, NS1 and IgM ELISA) Cases were in the age group 3-76 years. Source reduction activities were done. Community awareness and health education given by the peripheral team on vector control measures, hygiene and sanitation."
Madhya Pradesh,East Nimar,Chikunguny a,60,0,18-09-2025,18-09-2025,Under Surveillance,"Cases of fever with joint pain were reported from Village Nandana, Sub-District Punasa, District East Nimar. Block/District RRT investigated the outbreak. Cases were treated at a health camp organized in the affected area. Cases were in the age group 3-74 years. Out of 13 blood samples collected and sent to DH Khandwa, 7 samples tested positive for Chikungunya (IgM ELISA). Anti-larval activities and fogging was done. Community awareness and health education given by the peripheral team on vector control measures, hygiene and sanitation."
Madhya Pradesh,Guna,Acute Diarrhoeal Disease,15,0,14-09-2025,15-09-2025,Under Control,"Cases of loose motion and vomiting were reported from Village Parwariya, Sub-District Maksoodangarh, District Guna. District RRT investigated the outbreak. Cases were treated at PHC Maksudangarh. ORS packets and Zinc tablets were given to cases. Chlorine tablets were distributed to households. Cases were in the age group 2- 80 years. 3 water samples collected by PHED Raghogarh were non-potable. 3 rectal swab samples collected and sent to SRVCM Shivpuri Medical College showed growth of normal gut flora. Community awareness and health education given by the peripheral team on safe drinking water, hygiene and sanitation."
Madhya Pradesh,Katni,Fever,12,0,15-09-2025,15-09-2025,Under Surveillance,"Cases of fever with chills were reported from Village Ghughara, Sub-District Dhimarkheda, District Katni. District RRT investigated the outbreak. House to house fever survey was done. Medicine was given to cases. Cases were in the age group 12-70 years. All 12 blood samples collected, tested negative for Malaria by MPBS. Fogging was done in the affected area. Community awareness and health education given by the peripheral team on vector control measures, hygiene and sanitation."
Madhya Pradesh,Neemuch,Measles,11,0,19-09-2025,19-09-2025,Under Surveillance,"Cases of fever with rash were reported from Village Kirta, Sub-District Jawad, District Neemuch. District RRT investigated the outbreak. House to house fever survey was done in the affected area. Cases were treated symptomatically. Cases were in the age group 3-6 years. Out of 8 blood samples collected, 6 samples tested positive for Measles (IgM ELISA). Community awareness and health education given by the peripheral team on isolation of cases, hygiene maintenance and proper nutrition."
Madhya Pradesh,Sheopur,Fever,56,0,18-09-2025,18-09-2025,Under Surveillance,"Cases of fever less than 7 days were reported from Village Chakba moolya, Sub-District Sheopur, District Sheopur. District RRT investigated the outbreak. Active search for fever cases was done in the affected area. Cases were treated at PHC Durgapuri. Cases were in the age group 1- 75 years. 50 blood samples collected tested negative for S. typhi by widal test and Malaria by MPBS. Community awareness and health education given by the peripheral team on vector control measures, hygiene and sanitation."
Odisha,Kendujhar,Acute Diarrhoeal Disease,9,2,17-09-2025,19-09-2025,Under Surveillance,"Cases of 7-8 episodes of loose motion in a day were reported from Village Patilo, Sub- District Sainkul, District Kendujhar. Block RRT investigated the outbreak. Houses of the cases were surrounded by a cowshed and drinking water source was near the cowshed. Cases were treated at CHC Sainkul and at SHD Ananadapur. 2 stool samples collected tested negative for cholera by culture. 2 water samples collected showed growth of no enteropathogenic organism. Chlorine tablets were distributed to the households. A 65 years-old-male died on 14.09.2025 and a 80 years-old- male died on 16.09.2025 due to severe dehydration and shock. Community awareness and health education given by the peripheral team on safe drinking water, hygiene and sanitation."
Odisha,Koraput,Acute Diarrhoeal Disease,25,0,12-09-2025,15-09-2025,Under Control,"Cases of loose motion, vomiting and abdominal pain were reported from Village Bhejahandi, Sub-District Kundura, District Koraput. District RRT investigated the outbreak. Cases were 9th and 10th grade students and had consumed (triangular pastry, Gup Chup) from a local confectionery. The affected cases were in the age group 14 to 16 years.Cases used bore well water for drinking purpose. All cases were treated. Out of 13 rectal swab samples collected and sent to IPHL, DHH, Koraput showed growth of no entero-pathogen by culture. Out of 4 water samples collected, 1 sample showed growth of Salmonella colonies. Chlorination of water sources was done. Community awareness and health education given by the peripheral team on safe drinking water, hygiene and sanitation."
Odisha,Malkangiri,Fever,47,0,15-09-2025,16-09-2025,Under Surveillance,"Cases of fever with myalgia were reported from Govt. SSD School Hostel Pandripani, Sub- District/District Malkangiri. District RRT investigated the outbreak. Active search for fever cases was done. Cases were treated symptomatically at a medical camp established in the locality. Out of 47 blood samples collected, 1 sample tested positive for P. vivax and 1 sample for P. falciparum (RDT). Anti-larval activities and fogging was done. Community awareness and health education given by the peripheral team on vector control measures, hygiene and sanitation."
Rajasthan,Rajsamand Scrub Typhus,,10,0,15-08-2025,,Under Control,"Cases of fever with body ache were reported from Villages Tadawara Solankiyan, Janawad, Umarwas, Garhbor, Lambori & Nathela, Sub-District Garhbor, District Rajsamand. District RRT investigated the outbreak. House to house fever survey was done. Dense shrub vegetation was observed in the region. Cases were treated at CHC Charbhuja. Out of 10 blood samples collected and sent to RK hospital and RNT Medical College, Udaipur, 5 samples tested positive for O. tsutsugamushi (IgM ELISA). Community awareness and health education given by the peripheral team on vector control measures, hygiene and sanitation."
Tamil Nadu,Ariyalur,Fever,23,0,19-09-2025,20-09-2025,Under Control,"Cases of fever were reported from Village Managethi, Sub- District Udayarpalayam, District Ariyalur. District RRT investigated the outbreak. House to house fever survey was done. Cases were treated at PHC Suthamalli. Most cases were in the age group 11-15 years. 4 blood samples and 3 water samples were collected and tested at DPHL, Vilangudi. Blood samples were tested for Dengue, Leptospirosis, Scrub Typhus, and Typhoid by NS1 ELISA, IgM ELISA, and Widal test, all of which were found negative. The 3 water samples showed the presence of coliform bacteria. Community awareness and health education given by peripheral team on vector control measures, hygiene and sanitation."
Tamil Nadu,Tenkasi,Chickenpox,13,2,18-09-2025,19-09-2025,Under Control,"Cases of fever with rash were reported from Village Kuruvankotta, Sub-District Alangulam, District Tenkasi. District RRT investigated the outbreak. House to house fever survey was done. Cases were treated symptomatically. Cases were in the age group 5-51 years. 9 blood samples were collected and sent to the King Institute of Preventive Medicine and Research, DHR/ICMR Virology Diagnostic Laboratory, Chennai for IgM ELISA testing for Chickenpox. Of these, 3 samples tested positive for Chickenpox. 1 case was treated TVMCH. A 47- years old - female, a known case of diabetes and hypertension presented with fever and skin rashes on 1.9.25 didn't take any treatment for the illness and was in self isolation. She developed vomiting, decreased intake of food for 2 days. She developed dyspnea and died on 18.09.2025. A 37- years old-male had onset of fever with rash 20-09-2025. He was in self isolation and did not receive treatment and died on 30-08-2025. Community awareness and health education given by the peripheral team on isolation of cases, hygiene maintenance and proper nutrition."
Uttar Pradesh,Jaunpur,Fever,28,0,06-09-2025,15-09-2025,Under Surveillance,"Cases of fever with altered sensorium were reported from Village Sandha, CHC Sondhi, District Jaunpur. A JE positive patient tested at IMS BHU was reported from the village on 6- 09-2025. District RRT investigated the outbreak. House to house fever survey was done. Cases were treated at a health camp organized in the locality. All 26 blood samples collected tested negative for Dengue (Rapid NS1) and Malaria (RDT Malaria Ag). Cases were in the age group 2- 17 years. Source reduction activities were undertaken. Community awareness and health education given by the peripheral team on vector control measures, hygiene and sanitation."
West Bengal,Birbhum,Acute Diarrhoeal Disease,33,0,13-09-2025,16-09-2025,Under Control,"Cases were reported from Village Chhota Dibur (Majhipara), Sub-District Mayureswar - II, District Birbhum. Cases presented with loose watery stools. District RRT investigated the outbreak. Population of the affected village was 150. Cases were treated symptomatically. Medicine & ORS packets were given to cases. 6 patients were treated at Satpalsa RH and 6 at DH Suri. Probable cause of outbreak was consumption of water from submersible pump, tubewell and contaminated pond water. 3 rectal swab samples collected and sent to RGMCH, showed growth of normal gut flora. 1 water sample collected was non- potable. Chlorination of water sources was done. Community awareness and health education given by the peripheral team on safe drinking water, hygiene and sanitation."
Andhra Pradesh,Alluri Sitharama Raju,Chikungunya,28,0,14-09-2025,27-09-2025,Under Surveillance,"Cases of fever with joint pain were reported from Village Kindra, Lagarayi & Kindra Colony Ham, Sub-District Rajavommangi, District Alluri Sitharama Raju. District RRT investigated the outbreak. Active search for fever cases was done. Cases were treated at PHC Lagarai. Most cases were in the age group of 15-59 years. 21 blood samples were collected and sent to RMC Kakinada and 19 were positive for Chikungunya virus (IgM ELISA). Anti-larval activities and fogging was done in the affected area. Community awareness and health education given by the peripheral team on vector control measures, hygiene and sanitation."
Arunachal Pradesh,Papum Pare,Acute Diarrhoeal Disease,26,1,20-09-2025,22-09-2025,Under Surveillance,"Cases of fever, loose motion and vomiting were reported from KGVB School, Village Sengri (Sangring), Sub- District Sagalee ADC, District Papum pare. District RRT investigated the outbreak. The affected age group was 12-16 years. Cases were treated at CHC Sagalee. 2 stool samples collected and sent to IDSP-DPHL, TRIHMS, Naharlagun and both showed growth of E.coli by culture. 1 death of a 13 years-old female was reported on 20.09.2025 due to ADD. Overhead tanks were cleaned. Chlorination of water sources was done. Community awareness and health education given by the peripheral team on safe drinking water, hygiene and sanitation."
Bihar,Begusarai,Acute Diarrhoeal Disease,50,7,27-09-2025,28-09-2025,Under Surveillance,"Cases were reported from Village Bandwar, PHC Begusarai Sadar, Sub- District/District Begusarai. District RRT investigated the outbreak. Cases were treated at a health camp organized in the locality. Medicine and ORS packets were given to cases. Cases were in the age group 1-65 years. 7 Deaths were reported from 23.09.2025 to 26.09.2025 in 2-years-old females, 5 years- old-male, 9 years-old-male and female, 52-years-old male and a 66-years-old male with severe dehydration and shock. Chlorination of water sources was done. Community awareness and health education given by the peripheral team on safe drinking water, hygiene and sanitation."
Chhattisgar h,Durg,Cholera,38,0,24-09-2025,25-09-2025,Under Surveillance,"Cases of loose motion and vomiting were reported from Ward no 31, Rajendra Prasad Nagar, Khursipar Bhilai Block, District Durg. District RRT investigated the outbreak. Medicine and ORS packets were given to cases. Chlorine tablets were distributed to households. Cases were in the age group 1-60 years. Out of 2 stool samples collected and sent to Hamar lab Raipur, 1 sample tested positive for V. cholerae by culture. 2 water samples collected and sent to the PHE department showed presence of coliform bacteria. The probable cause of the outbreak was contaminated water supply in the affected area. Chlorination of water sources was done. Community awareness and health education given by the peripheral team on safe drinking water, hygiene and sanitation."
Chhattisgar h,Korea,Food Poisoning,17,2,27-09-2025,27-09-2025,Under Control,"Cases were reported from Village Pahadpara Nagar, Sub-District Baikunthpur, District Korea. District RRT investigated the outbreak. Cases consumed mutton, wild mushrooms and developed symptoms of vomiting and diarrhoea within 4-5 hours after eating food. Cases were treated at SDH Baikunthpur. 3 stool samples collected and sent to AIIMS Raipur tested negative for cholera by culture. Cases were in the age group 18-65 years. 2 deaths were reported due to severe dehydration: a 36- years-old male and a 50- years-female died on 26.09.2025. 1 water sample collected and sent to the PHE department was potable. Community awareness and health education given by the peripheral team on safe drinking water and food habits, hygiene and sanitation."
Delhi,North,Suspected Food Poisoning,233,0,23-09-2025,24-09-2025,Under Surveillance,"Cases of loose motion, vomiting and vertigo were reported from Village ShanjarPur(uninhabited) & Bhalswa JahangirPur (CT), District North. District RRT investigated the outbreak. Cases had consumed buckwheat flour (kuttu ka atta). On 22.09.2025 around 10.30 PM, people started to reach the Casualty department of BJRM Hospital. All patients were treated symptomatically. No patient required admission. Cases were in the age group 1-75 years. Community awareness and health education given by the peripheral team on safe food habits, hygiene and sanitation."
Delhi,North West,Acute Diarrhoeal Disease,213,0,23-09-2025,24-09-2025,Under Surveillance,"Cases of loose motion, vomiting, dizziness, nausea and abdominal pain were reported from Wazirpur Gaon, Wazirpur jj colony ,Trinagar, Wazirpur Industrial area and area around shiva market Ashok Vihar, District North West. District RRT investigated the outbreak. Most of the cases had consumed unpacked flour (kuttu atta) from a local shop after which they developed symptoms. Cases were treated at Deep Chand Bandhu Hospital, Ashok Vihar. Cases were in the age group 13-84 years. Community awareness and health education given by the peripheral team on safe food habits, hygiene and sanitation."
Gujarat,Vadodara,Hepatitis A,12,0,20-09-2025,22-09-2025,Under Control,"Cases of nausea, loss of appetite and abdominal pain were reported from Village Kanjetha & Kukas, PHC - Sadhli, Sub-District Sinor, District Vadodara. DISTRICT RRT investigated the outbreak. Total population of the affected area was 1818. Pipeline leakages were observed during house to house visit. Cases were treated at SSG Medical College Vadodara. Out of 7 blood samples collected, 3 samples tested positive for Hepatitis A (IgM ELISA). Cases were in the age group 15-37 years. Chlorine tablets were distributed to the households. Pipeline leakages were repaired by PHED. Community awareness and health education given by the peripheral team on vector control measures, hygiene and sanitation."
Himachal Pradesh,Kangra,Hepatitis A,25,0,21-09-2025,22-09-2025,Under Surveillance,"Cases of nausea, loss of appetite and abdominal pain were reported from Village lower Seotu ward no 4, Seotu Buhla (312), PHC Nanon, Sub-District Sulah, District Kangra. District RRT investigated the outbreak. House to house survey was done. Cases were treated at CHC Dheera and Dr. RPGMC Tanda. Cases were children in the age group 6- 24 years. 3 serum samples collected and sent to Dr. RPGMC Tanda tested positive for Hepatitis A (IgM ELISA). Out of 3 water samples collected; 2 samples were non-potable. Chlorine tablets were distributed to the residents of the area. Jal Shakti Deptt. was informed to check water sources for contamination and chlorination. People were advised to drink boiled water and adopt sanitation measures including handwashing"
Jharkhand,Dumka,Acute Diarrhoeal Disease,16,0,21-09-2025,22-09-2025,Under Surveillance,"Cases of loose motion and vomiting were reported from Village Banwara, Sub- District Jarmundi, District Dumka. District RRT and Block health team visited the affected area. House to house survey was done. Cases were treated at a health camp organized in the locality. Cases were in the age group 3-46 years. 5 blood samples and 1 water sample was collected and sent to DPHL Dumka. All 5 blood samples tested negative for Hepatitis A & E. Water sample was potable. Chlorination of water sources was done. Community awareness and health education given by the peripheral team on safe drinking water, hygiene and sanitation."
Jharkhand,East Singhbum,Acute Diarrhoeal Disease,26,0,23-09-2025,23-09-2025,Under Surveillance,"Cases of loose watery stools were reported from Village Dhusra, Sub-District Patamda, District East Singhbum. District RRT investigated the outbreak. House to house survey was done. Cases were treated symptomatically. ORS packets were given to cases. Cases were in the age group 2-68 years. 1 stool sample collected and sent to MGM VRDL Lab, Jamshedpur tested negative for cholera by culture. 1 water sample collected showed the presence of E. coli. Chlorination of water sources was done. Community awareness and health education given by the peripheral team on safe drinking water, hygiene and sanitation."
Jharkhand,Hazaribagh,Suspected Food Poisoning,12,0,25-09-2025,25-09-2025,Under Control,"Cases were reported from Village Barhi (CT), PHC Barhi, Sub-District/District Hazaribag. District RRT investigated the outbreak. Cases had consumed roasted flattened rice at Kasturba Gandhi Balika Uchch Vidyalaya. Cases were treated symptomatically. Cases were in the age group 10-14 years. Community awareness and health education given by peripheral team on safe food habits, hygiene and sanitation"
Jharkhand,Saraikela Kharsawan,Acute Diarrhoeal Disease,10,0,24-01-2025,24-09-2025,Under Surveillance,"Cases were reported from Village Rearda, Sub-District Chandil, District Saraikela Kharsawan. Cases presented with loose motion and vomiting. District RRT investigated the outbreak. Cases were treated at a health camp organized in the locality. Medicine and ORS packets were given to cases. 1 water sample collected and sent to MGM Medical College Hospital Jamshedpur showed presence of E. coli after 48hrs of incubation. Cases were in the age group 16-60 years. Chlorination of water sources was done. Community awareness and health education given by the peripheral team on safe drinking water, hygiene and sanitation."
Jammu and Kashmir,Kathua,Dengue,32,0,24-09-2025,24-09-2025,Under Surveillance,"Cases of fever with muscle pain and fatigue were reported from ward no. 5, Sub-District/District Kathua. District RRT investigated the outbreak. House to house fever survey was done. Cases were treated. Out of 32 serum samples collected and sent to IDSP-DPHL Kathua, 31 samples tested positive for Dengue (NS1 ELISA). Cases were in the age group 6-72 years. Cases were reported during the period 14.09.2025 to 12.10.2025. Fogging was done in the affected area. Community awareness and health education given by the peripheral team on vector control measures, hygiene and sanitation."
Kerala,Alappuzha,Mumps,90,0,19-09-2025,27-09-2025,Under Surveillance,"Cases of fever with swelling of parotid glands were reported from Village Thrikkunnapuzha, Sub- District Karthikappally, District Alappuzha. District RRT investigated the outbreak. House to house search for cases was done in the affected area. Cases were treated symptomatically at CHC Thrikkunnapuzha. There were 10 schools in the surrounding areas of FHC Karthikappally, FHC Haripad and FHC Chingoli. School administration was advised to screen students for symptoms and ensure home isolation for 7 days. Cases were in the age group 4-14 years. 5 schools were closed due to clustering of cases. Community awareness and health education given by the peripheral team on isolation of cases, hygiene maintenance and proper nutrition."
Kerala,Ernakulam,Acute Gastroenterit is,47,0,25-09-2025,26-09-2025,Under Surveillance,"Cases of loose stools, abdominal pain and vomiting were reported from KMEA College of Arts and Architecture and College of Engineering, Edathala Gramapanchayath, FHC Edathala, Sub-District Aluva, District Ernakulam. District RRT investigated the outbreak. Probable source of the outbreak was contaminated drinking water. There was shortage of water in the college and drinking water was out sourced by the College management. Cases were treated at a health camp established in the locality. 3 water samples collected and sent to RPHL Ernakulam were potable. Cases were in the age group 18-20 years. Alternate supply of drinking water was arranged. Overhead tanks were cleaned. School administration was advised to ensure supply of potable water. Community awareness and health education given by the peripheral team on safe drinking water, hygiene and sanitation."
Kerala,Ernakulam,Acute Gastroenterit is,60,0,22-09-2025,24-09-2025,Under Control,"Cases of loose motion, vomiting and abdominal pain were reported from Village Edavanakkad, Pallippuram & Kuzhuppilly, FHC Munambam, Sub-District Kochi, District Ernakulam. District RRT investigated the outbreak. Cases were students of Ramavarma Union High School, Cherai. Probable source of the outbreak was contaminated drinking water from a water purifier. Cases were treated at a health camp. Cases were in the age group 9-16 years. Community awareness and health education given by the peripheral team on safe drinking water, hygiene and sanitation."
Kerala,Kottayam,Suspected Food Poisoning,69,0,22-09-2025,23-09-2025,Under Surveillance,"Cases of loose motion and vomiting were reported from Village Athirampuzha (CT), FHC Athirampuzha, Sub- District/District Kottayam. District RRT investigated the outbreak. Cases were students of KE School Mannanam, Athirampuzha panchayath, ward 17 , Block Kumarakom. Cases were in the age group 13 to 17 years. All cases were treated at a health camp established in the school premises. Probable cause of the outbreak was food poisoning. Community awareness and health education given by the peripheral team on safe food habits, hygiene and sanitation."
Kerala,Malappura m,Hepatitis A,18,0,22-08-2025,25-09-2025,Under Surveillance,"Cases of fever with nausea, loss of appetite and abdominal pain were reported from Ward 17, 18 and 20 of Pallikkal Panchayath, Sub-District Kondotty, District Malappuram. District RRT investigated the outbreak. Cases were treated at PHC Pallikkal. Probable source of this outbreak was water consumed from an open well with two septic tanks in its vicinity. Cases were in the age group 9-29 years. 1 serum sample collected tested positive for Hepatitis A (IgM ELISA). Superchlorination of the well was done. Community awareness and health education given by the peripheral team on safe drinking water, hygiene and sanitation."
Kerala,Palakkad,Chickenpox,9,0,18-09-2025,22-09-2025,Under Control,"Cases of fever with rash were reported from Village Kizhakkencheri- II & Vandazhi-II, Sub-District Alathur, District Palakkad. District RRT investigated the outbreak. Cases were LKG, UKG and 1st standard students of Cherupushpam school. All cases were treated symptomatically. Active search for cases was done in the school premises and surrounding locality. Cases were in the age group 4-7 years. School administration was advised to identify symptomatic case and ensure home isolation for one week. Community awareness and health education given by the peripheral team on hygiene maintenance and proper nutrition."
Meghalaya,Ri Bhoi,Hepatitis A,19,0,16-09-2025,24-09-2025,Under Control,"Cases were reported from Village Liarbang, Block Umsning, Sub-District Bhoirymbong, District Ri Bhoi. Block RRT investigated the outbreak. House to house survey was done. Cases were treated at a health camp organized in the affected area. The cases were children aged 3-14 years. 19 blood samples were collected and sent to the Pasteur Institute, Shillong, for ELISA testing of IgM Hepatitis. Of these, 9 samples tested positive for Hepatitis A. Chlorine tablets were distributed to the households. Banners on Hepatitis A and its prevention were put up in prominent places in the village. Community awareness and health education given by the peripheral team on safe drinking water, hygiene and sanitation."
Maharashtr a,Dharashiv,Dengue,14,0,26-09-2025,26-09-2025,Under Control,"Cases of fever with myalgia and fatigue were reported from Village Baramgaon Kh. & Bembli, Sub-District Osmanabad, District Dharashiv. District RRT investigated the outbreak. House to house fever survey was done. Population of the affected area was 1292. Out of 11 serum samples collected and sent to Solapur lab, 2 samples tested positive for Dengue (IgM ELISA). Anti-larval activities and fogging was done in the affected area. Community awareness and health education given by the peripheral team on vector control measures, hygiene and sanitation."
Maharashtr a,Nandurbar,Acute Diarrhoeal Disease,19,0,04-09-2025,24-09-2025,Under Surveillance,"Cases of loose watery stools were reported from village Bhilaipada, PHC Ashte TR, Sub-District/District Nandurbar. District RRT investigated the outbreak. Medicines and ORS packets were given to cases. 5 water samples collected and sent to DPHL Nandurbar were potable. Cases were in the age group 15-60 years. Chlorination of water sources was done. Community awareness and health education given by the peripheral team on safe drinking water, hygiene and sanitation."
Maharashtr a,Satara,Suspected Food Poisoning,35,0,26-09-2025,26-09-2025,Under Control,"Cases of loose motion and vomiting were reported from Village Mandave, Vaduj, Palashi & Gursale, Sub- District Khatav, District Satara. District RRT investigated the outbreak. Cases were treated at a health camp organized in the locality. Cases were in the age group 32-74 years. The probable cause of outbreak was food poisoning. Community awareness and health education given by the peripheral team on safe food habits, hygiene and sanitation."
Madhya Pradesh,Alirajpur,Suspected Food Poisoning,59,0,22-09-2025,23-09-2025,Under Surveillance,"Cases of loose motion, vomiting and abdominal pain were reported from Kanya Shiksha Parisar Nanibadoi, Sub-District Kathiwara, District Alirajpur. District RRT investigated the outbreak. Probable cause of the outbreak was food poisoning. Cases were treated symptomatically. Cases were in the age group 11-17 years. 1 water sample collected and sent to PHED was potable. Community awareness and health education given by the peripheral team on safe drinking water and food habits, hygiene and sanitation."
Madhya Pradesh,Rewa,Scrub Typhus,23,0,22-09-2025,22-09-2025,Under Surveillance,"Cases of fever with bodyache and fatigue were reported from different villages of CHC/Sub-District Gurh, Block-Raipur K, District Rewa. District RRT investigated the outbreak. House to house fever survey was done. Cases were treated at CHC Gurh. Out of 23 serum samples collected and sent to Virology lab Medical College Rewa, 6 samples tested positive for O. tsutsugamushi (IgM ELISA). Cases were reported during the period 11.09.2025 to 21.09.2025. Cases were in the age group 4-62 years. Community awareness and health education given by the peripheral team on vector control measures, hygiene and sanitation."
Mizoram,Aizawl,Suspected Food Poisoning,22,0,22-09-2025,22-09-2025,Under Control,"Cases of fever, abdominal pain and loose stools after consuming bekang (fermented soybean) were reported from Village Maubawk, Sub-District Tlangnuam, District Aizawl. District RRT investigated the outbreak. Cases were treated at UPHC Hlimen. Pantoea species were detected in 2 stool samples collected and sent to Zoram Medical College, Falkawn. Community awareness and health education given by the peripheral team on safe food habits, hygiene and sanitation."
Odisha,Kandhamal,Jaundice,13,0,19-09-2025,23-09-2025,Under Control,"Cases of fever with abdominal pain, loss of appetite, fever, nausea and yellow coloured eyes and urine were reported from Village Alarsahi, Sub- District Chakapada, District Kandhamal. Block RRT investigated the outbreak. Cases were students of Alarsahi Girls School. The affected age group was 5-14 years. Cases were treated at CHC Tikabali. 17 blood samples were collected and sent to DPHL Kandhamal for Anti-HAV IgM ELISA, and they tested negative for Hepatitis A. Chlorination of water sources was done. Community awareness and health education given by the peripheral team on safe drinking water and food habits, hygiene and sanitation."
Puducherry,Pondicherry,Cholera,27,0,23-09-2025,26-09-2025,Under Surveillance,"Cases of loose motion, vomiting and abdominal pain were reported from Village Odiansalai 2, Mudaliarpet, Saram, Nellithope & Reddia Rpalayam, District Pondicherry. District RRT investigated the outbreak. House to house survey was done. Pipeline leakages were detected near Kasthuribhai Nagar tank. PWD was informed to repair the damaged pipeline. Cases were treated. Alternate water supply through tankers was arranged in the affected area. Out of 12 stool samples collected, 2 samples tested positive for V. cholerae by culture. Community awareness and health education given by the peripheral team on vector control measures, hygiene and sanitation."
Tamil Nadu,Ariyalur,Fever,12,0,24-09-2025,25-09-2025,Under Control,"Cases of fever were reported from Village Kuman Anthu rai, Sub-District Udayarpalayam, District Ariyalur. District RRT investigated the outbreak. Medicines were given to cases. Most cases were in the age group 6-10 years. 4 serum and 4 water samples were tested at DPHL, Vilangudi. Serum samples were tested for Dengue, Leptospirosis, Scrub Typhus, and Typhoid by NS1 ELISA, IgM ELISA, and Widal test, while water samples were tested by culture. All samples tested negative. Fogging was done in the affected area. Community awareness and health education given by the peripheral team on vector control measures, hygiene and sanitation."
Tamil Nadu,Ariyalur,Fever,13,0,24-09-2025,25-09-2025,Under Control,"Cases of fever were reported from Village Elaiyur, Sub- District Andimadam, District Ariyalur. District RRT investigated the outbreak. Cases were treated symptomatically. Most cases were in the age group of 15 years and above. 3 serum and 1 water sample were tested at DPHL, Vilangudi. Serum samples were tested for Dengue, Leptospirosis, Scrub Typhus, and Typhoid by NS1 ELISA, IgM ELISA, and Widal test, while water sample was tested by culture. All samples tested negative. Source reduction activities were undertaken in the affected area. Community awareness and health education given by the peripheral team on vector control measures, hygiene and sanitation."
Tamil Nadu,Erode,Chickenpox,9,0,22-09-2025,22-09-2025,Under Surveillance,"Cases of fever with rash were reported from Village Periyar Nagar, Sub-District Kodumudi, District Erode. District RRT investigated the outbreak. House to house fever survey was done. Cases were treated symptomatically. Most cases were in the age group of 6-10 years. 5 serum samples were tested at King Institute, Chennai, by IgM ELISA. 3 samples tested positive for Varicella-zoster virus (chickenpox). Community awareness and health education given by the peripheral team on isolation of cases, hygiene maintenance and proper nutrition."
Tamil Nadu,Pudukkottai,Mumps,8,0,22-09-2025,23-09-2025,Under Surveillance,"Cases of fever with swelling in the parotid region and fatigue were reported from Village Elaikadi viduthy, Sub-District Karambakudi, District Pudukkottai. Block RRT investigated the outbreak. Cases were treated at PHC Vanakkankadu. Cases were in the age group 6-15 years. 3 serum samples were tested at King Institute, Guindy, for Mumps by IgM ELISA. 1 sample tested positive for Mumps virus. Community awareness and health education given by the peripheral team on isolation of cases, eating of soft food, maintenance of proper hydration, nutrition and hygiene."
Tamil Nadu,Sivaganga,Dengue & Leptospirosis,14,0,22-09-2025,22-09-2025,Under Control,"Cases of fever were reported from Village Kooturavupatty,PHC Thamarakki , Sub- District/District Sivaganga. District RRT investigated the outbreak. Cases were treated symptomatically. The affected age group was 6-10 years. Out of 3 blood samples collected and sent to DPHL, Sembanur, 2 samples tested positive for Dengue and one for Leptospirosis (IgM ELISA). Source reduction activities were undertaken in the affected area. Community awareness and health education given by the peripheral team on vector control measures, hygiene and sanitation."
Tamil Nadu,Tirupathur,Fever,28,0,26-09-2025,26-09-2025,Under Surveillance,"Cases of fever less than 7 days were reported from Village Nellivasal, PHC Pudurnadu, Sub- District/District Tirupathur. District RRT investigated the outbreak. House to house fever survey was done. Medicines were given to cases at a medical camp established in the locality. Cases were in the age group 6-10 years. A total of 13 serum samples and 4 water samples were collected and tested at DPHL, Pudhupettai. Serum samples were tested for Dengue by NS1 Ag ELISA and all were negative. Water samples were tested by culture, which showed the presence of fecal coliform bacteria in all 4 samples. Chlorination of water sources and fogging was done in the affected area. Community awareness and health education was given by the peripheral team on vector control measures, hygiene and sanitation."
Uttar Pradesh,Siddharth Nagar,Acute Diarrhoeal Disease,12,2,24-09-2025,24-09-2025,Under Surveillance,"Cases of loose watery stools and vomiting were reported from Village Amhawa, Sub- District Naugarh, District Siddharth Nagar. District RRT investigated the outbreak. People consumed water from a 20 feet deep shallow handpump near a pond. in the locality. House to house survey was done. Medicine and ORS packet was given to cases. Cases were in the age group 3-70 years. 2 stool samples collected and sent to M.P.T. Medical College Siddharth Nagar; result awaited. 2 water samples collected and sent to Regional lab Swasthya Bhawan, Lucknow were non-potable. 2 deaths were reported in a 15-years- old female on 17.09.2025 and a 30-years-old female on 21.09.2025 with symptoms of severe dehydration and shock. Chlorine tablets were distributed to the households. Community awareness and health education given by peripheral team on vector control measures, hygiene and sanitation."
Bihar,Aurangabad,Acute Diarrhoeal Disease,11,0,27-09-2025,04-10-2025,Under Surveillance,"Cases of loose stools and vomiting were reported from Village Akauna, Sub-District Aurangabad, District Aurangabad. District RRT investigated the outbreak. House to house survey was done. Cases were treated symptomatically. Cases were in the age group of 7-70 years. ORS packets were given to cases. Chlorine tablets were distributed to the households. Community awareness and health education given by the peripheral team on safe drinking water and food habits, hygiene and sanitation."
Bihar,Aurangabad,Acute Diarrhoeal Disease,19,0,26-09-2025,03-10-2025,Under Surveillance,"Cases of loose stools and vomiting were reported from Village Deuria, Sub-District Aurangabad, District Aurangabad. District RRT investigated the outbreak. House to house survey was done. Medicine and ORS packets were given to cases. Cases were in the age group of 10-65 years. Chlorination of water sources was done. Community awareness and health education given by the peripheral team on safe drinking water, hygiene and sanitation."
Chhattisgar h,Bastar,Leptospirosi s,5,0,29-09-2025,01-10-2025,Under Control,"Cases were reported from Villages Dabaguda, Maretha, Adawal, Mandar Alnar, Sub- District Bastar, District Bastar. Cases presented with fever, headache and joint pain. District RRT investigated the outbreak. The affected age group was 25- 42. 5 blood samples were sent to the Microbiology Department, Medical College Dimrapal, Jagdalpur for Leptospirosis IgM ELISA testing, and all were found positive for Leptospira. Community awareness and health education given by the peripheral team on control measures, hygiene and sanitation."
Gujarat,Chhotaudep ur,Suspected Food Poisoning,7,0,30-09-2025,30-09-2025,Under Control,"Cases presenting with vomiting and weakness were reported from Village Padaliya, Sub- District Chhotaudepur, District Chhotaudepur. District RRT investigated the outbreak. The affected age group was 6-55 years. Symptoms developed after consuming dinner (kodari and ladyfinger sabji). The patients were referred to SSG Hospital. The collected food samples were safe, no E. coli, S. aureus, or Salmonella were found, and they met the required safety standards as tested at Food and Drugs Laboratory, Vadodara. Community awareness and health education given by the peripheral team on safe drinking water and food habits, hygiene and sanitation."
Gujarat,Panch Mahals,Food Poisoning,63,0,28-09-2025,29-09-2025,Under Surveillance,"Cases of vomiting and loose stools were reported from Amrit Vidyalaya, Village Alva, Sub- District Kalol, District Panch Mahals. District RRT investigated the outbreak. The affected age group was 6-35 years. The cases had consumed idli, meduvada and sambhar at Amrit Vidhyalay School. Cases were treated symptomatically. 3 food samples were collected and sent to the Food Department Panchmahal; result awaited. Community awareness and health education given by the peripheral team on safe drinking water and food habits, hygiene and sanitation."
Haryana,Kurukshetr a,Leptospirosi s,68,0,30-09-2025,30-09-2025,Under Surveillance,"Cases of fever with loose watery stool and vomiting were reported from Anaj Mandi, Sub- District Shahbad, District Kurukshetra. District RRT investigated the outbreak. All cases were treated. Out of 14 blood samples collected and sent to DPHL Kurukshetra, 6 samples tested positive for Leptospirosis (IgM ELISA). Further, out of 27 blood samples collected for HAV and HEV, 1 sample tested positive for Hepatitis A (IgM ELISA). ORS packets were given to cases. Community awareness and health education given by the peripheral team on personal protection, hygiene maintenance and proper nutrition."
Jharkhand,East Singhbum,Acute Diarrhoeal Disease,22,0,01-10-2025,03-10-2025,Under Surveillance,"Cases of loose stools and vomiting were reported from Village Bhumrudi, Sub-District Ghatshila, District East Singhbum. District RRT investigated the outbreak. Cases were in the age group of 1 month-45 years. 7 water samples were collected and sent to MGM Microbiology Lab, Jamshedpur for culture test. 5 samples showed the presence of Enterococcus fecalis and 1 sample showed the presence of Escherichia coli. Chlorine tablets were distributed to the households. Community awareness and health education given by the peripheral team on safe drinking water and food habits, hygiene and sanitation."
Jharkhand,East Singhbum,Acute Diarrhoeal Disease,8,0,30-09-2025,01-10-2025,Under Surveillance,"Cases of loose stools and vomiting were reported from Village Dangdung, Sub-District Boram, District East Singhbum. District RRT investigated the outbreak. Cases were in the age group of 18-46 years. Medicine and ORS packets were given to cases. 3 water samples were collected and sent to MGM Microbiology Lab, Jamshedpur for culture test. 1 sample showed the presence of Enterococcus fecalis. Chlorination of water sources was done in the affected area. Community awareness and health education given by the peripheral team on safe drinking water and food habits, hygiene and sanitation."
Jharkhand,East Singhbum,Acute Diarrhoeal Disease,25,0,01-10-2025,01-10-2025,Under Surveillance,"Cases of loose motion and vomiting were reported from Village Andharjhor, Sub-District Boram, District East Singhbum. District RRT investigated the outbreak. The affected age group was 10-62 years. Symptomatic treatment was given to cases. 4 water samples were tested at MGM Microbiology lab for culture and showed growth of no pathogens after 48 hours of incubation. Chlorination of water sources was done. Community awareness and health education given by the peripheral team on safe drinking water and food habits, hygiene and sanitation."
Jharkhand,Saraikela Kharsawan,Acute Diarrhoeal Disease,12,0,02-10-2025,04-10-2025,Under Surveillance,"Cases of loose stools were reported from Village Jaragoda, Sub-District Ichagarh, District Saraikela Kharsawan. District RRT investigated the outbreak. The affected age group was 13- 50 years. Cases were treated symptomatically. 1 water sample was collected and tested at the District-level Water Testing Laboratory, Saraikela. The chemical test showed results within permissible limits, and the bacteriological test (H₂S vials) indicated absence of contamination. Chlorine tablets were distributed to the households. Community awareness and health education given by the peripheral team on safe drinking water and food habits, hygiene and sanitation."
Jammu and Kashmir,Jammu,Dengue,36,0,30-09-2025,03-10-2025,Under Surveillance,"Cases of fever with bodyache were reported from Miran Sahib, Simbal and R S Pura area, Sub- District Ranbir Singh Pura, District Jammu. District RRT investigated the outbreak. House to house fever survey was done. The affected age group was 3-75 years. Cases were treated. All 36 serum samples collected tested positive for Dengue virus by NS1 Ag ELISA, IgM ELISA, and Rapid NS1 tests from 11.08.2025 to 29.10.2025. Anti- larval activities and fogging was done in the affected area. Community awareness and health education given by the peripheral team on vector control measures, hygiene and sanitation."
Kerala,Ernakulam,Dengue,11,0,26-09-2025,29-09-2025,Under Surveillance,"Cases of fever with bodyache and fatigue were reported from Village Nadama, Sub-District Kanayannur, District Ernakulam. District RRT investigated the outbreak. House to house fever survey was done. The affected age group was 4-69 years. 2 serum samples were tested at RPHL Ernakulam and found positive for Dengue by IgM ELISA. Fogging and source reduction activities were conducted. Community awareness and health education given by the peripheral team on vector control measures, hygiene and sanitation."
Kerala,Malappura m,Hepatitis A,8,0,04-10-2025,04-10-2025,Under Surveillance,"Cases of loss of appetite, nausea, abdominal pain and yellow coloured urine were reported from Ward 10, UHC Vrindavanam area, Village Nilambur (CT), Sub-District Nilambur, District Malappuram. District RRT investigated the outbreak. House to house survey was done. Cases were treated at UPHC Nilambur. Cases were below 5 years of age. 2 serum samples collected and sent to DH Nilambur tested positive for Hepatitis A (IgM ELISA). 1 water sample collected was potable. Chlorination of water sources was done. Community awareness and health education given by the peripheral team on safe drinking water, hygiene and sanitation."
Kerala,Palakkad,Suspected Food Poisoning,14,0,05-10-2025,05-10-2025,Under Surveillance,"Cases of loose stool, abdominal pain and nausea were reported from Village Kozhipathy, Thekkedesom & Perumatty, Sub-District Chittur, District Palakkad. The affected individuals were aged between 24-76 years. The cases had consumed food at a funeral ceremony. All cases were treated. Community awareness and health education given by the peripheral team on safe drinking water and food habits, hygiene and sanitation."
Maharashtr a,Akola,Acute Diarrhoeal Disease,15,0,01-10-2025,01-10-2025,Under Control,"Cases of loose motion, pain in abdomen and vomiting were reported from Village Dhanegaon, Sub-District Balapur, District Akola. District RRT investigated the outbreak. Cases were treated symptomatically. Most cases were in the age group of 15-60 years. 1 water sample was sent to DPHL Akola and was found to be potable. Chlorination of water sources was done. Community awareness and health education given by the peripheral team on safe drinking water, hygiene and sanitation."
Maharashtr a,Buldhana,Acute Diarrhoeal Disease,19,0,01-10-2025,01-10-2025,Under Control,"Cases of loose motion and vomiting were reported from Village Isrul, Sub-District Chikhli, District Buldhana. District RRT investigated the outbreak. Cases were treated at PHC Shelgaon Atol. Medicine and ORS packets were given to cases. Cases were in the age group 19-90 years. Chlorine tablets were distributed to households. Community awareness and health education given by the peripheral team on safe drinking water, hygiene and sanitation."
Maharashtra,Chhatrapati Sambhajinag ar,Dengue,17,0,30-08-2025,Under Surveillance,"Cases of fever with muscle pain and fatigue Warudkaji District Chhatrapati RRT investigated the outbreak. House to house were treated. Out of 17 blood samples collected Aurangabad, 6 samples tested positive for Dengue (IgM ELISA). Anti-larval activities and fogging was done in the affected and peripheral measures, hygiene and sanitation.","were reported from Village & Gangapur Jahagir, Sub- Aurangabad, District Sambhajinagar. District fever survey was done. Cases and sent to GMCH area. Community awareness health education given by the team on vector control"
Maharashtr a,Dharashiv,Malaria,12,0,01-10-2025,01-10-2025,Under Surveillance,"Cases of fever with chills were reported from Village Ghoga wasti, Sub-District Kalamb, District Dharashiv. District RRT investigated the outbreak. House to house fever survey was done. Anti-malarial medicine was given to cases. Out of 12 blood samples collected, 1 sample tested positive for P. vivax (RDT). Fogging was done in the affected area. Community awareness and health education given by the peripheral team on vector control measures, hygiene and sanitation."
Madhya Pradesh,Chhatarpur,Measles,5,0,03-10-2025,03-10-2025,Under Surveillance,"Cases of fever with rash were reported from Shakti Ma Colony ward no 17, CHC/Sub-District Nowgaon, District Chhatarpur. District RRT investigated the outbreak. Active search for fever cases was done in the locality. Cases were treated symptomatically. Cases were in the age group 1-14 years. Out of 5 serum samples collected, 1 sample tested positive for Measles (IgM ELISA) at ICMR Jabalpur Lab where the tests were conducted for measles and rubella. Community awareness and health education given by the peripheral team on isolation of cases, hygiene maintenance and proper nutrition."
Odisha,Deogarh,Acute Diarrhoeal Disease,23,0,02-10-2025,02-10-2025,Under Control,"Cases presented with vomiting, nausea and some cases presented with loose motions from Village Kadalimunda, Sub-District Debagarh, District Deogarh. District RRT investigated the outbreak. People consumed water from six tubewells and dugwell in the affected area. House to house survey was done. Medicine and ORS packets were given to cases. Superchlorination of water sources was done. Cases were in the age group 15-44 years. 1 rectal swab and 3 water samples were collected and sent to DPHL Deogarh. The water samples were tested using H₂S and OT tests, while culture testing was done on the rectal swab. Results showed H₂S positive and no residual chlorine detected in the OT test, indicating non-potable water quality. The rectal swab culture showed no enteropathogenic organisms. Community awareness and health education given by the peripheral team on safe drinking water, hygiene and sanitation."
Punjab,S.A.S Nagar,Acute Diarrhoeal Disease,75,0,25-09-2025,Under Control,"Cases Nabha, (Mohali), District S.A.S Nagar. Cases are vomiting, District RRT investigated the outbreak. The affected age group was 14-76 years. House to house survey was conducted and a medical camp was set-up in the affected collected and sent to SPHL Kharar and 5 blood samples were collected and sent to DPHL Mohali. 4 water samples were found bacteriological samples tested negative for Hepatitis A and E by IgM ELISA. ORS, zinc and chlorine awareness and health education given by the peripheral team on safe drinking water, sanitation.","were reported from Village Sub-District SAS Nagar presented with loose stools, fever and abdominal pain. area. 4 water samples were to be non-potable on testing, while 5 blood were distributed. Community food habits, hygiene and"
Tamil Nadu,Tenkasi,Dengue,13,0,01-10-2025,02-10-2025,Under Control,"Cases of fever with myalgia and fatigue were reported from Village Kollangulam (Pilliyar Koil Street), Sub-District Alangulam, District Tenkasi. District RRT investigated the outbreak. House to house fever survey was done. Cases were treated at GH Alankulam . All 5 serum samples collected and sent to DPHL Tenkasi tested positive for Dengue (IgM ELISA and NS1 ELISA). Cases were mostly aged 15 years and above. Anti-larval activities and fogging was done. Community awareness and health education given by the peripheral team on vector control measures, hygiene and sanitation."
Uttar Pradesh,Pilibhit,Fever,53,0,25-09-2025,Under Surveillance,"Cases Jawahar Navodaya Vidyalaya, Village Shivpur District investigated were examined for symptoms at a health camp Medicines were given to cases. blood samples collected tested negative for malaria (RDT). Fogging was done in the affected area. Community awareness and peripheral measures, hygiene and sanitation.","of fever were reported from Nawadia, PHC Bisalpur, Pilibhit. District RRT the outbreak. 140 students organized in the locality. All 53 health education given by the team on vector control"
Andhra Pradesh,Parvathipur am Manyam,Jaundice,103,0,03-10-2025,06-10-2025,Under Surveillance,"Cases were reported from Village Sivannapeta, Sub- District Kurupam, District Parvathipuram Manyam. Cases presented with abdominal pain, vomiting fever, loss of appetite and dark coloured urine.. District RRT investigated the outbreak. Cases were treated at a medical camp established in the locality. Out of 609 blood samples collected and sent to District Hospital, Parvathipuram and KGH, Visakhapatnam, 103 samples showed raised SGOT and SGPT levels. Chlorination of water sources was done. Community awareness and health education given by the peripheral team on safe drinking water and food habits, hygiene and sanitation."
Andhra Pradesh,Visakhapata nam,Acute Diarrhoeal Disease,18,0,09-10-2025,10-10-2025,Under Control,"Cases were reported from Village Koyyap ETA-1, Sub- District Padmanabham, District Visakhapatanam. Cases presented with loose watery stools. The affected age group was 22-80 years. District RRT investigated the outbreak. 1 stool sample tested at AMC, Visakhapatnam showed no pathogenic organism isolated, while 2 water samples tested at the Regional Public Health Laboratory, Visakhapatnam, were found unsatisfactory. Chlorination of water sources was done. Community awareness and health education given by the peripheral team on safe drinking water and food habits, hygiene and sanitation."
Assam,Sonitpur,Acute Diarrhoeal Disease,17,0,10-10-2025,10-10-2025,Under Surveillance,"Cases of loose motion and vomiting were reported from Village Drrung TE, Sub-District Tezpur, District Sonitpur. District RRT investigated the outbreak. House to house survey was done. Cases were treated symptomatically. 6 patients were treated at Durrung TE hospital. Cases were in the age group 5-58 years. 4 stool samples collected and sent to DPHL Sonitpur showed growth of normal gut flora after 48 hours in culture. 2 water samples collected were unsatisfactory for drinking in the MPN test. Chlorination of water sources was done. Community awareness and health education given by peripheral team on safe drinking water, hygiene and sanitation"
Bihar Aurangabad,Diarrhoeal,Acute Disease,19,0,08-09-2025,Under Surveillance,"Cases of loose motions were reported from Village District investigated the outbreak. The affected age group was 18-70 years. A medical team from the Kutumba Referral Hospital treated the people packets were given to cases. Chlorination of water awareness and health education given by the peripheral food habits, hygiene and sanitation.","Telhara, Sub-District Kutumba, Aurangabad. District RRT suffering from diarrhoea. ORS sources was done. Community team on safe drinking water and"
Bihar,Bhojpur,Acute Diarrhoeal Disease,13,0,07-10-2025,09-10-2025,Under Surveillance,"Cases of vomiting, loose motion and stomach pain were reported from Village Araila, Sub- District Agiaon, District Bhojpur. District RRT investigated the outbreak. The affected age group was 5-70 years. A medical camp was set up in the village. 3 stool samples collected and sent to NMCH Microbiology Department, Patna tested negative for cholera by culture. Out of 6 water samples collected and sent to PHED Bhojpur, 4 samples were non- potable. Chlorination of water sources was done. Community awareness and health education given by the peripheral team on safe drinking water and food habits, hygiene and sanitation."
Bihar,Madhubani,Acute Diarrhoeal Disease,11,0,07-10-2025,07-10-2025,Under Surveillance,"Cases of loose motions were reported from Village Nararh (Part in Khajauli), Sub-District Kaluahi, District Madhubani. District RRT investigated the outbreak. The affected age group was 4-66 years. All cases were treated symptomatically. Chlorine tablets were distributed to the households. Community awareness and health education given by the peripheral team on safe drinking water and food habits, hygiene and sanitation."
Chhattisgarh,Durg,Acute Diarrhoeal Disease,66,0,05-10-2025,06-10-2025,Under Surveillance,"Cases of loose motion and vomiting were reported from Village Samoda, Sub- District/District Durg. District RRT investigated the outbreak. House to house survey was done. Cases were treated at PHC Jewara and at SDH Durg. 12 stool samples collected and sent to CCM Medical College Kachandur showed presence of E. coli by culture. 1 stool sample sent to Hamar lab Raipur, tested negative for cholera by culture. 8 Water samples collected and sent to PHE department Durg showed presence of Coliform bacteria in 2 samples. Chlorination of water sources was done. Community awareness and health education given by the peripheral team on safe drinking water, hygiene and sanitation."
Jharkhand,Deoghar,Acute Diarrhoeal Disease,13,0,11-10-2025,11-10-2025,Under Surveillance,"Cases of loose motion and vomiting were reported from Village Gokulpur (pujjar tola), Sub-District Deoghar, District Deoghar. C District RRT investigated the outbreak. Cases were treated symptomatically. . Cases were in the age group 3- 45 years. 1 water sample collected was potable. Chlorine tablets were distributed to the households. Community awareness and health education given by the peripheral team on safe drinking water, hygiene and sanitation."
Jharkhand,Dhanbad,Acute Diarrhoeal Disease,22,0,06-10-2025,09-10-2025,Under Surveillance,"Cases of loose motion and vomiting were reported from Village Dhanarangi, Sub- District Purbi Tundi, District Dhanbad. District RRT investigated the outbreak. Medicine and ORS packet was given to cases. Cases were in the age group 8-64 years. Chlorine tablets were distributed to the households. Community awareness and health education given by the peripheral team on safe drinking water, hygiene and sanitation."
Jharkhand,Latehar,Scrub Typhus,38,0,09-10-2025,09-10-2025,Under Surveillance,"Cases of fever with body ache were reported from Village Ker, Barwadih (CT), Khura and Muru, Sub-District Barwadih, District Latehar. District RRT investigated the outbreak. Cases were treated at Gandhiji private hospital. Cases were in the age group 9-70 years. Out of 38 blood samples collected, 10 samples tested positive for O. tsutsugamushi (IgM ELISA). People were advised to wear protective clothing, use insect repellents, avoid dense vegetation, clear bushes and manage rodents."
Jammu and Kashmir,Jammu,Dengue,69,0,06-10-2025,06-10-2025,Under Surveillance,"Cases of fever with body ache, myalgia and fatigue Urban areas of Gandhi Nagar, Sanjay Nagar and Nanak Nagar, UPHC Shastri Nagar and Nanak Nagar District Jammu. District RRT investigated the outbreak. House to house fever survey was done. All cases were treated. Cases were in the age group 7-70 years. Out of 150 serum samples collected and sent to DPHL Gandhinagar Jammu & SRL GMC Jammu, 69 samples tested positive for Dengue (NS1 ELISA and IgM ELISA). Anti- larval activities and fogging was done in the affected area. Community awareness and health education given by peripheral team on vector control measures, hygiene and sanitation."
Jammu and Kashmir,Jammu Chikungunya,,14,0,19-09-2025,Under Surveillance,"Cases of fever with joint pain were reported from Village Jammu, UPHC Janipur, District Jammu. outbreak. House to house fever survey was done. Cases were treated at UPHC Janipur. Cases were in the age group 14-74 years. Out of 40 serum samples collected and sent to DPHL Gandhinagar Jammu & SRL GMC Jammu, Chikungunya (NS1 ELISA and IgM ELISA). Anti-larval activities and fogging was done. Community awareness and health education given control measures, hygiene and sanitation.",District RRT investigated the 14 samples tested positive for by the peripheral team on vector
Kerala,Ernakulam,Mpox,1,0,09-10-2025,10-10-2025,Under Surveillance,"A case was reported from Village Karukutty, Sub-District Aluva, District Ernakulam.. District RRT investigated the outbreak. A 24 -years-old male was admitted to Dept of General Medicine unit-5 isolation ward AIMS Kochi on 4.10.25 with clinical symptoms provisionally diagnosed as Mpox. The patient had a history of international travel and returned back to Kochi on 30.09.25. He was thermodynamically stable and on supportive medications. Blood in EDTA, Naso and oro pharyngeal swabs, swabs from lesions were collected and sent to NIV, Alappuzha tested positive for Mpox by RT-PCR on 07.10.25. Second samples (TS, NPS Plasma, Urine and CSF, lesion swab) sent to NIV Pune for confirmation and all samples tested negative on 15.10.25. The patient was discharged from AIMS Kochi on 16.10.25. The flight contacts details were taken from the Airport health officer. None of the contacts developed any symptom. Mental support and health awareness was given on control, hygiene, and sanitation."
Kerala,Ernakulam,Acute Gastroente ritis,35,0,08-10-2025,08-10-2025,Under Surveillance,"Cases of loose motion, vomiting and abdominal pain were reported from Malankara Syrian orthodox Seminary, Village Thiruvaniyoor, Sub-District Kunnathunad, District Ernakulam. District RRT investigated the outbreak. Probable source of the outbreak was drinking water from a water filter. Cases were treated symptomatically at FHC Maneed. Cases were in the age group 23-30 years. 5 water samples collected from water sources of Seminary well, filter and sent to RPH and RAL lab showed presence of E. coli. Chlorination of water sources was done in the affected institution. Community awareness and health education given by the peripheral team on safe drinking water, hygiene and sanitation."
Kerala,Kannur,Hepatitis A,27,0,06-10-2025,08-10-2025,Under Surveillance,"Cases of abdominal pain, nausea and loss of appetite were reported from Ward 7 of Peringome Vayyakkara Panchayath, Village Peringome, Sub-District Payyannur, District Kannur. District RRT investigated the outbreak. House to house survey was done in the locality. All cases were treated. Cases were in the age group 9- 66 years. All 8 blood samples collected tested positive for Hepatitis A (IgM ELISA). 2 water samples collected from local well and Pedena mosque and sent to Quality Control Lab Payynnur showed presence of E. coli indicating fecal contamination. Environmental inspection revealed a quarry upstream, with downstream water contamination likely due to quarry activities. Chlorine tablets were distributed to the households. Community awareness and health education given by the peripheral team on safe drinking water and food habits, hygiene and sanitation."
Kerala,Malappura m,Hepatitis A,10,0,04-10-2025,10-10-2025,Under Surveillance,"Cases of loss of appetite, abdominal pain and yellow coloured urine were reported from Ward 14 Mankuthparambu colony, Village Morayur, Sub- District Kondotty, District Malappuram. District RRT investigated the outbreak. It was observed that the affected families used water supplied by Jalanidhi indicating water supply is likely the source of contamination. 1 serum sample collected tested positive for Hepatitis A (IgM ELISA). Pipeline leakages were repaired. Super chlorination of water sources was done. Community awareness and health education given by the peripheral team on safe drinking water, hygiene and sanitation."
Maharashtra,Jalgaon,Measles,23,0,01-10-2025,10-10-2025,Under Surveillance,"Cases of fever with rash were reported from Krantikari Khwajaji Naik Ashram Shaala school, Village Anore, Sub- District Dharangaon, District Jalgaon. District RRT investigated the outbreak. Active search for fever cases was done in the school premises and nearby locality. Cases were treated symptomatically. Cases were in the age group 13 years. Out of 5 blood samples collected, 3 samples tested positive for Measles (IgM ELISA). School administration was advised to identify symptomatic children and ensure proper home isolation of 7 days. Community awareness and health education given by the peripheral team on isolation of cases, proper nutrition and hygiene maintenance."
Maharashtra,Kolhapur,Malaria,30,0,07-10-2025,07-10-2025,Under Surveillance,"Cases of fever with chills were reported from Village/PHC Vadanage, Sub-District Karvir, District Kolhapur. District RRT investigated the outbreak. House to house fever survey was done. Cases were treated with anti- Malarial medicines. Entomological survey revealed HI 25. Cases were in the age group 13-72 years. Out of 30 blood samples collected, 20 samples tested positive for malaria mixed by MPBS. Anti- larval activities and fogging was done. People were advised to use mosquito nets in households. Community awareness and health education given by the peripheral team on vector control measures, hygiene and sanitation."
Madhya Pradesh,Narsinghpu r,Acute Diarrhoeal Disease,82,0,06-10-2025,06-10-2025,Under Surveillance,"Cases of loose motion, vomiting and nausea were reported from Village Umariya, Sub-District Kareli, District Narsinghpur. District RRT investigated the outbreak. House to house survey was done. Cases were treated at a health camp established in the locality. Cases were in the age group 2-71 years. 1 stool sample collected tested negative for cholera by culture. Chlorination of water sources was done by PHED. Community awareness and health education given by the peripheral team on safe drinking water, hygiene and sanitation."
Odisha,Bargarh,Acute Diarrhoeal Disease,18,0,07-10-2025,07-10-2025,Under Control,"Cases of loose motion and vomiting were reported from Village Adhapani, Sub-District Jharbandha, District Bargarh. District RRT investigated the outbreak. Symptomatic treatment was given to cases. 3 patients were treated at SDH Padampur. Cases were in the age group 25-72 years. 3 stool samples collected tested negative for cholera by culture. Chlorination of water sources was done. Community awareness and health education given by the peripheral team on safe drinking water, hygiene and sanitation."
"Rajasthan th March, 2020. The States have been reporting the COVID-19 cases and deaths on a real-time basis and the same was being updated on the website of",Ajmer Scrub Typhus,COVID-19 STATUS,11,0,10-09-2025,Under Surveillance,"Cases of fever with body pain were reported from District Ajmer. District RRT investigated the outbreak. House to house search for fever cases was Doxycycline and Azithromycin. blood samples collected Ajmer, tsutsugamushi reduction undertaken and IEC activity in the affected area was conducted regarding prevention and control scrub typhus. Co-ordination with the veterinary spraying of Cyphermethrin on around the cattle sheds.","village Gordha, Sub-District Sawar, done. Cases were treated with Out of 11 and sent to DPHL 4 samples tested positive for O. (IgM ELISA). Source measures (mite spray) were department was done for"
Uttar Pradesh,Chandauli,Acute Diarrhoeal Disease,24,0,07-10-2025,09-10-2025,Under Surveillance,"Cases of loose watery stools were reported from Village Sonhul & Daudpur, Sub-District Chakia, District Chandauli. District RRT investigated the outbreak. Cases were treated at Combined Hospital Chakiya Chandauli. Cases were in the age group 2-26 years. 1 rectal swab sample collected tested negative for cholera by Microscopy Hanging drop preparation. Chlorine tablets were distributed to households. Community awareness and health education given by the peripheral team on safe drinking water, hygiene and sanitation."
Uttar Pradesh,Fatehpur,Dengue,28,0,10-10-2025,10-10-2025,Under Control,"Cases of fever with myalgia and fatigue were reported from Village Tenduli, Sub-District Bindki, District Fatehpur. Block RRT investigated the outbreak. Active search for fever cases was done in the locality. Cases were treated at a health camp established in the affected area. Cases were in the age group 12- 65 years. All 28 blood samples collected tested negative for Malaria and Dengue (RDT). Further, 12 serum samples collected tested negative for Dengue (NS1 ELISA). Anti- larval activities and fogging was done. Community awareness and health education given by the peripheral team on vector control measures, hygiene and sanitation."
Uttar Pradesh,Mirzapur,Acute Diarrhoeal Disease,10,0,04-10-2025,08-10-2025,Under Surveillance,"Cases of loose motion and vomiting were reported from Jawahar Navodaya Vidyalaya, Village Patehara Kalan, District Mirzapur. District RRT investigated the outbreak. Cases were treated symptomatically. Cases were in the age group 13- 17 years. Cleaning of overhead tank was done in the school premises. Chlorination of water sources was done. Community awareness and health education given by the peripheral team on safe drinking water, hygiene and sanitation."
Uttar Pradesh,Sonbhadra,Malaria,148,0,08-10-2025,11-10-2025,Under Surveillance,"Cases of fever with chills were reported from Village Bashuari & Panaura, PHC Chichlik Panaura, District Sonbhadra. District RRT investigated the outbreak. House to house search for fever cases was done in the affected area. Cases were treated with anti-malarial medicines at a medical camp organized in the locality. Out of 148 blood samples collected, 94 samples tested positive for P. falciparum, 50 samples for P. vivax (RDT). Cases were in the age group 2-80 years. Antilarval activities, fogging and distribution of mosquito nets was done by the gram panchayat. Community awareness and health education given by the peripheral team on vector control measures, hygiene and sanitation."
West Bengal,24 Paraganas North,Jaundice,63,0,12-10-2025,12-10-2025,Under Surveillance,"Cases of fever, loose motion, yellow coloured urine and oligouria were reported from Village Kaugachhi (CT), Sub- District Barrackpur - I, District 24 Paraganas North. District RRT investigated the outbreak. House to house survey as done. Population of the affected area was 1250. Cases were treated at a health camp established in the locality. 8 patients were treated at COMSDH and ESI hospital Kamarhati. 8 blood samples collected and sent to STM tested negative for Hepatitis A & E (IgM ELISA). 5 water samples collected and sent for testing at WBPHL Kolkata were non- potable. Sensitization and awareness was done regarding the use of filtered and boiled water and to use halogen tab in 1 litre of water."
West Bengal,Purba Bardhaman,Suspected Food Poisoning,12,0,09-10-2025,10-10-2025,Under Surveillance,"Cases of loose motion and vomiting were reported from Village/Sub-District Khandaghosh, District Purba Bardhaman. District RRT investigated the outbreak. Cases fell ill 4-5 hours after eating prasad at a religious event. Symptomatic treatment was given to cases. Community awareness and health education given by the peripheral team on safe food habits, hygiene and sanitation."
Andhra Pradesh,Eluru,Acute Diarrhoeal Disease,9,0,02-09-2025,Under Control,"Cases of loose motions were reported from Village Kumari Gattu, Sub-District Buttayagudem, District Eluru. District RRT affected age group was 10-58 years. A medical cases were treated symptomatically. 2 stool DPHL Eluru showed growth of non- pathogenic Chlorination of water sources was done in awareness and health education given by the peripheral team on safe drinking water sanitation.","investigated the outbreak. The camp was arranged. All the samples collected and sent to coliform bacteria. the affected area. Community and food habits, hygiene and"
Andhra Pradesh,Guntur,Acute Diarrhoeal Disease,62,0,05-10-2025,Under Control,"Cases were reported from B.C. welfare Boys district Pedanandipadu, District Guntur. Cases presented with vomiting. outbreak. The affected age group was 6- 19 years. Cases were treated at PHC Pedanadipadu and at a 24X7 medical camp. Out of 51 stool samples collected and sent to Guntur Medical College, 26 samples showed growth of E. coli and 2 samples showed growth of species by culture. Further, out of 59 blood samples collected, 1 sample tested positive for Hepatitis E (IgM ELISA). Chlorination of water sources was done. Community education given by on safe drinking water and food habits, hygiene and sanitation.","Hostel, Village Annaparru, Sub- loose stools and District RRT investigated the Klebsiella awareness and health the peripheral team"
Assam,Barpeta,Fever of Unknown Origin,12,0,17-10-2025,17-10-2025,Under Control,"Cases of fever were reported from Village Joti Gaon, Sub-District Barpeta, District Barpeta. District RRT investigated the outbreak. The affected age group was 1-70 years. Cases were treated. All 12 blood samples collected tested negative for malaria (RDT). Fogging was done in the affected area. Community awareness and health education given by the peripheral team on vector control measures, hygiene and sanitation."
Bihar,Pashchim Champaran,Acute Gastroenteritis,28,0,09-10-2025,13-10-2025,Under Surveillance,"Cases of loose motion, vomiting and abdominal pain were reported from Village Mainatanagar, Sub- District Bettiah, District Pashchim Champaran. District RRT investigated the outbreak. House to house survey was done. Medicine and ORS packets were given to cases. Cases were in the age group 7-12 years. Chlorine tablets were distributed to the households. Community awareness and health education given by the peripheral team on safe drinking water, hygiene and sanitation."
Chhattisgar h,Bilaspur,Hepatitis A,13,0,15-10-2025,16-10-2025,Under Surveillance,"Cases of fever with loss of appetite and nausea were reported from Magarpara area of Bilaspur city, UPHC Gandhichowk, District Bilaspur. District RRT investigated the outbreak. House to house survey was done. Symptomatic treatment was given to cases. Cases were in the age group 5-65 years. Out of 10 blood samples collected and sent to CIMS Bilaspur, 8 samples tested positive for Hepatitis A (IgM ELISA). Chlorine tablets were distributed to the households. Community awareness and health education given by the peripheral team on safe drinking water, hygiene and sanitation."
Chhattisgar h,Rajnandgaon,Cholera,25,0,14-10-2025,15-10-2025,Under Surveillance,"Cases of loose watery stools and vomiting were reported from Village Matekheda, Sub-District Chhuriya, District Rajnandgaon. District RRT investigated the outbreak. Cases were treated at a health camp established in the locality. Most cases were in the age group of 15-44 years. Out of 4 stool samples collected and sent to Medical College Rajnandgaon, 1 sample was positive for V. cholerae by culture. Chlorine tablets were distributed to the households. Community awareness and health education given by the peripheral team on safe drinking water, hygiene and sanitation."
The Dadra And Nagar Haveli And Daman And Diu,Dadra And Nagar Haveli,Acute Diarrhoeal Disease,68,0,18-10-2025,18-10-2025,Under Surveillance,"Cases of loose motion and vomiting were reported from Horizon Height Society of Ward no 2, Dayatfalia, Sub- District/District Dadra & Nagar Haveli. District RRT investigated the outbreak. The investigation revealed that the outbreak was caused by contamination of the sewage line with the water harvesting pipeline, which was subsequently recycled for household use. All patients were managed with home-based treatment, and none required hospitalization. Control measures were promptly implemented, including separation of the contaminated pipelines, distribution of ORS packets, chlorine tablets, zinc, and Metrogyl to all affected households, collection of water samples for laboratory testing, and thorough cleaning of water storage tanks. Health education was also provided to residents on safe water usage and hygiene practices, and continuous surveillance of the area was maintained by the health team."
Himachal Pradesh,Una,Dengue,40,0,15-10-2025,16-10-2025,Under Surveillance,"Cases of fever with muscle pain and fatigue were reported from Village Santoshgarh, Block Basdehra, District Una. District RRT investigated the outbreak. House to house fever survey was done. Cases were treated at a medical camp established in the locality. Cases were in the age group 10-77 years. All 40 blood samples collected from 22.09.25 to 27.10.25 tested positive for Dengue (Rapid NS1). Anti-larval activities were done. Community awareness and health education given by the peripheral team on vector control measures, hygiene and sanitation."
Haryana,Sonipat,Acute Diarrhoeal Disease,22,0,14-10-2025,14-10-2025,Under Control,"Cases of loose motion and vomiting were reported from Village Banyapur (207) (CT), District Sonipat. District RRT investigated the outbreak. Symptomatic treatment was given to cases. Antibiotics, ORS and zinc tablets were given to cases. 3 patients were treated at Bhatla hospital, Sonipat. Cases were in the age group 3 months - 79 years. The probable cause of the outbreak was contaminated water. 2 stool samples were tested at VRDL, BPS GMC Khanpur kalan. Both were found to be negative for Microscopy Hanging Drop Preparation. Chlorination of water sources was done. Community awareness and health education was given by the peripheral team on safe drinking water, hygiene and sanitation."
Haryana,Yamunanagar,Hepatitis A,29,0,14-10-2025,14-10-2025,Under Control,"Cases of fever with abdominal pain, nausea and dark coloured urine were reported from Village Gianaw ala (337), Sub- District Jagadhri, District Yamunanagar. District RRT investigated the outbreak. Cases were treated at a health camp established in the locality. Cases were in the age group 5-14 years. 22 Blood samples collected and sent to DPHL (IDSP) Yamuna Nagar for testing. 13 Blood samples tested positive for IgM Hepatitis A (IgM ELISA). All 5 water samples collected and sent to DPHL (IDSP) Yamuna Nagar for bacteriological test were potable. Chlorination of water sources was done. Pipeline leakages were repaired by PHED Yamuana Nagar. Community awareness and health education given by the peripheral team on safe drinking water and food habits, hygiene and sanitation."
Jharkhand,Dhanbad,Acute Diarrhoeal Disease,12,0,11-10-2025,13-10-2025,Under Surveillance,"Cases of loose motion and vomiting were reported from Village Ankbadia, Sub-District Kariasol, District Dhanbad. District RRT investigated the outbreak. Medicine and ORS packets were given to cases. Chlorine tablets were distributed to the households. The affected age group was 11 - 61 years. All 4 water samples collected and sent to District Water Testing Laboratory Dhanbad were potable. Chlorination of water sources was done. Community awareness and health education given by the peripheral team on safe drinking water, hygiene and sanitation."
Jharkhand,East Singhbum,Acute Diarrhoeal Disease,43,0,13-10-2025,13-10-2025,Under Surveillance,"Cases of loose watery stools were reported from Village Dandudih, Sub- District Patamda, District East Singhbum. District RRT investigated the outbreak. House to house survey was done. Symptomatic treatment was given to cases. Cases were in the age group 6-85 years. Out of 3 water samples collected and sent to MGM Microbiology Department Jamshedpur, 2 samples showed presence of E. faecalis and E. coli. Chlorine tablets were distributed to the households. Community awareness and health education given by the peripheral team on safe drinking water, hygiene and sanitation."
Jharkhand,Garhwa,Scrub Typhus and Leptospirosis,16,0,13-10-2025,14-10-2025,Under Surveillance,"Cases of fever with body pain were reported from Village Checharia, Sub- District Ketar, District Garhwa. Cases are presented with Leptospirosis. District RRT investigated the outbreak. House to house fever survey was done. Index case was a patient from Village Chechariya admitted at RIMS Ranchi who tested positive for Leptospirosis (IgM ELISA) on 16-09-2025. All cases were treated at PHC Ketar. Cases were in the age group 2-60 years. A total of 16 serum samples were tested by IgM ELISA at RIMS Laboratory, Ranchi; of these, 5 out of 6 samples were positive for O. tsutsugamushi and 3 out of 10 samples were positive for leptospirosis. Community awareness and health education given by peripheral team on personal protection, hygiene and sanitation"
Jharkhand,West Singhbhum,Cholera,14,0,11-10-2025,13-10-2025,Under Control,"Cases of loose motion and vomiting were reported from Village Noamundi (CT), Sub-District Chaibasa, District West Singhbhum. District RRT investigated the outbreak. Medicine and ORS packets were given to cases. Cases were in the age group 19- 54 years. All 14 stool samples collected tested positive for V. cholerae (O1 Ogawa) by culture. Chlorine tablets were distributed to the households. Community awareness and health education given by the peripheral team on safe drinking water, hygiene and sanitation."
Jammu and Kashmir,Jammu,Dengue,53,0,17-09-2025,Under Surveillance,"Cases fatigue Jammu, Jammu. outbreak. was done in the affected area. All cases were collected tested ELISA). Cases were in the age group 1- 62 fogging awareness and health education given by the peripheral team on vector control measures, hygiene and sanitation.","of fever with body pain and were reported from Village UHP Shakti Nagar, District District RRT investigated the Active search for fever cases treated. All 53 blood samples from 15.09.25 to 9.11.25, positive for Dengue (NS1 Ag years. Anti-larval activities and was done. Community"
Jammu and Kashmir,Kathua,Dengue,15,0,17-10-2025,17-10-2025,Under Surveillance,"Cases of fever with myalgia and fatigue were reported from Village Hatli, Sub-District Kathua, District Kathua. District RRT investigated the outbreak. House to house fever survey was done. Cases were treated. All 15 blood samples collected and sent to IDSP-DPHL Kathua, 15 samples tested positive for Dengue (IgM ELISA). Cases were in the age group 5-48 years. Anti- larval activities and fogging was done. Community awareness and health education given by the peripheral team on vector control measures, hygiene and sanitation."
Kerala,Ernakulam,Acute Gastroenteritis,290,0,16-10-2025,18-10-2025,Under Surveillance,"15 | Page Cases of fever, headache, abdominal pain, vomiting (4-5 episodes) and loose stools (4-8 episodes) were reported from Darul Salam Public school, Kumarapuram, Village Kunnat hunad (CT), Sub- District Kunnathunad, District Ernakulam. Most of the cases were students of LKG, UKG and 1st standard. Cases were treated at a health camp established in the school premises. 18 cases were treated at Samaritan hospital and Carmal Hospital Aluva. 3 stool samples collected from the symptomatic cases and sent to NIV Alleppey tested positive for Rota virus. 2 water samples collected from the well, and water purifier and sent to Regional public health Lab Ernakulam, tested positive for coliform bacteria on bacteriological analysis. Super chlorination of the well was conducted at the School campus with the support of field staff. Sensitization was given to parents and teachers regarding the importance of hand hygiene and disinfection of infected surfaces."
Kerala,Ernakulam,Chickenpox,13,0,18-10-2025,18-10-2025,Under Surveillance,"Cases of fever with rash were reported from Village Mookkannoor, Sub-District Aluva, District Ernakulam. District RRT investigated the outbreak. Most of the cases were hostlers at FISAT Engineering College, Mokkannur. Symptomatic treatment was given to cases. The affected age group was 19 to 22 years. Community awareness and health education given by the peripheral team on isolation of cases, hygiene maintenance and proper nutrition."
Kerala,Ernakulam,Chickenpox,10,0,17-10-2025,18-10-2025,Under Surveillance,"Cases of fever with rash were reported from Village Mulamt huruthy (CT), Edakkat tuvayal & Amballur (CT), Sub- District Kanayannur, District Ernakulam. District RRT investigated the outbreak. Cases were students of 3rd year Toc H Engineering College. All cases were symptomatically treated at various hospitals. The affected age group was 19 to 22 years. Community awareness and health education given by peripheral team on isolation of cases, hygiene maintenance and proper nutrition."
Kerala,Ernakulam,Hepatitis A,13,0,15-10-2025,17-10-2025,Under Surveillance,"Cases of fever with nausea, abdominal pain and fatigue were reported from Ward 38, Karimakkad area, Thrikkakara Municipality, Sub-District Kanayannur, District Ernakulam. District RRT investigated the outbreak. Cases consumed water from a common well. Cases were treated at UPHC Thrikkakkara. The age group of the cases was 10- 37 years. 1 serum sample collected and sent to RPH Lab tested positive for Hepatitis A (IgM ELISA). Chlorination of well was done. Community awareness and health education given by the peripheral team on safe drinking water, hygiene and sanitation."
Kerala,Malappuram,Hepatitis A,22,0,14-10-2025,14-10-2025,Under Surveilla nce,"Cases of nausea, loss of appetite and fatigue were reported from Village Perinthalmanna, Sub- District Perinthalmanna, District Malappuram. District RRT investigated the outbreak. House to house survey was done. All cases were treated. 2 serum samples collected tested positive for Hepatitis A (IgM Elisa). Chlorination of water sources was done. Community awareness and health education given by the peripheral team on safe drinking water and food habits, hygiene and sanitation."
Kerala,Palakkad,Hepatitis A,12,0,14-10-2025,14-10-2025,Under Surveilla nce,"Cases of nausea, loss of appetite, abdominal pain and fever were reported from Village Thachanattukara-I, Sub- District Mannarkad, District Palakkad. District RRT investigated the outbreak. House to house survey was done. Cases were treated at PHC Thachanattukara. The affected age group was 5- 60 years. Out of 4 serum samples collected and sent to District Public Health Lab Palakkad, 2 samples tested positive for Hepatitis A (IgM ELISA). Chlorination of water sources was done. Health education was given by the peripheral team on safe drinking water and food habits, hygiene maintenance and sanitation."
Kerala,Palakkad,Hepatitis A,32,0,14-10-2025,14-10-2025,Under Surveillance,"Cases of nausea and dark coloured urine were reported from Village Kottoppadam-I and Kottoppadam-III (ward 17), Sub-District Mannarkad, District Palakkad. District RRT investigated the outbreak. Cases were treated at PHC Kottopadam. Cases were in the age group 4-37 years. Out of 3 serum samples collected and sent to KMC Hospital Kottopadam, 1 sample tested positive for Hepatitis A (IgM ELISA). Chlorination of water sources was done. Community awareness and health education given by the peripheral team on safe drinking water and food habits, hygiene and sanitation."
Kerala,Palakkad,Chickenpox,17,0,06-10-2025,Under Control,"Cases of fever with rash were reported from ancheri- I, Sub-District Alathur, District Palakkad. the outbreak. Active search for fever cases was done in the affected area. Cases Cases were in the age group 5-60 years. Health peripheral team on hygiene nutrition.","Village Kannam bra-I, Vadakk District RRT investigated were treated symptomatically. education was given by the isolation of cases, maintenance and proper"
Kerala,Thrissur,Suspected Food Poisoning,20,0,17-10-2025,18-10-2025,Under Surveillance,"Cases of loss of appetite, nausea and abdominal pain were reported from Village Thrissur, Sub-District Thrissur, District Thrissur. District RRT investigated the outbreak. House to house survey was done. A cluster of 20 cases were reported following a marriage function held on 10-09-2025 at CSI Church Hall Thrissur. Epidemiological investigation indicated a common point-source exposure, likely related to food and water served at the event. Cases were treated at PHC Koorkanchery. Cases were in the age group 13-36 years. Health education on sanitation and safe water practices was given. Environmental samples from wells and catering- related water sources collected for bacteriological testing were potable. Superchlorination of wells was done. Community awareness and health education given by the peripheral team on safe drinking water and food habits, hygiene and sanitation."
Kerala,Thrissur,Hepatitis A,12,0,14-10-2025,14-10-2025,Under Surveillance,"Cases of abdominal pain, nausea, loss of appetite and fever were reported from Viruppaka area (Ward 3), Village Thekkumkara, Sub- District Talappilly, District Thrissur. District RRT investigated the outbreak. Cases had a possible exposure linked to consumption of food at a house warming function held on 07-09-2025. Cases were treated at FHC Thekkumkara. Cases were in the age group 13-57 years. Out of 12 cases, 8 required hospitalization at various facilities including Jubilee Mission Hospital, CHC Pazhayannur, Daya Hospital, and MCH Thrissur, while others were managed as outpatients or under home care. 2 serum samples collected tested positive for Hepatitis A (IgM ELISA). Pipeline leakages were repaired. Chlorination of well was done. Community awareness and health education given by the peripheral team on safe drinking water and food habits, hygiene and sanitation."
Kerala,Thrissur,Dengue,38,0,10-10-2025,13-10-2025,Under Surveillance,"Cases of fever with body pain and fatigue were reported from Shoba Labour Camp, Village Chevvoor (CT), FHC Adat, Sub-District/District Thrissur. District RRT investigated the outbreak. Active search for fever cases was done in the affected area. All cases were treated. Out of 33 blood samples collected, 15 samples tested positive for Dengue (13 by NS1 ELISA and 2 by Rapid NS1 antigen test). Cases were in the age group 19-55 years. Vector control measures, including source reduction, larval survey and fogging operations were carried out and health education was given on hygiene and sanitation."
Maharashtr a,Buldhana,Acute Diarrhoeal Disease,25,0,13-10-2025,13-10-2025,Under Surveillance,"Cases of loose motion were reported from Village Khel Bhogal Paturda, Palshi Zas and Pimpari Adgaon, Sub- District Sangrampur, District Buldhana. District RRT investigated the outbreak. Medicine and ORS packets were given to cases. Cases were in the age group 15-50 years. Chlorination of water sources was done. Samples were not collected. Community awareness and health education given by the peripheral team on safe drinking water, hygiene and sanitation."
Maharashtr a,Gadchiroli,Acute Diarrhoeal Disease,31,0,17-10-2025,17-10-2025,Under Control,"Cases of loose motion and vomiting were reported from Village Garanji, Sub- District Chamorshi, District Gadchiroli. District RRT investigated the outbreak. House to house survey was done. Cases were treated at PHC Regadi. Cases were in the age group 2-60 years. ORS packets were given to cases. Chlorine tablets were distributed to the households. 1 water sample was collected and sent to DPHL Lab Gadchiroli was potable. Community awareness and health education given by the peripheral team on safe drinking water, hygiene and sanitation."
Maharashtr a,Nanded,Acute Diarrhoeal Disease,97,0,17-10-2025,18-10-2025,Under Surveillance,"Cases of loose emotion, vomiting and abdominal pain were reported from Village: Chainapur Tanda, Sub-District Ardhapur, District Nanded. District RRT investigated the outbreak. House to house survey was done. Symptomatic treatment was given to cases. 22 patients were treated at RH Ardhapur. Cases were in the age group 16-60 years. Out of 6 water samples collected and sent to DPHL Lab, 1 sample was non- potable. Chlorination of water sources was done. Community awareness and health education given by the peripheral team on safe drinking water, hygiene and sanitation."
Maharashtr a,Washim,Fever,21,0,14-10-2025,14-10-2025,Under Surveillance,"Cases of fever with body pain were reported from Village Asola Kh., Sub- District Manora, District Washim. District RRT investigated the outbreak. House to house fever survey was done. Canvases were treated at PHC Shendurjana. Cases were in the age group 13-80 years. All 21 serum samples collected and sent to NIV Pune tested negative for O. tsutsugamushi (IgM ELISA).Community awareness and health education given by the peripheral team on vector control measures, hygiene and sanitation."
Manipur,Kamjong,Suspected Typhoid,12,0,15-10-2025,16-10-2025,Under Surveillance,"Cases of fever were reported from Village Molvailup, Sub- District/District Kamjong. District RRT investigated the outbreak. House to house survey was done. Cases were treated at DH Kamjong. Out of 12 blood samples collected, 5 samples tested positive for Typhoid (Typhidot RDT). Cases were in the age group 3-56 years. IEC was done on hand hygiene and use of boiled water for drinking purpose. Community awareness and health education given by the peripheral team on safe drinking water and food habits, hygiene and sanitation."
Madhya Pradesh,Ashoknagar,Measles,12,0,13-10-2025,14-10-2025,Under Surveillance,"Cases of fever with rash were reported from Village Bharat Pura, Sub-District Mungaoli, District Ashoknagar. District RRT investigated the outbreak. Active search for fever cases was done in the affected area. Cases were treated symptomatically. Cases were in the age group 11 months to 15 years. Out of 4 blood samples collected and sent to GMC Bhopal, 1 sample tested positive for Measles (IgM ELISA). Community awareness and health education given by the peripheral team on isolation of cases, hygiene maintenance and proper nutrition."
Madhya Pradesh,East Nimar,Fever,10,0,16-10-2025,16-10-2025,Under Surveillance,"Cases of fever were reported from Village Piplodkhas, Sub-District Pandhana, District East Nimar. District RRT investigated the outbreak. House to house fever survey was done. Cases were treated at PHC Piplodkhas. Cases were in the age group 18-27 years. All 10 blood samples collected tested negative for Malaria (RDT). Anti- larval activities and fogging was done in the affected area. Community awareness and health education given by the peripheral team on vector control measures, hygiene and sanitation."
Madhya Pradesh,Rajgarh,Fever,15,0,13-10-2025,13-10-2025,Under Control,"Cases of fever were reported from Village Guna Khedi, Sub-District Khilchipur, District Rajgarh. District RRT investigated the outbreak. House to house fever survey was done. Cases were treated at PHC Somwariya. Cases were in the age group 21-80 years. All 15 blood samples collected and sent to DPHL Lab J P hospital Bhopal tested negative for Dengue (IgM ELISA). Anti-larval activities and fogging was done in the affected area. Community awareness and health education given by the peripheral team on vector control measures, hygiene and sanitation."
Madhya Pradesh,Satna,Scrub Typhus,10,0,14-10-2025,14-10-2025,Under Surveillance,"Cases of fever with body pain were reported from Village Turki, Saraya & Badarkha, Sub-District Rampur Baghelan, District Satna. District RRT investigated the outbreak. Active search for fever cases was done in the affected area. Cases were treated at CHC Rampur Baghelan. Out of 22 blood samples collected and sent to AIIMS Bhopal, 14 samples tested positive for O. tsutsugamushi (IgM ELISA). Cases were in the age group 5-78 years. Community awareness and health education given by the peripheral team on vector control measures, hygiene and sanitation."
Tripura,North Tripura,Dengue COVID-19 STATUS,59,0,18-09-2025,Under Surveillance,"Cases of fever with muscle pain and fatigue Balidhum Dharmanagar, District RRT investigated the outbreak. House to house fever survey was done in the affected area. Cases were treated at locality. Cases were in the age group 2- 70 years. 2 patients were treated at PHC Bungnung and 4 cases treated at DH. All 13 serum samples collected tested positive for Dengue (NS1 ELISA). IRS as Community education given on vector control measures, hygiene and sanitation.","were reported from Village and Algapur, Sub-District District North Tripura. a health camp organized in the well as IEC activity was done. awareness and health by the peripheral team"
Uttar Pradesh,Chandauli,Acute Diarrhoeal Disease,19,0,12-10-2025,16-10-2025,Under Surveillance,"Cases of loose motion and vomiting were reported from Village Satpokhari (CT), Sub-District/District Chandauli. District RRT investigated the outbreak. Cases were treated symptomatically. ORS packets were given to cases. Cases were in the age group 1-70 years. 6 rectal swab samples collected and sent to Regional Lab Swasthya Bhawan Lucknow tested negative for cholera by culture. Chlorine tablets were distributed to the households. Community awareness and health education given by the peripheral team on safe drinking water, hygiene and sanitation."
Uttar Pradesh,Farrukhabad,Fever,16,1,10-10-2025,16-10-2025,Under Surveillance,"Cases of fever with fatigue, myalgia and body pain were reported from Village Khinmini and Joura, Sub- District Kaimganj, District Farrukhabad. District RRT investigated the outbreak. House to house fever survey was done. Cases were treated at CHC Kaimganj. Cases were in the age group 7-60 years. 12 blood samples collected tested negative for Dengue (Rapid NS1). 1 death was reported in a 60 years old female who was admitted to Medanta Hospital Lucknow on 24.09.2025 and expired after LAMA from the hospital. Source reduction activities were done by the health staff. Community awareness and health education given by the peripheral team on vector control measures, hygiene and sanitation."
Uttar Pradesh,Hapur,Chikungunya & Dengue,29,0,13-10-2025,17-10-2025,Under Control,"Cases of fever with joint pain were reported from Village Kathikheda, CHC Noorpur, District Hapur. District RRT investigated the outbreak. Active search for fever cases was done. Cases were treated at a medical camp established in the locality. Cases were in the age group 8-74 years. Out of 64 blood samples collected and sent to DH Hapur, 23 samples tested positive for Chikungunya and 6 samples tested positive for Dengue (NS1 & IgM ELISA). Anti- larval activities and fogging was done in the affected area. Community awareness and health education given by the peripheral team on vector control measures, hygiene and sanitation."
Uttar Pradesh,Hardoi,Scrub Typhus,71,0,16-10-2025,16-10-2025,Under Surveillance,"Cases of fever with joint pain were reported from Village Nizampur and Sawaizpur, Sub-District Sawayajpur, District Hardoi. District RRT investigated the outbreak. House to house fever survey was done. Cases were treated at a health camp established in the locality and at CHC Harpalpur. Cases were in the age group 2-84 years. Out of 70 blood samples collected, 5 samples tested positive for O. tsutsugamushi (RDT). Anti-larval activities and fogging was done in the affected area. Community awareness and health education given by the peripheral team on vector control measures, hygiene and sanitation."
Uttar Pradesh,Jaunpur,Suspected Typhoid,34,0,10-10-2025,17-10-2025,Under Surveillance,"Cases of fever were reported from Villages Dipaipur, Basiraha, Chhitam Patti and Pilkichha, Sub-District Shahganj, District Jaunpur. A JE positive case was confirmed at KGMU, Lucknow on 10.10.2025. District RRT investigated the outbreak. The team surveyed 50 houses in the patient's village. Active search for fever cases was done in the affected area. Cases were in the age group 11-70 years. Cases were treated at CHC Suithakala. 24 samples were collected tested negative for Dengue and Malaria (RDT). Further, 2 blood samples collected tested positive for S. typhi (TyphiDot). Anti-larval activities, IRS and fogging was done. The public was made aware about protection from mosquitoes, not rearing pigs, maintaining cleanliness, drinking water from India Mark 2 hand pumps, drinking boiled water, sleeping under a mosquito net and wearing full sleeves clothes."
Uttar Pradesh,Jhansi,Suspected Food Poisoning,21,0,14-10-2025,14-10-2025,Under Surveillance,"Cases of loose motion, vomiting and abdominal pain were reported from Village Khailaar and Khirak Patti, Sub- District/District Jhansi. District RRT investigated the outbreak. Cases consumed food in a Terahvi ceremony. Symptomatic treatment was given to cases. Cases were in the age group 5-60 years. Community awareness and health education given by the peripheral team on safe food habits, hygiene and sanitation."
West Bengal,Hooghly,Chikungunya,29,0,15-10-2025,16-10-2025,Under Control,"Cases of fever with joint pain were reported from Village Jarura, Sub-District Polba - Dadpur, District Hooghly. District RRT investigated the outbreak. House to house fever survey was done. Cases were treated at RH Polba and DH Imambara. Cases were in the age group 14- 68 years. All 4 blood samples collected tested positive for Chikungunya (IgM ELISA). Anti-larval activities were done. Community awareness and health education given by the peripheral team on vector control measures, hygiene and sanitation."
West Bengal,Purba Bardhaman,Acute Diarrhoeal Disease,54,0,11-10-2025,13-10-2025,Under Surveillance,"Cases of loose watery stools were reported from Village Amadpur, Sub- District Memari - I, District Purba Bardhaman. District RRT investigated the outbreak. Cases were treated at a health camp established in the locality and at RH Memari. Cases were in the age group 2-71 years. 5 water samples collected from different points of the pipeline were tested at the PHE water testing laboratory, and all samples showed coliform levels much higher than normal, confirming contamination. 2 rectal swab samples were collected and sent to Bardhaman Medical College, and no pathogenic organisms were detected. Chlorination of water sources was done. Community awareness and health education given by the peripheral team on safe drinking water, hygiene and sanitation."
West Bengal,Purulia,Acute Diarrhoeal Disease,34,0,15-10-2025,16-10-2025,Under Control,"Cases of loose motion and vomiting were reported from Village Rudra, Sub- District Purulia - I, District Purulia. District RRT investigated the outbreak. Population of the affected area was 2000. Tube-well was the source of drinking water. Symptomatic treatment was given to cases. 10 patients were treated at PHC Lagda. Cases were in the age group 1-87 years. 2 rectal swab samples were collected and sent to the Department of Microbiology, Bankura Sammilani Medical College & Hospital, where culture reports showed only normal commensals. Superchlorination of the tubewell was done. Community awareness and health education given by the peripheral team on safe drinking, hygiene and sanitation."
Andhra Pradesh,Parvathipura m Manyam,Fever,20,0,17-10-2025,21-10-2025,Under Surveillance,"Cases of fever were reported from Village Mettavalasa Thonam, Antivalasa, Maraipadu, Laxmipuram and Pakeerunayunibodda Valasa, Sub-District Salur, District Parvathipuram Manyam. District RRT investigated the outbreak. House to house survey was done. Cases were treated at a medical camp established in the locality and at AH Saluru. Cases were in the age group 10-70 years. 4 blood samples collected tested negative for Malaria (MPBS). 3 water samples were tested at gram panchayat level and 2 water samples at Regional public health lab Visakhapatnam. All water samples were satisfactory for human consumption. Chlorine tablets were distributed to the households. Community awareness and health education given by the peripheral team on safe drinking water and food habits, vector control measures, hygiene and sanitation."
Arunachal Pradesh,West Siang,Dengue,38,0,22-10-2025,22-10-2025,Under Surveillance,"Cases of fever with myalgia and fatigue were reported from Village New Market, Logum Jini, Aalo Yij, Medical Colony, Yoji - Yora, Darka, Puak Gumin and Bogdo, Sub- District Aalo HQ, District West Siang. District RRT investigated the outbreak. House to house fever survey was done in the affected area. Cases were treated at Zonal General Hospital Aalo. Out of 203 serum samples collected from 22.10.2025 to 12.11.2025 and sent to GH Aalo, 38 samples tested positive for Dengue (NS1 Ag ELISA). Cases were in the age group 2- 70 years. Anti-larval activities and fogging was done in the affected area. A coordination meeting on Dengue Outbreak involving DSU-IDSP team and DVBDCP team of West Siang District was held. Community awareness and health education given by the peripheral team on vector control measures, hygiene and sanitation."
Chhattisgar h,Bastar,Leptospirosis,43,0,14-10-2025,24-10-2025,Under Surveillance,"Cases of fever with body pain were reported from Village Michnar, Satashpur, Takraguda, Kohkapal, Adawal, Bedaguda, Saunra, Karpawand, Kamanar and Tokapal, Sub-District Jagdalpur, District Bastar. District RRT investigated the outbreak. House to house search for fever cases was done in the affected area. All cases were treated. All 39 serum samples collected from 22.10.2025 to 22.11.2025 and sent to Microbiology department, Medical College Dimrapal tested positive for Leptospirosis (IgM ELISA). Cases were in the age group 15-60 years. Community awareness and health education given by the peripheral team on avoiding exposure to contaminated water and animals, using protective gear when in contact with potentially contaminated soil or water, managing rodents to prevent contamination, and use of boiled water for drinking purpose."
Chhattisgar h,Narayanpur,Acute Diarrhoeal Disease,25,5,21-10-2025,24-10-2025,Under Surveillance,"Cases of loose watery stools and vomiting were reported from Village Ghot, Sub- District Orchha, District Narayanpur. District RRT investigated the outbreak. House to house survey was done. A health camp was established in the locality. Medicines and ORS packets were given to cases. Majority of the cases were in the age group 15-44 years. 2 water samples were collected and sent to PHE Narayanpur for bacteriological test, all samples were found to be contaminated. 5 deaths were reported: 3-months-old female and two 25-years-old-females on 14.10.2025, 24-years-old- male on 15.10.2025 and 45- years-old-female died on 16.10.2025 due to severe dehydration and shock. Chlorination of water sources was done by the gram panchayat team. Community awareness and health education given by the peripheral team on safe drinking water and food habits, hygiene and sanitation."
Goa,South Goa,Suspected Food Poisoning,23,0,24-10-2025,24-10-2025,Under Control,"Cases of loose motion and vomiting were reported from Village Xeldem (CT), Sub- District Quepem, District South Goa. District RRT investigated the outbreak. House to house survey was done. Medicine and ORS packets were given to cases. 6 cases were treated at health facilities. All cases recovered. Cases had consumed food in a community gathering 4-5 hours before the onset of symptoms. Cases were in the age group 4-73 years. Community awareness and health education given by the peripheral team on safe drinking water, hygiene and sanitation."
Gujarat,Surendranag ar,Food Poisoning,172,0,25-10-2025,26-10-2025,Under Control,"Cases of loose motion, vomiting and abdominal pain were reported from Village Gomta, Ratanpar, Bhaduka, Kharva, Nagnesh, Malod, Rajsitapur and Somasar, Sub- District Wadhwan, District Surendranagar. District RRT investigated the outbreak. Cases developed symptoms 4- 5 hours after consuming food in a religious gathering. Cases were treated at a health camp organized in the affected area and at PHC Vastadi. The affected age group was 1-80 years. Community awareness and health education given by the peripheral team on safe food habits, hygiene and sanitation."
Jammu and Kashmir,Kathua,Dengue,26,0,20-10-2025,20-10-2025,Under Surveillance,"Cases of fever with myalgia and fatigue were reported from Village Hamirpur, Sub-District Hiranagar, District Kathua. District RRT investigated the outbreak. House to house fever survey was done. Cases were treated. All 26 blood samples collected from 02.09.2025 to 10.11.2025 and sent to IDSP- DPHL Kathua tested positive for Dengue (NS1 Ag ELISA). Cases were in the age group 9- 60 years. Anti-larval activities and fogging was done. Community awareness and health education given by the peripheral team on vector control measures, hygiene and sanitation."
Kerala,Ernakulam,Chickenpox,10,0,26-10-2025,26-10-2025,Under Surveillance,"Cases of fever with rash were reported from Maharajas College Boys hostel, Sub- District Kochi, District Ernakulam. District RRT investigated the outbreak. Active search for fever cases was done in the affected area. Cases were treated symptomatically. Cases were in the age group 17-20 years. The peripheral team instructed the college authorities to isolate the symptomatic cases for 7 days. Community awareness and health education given by the peripheral team on isolation of cases, hygiene maintenance and proper nutrition."
Kerala,Ernakulam,Hepatitis A,8,0,24-10-2025,25-10-2025,Under Surveillance,"Cases of fever with nausea, abdominal pain and loss of appetite were reported from Village Eramalloor (CT), Sub- District Kothamangalam, District Ernakulam. District RRT investigated the outbreak. Cases were students of Indhiragandhi Arts College residing at girls hostel. Probable cause of the outbreak was consumption of contaminated water from well. The affected age group was 19-22 years. 2 water samples collected from the well and packed drinking water (used in hostel) and samples were found to be positive for coliform bacteria. 1 serum sample collected and sent to RPH lab Ernakulam tested positive for Hepatitis A (IgM ELISA). Super chlorination of the well was done. Community awareness and health education given by the peripheral team on safe drinking water, hygiene and sanitation."
Kerala,Kollam,Chickenpox,20,0,25-10-2025,25-10-2025,Under Surveillance,"Cases of fever with rash were reported from St. Stephen’s Higher Secondary School, Ward 17, Village Pathanapuram, Sub-District Pathanapuram, District Kollam. District RRT investigated the outbreak. The cluster occurred among Class 10 students with 20 cases reported across divisions A to F. Cases were aged 14–15 years. All cases were treated. Community awareness and health education given by the peripheral team on isolation of cases, hygiene maintenance and proper nutrition."
Kerala,Kottayam,Acute Diarrhoeal Disease,13,0,21-10-2025,23-10-2025,Under Control,"Cases of abdominal pain, loose stools, nausea and vomiting were reported from Galaxy Inn Brilliant Hostel, ward 9 of Mutholy Grama panchayath, Sub-District Meenachil, District Kottayam. District RRT investigated the outbreak. Symptomatic treatment was given to cases. The affected age group was 18 to 23 years. Water samples collected from the hostel showed absence of E. coli and coliforms. Overhead tanks were cleaned. Chlorination of water sources was done. Inspection of pipeline leakages was done. Community awareness and health education given by the peripheral team on safe drinking water, hygiene and sanitation."
Kerala,Kozhikode,Hepatitis A,32,0,24-10-2025,24-10-2025,Under Surveillance,"Cases of loss of appetite, nausea and dark coloured urine were reported from Village Narippatta, Sub-District Vatakara, District Kozhikode. District RRT investigated the outbreak. House to house survey was done. Cases were treated at FHC Narippatta. 2 serum samples collected and sent to RPHL, tested positive for Hepatitis A (IgM ELISA). Cases were in the age group 3- 41 years. Chlorine tablets were distributed to the households. Community awareness and health education given by the peripheral team on safe drinking water and food habits, hygiene and sanitation."
Kerala,Malappuram,Mpox (Clade I),2,0,23-10-2025,24-10-2025,Under Surveillance,"Cases were reported from Village Vengara (CT), Sub- District Tirurangadi, District Malappuram. A 38-years-old male travelled to Kerala on 13/10/2025 from Ajman, UAE. On the next day (14/10/2025), he developed gastric discomfort and consulted a private hospital for the same. After a few days, he noticed two small blisters in the lower abdomen, followed by painful blisters in the genital region. On 21/10/2025, he consulted a private dermatologist in Chemmad, who clinically suspected Mpox and referred him to Manjeri Medical College for further evaluation and isolation. His wife, a 27- years-old female was also admitted in the isolation ward of the hospital. Samples of the patient and his wife were sent to NIV Pune, tested positive for Mpox (Clade I) by RT- PCR on 27.10.2025. Subsequently, both the cases tested negative for Mpox on 7.11.2025 and 15.11.2025. The male patient was discharged on 7.11.2025 and his wife was discharged on 17.11.2025. Public health actions included contact tracing and screening, isolation of the index case and his spouse at Manjeri Medical College, active surveillance of the residential area, and monitoring of all asymptomatic contacts."
Kerala,Thrissur,Suspected Food Poisoning,151,0,21-10-2025,21-10-2025,Under Surveillance,"Cases of loose watery stools were reported from Village Parakkad (CT), Veluthur (CT), Adat (CT), Tholur (CT), Chalakkal, Sub- District/District Thrissur. District RRT investigated the outbreak. Epidemiological investigation revealed a common exposure to food and drinking water served during the Nagathan Kavu Temple festival held on 16th October, 2025 suggesting a probable food or water borne source. Cases were treated at CHC Tholur. Cases were in the age group 1-77 years. ORS packets were given to cases. All cases recovered. 2 Stool samples collected, tested negative for Salmonella, Shigella, and Vibrio cholerae, while the temple well water sample showed heavy coliform contamination (>180 MPN/mL), confirming fecal contamination and identifying the drinking water as the likely source. Superchlorination of water sources was done. Community awareness and health education given by the peripheral team on safe drinking water and food habits, hygiene and sanitation."
Ladakh Leh Ladakh,Hepatitis A,30,0,11-10-2025,,Under Control,"Cases of yellowish discoloration of eyes and skin, and dark coloured urine were reported from Village/PHC Bogdang, Sub-District Nubra, District Leh Ladakh. District RRT investigated the outbreak. The affected age group was 1–15 years. Cases were treated at PHC Bogdang and SDH Diskit. Out of 25 serum samples collected and sent to DPHL positive for Hepatitis A (IgM ELISA). water samples Laboratory Laboratory, bacteria contamination. sources was done. Community awareness and health peripheral team on safe drinking water and food habits, hygiene and sanitation.","nausea, abdominal pain, and Leh, 20 samples tested 2 collected and sent for analysis to SNM Hospital Leh revealed Coliform (180/100 ml) indicating fecal Chlorination of water education given by the"
Maharashtr a,Bhandara,Scrub Typhus,12,0,20-10-2025,20-10-2025,Under Surveillance,"Cases of fever with body pain were reported from Village Bothali, Sub-District Lakhandur, District Bhandara. District RRT investigated the outbreak. Cases were treated at PHC Barwha Tal. Out of 12 blood samples collected and sent to AIIMS Nagpur, 3 samples tested positive for O. tsutsugamushi (IgM ELISA). Cases were in the age group 23-82 years. Community awareness and health education given by the peripheral team on vector control measures, hygiene and sanitation."
Madhya Pradesh,Barwani,Acute Gastroenterit is,27,0,20-10-2025,21-10-2025,Under Surveillance,"Cases of loose motion and vomiting were reported from Village Sajwani, CHC Silawad, Sub-District/District Barwani. District RRT investigated the outbreak. Symptomatic treatment was given to cases. ORS packets were given to cases. 2 water samples collected and sent to the District Public Health Laboratory. Indore showed growth of Coliform bacteria, E.coli, Klebsiella Citrobacter species on culture after 48 hours of incubation. Cases were in the age group 10-45 years. Chlorination of water sources was done in the locality. Community awareness and health education was given by the peripheral team on safe drinking water, hygiene and sanitation."
Madhya Pradesh,Panna,Acute Diarrhoeal Disease,41,0,22-10-2025,22-10-2025,Under Surveillance,"Cases of loose motion and vomiting were reported from Village Badwara, Sub- District/District Panna. District RRT investigated the outbreak. Medicine and ORS packets were given to cases. Cases were in the age group 9-80 years. 2 water samples were collected and sent to the PHE Department. They were found to be potable. Chlorine tablets were distributed to the households. Community awareness and health education given by the peripheral team on safe drinking water, hygiene and sanitation."
Madhya Pradesh,Sheopur,Measles,7,0,25-10-2025,26-10-2025,Under Surveillance,"Cases of fever with rash were reported from Village ChakMajeedpur, Sub-District Karahal, District Sheopur. District RRT investigated the outbreak. Population of the affected area was 1458. House to house fever survey as done. A medical camp was established. Cases were treated symptomatically. The affected age group was 1-13 years. Out of 2 serum samples collected and sent to GMC Bhopal, 1 sample tested positive for Measles (IgM ELISA). Community awareness and health education given by the peripheral team on isolation of cases, hygiene maintenance and proper nutrition."
Madhya Pradesh,Shivpuri Measles,5,0,11-10-2025,,Under Surveillance,"Cases of fever with rash were reported from Village Silra, Sub-District Narwar, District investigated the outbreak. for fever cases was done in the locality. Symptomatic cases. Cases were in the age group 3-11 years. All tested positive for Measles (IgM ELISA). Community education given by the peripheral team on isolation of cases, hygiene maintenance and proper nutrition.",Shivpuri. District RRT Active search treatment was given to 5 serum samples collected awareness and health
Odisha,Kendujhar,Jaundice,11,0,22-10-2025,22-10-2025,Under Control,"Cases of loss of appetite and dark coloured urine were reported from Village Khadibil, CHC Fokirpur, District Kendujhar. District RRT investigated the outbreak. People followed open defecation and used the nearest water pond for their daily bath and washing purposes. People consumed tube well water for their drinking purpose. Cases were treated. 3 blood samples and 3 water samples were collected and sent to DPHL Kendujhar. Blood samples were tested by Anti-HAV IgM ELISA, and all were negative for Hepatitis A virus. Water samples tested positive for H₂S and showed OT <0.01 ppm. Cases were in the age group 7- 35 years. Chlorination of well water was done. Community awareness and health education given by the peripheral team on safe drinking water and food habits, hygiene and sanitation."
Tamil Nadu,Vellore,Suspected Food Poisoning,12,0,19-10-2025,22-10-2025,Under Control,"Cases of loose motion and vomiting were reported from Village Virinchipuram, Sathiya mangalam and Poigai, Sub-District Anaicut, District Vellore. District RRT investigated the outbreak. Cases developed symptoms after consuming chicken fry from a fast food restaurant on 18.10.2025. Cases were treated at Narayani Hospital. Community awareness and health education was given by the peripheral team on safe food habits, hygiene and sanitation."
Uttar Pradesh,Amethi,Chickenpox,8,0,24-10-2025,24-10-2025,Under Surveillance,"Cases of fever with rash were reported from Gauriganj city, Sub-District Gauriganj, District Amethi. District RRT investigated the outbreak. Active search for fever cases was done. Cases were treated symptomatically. Cases were in the age group 10-36 years. Out of 8 blood samples collected, 4 samples tested positive for V. zoster (IgM ELISA). Community awareness and health education was given by the peripheral team on isolation of cases, hygiene and sanitation."
Uttar Pradesh,Farrukhabad,Fever,37,1,23-10-2025,25-10-2025,Under Surveillance,"Cases of fever with body pain and fatigue were reported from Village Khudna Baid, Block Shamshabad, District Farrukhabad. District RRT investigated the outbreak. House to house fever survey was done. Cases were treated at a health camp established in the affected area. Cases were in the age group 15-70 years. All 36 blood samples collected, tested negative for Dengue (Rapid NS1). 1 death was reported in a Dengue positive (NS1 ELISA) patient aged 70-years-old female on 20-10-2025 at Charak hospital, Lucknow. Source reduction activities were done by the District Malaria team in coordination with Gram Pradhan. Community awareness and health education given by the peripheral team on vector control measures, hygiene and sanitation."
Uttar Pradesh,Ghaziabad,Acute Diarrhoeal Disease,68,0,18-10-2025,22-10-2025,Under Control,"Cases of loose motion were reported from Industrial Area Yadav Nagar, District Ghaziabad. District RRT investigated the outbreak. Possible cause of the outbreak was consumption of contaminated water. Cases were treated at a health camp established in the locality. ORS packets were given to cases. Cases were in the age group 3-77 years. Out of 7 water samples collected, 1 sample tested positive for E. coli. Overhead tanks were cleaned and chlorination of water sources was done. Community awareness and health education given by the peripheral team on safe drinking water, hygiene and sanitation."
Uttar Pradesh,Prayagraj,Dengue,10,0,22-10-2025,25-10-2025,Under Surveillance,"Cases of fever with myalgia and fatigue were reported from Village Sarai Lahur (CT), Block Bahadurpur, District Prayagraj. District RRT investigated the outbreak. House to house fever survey was done. Cases were treated. Out of 10 blood samples collected, 1 sample tested positive for Dengue (NS1 Ag ELISA). Cases were in the age group 14-70 .years. Anti-larval activities and fogging was done. Community awareness and health education given by the peripheral team on vector control measures, hygiene and sanitation."
West Bengal,Alipurduar,Food Poisoning,32,0,23-10-2025,23-10-2025,Under Surveillance,"Cases of loose watery stool were reported from Village Dimdim a Tea Garden, Sub- District Madarihat, District Alipurduar. District RRT investigated the outbreak. Cases consumed symptoms 4- 5 hours after consuming Kali Puja Prasad at Kali Puja Fair held at Santipara division under Dimdima T. G HWC. ORS, Metrogyl, Pan 40, anti- diarrheal medicine distributed among the affected people. 7 patients were treated at RH Madarihat. Majority of the cases were in the age group 5- 59 years. 4 stool & 3 rectal swab samples collected and sent to the North Bengal Medical College & Hospital Microbiology lab tested negative for cholera by culture. Community awareness and health education given by the peripheral team on safe food habits, hygiene and sanitation."
West Bengal,Coochbehar,Suspected Food Poisoning,59,0,23-10-2025,24-10-2025,Under Control,"Cases of loose motion, vomiting and abdominal pain were reported from Village Gopalpur, Sub-District Cooch Behar - II, District Coochbehar. District RRT investigated the outbreak. Approximately 250 people consumed Prasad (Kichdi, Sabji, Payesh and Fruits) and 56 people developed symptoms 4-5 hours after consuming the food items. Cases were treated symptomatically at a medical camp established in the locality. 3 patients were treated at BPHC Pasckleguri and 3 patients were treated at RH Pundibari. 3 rectal swab samples collected and sent to MJN MCH showed growth of normal commensals. Community awareness and health education given by the peripheral team on safe food habits, hygiene and sanitation."
West Bengal,Howrah,Food Poisoning,86,0,24-10-2025,25-10-2025,Under Surveillance,"Cases of loose motion, vomiting and abdominal pain were reported from Village Raspur, Kalikata, Serajbati and Uttar Khalna, Sub-District Amta - I, District Howrah. District RRT investigated the outbreak. Cases had consumed food at a birthday party. Symptomatic treatment was given to cases. 16 patients were treated at RH Amta and 10 patients received treatment at BB Dhar RH. Out of 9 stool samples collected, 8 samples tested positive for E. coli and 1 sample showed presence of E. faecalis. 3 water samples collected from the sources used to prepare food were non- potable. Chlorination of water sources was done. Community awareness and health education given by the peripheral team on safe food habits, hygiene and sanitation."
West Bengal,Purulia,Acute Diarrhoeal Disease,19,0,22-10-2025,22-10-2025,Under Control,"Cases of loose watery stools were reported from Village Syampur, Sub-District Manbazar - I, District Purulia. District RRT investigated the outbreak. House to house survey was done. Tube-well is the source of drinking water in the locality. Medicine and ORS packets were given to cases. 9 patients were treated at RH Manbazar. 2 rectal swab samples collected and sent to Dept. of Microbiology, Bankura Sammilani Medical College and Hospital showed growth of normal commensal of GI Tract after overnight aerobic incubation at 37 degree C on culture. 2 water samples of tube well and 1 sample of pond collected (H2S vial) were contaminated. Chlorination of water sources was done. Community awareness and health education given by the peripheral team on safe drinking water, hygiene and sanitation."
Andhra Pradesh,Chittoor,Food Poisoning,14,0,26-10-2025,28-10-2025,Under Control,"Cases of stomach pain, vomiting and diarrhoea were reported from Village Chalamaraju Indlu, Sub-District Palasamudram, District Chittoor. District RRT investigated the outbreak. The affected age group was 19-65 years. The cases had consumed food at a religious ceremony. Cases were treated at a medical camp established in the locality. 5 Water samples were collected and sent to Microbiology Lab, SV Medical College, Tirupati and 3 Stool samples were collected and sent to Microbiology Lab, Apollo Hospital, Chittoor. No Pathogenic organism could be isolated from the stool samples. 2 water samples were found to be unsafe for drinking purpose. Community awareness and health education given by the peripheral team on safe drinking water and food habits, hygiene and sanitation."
Andhra Pradesh,Palnadu,Acute Diarrhoeal Disease,11,0,18-10-2025,30-10-2025,Under Control,"Cases of loose motion were reported from SC Colony, Village Guttikonda, Sub- District Piduguralla, District Palnadu. District RRT investigated the outbreak. The affected age group was 5-61 years. All 11 cases were treated at health facilities. 5 water samples were collected and sent to Regional Laboratory, Guntur for water testing. 2 stool samples were collected and sent to GMC Guntur. 3 water samples were bacteriologically unsatisfactory and no pathogenic organism could be isolated from the stool samples. Chlorination of water sources was done. Community awareness and health education given by the peripheral team on safe drinking water and food habits, hygiene and sanitation."
Bihar,Jehanabad,Typhoid,31,0,30-10-2025,30-10-2025,Under Surveillance,"Cases of nausea, fever and stomach pain were reported from Village Irki Arazi, Sub- District/District Jehanabad. District RRT investigated the outbreak. People of all ages were affected. Cases were treated symptomatically. Out of 31 blood samples collected from 21.10.25 to 27.11.2025 and sent to UPHC Erki, 28 samples tested positive for S. typhi by Widal test. Chlorination of water sources was done. Community awareness and health education given by the peripheral team on safe drinking water and food habits, hygiene and sanitation."
Bihar,Munger,Acute Diarrhoeal Disease,48,0,29-10-2025,29-10-2025,Under Surveillance,"Cases of loose motion were reported from Village Sarkatia, Sub-District Sangrampur, District Munger. District RRT investigated the outbreak. Cases were treated by the health team in the village and at CHC Sangrampur. 3 water samples were collected by PHED Munger for testing and were found to be free from contamination. Chlorine tablets were distributed to the households. Community awareness and health education given by the peripheral team on safe drinking water and food habits, hygiene and sanitation."
Jharkhand,Dumka,Chickenpox,16,0,28-10-2025,29-10-2025,Under Surveillance,"Cases of fever with rash were reported from Village Baliram, Sub-District Dumka, District Dumka. District RRT investigated the outbreak. Active search for fever cases was done. Cases were treated symptomatically. Both children and adults were affected. Out of 10 serum samples collected and sent to DPHL Dumka, 5 samples tested positive for V. zoster (IgM ELISA). Community awareness and health education given by the peripheral team on isolation of cases, hygiene maintenance and proper nutrition."
Jharkhand,East Singhbum,Acute Diarrhoeal Disease,61,0,29-10-2025,29-10-2025,Under Surveillance,"Cases of loose motion were reported from Village Mukrudih, Sub-District Patamda, District East Singhbum. District RRT investigated the outbreak. House to house survey was done. Cases were treated with anti-diarrheal medicine and ORS packets were given. The affected age group was 9 months-76 years. All 4 water samples collected and sent to MGM Microbiology Department, Jamshedpur, for culture testing showed no visible growth after 48 hours. Chlorination of water sources was done. Community awareness and health education given by the peripheral team on safe drinking water and food habits, hygiene and sanitation."
Jharkhand,East Singhbum,Acute Diarrhoeal Disease,14,0,27-10-2025,27-10-2025,Under Surveillance,"Cases of loose motion were reported from Village Bhaluknala, Sub-District Chakulia, District East Singhbum. District RRT investigated the outbreak. All cases were treated. 1 water sample from a well was sent to the MGM Microbiology Department, Jamshedpur, for culture testing, and Escherichia coli was detected after 48 hours of incubation. Chlorination of well was done. Chlorine tablets were distributed to the households. Community awareness and health education given by the peripheral team on safe drinking water and food habits, hygiene and sanitation."
Jammu and Kashmir,Jammu,Dengue,,39,0,27-09-2025,Under Surveillance,"Cases of fever and body ache were reported from Villages Jammu, Bhore (CT), Gadigarh (OG) and KarpalPur Charkan, Sub- District Jammu, Jammu South and Mandal, District Jammu. District RRT investigated the outbreak. The affected age group was 1-66 years. 85 blood samples were collected and sent to SRL GMC Jammu, DPHL Gandhinagar and Lal Path lab for NS1 ELISA and IgM ELISA. 39 samples tested positive. Fogging and spraying activities were carried out. Community awareness and health education given by the peripheral team on vector control measures, hygiene and sanitation."
Jammu and Kashmir,Kathua,Dengue,24,0,29-10-2025,29-10-2025,Under Surveillance,"Cases of fever, fatigue and body pain were reported from Villages Govindsar (OG) and Hatli, Sub-District Kathua, District Kathua. District RRT investigated the outbreak. House to house fever survey was done. All cases were treated at health facilities. The affected age group was 14-70 years. 96 blood samples were sent to IDSP-DPHL for NS1 ELISA and 24 samples tested positive for Dengue. Anti-larval activities and fogging was done. Community awareness and health education given by the peripheral team on vector control measures, hygiene and sanitation"
Kerala,Ernakula m,Fever with Rash,14,0,31-10-2025,31-10-2025,Under Control,"Cases of fever with rash were reported from Kidzee Day Care Centre, Village Amballur (CT) and Edakkattuvayal, Sub- District Kanayannur, District Ernakulam. District RRT investigated the outbreak. House to house fever survey was done. The affected age group was 3-6 years. Symptomatic treatment was given to cases. All cases recovered and school was reopened. Community awareness and health education given by the peripheral team on isolation of cases, hygiene maintenance and proper nutrition."
Kerala,Kasaragod,Hepatitis A,63,0,29-10-2025,30-10-2025,Under Surveillance,"Cases of abdominal pain, nausea and vomiting were reported from Village Kallar, Kodom, Periya, Balal, Bedadka, Kuttikole, Munnad and Panathady, Sub-District Vellarikkundu, District Kasaragod. District RRT investigated the outbreak. House to house survey was done. Cases were treated at a health camp established in the affected area. The affected age group was 9-43 years. Out of 18 blood samples collected and sent to DH Kanhangad, 14 samples tested positive for Hepatitis A (IgM ELISA). Chlorination of water sources was done. Community awareness and health education given by the peripheral team on safe drinking water and food habits, hygiene and sanitation."
Kerala,Kollam,Mumps,55,0,28-10-2025,01-11-2025,Under Surveillance,"Cases of fever with parotid gland swelling were reported from Stratford Public School and Junior College, Village/PHC Thevalakara, Sub- District Karunagappally, District Kollam. District RRT investigated the outbreak. Cases were treated at PHC Thevalakara. All cases were clinically diagnosed as Mumps. The index case, a 7-years-old girl student of Class 2B, developed symptoms on 27.07.2025 and was treated symptomatically at SBM Hospital, Karunagappally. Most cases occurred among students in the primary section (KG to Class II). School administration was advised to ensure isolation of symptomatic cases for 7 days. Community awareness and health education given by the peripheral team on hygiene maintenance and proper nutrition."
Kerala,Kollam,Chickenpox,80,0,23-10-2025,27-10-2025,Under Surveillance,"Cases of fever with rash were reported from Jawahar Navodaya Vidyalaya, Division 23, Kottarakara Municipality, Sub-District Kottarakkara, District Kollam. District RRT investigated the outbreak. Cases were from a residential school. All cases were treated symptomatically at a health camp established in the school premises. Cases were in the age group 11-17 years. Cases were clinically diagnosed and no sample was collected. School administration was advised to ensure 7 days isolation of symptomatic cases. Community awareness and health education given by the peripheral team on isolation of cases, hygiene maintenance and proper nutrition."
"Kerala th March, 2020. The States have been reporting the COVID-19 cases and deaths on a real-time basis and the same was being updated on the website of",Kollam,Hepatitis A COVID-19 STATUS,,17,0,09-10-2025,Under Surveillance,"Cases of nausea, vomiting, abdominal pain and fever were reported from Village Elampalloor (CT), Kottamkara (CT) and Thrikkadavoor (CT), Sub- District Kollam, District Kollam. District RRT investigated the outbreak. House to house survey was done. Cases were treated at PHC Kottamkara New and PHC Elampalloor. Most affected cases were aged 20–30 years. Environmental investigation identified wells near latrine pits. 1 blood sample collected and sent to Holy Cross Hospital Kottayam, tested positive for Hepatitis A (IgM ELISA). Out of 3 water samples collected, 1 sample showed presence of coliform bacteria. Chlorination of the well was done. Community awareness and health education given by the peripheral team on safe drinking water, hygiene and sanitation."
Kerala,Kozhikode,Hepatitis A,53,0,21-10-2025,28-10-2025,Under Surveillance,"Cases of nausea, fatigue and abdominal pain were reported from Ladies hostel of Farook college, Sub-District/District Kozhikode. District RRT investigated the outbreak. Cases were treated at FHC Ramanattukara. 3 serum samples collected and sent to MES Medical college, Nucleus Hospital Nadapuram and THQ Peravoor, tested positive for Hepatitis A (Anti HAV IgM ELISA). Cases were in the age group 17-21 years. Open well water analysis from IDB Ladies Hostel, Farook College showed the presence of Coliforms. Overhead tanks were cleaned and chlorination of water sources was done. Community awareness and health education given by the peripheral team on safe drinking water, hygiene and sanitation."
Kerala,Pathanamt hitta,Hepatitis A,9,0,28-10-2025,28-10-2025,Under Surveillance,"Cases of nausea, abdominal pain, fatigue and fever were reported from Village Kunnamthanam (ward 4), Sub- District Mallappally, District Pathanamthitta. District RRT investigated the outbreak. Cases were treated at CHC Kunnamthanam. Out of 9 blood samples collected, 5 samples were tested at MCH Kottayam, 3 samples at THQH Mallappally and 1 sample at Pushpagiri Medical College. Out of these samples, 5 samples tested positive for Hepatitis A (IgM ELISA) at MCH Kottayam. Water samples were taken from 5 wells. Coliform contamination (4–5/100 ml) was detected in all water samples tested. Chlorination of water sources was done. Community awareness and health education given by the peripheral team on safe drinking water, hygiene and sanitation."
Kerala,Thiruvana nthapura m,Suspected Food Poisoning,184,0,29-10-2025,29-10-2025,Under Control,"Cases of loose motion, vomiting and abdominal pain were reported from Village Kottukal (Part) and Balaramapuram, Sub-District Neyyattinkara, District Thiruvananthapuram. District RRT investigated the outbreak. Cases were treated at GH Neyyattinkara. People fell ill after consuming fish curry prepared with the fish (Red Snapper and Tuna) they brought from Thoothukkudy area 29.10.2025 onwards. Food safety department team visited the shop of fish vendors in the affected area. All cases recovered .Community awareness and health education given by the peripheral team on safe food habits, hygiene and sanitation."
Karnataka,Raichur,Chikungunya,39,0,31-10-2025,02-11-2025,Under Surveillance,"Cases of fever with joint pain were reported from the Janata Colony area of Mallapur Village, Galag PHC under Devadurga Taluk, Raichur District on 30/10/2025. District RRT investigated the outbreak. House-to-house fever survey was done. Most of the cases were in the age group of 15-44 years. 13 blood serum samples were collected and tested at the DSU Laboratory, Raichur. 2 samples tested positive for Chikungunya by the Mac ELISA (Chik IgG ELISA). House-to-house larva survey and source-reduction activities were conducted. Indoor spraying with pyrethrum was done. Community awareness and health education given by the peripheral team on vector control measures, hygiene and sanitation."
Meghalaya,South West Garo Hills,Suspected Typhoid,20,0,24-10-2025,28-10-2025,Under Surveillance,"Cases of nausea, vomiting and fever were reported from Village Kalaichar, Sub-District Zikzak, District South West Garo Hills. District RRT investigated the outbreak. A house-to-house case search was conducted. The affected age group was 4-65 years. All 20 blood samples collected and sent to PHC Kalaichar, tested positive for S. typhi by Widal test. Chlorine tablets were distributed to the households. Community awareness and health education given by the peripheral team on safe drinking water and food habits, hygiene and sanitation."
Maharashtr a,Amravati,Scrub Typhus,9,1,26-10-2025,30-10-2025,Under Surveillance,"Cases of fever were reported from Village Jagatpur, Sub- District Nandgaon- Khandeshwar, District Amravati. District RRT investigated the outbreak. The affected age group was 18-65 years. A Rapid Fever Survey was carried out in the village. Cases were treated at a health camp established in the locality. 1 death of a 65-years-old male was reported on 25.10.2025 who tested positive for Scrub Typhus (IgM ELISA) at AIIMS Nagpur. Out of 9 serum samples collected, 2 samples tested positive for O. tsutsugamushi (IgM ELISA). Anti-larval activities and fogging was done in the affected area. Community awareness and health education given by the peripheral team on vector control measures, hygiene and sanitation."
Maharashtr a,Bhandara,Acute Diarrhoeal Disease,33,0,31-10-2025,31-10-2025,Under Surveillance,"Cases of loose motion, vomiting and abdominal pain were reported from Village Warthi (CT), Pachgaon, Bothali and Kanhalgaon (Khadki), Sub- District Mohadi, District Bhandara. Cases presented with abdominal pain, District RRT investigated the outbreak. Cases were treated at a health camp established in the locality. The affected age group was 2-60 years. All 3 stool samples collected and sent to DPHL Bhandara, tested negative for cholera by culture. Chlorination of water sources was done in the village. Pipeline leakages were repaired by the gram panchayat team. Community awareness and health education given by the peripheral team on safe drinking water and food habits, hygiene and sanitation."
Maharashtr a,Dharashiv,Malaria,13,0,30-10-2025,31-10-2025,Under Surveillance,"Cases of fever with chills were reported from Village Kothalwad and Shelgaon Divani, Sub-District Kalamb, District Dharashiv. District RRT investigated the outbreak. House to house fever survey was done. The affected age group was 4-65 years. Out of 13 blood samples collected and sent to PHC Itkur lab, 1 sample tested positive for Malaria (PV+PF Mix) by MPBS. Fogging was done in the affected area. Community awareness and health education given by the peripheral team on vector control measures, hygiene and sanitation."
Maharashtr a,Palghar,Acute Diarrhoeal Disease,55,0,31-10-2025,31-10-2025,Under Surveillance,"Cases of loose motion, vomiting and abdominal pain were reported from Village Morhanda, Sayade, Kiniste and Botoshi, Sub-District Mokhada, District Palghar. District RRT investigated the outbreak. House to house survey was done. The affected age group was 3-75 years. Open defecation, well water contamination due to heavy rains and inadequate chlorination lead to the outbreak. Cases were treated at PHC Khodala. 3 patients were treated at DH Nashik. 1 stool sample collected, tested negative for cholera by culture. Superchlorination of water sources was done along with distribution of medichlor. Community awareness and health education given by the peripheral team on safe drinking water and food habits, hygiene and sanitation."
Maharashtr a,Sindhudur g,Acute Diarrhoeal Disease,20,0,29-10-2025,29-10-2025,Under Surveillance,"Cases of loose motion were reported from Village Saliste, Sub-District Kankavli, District Sindhudurg. District RRT investigated the outbreak. Probable cause of the outbreak was contaminated water from a well. The affected age group was 10-74 years. 1 stool samples collected and sent to DPHL Sindhudurg tested negative for cholera by culture. Out of 17 water samples collected, 3 samples showed presence of coliform bacteria. Chlorination of water sources was done. Community awareness and health education given by the peripheral team on safe drinking water and food habits, hygiene and sanitation."
Maharashtr a,Solapur,Dysentry,107,0,27-10-2025,29-10-2025,Under Control,"Cases of loose motion, vomiting with blood in stool were reported from Village Maindargi (Rural), Sub-District Akkalkot, District Solapur. District RRT investigated the outbreak. Pipeline leakages with mixing of sewage water with the supply water was observed in the locality. The affected age group was 2-86 years. Cases were treated at a health camp established in the affected area. Alternate supply of water through tankers was arranged by the municipality. Pipeline leakages were repaired. Chlorination of water sources was done. Community awareness and health education given by the peripheral team on safe drinking water and food habits, hygiene and sanitation."
Madhya Pradesh,Ashoknag ar,Measles,9,0,28-10-2025,28-10-2025,Under Surveillance,"Cases of fever with rash were reported from Village Dongra, Sub-District Shadhora, District Ashoknagar. District RRT investigated the outbreak. Active search for fever cases was done. The affected age group was 2-16 years. Cases were treated symptomatically. All 5 blood samples collected and sent to GMC Bhopal, tested positive for Measles (IgM ELISA). Vitamin A supplementation was given to cases. Community awareness and health education given by the peripheral team on isolation of cases, hygiene maintenance and proper nutrition."
Madhya Pradesh,Mandsaur,Chikungunya,20,0,01-11-2025,02-11-2025,Under Surveillance,"Cases of fever with joint pain were reported from Village Baloda, Sub-District Garoth, District Mandsaur. District RRT investigated the outbreak. House to house fever survey was done. Cases were treated at a health camp established in the locality. Cases were in the age group 41-66 years. Out of 20 blood samples collected and sent to AIIMS Bhopal, 16 samples tested positive for Chikungunya (IgM ELISA). Anti-larval activities and fogging was done in the affected area. Community awareness and health education given by the peripheral team on vector control measures, hygiene and sanitation."
Madhya Pradesh,Neemuch,Suspected Typhoid,52,0,31-10-2025,01-11-2025,Under Control,"Cases of fever with bodyache were reported from Village Chhachhkhedi, Sub-District Jiran, District Neemuch. District RRT investigated the outbreak. A door-to-door survey was conducted. The affected age group was 9-70 years. Out of 52 blood samples collected, 15 samples tested positive for Salmonella Typhi by Widal test. Community awareness and health education given by the peripheral team on safe drinking water and food habits, vector control measures, hygiene and sanitation."
Madhya Pradesh,Ratlam,Suspected Food Poisoning,25,0,26-10-2025,27-10-2025,Under Surveillance,"Cases of loose emotion, vomiting and abdominal pain were reported from Village Dhamnod, Sub-District Ratlam, District Ratlam. District RRT investigated the outbreak. Cases had consumed food at a function. All cases were treated. Community awareness and health education given by the peripheral team on safe food habits, hygiene and sanitation."
Madhya Pradesh,Singrauli,Measles,6,0,28-10-2025,30-10-2025,Under Surveillance,"Cases of fever with rash were reported from Village Nawanagar, Sub-District Chitrangi, District Singrauli. District RRT investigated the outbreak. Active search for fever cases was done. The affected age group was 8 months-10 years. Out of 6 blood samples collected and sent to NSCB Medical College Jabalpur, 3 samples tested positive for Measles (IgM ELISA). Community awareness and health education given by the peripheral team on immunization, spread of infection, hygiene and sanitation."
Odisha,Balangir,Acute Gastroenteritis,44,0,28-10-2025,28-10-2025,Under Surveillance,"Cases of loose motion, vomiting and abdominal pain were reported from Village Solekela, Sub-District Belpara, District Balangir. District RRT investigated the outbreak. The most affected age group was 15-44 years. Cases were treated at a health camp established in the locality. 6 water samples and 2 rectal swabs were sent to DPHL Balangir. H2S and OT tests were conducted on the water samples and culture tests on the stool samples. The OT test showed residual chlorine levels of 0.5 ppm in 1 water- tank sample, 0.2 ppm in 4 tube- well samples, and nil in 1 tube- well sample. Rectal swab culture revealed no enteropathogenic organisms. Symptomatic treatment was given to the cases and water disinfection was done. Community awareness and health education was given by the peripheral team on safe drinking water and food habits, hygiene and sanitation."
Odisha,Cuttack,Acute Gastroenteritis,22,0,29-10-2025,29-10-2025,Under Surveillance,"Cases of vomiting and loose motion were reported from a hostel of Ravenshaw University of Cuttack, Village Chhatra Bazar Behera Sahi Ward No- 38, Sub-District Cuttack (M.Corp.) P.S, District Cuttack. District RRT investigated the outbreak. The most affected age group was 15-44 years. 3 water samples and 2 rectal swabs were sent to DPHL Cuttack. H2S and OT tests were conducted on the water samples and culture tests on the stool samples. The results revealed no enteropathogenic organisms. Symptomatic treatment was given to the cases and water disinfection was done. Community awareness and health education given by the peripheral team on safe drinking water and food habits, hygiene and sanitation."
Odisha,Kandham al,Hepatitis E,32,0,24-10-2025,27-10-2025,Under Surveillance,"Cases of nausea, abdominal pain and fever were reported from Village Gochhapada, Sub- District Phiringia, District Kandhamal. District RRT investigated the outbreak. House to house survey was done. The most affected age group was 5-14 years. Cases were treated symptomatically. Out of 32 blood samples collected and sent to DPHL Kandhamal, 7 samples tested positive for Hepatitis E (IgM ELISA). Chlorination of water sources was done. Community awareness and health education given by the peripheral team on safe drinking water and food habits, hygiene and sanitation."
Tamil Nadu,Cuddalore,Acute Diarrhoeal Disease,10,0,30-10-2025,30-10-2025,Under Control,"Cases of loose motion were reported from Village Pallippattu, Block Naduveerapattu, Sub-District Cuddalore, District Cuddalore. District RRT investigated the outbreak. Cases were in the age group were 3-85 years. Medicine and ORS packets were given to cases. 2 water samples were sent to DPHL Cuddalore for culture. The samples tested positive for Coliform bacteria. Chlorine tablets were distributed to the households. Community awareness and health education given by the peripheral team on safe drinking water and food habits, hygiene and sanitation."
Tamil Nadu,Kallakuric hi,Scrub Typhus,26,0,31-10-2025,01-11-2025,Under Control,"Cases of fever with URTI were reported from Village Pudupalapattu and Kallipattu, Sub-District Kalvarayan Hills, District Kallakurichi. District RRT investigated the outbreak. The most affected age group was 3-65 years. Out of 18 serum samples collected and sent to DPHL Kallakurichi, 7 serum samples tested positive for O. tsutsugamushi (IgM ELISA). Out of 5 water samples collected, 4 samples showed presence of faecal coliform bacteria through culture. Chlorination of water sources was done. Community awareness and health education given by the peripheral team on vector control measures, safe drinking water and food habits, hygiene and sanitation."
Tamil Nadu,Kanniyak umari,Suspected Food Poisoning,14,0,30-10-2025,01-11-2025,Under Control,"Cases of loose motion, vomiting and body pain were reported from Village Anducode, Adaikkakuzhi and Vavarai, Sub-District Vilavancode, District Kanniyakumari. District RRT investigated the outbreak. All 14 cases’ households had purchased fish from the Urambu market. They got admitted at Karakonam CSI medical College (Kerala). 5 Water samples and 1 Stool sample were sent to DPHL Kanniyakumari. The water samples were examined using the PA Coliform Test, and 1 of them showed the presence of faecal coli. The stool sample was processed for culture, and no enteropathogenic organism was detected. Community awareness and health education given by the peripheral team on safe drinking water and food habits, hygiene and sanitation."
Tamil Nadu,Namakkal,Suspected Food Poisoning,131,0,27-10-2025,27-10-2025,Under Surveillance,"Cases of loose motion, vomiting and abdominal pain were reported from Village Pallakkapalaiyam, Sub-District Kumarapalayam, District Namakkal. District RRT investigated the outbreak. Cases were students of Excel College Pallakkapal who developed symptoms after consuming food prepared at college kitchen. Cases were treated at a mobile medical unit stationed in the college campus. Cases were in the age group 18-24 years. 8 water samples and 4 stool samples collected and sent to District Public Health Lab, Namakkal – 8 water samples tested positive for Coliform bacteria. Stool sample tested negative for Cholera, Entamoeba cyst was present. Kitchen was temporarily closed and an alternate kitchen was established by the college administration. Cleaning and disinfection of kitchen, utensils, and water storage (OHT-RO) was done. Screening of all food handlers was carried out. Community awareness and health education given by the peripheral team on safe food habits, hygiene and sanitation."
Tamil Nadu,Sivaganga,Chickenpox,8,0,26-10-2025,27-10-2025,Under Surveillance,"Cases of fever with rash were reported from Village Okkurputhur, Sub-District Sivaganga, District Sivaganga. District RRT investigated the outbreak. Active search for fever cases was done in the locality. Cases were treated symptomatically. The affected age group was 1-28 years. Community awareness and health education given by the peripheral team on isolation of cases, hygiene maintenance and proper nutrition."
Tamil Nadu,Villupura m,Acute Diarrhoeal Disease,10,0,26-10-2025,28-10-2025,Under Control,"Cases of loose watery stools were reported from Village Melthaniyalampattu, Sub- District Thiruvennainallur, District Villupuram. District RRT investigated the outbreak. Medicine and ORS packets were given to cases. Cases were in the age group 11-80 years. 3 stool samples collected tested negative for cholera by culture. Pipeline leakages were repaired by PHED. Overhead tanks were cleaned. Chlorination of water sources was done. Community awareness and health education given by the peripheral team on safe drinking water, hygiene maintenance and sanitation."
Uttar Pradesh,Fatehpur,Dengue,14,0,27-10-2025,27-10-2025,Under Surveillance,"Cases of fever with myalgia and fatigue were reported from Village Kaudia, Sub-District Bindki, District Fatehpur. District RRT investigated the outbreak. House to house fever survey was done. Cases were treated at PHC Deomai. Out of 14 blood samples collected and sent to IPHL DH Fatehpur, 9 samples tested positive for Dengue (NS1 ELISA). Cases were in the age group 12-70 years. Anti-larval activities and fogging was done by the Block health team. Community awareness and health education given by the peripheral team on vector control measures, hygiene and sanitation."
West Bengal,Purba Bardhama n,Suspected Food Poisoning,89,0,02-11-2025,02-11-2025,Under Surveillance,"Cases of loose motion, abdominal pain and vomiting were reported from Village Ukta, Sub-District Ausgram-I, District Purba Bardhaman. District RRT investigated the outbreak. The most affected age group was 5-44 years. Cases had consumed food in a local Madrasa where they were residing in the hostel. 1 stool sample was collected for culture and sent to Bardhaman Medical College and hospital, Purba Bardhaman, showed growth of normal gut flora by culture. No pathogenic organism was found. All cases were treated at RH Bononabagram. Community awareness and health education given by the peripheral team on safe food habits, hygiene and sanitation."
Andhra Pradesh,Guntur,Acute Diarrhoeal Disease,457,0,04-11-2025,04-11-2025,Under Control,"Cases of vomiting and loose stool were reported from SRM University Hostel, Village Koragallu, Sub- District Thullur, District Guntur. District RRT investigated the outbreak. Cases were treated at a health camp established in the university premises and at NRI General Hospital. 2 water samples collected by the MLHP were found safe for drinking. 1 stool sample tested at Pathcare Diagnostics, Hyderabad, and 2 stool samples tested at GMC Guntur showed no pathogenic organisms. 14 water samples sent to the Water Testing Laboratory, Guntur, underwent chemical and biological analysis: chemical testing showed low pH in 6 samples, while the remaining samples were potable; biological testing showed Klebsiella species isolated in 10 samples. 3 more water samples collected from the reservoir were tested, of which 2 showed Klebsiella species. Overhead tanks were cleaned. Chlorination of water sources was done. Community awareness and health education given by the peripheral team on safe drinking water and food habits, hygiene and sanitation."
Andhra Pradesh,Palnadu,Fever of unknown origin,19,0,03-11-2025,04-11-2025,Under Control,"Cases of fever, cold and cough were reported from MJPAPBCWR School (Girls), Village Lingamguntla Colony, Sub-District Narasaraopet, District Palnadu. District RRT investigated the outbreak. The affected age group was 11-15 years. All the cases were examined by the Medical Officer, PHC Pamidipadu at the camp, and their blood tests for malaria and dengue (RDT kit) were negative. Community awareness and health education given by the peripheral team on vector control measures, hygiene and sanitation."
Arunachal Pradesh,Tirap,Suspected Typhoid,,33,0 03-10-2025,Surveillance,Under,"Cases of fever with loss of appetite and nausea were reported from Deomali township, Sub-District Deomali ADC, District Tirap. District RRT investigated the outbreak. House to house survey was done. Cases were treated symptomatically. Both children and adults were affected. All 33 blood samples collected and sent to CHC Deomali, tested positive for S. typhi by Widal test. Chlorination of water sources was done. Community awareness and health education given by the peripheral team on safe drinking water and food habits, hygiene and sanitation."
Bihar,Aurangabad,Acute Diarrhoeal Disease,,22,0 30-10-2025,Surveillance,Under,"Cases of loose motion were reported from Village Naudiha, Sub-District Aurangabad, District Aurangabad. District RRT investigated the outbreak. House to house survey was done. Both children and adults were affected. Medicine and ORS packets were given to cases. Chlorine tablets were distributed to the households.Community awareness and health education given by the peripheral team on safe drinking water and food habits, hygiene and sanitation."
Bihar,Banka,Acute Diarrhoeal Disease,16,0,04-11-2025,05-11-2025,Under Control,"Cases of loose motion were reported from Village Ghogha, Sub-District Amarpur, District Banka. District RRT investigated the outbreak. The affected age group was 7-55 years. Symptomatic treatment was given to cases. Chlorination of water sources was done in the affected area. Community awareness and health education given by the peripheral team on safe drinking water and food habits, hygiene and sanitation."
Bihar,Gopalganj,Fever with Rash,,5,0 20-09-2025,Surveillance,Under,"Cases of fever with rash were reported from Village Matihani Madho, Sub-District Hathua, District Gopalganj. District RRT investigated the outbreak. Active search for fever cases was done in the locality. All cases were treated. The affected age group was 4-35 years. All 5 blood samples collected and sent to AIIMS Patna tested negative for Measles (IgM ELISA). Community awareness and health education given by the peripheral team on isolation of cases, hygiene maintenance and proper nutrition."
Bihar,Supaul,Measles,2,0,31-10-2025,03-11-2025,Under Surveillance,"Cases of fever with rash were reported from Village Pipra Khurd, Ward No.-7, Mushahari Tola, Sub- District Supaul, District Supaul. District RRT investigated the outbreak. House to house fever survey was done. All cases were treated at Sadar Hospital. Cases were in the age group 1-8 years. Out of 8 blood samples collected from symptomatic cases and sent to AIIMS Patna, 2 samples tested positive for Measles (IgM ELISA). Cases were in the age group 1-8 years. Community awareness and health education given by the peripheral team on the spread of infection, hygiene and sanitation."
Chhattisgar h,Jashpur,Suspected Typhoid,,16,0 09-10-2025,,Under Control,"Cases of fever and loss of appetite were reported from Village Gadakata, Judwain, Bandar Chunwa, Pakarikachhar, Tamasingha, Kunjara and Ranpur, Sub- District Kunkuri, District Jashpur. District RRT investigated the outbreak. House to house survey was done. Cases were treated at health facilities. The affected age group was 14-66 years. Out of 16 blood samples collected and sent to CHC Kunkuri, 11 samples tested positive for S. typhi by Widal test. The probable cause of the outbreak was contaminated water in the affected area. Chlorination of water sources was done. Community awareness and health education was given by the peripheral team on safe drinking water and food habits, hygiene and sanitation."
Chhattis garh,Raipur,Suspected Typhoid,20,0,04-11-2025,06-11-2025,Under Surveillance,"Cases of fever with loss of appetite were reported from Village Bhatgaon-1 (Bhatgaon), Sub- District Raipur, District Raipur. District RRT investigated the outbreak. The affected age group was 3-62 years. Serum samples of all the cases were tested at UPHC Bhatagaon Raipur and all tested positive for S. typhi by Widal test. Symptomatic treatment was given to the cases. Chlorine tablets were distributed to the households. Community awareness and health education given by the peripheral team on safe drinking water and food habits, hygiene and sanitation."
Gujarat,Bhavnagar,Fever,21,0,03-11-2025,04-11-2025,Under Control,"Cases of fever with loss of appetite were reported from Ward no.- 6, Sub-District ULB Bhavnagar, Bhilwada UPHC area , District Bhavnagar. District RRT investigated the outbreak. House to house survey was done. The affected age group was 9-73 years. Cases were treated at health facilities. All cases were tested for Widal at UPHC Bhilwada, and the results were negative. The water culture report from GMC Bhavnagar showed no microbial contamination of the water supply in the affected area. Community awareness and health education given by the peripheral team on safe drinking water and food habits, hygiene and sanitation."
Gujarat,Surat,Acute Diarrhoeal Disease,45,0,07-11-2025,07-11-2025,Under Control,"Cases of loose motion were reported from Village Andhatri Mandvi, Sub- District Mandvi Surat, District Surat. District RRT investigated the outbreak. The affected age group was 3-75 years. Cases were treated symptomatically. 10 water samples were tested at New Civil Microbiology Department, Surat Lab and all were found to be potable. ORS and chlorine tablet distribution were done. Chlorination of the water source was done and water supply pipeline leakage was repaired. Community awareness and health education given by the peripheral team on safe drinking water and food habits, hygiene and sanitation."
Jharkha nd,West Singhbhu m,Malaria,14,0,07-11-2025,07-11-2025,Under Surveillance,"Cases of fever with chills were reported from Village Kudahatu, Sub-District Majhgaon, District West Singhbhum. District RRT investigated the outbreak. A house- to-house survey was done. All 14 blood samples collected and sent to CHC Majhgaon, tested positive for malaria by Rapid Diagnostic Test (Malaria Ag). Cases were treated with anti-malarial medicine. Cases were in the age group 7 months-40 years. Fogging was done in the affected area. Community awareness and health education given by the peripheral team on vector control measures, hygiene and sanitation."
Jharkhand,West Singhbhum,Malaria,,21,0 04-10-2025,Surveillance,Under,"Cases of fever with chills were reported from Village Kokuita, Sub-District Jagannathpur, District West Singhbhum. District RRT investigated the outbreak. House to house survey was done. 21 blood samples were collected and CHC, Jagannathpur, of which 20 samples tested positive for malaria (3 Plasmodium vivax and 17 Plasmodium falciparum) by Rapid Diagnostic Test (Malaria Ag). Cases were treated with anti- malarial medicine. Cases were in the age group 4-59 years. Fogging was done in the affected area. Community awareness and health education given by the peripheral team on vector control measures, hygiene and sanitation."
Jammu and Kashmir,Baramulla,Jaundice,23,0,06-11-2025,06-11-2025,Under Surveillance,"Cases of nausea, abdominal pain, fatigue and dark coloured urine were reported from Village Kangroosa, Sub-District Danghiwacha, District Baramulla. District RRT investigated the outbreak. House to house survey was done. Cases were treated at NTPHC Pakhwara. Probable cause of the outbreak was contaminated water. Cases were in the age group 4-27 years. All 23 blood samples collected and sent to DPHL Baramulla, tested negative for Hepatitis A and E (IgM ELISA). 6 water samples collected were non- potable. Chlorination of water courses was done. Community awareness and health education given by the peripheral team on safe drinking water, hygiene and sanitation."
Jammu and Kashmir,Kathua,Dengue,31,0,06-11-2025,06-11-2025,Under Surveillance,"Cases of fever with muscle pain and fatigue were reported from Ward No. 4, Sub-District/District Kathua. District RRT investigated the outbreak. House to house fever survey was done. Cases were treated at health facilities. All 31 blood samples collected and sent to IDSP- DPHL Kathua from 8.09.25 to 3.11.25, tested positive for Dengue (NS1 ELISA - 29 samples, IgM ELISA -2 samples). Anti-larval activities and fogging was done in the affected area. Community awareness and health education given by the peripheral team on vector control measures, hygiene and sanitation."
Jammu and Kashmir,Pulwama,Chickenpox,6,0,06-11-2025,06-11-2025,Under Surveillance,"Cases of fever with rash were reported from Village Baragam, Sub-District Tral, District Pulwama. District RRT investigated the outbreak. House to house fever survey was done. Cases were treated symptomatically. Cases were in the age group 4-20 years. Out of 6 blood samples collected and sent to DPHL Pulwama, 2 samples tested positive for V. zoster (IgM ELISA). Community awareness and health education given by the peripheral team on isolation of cases, hygiene maintenance and proper nutrition."
Kerala,Ernakula m,Acute Gastroenteritis,11,0,06-11-2025,06-11-2025,Under Surveillance,"Cases of abdominal pain and loose motion were reported from Santhi Bhavan, Care Home, Div 63 Kadavathara, Sub-District Kanayannur, District Ernakulam. District RRT investigated the outbreak. Affected cases started showing symptoms after consuming Chicken Biryani. The affected age group was 2-43 years. All of the cases were treated symptomatically at GH Ernakulam. Water samples of tank water, tap water and drinking water were taken and sent to the RPHL Ernakulam. All samples were reported to be potable. ORS and zinc were given to affected people. Community awareness and health education given by the peripheral team on safe drinking water and food habits, hygiene and sanitation."
Kerala,Idukki,Mumps,27,0,30-10-2025,05-11-2025,Under Surveillance,"Cases of fever with parotid gland swelling were reported from Village Upputhara and Thodupuzha (Part), Sub-District Peerumade, District Idukki. District RRT investigated the outbreak. House to house fever survey was done. Cases were treated symptomatically. Most of the cases were in the age group 3-17 years. Cases were clinically diagnosed with Mumps. Community awareness and health education given by the peripheral team on isolation of cases, hygiene maintenance and proper nutrition."
Kerala,Idukki,Chickenpox,21,0,05-11-2025,05-11-2025,Under Surveillance,"Cases of fever with rash were reported from St George Higher Secondary School Muthalakodam, Village Thodupuzha (Part) and Vannapuram, Sub-District Thodupuzha, District Idukki. District RRT investigated the outbreak. House to house fever survey was done. Cases were treated symptomatically. Cases were in the age group 15-17 years. Community awareness and health education given by the peripheral team on isolation of cases, hygiene maintenance and proper nutrition."
Kerala,Kannur,Hepatitis A,47,0,04-11-2025,05-11-2025,Under Surveillance,"Cases of nausea, abdominal pain, fatigue and dark coloured urine were reported from Village Azhikode South (CT), Pallikkunnu (CT), Puzhathi (CT) and Payyannur, Sub- District Thodupuzha, District Kannur. District RRT investigated the outbreak. Cases had participated in a State-level Sports Meet at Collectorate Ground, GVHSS Kannur, and the Police Ground. Food was arranged individually by district team managers, and many students purchased meals from local hotels and shops. Drinking water was distributed through mineral water containers and also obtained from school water filters at the accommodation sites. Cases were treated at UPHC Mythanapalli. The affected age group was 13-42 years. Out of 11 blood samples collected and sent to AKG Hospital, DH Mavelikara, MCH Thrissur, MCH Pushpagiri and GH Kottayam, 10 samples tested positive for Hepatitis A (IgM ELISA). Community awareness and health education given by the peripheral team on safe food habits and drinking water, hygiene and sanitation."
Kerala,Kollam,"Hand, Foot, and Mouth Disease (HFMD)",11,0,30-10-2025,03-11-2025,Under Surveillance,"Cases of fever, oral ulcers, vesicular lesions on the palms, soles, and buttocks were reported from Anganwadi center and Creche in Ward 8, Village Pattazhy, Sub- District Pathanapuram, District Kollam. District RRT investigated the outbreak. Cases were treated as out patients at PHC Pattazhy. Cases were in the age group 1½–4½ years. All cases were clinically diagnosed with HFMD. Teachers at Anganwadi center and parents were advised to isolate symptomatic children for 7 days and ensure proper nutrition, fluid intake, hygiene and sanitation."
Kerala,Thiruvanan thapuram,Mpox (Clade II),,1,0 07-10-2025,Surveillance,Under,"A case was reported from Village Karavaram, Sub-District/District Thiruvananthapuram. A 33-year-old male travelled from Sharjah, UAE to Thiruvananthapuram on 05.11.2025 with symptoms of fever with generalized pustular rash. He was admitted to the isolation ward at KIMS TVM on the same day. A sample (pus swab) was collected and sent to IAV Thonnackal, Kerala, for RT-PCR revealed Mpox virus (clade II) on 06.11.2025. The patient was sent to home isolation on the same day. Follow up tests were not conducted since it is not mandatory for Clade II as per the state guidelines. The patient recovered after completing 21 days of home isolation on 27.11.2025. Primary contacts and flight contacts were traced and kept on symptomatic surveillance for 21 days."
Kerala,Wayanad,Suspected Food Poisoning,42,0,02-11-2025,03-11-2025,Under Surveillance,"Cases of loose motion, vomiting and abdominal pain were reported from Village Anchukunnu, Cherukottur and Panamaram, Sub-District Mananthavady, District Wayanad. District RRT investigated the outbreak. Cases developed symptoms 4-5 hours after consuming food at a hotel. All cases were treated at health facilities. 2 water samples were collected and sent to KWA Mananthavady, and 5 stool samples were collected and sent for microbiological analysis to PVT Lab. Coliforms were detected in the water samples. Stool samples were negative on the culture test. Cases were in the age group 15-59 years. Chlorination of water sources was done in the affected area. The overhead tank that supplied water to the hotel was cleaned. Community awareness and health education given by the peripheral team on safe food and water habits, hygiene and sanitation."
Karnata ka,Belagavi,Suspected Food Poisoning,64,0,03-11-2025,04-11-2025,Under Control,"Cases of vomiting, abdominal pain and fever were reported from Moraraji Desai Residential School, Thangyankodi, Village Hirekudi, Sub-District Chikodi, District Belagavi. District RRT investigated the outbreak. The cases had consumed contaminated food at school hostel mess. A temporary clinic was set up at the school campus. 7 students were referred to Chikodi General Hospital for further management. 2 stool samples collected and sent to DPHL Belagavi showed growth of normal commensals. Cases were in the age group 11-16 years. Overhead tanks were cleaned. Chlorination of water sources was done in the affected area. Community awareness and health education given by the peripheral team on safe drinking water and food habits, hygiene and sanitation."
Karnata ka,Shivamogg a,Suspected Food Poisoning,10,0,06-11-2025,07-11-2025,Under Control,"Cases of loose motion were reported among students of Government High School, Village Ayanur, Sub- District Shivamogga, District Shivamogga. District RRT investigated the outbreak. Cases had consumed contaminated food during the visit to a science exhibition. The most affected age group was 15-21 years. Students were provided symptomatic treatment at CHC Ayanur. 2 water samples (tested by the H₂S method) and 2 stool samples (tested by stool culture) were examined at DPHL Shivamogga. The stool cultures showed no enteropathogenic organisms, and both water samples were found to be safe for potable purposes. Chlorination of drinking water sources and supervised cleaning of the hostel kitchen and dining area, were carried out. Community awareness and health education given by the peripheral team on safe drinking water and food habits, hygiene and sanitation."
Maharas htra,Akola,Chikungunya,11,0,03-11-2025,04-11-2025,Under Control,"Cases of fever with joint pain were reported from Village Jawahar Nagar, Sub-District/District Akola. District RRT investigated the outbreak. House to house fever survey was done. Cases were treated. Out of 11 serum samples collected and sent to GMC Akola, 9 samples tested positive for Chikungunya (IgM ELISA). Cases were in the age group 22-83 years. Entomological indices revealed: HI- 0.37 CI - 0.38 & BI- 0.55. Anti- larval activities and fogging was done in the affected area. Community awareness and health education given by the peripheral team on vector control measures, hygiene and sanitation."
Maharas htra,Jalgaon,Dengue,10,0,31-10-2025,03-11-2025,Under Surveillance,"Cases of fever with fatigue were reported from Village Dharagir, Sub-District Erandol, District Jalgaon. District RRT investigated the outbreak. House to house fever survey was done. All cases were treated. Cases were in the age group 15-72 years. Out of 11 blood serum samples collected and sent to GMC Jalgaon, 3 samples tested positive for Dengue (IgM ELISA). Anti- larval activities were carried out in the locality. Community awareness and health education given by the peripheral team on vector control measures, hygiene and sanitation."
Maharas htra,Pune,Acute Diarrhoeal Disease,24,0,01-11-2025,04-11-2025,Under Control,"Cases of loose motion, pain in abdomen and vomiting were reported from Village Hatave, Sub- District Bhor, District Pune. District RRT investigated the outbreak. House to house survey was done. Medicine and ORS packets were given to cases. Cases were in the age group 3-75 years. 10 water samples were collected; result awaited. Chlorination of water sources was done. Community awareness and health education given by the peripheral team on safe drinking water, hygiene and sanitation."
Maharas htra,Raigad,Dengue,12,0,07-11-2025,08-11-2025,Under Surveillance,"Cases of fever with muscle pain and fatigue were reported from Village Dhutum, Sub-District Uran, District Raigad. District RRT investigated the outbreak. House to house fever survey was done. Cases were treated at PHC Koproli. The affected age group was 12-65 years. Out of 12 blood samples collected and sent to Civil Hospital Alibag, 4 samples tested positive for Dengue (NS1 ELISA). Anti-larval activities and fogging was done in the affected area. Community awareness and health education given by the peripheral team on vector control measures, hygiene and sanitation."
Manipur,Ukhrul,Suspected Food Poisoning,34,0,07-11-2025,08-11-2025,Under Control,"Cases of vomiting, headache, nausea and stomach ache were reported from Village Seikhor, Kaziphung, Hungpung, Teinem, Phungreitang West and Changa, District Ukhrul. District RRT investigated the outbreak. Cases were students aged 5-14 years of KTL School who consumed snacks, namely Mauli, from the school premises vendor. All cases were treated at District Hospital Ukhrul. The affected age group was 5-28 years. Community awareness and health education given by the peripheral team on safe food habits, hygiene and sanitation."
Madhya Pradesh,Burhanpu r,Cholera,155,0,08-11-2025,08-11-2025,Under Surveillance,"Cases of loose watery stools, vomiting and abdominal pain were reported from Village Lodhipura, UPHC Alamganj, District Burhanpur. District RRT investigated the outbreak. Probable cause of the outbreak was contaminated water. All cases were treated at District Hospital Burhanpur. Cases of all age group were affected. 5 stool samples were collected and sent to MGM Medical College Indore. All the samples were found positive for V. cholerae by culture. Out of 3 water samples collected, 1 sample was non- potable. Alternative water supply was started by Nagar Nigam Burhanpur. Chlorination of water sources was done. Community awareness and health education given by the peripheral team on vector control measures, hygiene and sanitation."
Madhya Pradesh,East Nimar,Chikungunya,74,0,06-11-2025,06-11-2025,Under Surveillance,"Cases of fever with joint pain were reported from Village Bilaya, Sub- District Punasa, District East Nimar. District RRT investigated the outbreak. Total population of the affected village was 960. House to house fever survey was done. Cases were treated at a health camp established in the locality. The affected age group was 8-71 years. Out of 10 serum samples collected and sent to DH Khandwa, 9 samples tested positive for Chikungunya (IgM ELISA). Anti-larval activities and fogging was done. Community awareness and health education given by the peripheral team on vector control measures, hygiene and sanitation."
Madhya Pradesh,Mandsaur,Chikungunya,35,0,06-11-2025,06-11-2025,Under Surveillance,"Cases of fever with body pain were reported from Village Patlasikala, Sub-District Sitamau, District Mandsaur. District RRT investigated the outbreak. House to house fever survey was done. Cases were treated at PHC Deepakheda. Mostly, adults were affected. Out of 15 blood samples collected and sent to AIIMS Bhopal, 8 samples tested positive for Chikungunya (IgM ELISA). Community awareness and health education given by the peripheral team on vector control measures, hygiene and sanitation."
Madhya Pradesh,Neemuch,Measles,6,0,08-11-2025,08-11-2025,Under Surveillance,"Cases of fever with rash were reported from Village Piplyahadi, Sub-District Manasa, District Neemuch. District RRT investigated the outbreak. House to house fever survey was done. Cases were treated symptomatically. The affected age group was 3-11 years. All 6 samples collected and sent to GMC Bhopal, tested positive for Measles (IgM ELISA). Community awareness and health education given by the peripheral team on isolation of cases, hygiene maintenance and proper nutrition."
Odisha,Bhadrak,Measles,6,0,04-11-2025,04-11-2025,Under Surveillance,"Cases of fever with rash were reported from Village Rajualibindha, Sub-District Bhadrak Rural, District Bhadrak. District RRT investigated the outbreak. The affected age group was 5-14 years. 6 blood samples were collected and sent to RMRC-ICMR, Bhubaneswar. 3 samples were found to be positive for Measles (IgM ELISA). Vitamin A solution and symptomatic treatment was given to the cases. Community awareness and health education given by the peripheral team on immunization, spread of infection, hygiene and sanitation."
Odisha,Kendrapa ra,Measles,45,0,06-11-2025,07-11-2025,Under Surveillance,"Cases of fever with rash were reported from Village Badagan, Sub-District Kendrapara, District Kendrapara. District RRT investigated the outbreak. The most affected age group was <5 years. 13 blood samples were collected and sent to RMRC-ICMR, Bhubaneswar. 6 samples were found to be positive for Measles (IgM ELISA). positive for Measles (IgM ELISA). Vitamin A solution and symptomatic treatment was given to the cases. Community awareness and health education given by the peripheral team on immunization, spread of infection, hygiene and sanitation."
Odisha,Rayagada,Acute Diarrhoeal Disease,13,0,07-11-2025,07-11-2025,Under Surveillance,"Cases of loose motion and vomiting were reported from Village San- Sangidi, Sub-District Gunupur, District Rayagada. District RRT investigated the outbreak. The most affected age group was 15-44 years. 3 water samples (for H₂S and OT tests) and 2 rectal swab samples (for culture) were collected and sent to DPHL Rayagada. The rectal swabs showed no enteropathogenic organisms. All 3 water samples were H₂S-negative, and OT levels were <0.01 ppm. Water disinfection was done and symptomatic treatment was provided to the cases. Community awareness and health education given by the peripheral team on safe drinking water and food habits, hygiene and sanitation."
"Sikkim th March, 2020. The States have been reporting the COVID-19 cases and deaths on a real-time basis and the same was being updated on the website of",Gangtok,Fever with Rash COVID-19 STATUS,,5,0 27-10-2025,Surveillance,Under,"Cases of fever with rash were reported from Mohavir Public School, Village Mohavir, PHC Sang, Sub-District/District Gangtok. District RRT investigated the outbreak. Active search for fever cases was done in the affected area. Cases were treated symptomatically. Cases were in the age group 4-10 years. All 5 blood samples collected and sent to IOS Kolkata, tested negative for Measles (IgM ELISA). School authorities and parents were advised to isolate the symptomatic child for 7 days. Community awareness and health education given by the peripheral team on hygiene maintenance and proper nutrition."
Tamil Nadu,Coimbator e,Mumps,37,0,06-11-2025,06-11-2025,Under Surveillance,"Cases of fever with swelling in the parotid gland were reported from PUPS School, Village Kottur III, Sungam, Manjanaickenur and Aliyarnagar, Sub-District Anaimalai, District Coimbatore. District RRT investigated the outbreak. Active search for fever cases was done. Symptomatic treatment was given to cases. Cases were in the age group 5-10 years. Out of 5 serum samples, throat swab collected and sent to King Institute, Guindy, 4 samples tested positive for Mumps (IgM ELISA). School authority was advised to isolate symptomatic cases for 7 days. Community awareness and health education given by the peripheral team on hygiene maintenance and proper nutrition."
Tamil Nadu,Coimbator e,Acute Gastroenteritis,14,0,02-11-2025,03-11-2025,Under Control,"Cases of loose motion, vomiting and abdominal pain were reported from Nehru Engineering College, Sub- District Madukkari, District Coimbatore. District RRT investigated the outbreak. Cases were treated with Antiemetics and Antidiarrheal medicine at GH Madukarai. Cases were in the age group 17-19 years. 2 water samples were collected for Physical, Chemical and Bacteriological Examination and sent to District Public Health Laboratory, Coimbatore. 1 sample showed the presence of Coliform. Community awareness and health education given by the peripheral team on safe food habits, hygiene and sanitation."
Tamil Nadu,Cuddalore,Acute Diarrhoeal Disease,20,0,03-11-2025,04-11-2025,Under Control,"Cases of loose watery stools were reported from Village Sanniyasipettai, Sub-District Panruti, District Cuddalore. District RRT investigated the outbreak. House to house survey was done. Cases were treated at PHC Keel Arunkulam. ORS packets were given to cases. Cases were in the age group 13-81 years. 3 water samples were sent to DPHL Cuddalore for PA Coliform testing, and 2 of the samples showed the presence of coliform bacteria. Chlorination of water sources was done in the affected area. Community awareness and health education given by the peripheral team on safe drinking water, hygiene and sanitation."
Tamil Nadu,Erode,Dengue,13,0,06-11-2025,08-11-2025,Under Surveillance,"Cases of fever with myalgia and fatigue were reported from Village Perundurai, Sub-District Perundurai, District Erode. District RRT investigated the outbreak. Cases were treated at a medical camp established in the locality. Cases were in the age group 7-78 years. 9 serum samples were collected and sent to GEMCH, Erode (4 samples) and DPHL, Erode (5 samples). Of these, 4 samples tested positive for Dengue (3 samples with NS1 ELISA and 1 sample with IgM ELISA). Anti- larval activities and fogging was done. Community awareness and health education given by the peripheral team on vector control measures, hygiene and sanitation."
West Bengal,Alipurdua r,Typhoid,20,0,05-11-2025,05-11-2025,Under Control,"Cases of loose motion and vomiting were reported from Munshi Line, Atiabari Tea Garden, Sub-District Kalchini, District Alipurduar. Block RRT investigated the outbreak. House to house survey was done. People fell sick after consuming leftover ceremonial meal (plain rice, vegetable dal and chicken curry) at Imanuel Church, located at Munshi Line Atiabari TG. Symptomatic treatment was given to cases. 6 patients were treated at Atiabari TG Hospital. 2 stool samples were collected for culture and sent to DH Alipurduar, showed growth of S. typhi and E. coli. 2 Food samples were collected by the Block Public Health Unit and sent to Central Food Laboratory, Kolkata; result awaited. Cases were in the age group 15-44 years. Chlorination of water sources was done. Pipeline leakages were repaired. Community awareness and health education given by the peripheral team on safe drinking water and food habits, hygiene and sanitation."
West Bengal,Jhargram,Hepatitis A,58,0,06-11-2025,07-11-2025,Under Surveillance,"Cases of nausea, abdominal pain, fatigue and dark colored urine were reported from Village Kechanda, Sub-District Binpur - II, District Jhargram. District RRT investigated the Outbreak. Probable cause of the outbreak was contamination of supplied drinking water due to pipeline leakages and use of river water as drinking source. Cases were treated at Belpahari RH. The most affected age group was 5-44 years. 6 blood samples collected and sent to MMCH tested positive for Hepatitis A (IgM ELISA). Water samples collected from multiple sources were tested, and 3 out of 10 environmental samples showed coliform contamination. Alternate supply of drinking water was arranged through tankers by PHED. Pipeline leakages were repaired. People were advised to stop the use of river water for drinking purpose. Chlorination of water sources was done in the affected area. Community awareness and health education given by the peripheral team on safe drinking water, hygiene and sanitation."
Andhra Pradesh,Alluri Sitharama Raju,Acute Gastroenteritis,58.0,0.0,14-11-2025,14-11-2025,Under Control,"Cases of loose motion, vomiting and abdominalpain were reported from Village Jerrila, Sub-District Gudem Kotha Veedhi, District Alluri Sitharama Raju. District RRT investigated theoutbreak. Cases weretreated at PHC Jerrila and AH Chintapalli. Theaffected age group was 6-15 years. Communityawareness and healtheducation given by theperipheral team on safedrinking water and foodhabits, hygiene andsanitation."
Andhra Pradesh,Kurnool,Suspected Food Poisoning,12.0,0.0,11-11-2025,12-11-2025,Under Control,"Cases were reported from Anganwadi Centre, Nagalapuram Centre No.2, Sub-District Adoni, District Kurnool. District RRT investigated theoutbreak. Cases presentedwith vomiting andabdominal pain afterconsumption of the mid-day meal at the Anganwadi Centre. The cases weretreated at a medical campconducted there, and 2 cases with milddehydration were shifted to GGH Adoni. Communityawareness and healtheducation given by theperipheral team on safedrinking water and foodhabits, hygiene andsanitation."
Andhra Pradesh,Visakhapatanam,Food Poisoning,14.0,0.0,13-11-2025,13-11-2025,Under Control,"Cases of loose motion andvomiting were reportedfrom Village Kapuluppada, Sub-District Bheemunipatnam, District Visakhapatanam. Medical Officer UPHC Chepaluppada along withstaff and Epidemic Cell Team visited the villageand conducted a medicalcamp. On 08.11.2025, people had consumed foodin Ayyappa swamy pooja. Symptomatic treatmentwas given to cases. 4 caseswere treated at Gayatri Hospital, Kommadi. Theaffected age group was 15-60 years. Out of 5 stoolsamples collected and sentto AMC Visakhapatnam, 4 samples showed presenceof E. coli and 1 sampletested positive for Klebsiella species. 3 watersamples collected and sentto IPM Lab were potable. Community awareness andhealth education given bythe peripheral team on safefood habits, hygiene andsanitation."
Arunachal Pradesh,West Siang,Fever,143.0,0.0,13-11-2025,13-11-2025,Under Surveillance,"Cases of fever werereported from Jawahar Navodaya Vidyalaya, Kombo, Sub-District Kombo Circle, District West Siang. District RRT investigated the outbreak. House to house feversurvey was done. Theaffected age group was 11 -58 years. The cases weretreated symptomatically at General Hospital, Aalo, West Siang District. Source reduction activitieswere done in the affectedarea. Communityawareness and healtheducation given by theperipheral team on vectorcontrol measures, hygieneand sanitation."
Assam,Kokrajhar,Chickenpox,26.0,0.0,13-11-2025,14-11-2025,Under Surveillance,"Cases were reported from Kasturba Gandhi Balika Vidyalay, Village Patgaon Bajar, Sub-District Dotoma, District Kokrajhar. Cases presentedwith headache, bodyache, and itchy fluid-filled redblisters. District RRT investigated the outbreak. The affected age group was 11-15 years. 2 serum and 1 nasopharyngeal swab weresent to GMCH and DPHL Bongaigaon to test for Measles, Rubella and Chickenpox (IgM ELISA). The 1 sample that wastested for chickenpox wasfound to be positive for VZV. Communityawareness and healtheducation given by theperipheral team on spreadof infection, hygiene andsanitation."
Bihar,Munger,Acute Diarrhoeal Disease,21.0,0.0,07-11-2025,11-11-2025,Under Surveillance,"Cases of loose motion andvomiting were reportedfrom Village Baijalpur, Sub-District Kharagpur, District Munger. Block RRT investigated theoutbreak. Cases of all agegroup were affected. Chlorination of the watersources was carried out. Community awareness andhealth education given bythe peripheral team on safedrinking water and foodhabits, hygiene andsanitation."
Gujarat,Rajkot,Cholera,52.0,0.0,13-11-2025,13-11-2025,Under Surveillance,"Cases of loose motion andvomiting were reportedfrom Village Panchpirni Vadi, Sub-District Dhoraji, District Rajkot. District RRT investigated theoutbreak. House to housesurvey was done. Symptomatic treatmentwas given to cases. 10 patients were treated at UPHC Dhoraji. Bothchildren and adults wereaffected. The suspectedsource of infection waspipeline leakage andmixing of sewage water. Chlorine tablets, ORS, and IEC pamphlets have beendistributed in the affectedarea. Out of 19 stoolsamples collected and sentto PDU Rajkot, 5 samplestested positive for V. cholerae by culture. Community awareness andhealth education given bythe peripheral team on safedrinking water, hygieneand sanitation."
Jammuand Kashmir,Jammu,Human Rabies,1.0,1.0,10-11-2025,12-11-2025,Under Surveillance,"A case clinically diagnosedfor human rabies wasreported from Village Mathwoor, Sub-District Bhalwal, District Jammu. District RRT investigatedthe outbreak. The 48-year-old patient was bitten byhis pet dog on 09/10/2025.No post bitevaccination was taken. Thedog also died on 19/10/2025. The patientdeveloped symptoms ofanxiety, confusion, hallucinations, dysphagia, and hydrophobia, and diedon 08/11/2025. A community sensitizationand awareness session ondog bite management andrabies prevention wasconducted. Local healthauthorities and the Panchayat were informedto coordinate on stray dogsurveillance."
Jharkhand,Dumka,Acute Diarrhoeal Disease,17.0,0.0,14-11-2025,15-11-2025,Under Surveillance,"Cases of loose waterystools were reported from Village Banspahari, Sub-District Gopikandar, District Dumka. District RRT investigated theoutbreak. Most cases werein the age group of 5-57 years. 5 blood sampleswere collected and testedfor Anti-HAV IgM and Anti-HEV IgM using ELISA at DPHL, Dumka, and all results werenegative. 1 water samplewas also tested using the H₂S method, and nomicroorganisms weredetected. ORS wasdistributed to the villagers. Community awareness andhealth education given bythe peripheral team on safedrinking water and foodhabits, hygiene andsanitation."
Jharkhand,East Singhbum,Acute Diarrhoeal Disease,14.0,0.0,08-11-2025,10-11-2025,Under Surveillance,"Cases of loose motionswere reported from Village Dighi, Sub-District Patamda, District East Singhbum. District RRT investigated the outbreak. The affected age group was 14-85 years. Out of 4 watersamples collected and sentto MGM Medical College, Jamshedpur, 3 samplesshowed presence of Enterococcus faecalis. Chlorination of watersources was done in theaffected area. Communityawareness and healtheducation given by theperipheral team on safedrinking water and foodhabits, hygiene andsanitation."
Jharkhand,Saraikela Kharsawan,Suspected Typhoid,10.0,0.0,13-11-2025,16-11-2025,Under Surveillance,"Cases of fever andheadache were reportedfrom Seraikella Town Area, Sub-District Saraikela, District Saraikela Kharsawan. District RRT investigatedthe outbreak. The affectedage group was 15-64 years. Serum samples werecollected from allsuspected cases, and 7 outof 10 tested positive for Salmonella typhi using the Widal test, conducted at Sadar Hospital, Seraikella. Community awareness andhealth education given bythe peripheral team on safedrinking water and foodhabits, hygiene andsanitation."
Kerala,Ernakulam,Hepatitis A,16.0,0.0,15-11-2025,15-11-2025,Under Surveillance,"Cases of loss of appetite, nausea and dark colouredurine were reported from Village, Kadungalloor (CT), Ward 11 & 12, Sub-District Paravur, District Ernakulam. District RRT investigated the outbreak. Probable cause of theoutbreak was contaminatedwater. Cases were treatedat health facilities. Bothchildren and adults wereaffected.. Out of 3 bloodsamples collected, 1 sample tested positive for Hepatitis A (IgM ELISA). Superchlorination of wellswas done in the affectedarea. Communityawareness and healtheducation given by theperipheral team on safedrinking water, hygieneand sanitation."
Kerala,Ernakulam,Mumps,17.0,0.0,10-11-2025,11-11-2025,Under Surveillance,"Cases of fever with parotidgland swelling and loss ofappetite were reportedfrom St:Joseph English Medium School, Village Kanayannur (CT), Thrippunithura Municipality (Ward 19), Sub-District Kanayannur, District Ernakulam. District RRT investigatedthe outbreak. Cases werestudents of class 1. Symptomatic treatmentwas given to cases. 1 casewas treated at Devi Hospital, Thrippunithura. Cases were clinicallydiagnosed with Mumps. Community awareness andhealth education given bythe peripheral team onisolation of cases, properhydration, hygiene andsanitation."
Kerala,Kannur,Food Poisoning,33.0,0.0,13-11-2025,14-11-2025,Under Surveillance,"Cases of loose motion andvomiting were reportedfrom GVHSS School, Village Cherukunnu (CT), Sub-District/District Kannur. District RRT investigated the outbreak. Cases developedsymptoms after consumingmid-day meal at theschool. 20 cases weretreated at FHC Cherukunnu and 10 casesat SNDP Hospital. Foodsamples were unavailablefor laboratory analysis. Community awareness andhealth education was givenby the peripheral team onsafe food habits, hygieneand sanitation."
Kerala,Kottayam,Mumps,12.0,0.0,12-11-2025,14-11-2025,Under Surveillance,"Cases of fever with parotidgland swelling werereported from BVM School located in ward 12, Village Kidangoor, Sub-District Meenachil, District Kottayam. Block RRT investigated the outbreak. Cases were treated at CHC Koodalloor. The affectedcases were in the agecategory of 6-36 yearsincluding students and staffof the school. All caseswere clinically diagnosed. Community awareness andhealth education given bythe peripheral team onisolation of cases, properhydration, hygiene andsanitation."
Kerala,Kottayam,Hepatitis A,25.0,0.0,12-11-2025,12-11-2025,Under Surveillance,"Cases of nausea, abdominal pain and loss ofappetite were reportedfrom Village Elamgulam, Sub-District Kanjirappally, District Kottayam. District RRT investigated theoutbreak. House to housesurvey was done. Caseswere treated at CHC Paika. The affected cases were inthe age group 17-40 years. 8 patients were treated at Good Samaritan Hospital. 16 samples were sent to Govt. Med College Kottayam lab for Hepatitis A (IgM ELISA) test. Theresults were positive for Hepatitis A Ig M ELISA. Chlorination of watersources was done. Community awareness andhealth education given bythe peripheral team on safedrinking water and foodhabits, hygiene andsanitation."
Kerala,Kottayam,Chickenpox,12.0,0.0,07-11-2025,11-11-2025,Under Surveillance,"Cases of fever with rashwere reported from St.Alphonsa Public School Kudamaloor, Ward 8, Village Aimanam (CT), FHC Aymanam, Sub-District/District Kottayam. District RRT investigatedthe outbreak. Active searchfor fever cases was done inthe locality. All cases weretreated. The affected agegroup was 8 to 50 years. Necessary instructionswere given to the schoolauthorities regardingoutbreak containmentmeasures. Communityawareness and healtheducation given by theperipheral team onisolation of cases, hygienemaintenance and propernutrition."
Kerala,Malappuram,Acute Diarrhoeal Disease,24.0,0.0,07-11-2025,15-11-2025,Under Surveillance,"Cases of loose motion, nausea and vomiting werereported from Jamia Salafiya Pharmacy collegein Pulikkal area, Sub-District Kondotty, District Malappuram. District RRT investigated theoutbreak. A medical campwas established in thecollege campus. All caseswere treated. Most of thecases were second yearstudents of Pharmacy (PD2). 3 stool sampleswere collected and sent to DPHL Malappuram forculture test. The resultswere negative for cholera. Chlorination of watersources was done in theaffected area. Pipelineleakages were repaired. Community awareness andhealth education given bythe peripheral team on safefood habits and drinkingwater, hygiene andsanitation."
Kerala,Palakkad,Hepatitis A,37.0,0.0,11-11-2025,12-11-2025,Under Surveillance,"Cases of nausea, abdominal pain and loss ofappetite were reportedfrom Village Mannarkad-II, Sub-District Mannarkad, District Palakkad. District RRT investigated the outbreak. House to house survey wasdone. Cases were treated at PHC Thenkara. Theaffected age group was 11-20 years. Out of 3 bloodsamples collected and sentto Mannarkad Nursing Hospital & EMS Hospital, 2 samples tested positivefor Hepatitis A (IgM ELISA). Chlorination ofwater sources was done. Community awareness andhealth education given bythe peripheral team on safedrinking water and foodhabits, hygiene andsanitation."
Kerala,Palakkad,Acute Gastroenteritis,101.0,0.0,10-11-2025,10-11-2025,Under Control,"Cases of loose motion, vomiting and abdominalpain were reported from Village Kannambra-I, Sub-District Alathur, District Palakkad. District RRT investigated the outbreak. Cases were students andteachers of CAHSS Ayakkad who had travelledto Munnar one day before. Cases were treated athealth facilities. 1 stoolsample was collected andsent to the State publichealth lab, tested positivefor Noro virus. Cases werebelow 18 years of age. Community awareness andhealth education given bythe peripheral team on safedrinking water and foodhabits, hygiene andsanitation."
Kerala,Palakkad,Mpox (Clade I),1.0,0.0,07-11-2025,10-11-2025,Under Control,"A case was reported from Village: Chalavara, Sub-District Ottappalam, District Palakkad. A 40 years-old- male whotravelled from Saudi Arabia on 03-11-2025 withsymptoms of fever andpustules. The patient wasadmitted to Amritha Hospital on 04-11-2025. Sample was collected on 05-11-2025 and testedpositive for Mpox on 06-11-2025 at NIV Alappuzha (RT-PCR). Further, samplewas sent to NIV Pune, identified as Clade I. Patient was discharged on 21.11.2025. A 21-dayfollowup of contacts wasdone and all wereasymptomatic."
Madhya Pradesh,Khargone,Acute Diarrhoeal Disease,32.0,0.0,11-11-2025,12-11-2025,Under Surveillance,"Cases of loose motionwere reported from Village Piprad, Sub-District Bhikangaon, District Khargone. Health District RRT investigated theoutbreak. House to housesurvey was done. All caseswere treatedsymptomatically. 8 patientswere treated at CHC Bhikangaon. 4 Stool Samples collected and sentto MGM Indore testednegative for cholera byculture. The affected agegroup was 31-40 years. Chlorination of watersources was done. Community awareness andhealth education given bythe peripheral team on safedrinking water, hygieneand sanitation."
Madhya Pradesh,Ujjain,Fever,25.0,0.0,11-11-2025,11-11-2025,Under Surveillance,"Cases of fever withmyalgia and fatigue werereported from Village Koyalkhedi, Sub-District Ghatiya, District Ujjain. District RRT investigatedthe outbreak. House tohouse fever survey wasdone. Cases were treated athealth facilities. Theaffected age group was 7-60 years. All 9 bloodsamples collected testednegative for Dengue (NS1 ELISA). Anti-larvalactivities and fogging wasdone in the affected area. Community awareness andhealth education given bythe peripheral team onvector control measures, hygiene and sanitation."
Maharashtra,Kolhapur,Acute Diarrhoeal Disease,29.0,0.0,10-11-2025,10-11-2025,Under Control,"Cases of loose motion andvomiting were reportedfrom Village Mudshingi, Sub-District Hatkanangle, District Kolhapur. District RRT investigated theoutbreak. People consumedwater from well andborewell with a stream ofwater flowing beside it. Symptomatic treatmentwas given to cases. 3 stoolsamples collected and sentto DPHL Kolhapur testednegative forenteropathogens. All 14 water samples collectedwere potable. Superchlorination of watersources was done in theaffected area. People wereadvised to consume boiledwater for drinking purpose. The affected age group was 17-65 years. Communityawareness and healtheducation given by theperipheral team on safedrinking water, hygieneand sanitation."
Mizoram,Lawngtlai,Cholera,98.0,6.0,11-11-2025,12-11-2025,Under Surveillance,"Cases of loose waterystools, vomiting and27 | Pagedehydration were reportedfrom Village: Kakichhuah, Sub-District Bungtlang S, District Lawngtlai. District RRT investigated theoutbreak. House to housesurvey was done. A medical camp wasestablished in the affectedarea. Medicine and ORS packets were given tocases. The affected agegroup was 1-75 years. 7 stool samples and 1 watersample was collected andsent to the Department of Microbiology, Zoram Medical College & Hospital, Falkawn. V. cholerae was detected in 3 stool samples and thewater sample was found tobe unfit for drinkingpurpose. 6 deaths werereported: 24-years-old-female on 9/11/2005, 48-years-old-male on 10/11/2025, 28years-old-male on 11/11/2025, 13years-old-male on 12/11/2025, 75years-old-male on 4/11/2025, and 56years-old-male on 14/11/2025. The deceasedhad symptoms of severedehydration. Chlorinationof water sources was done. People were advised toconsume boiled water fordrinking purpose. Community awareness andhealth education given bythe peripheral team onhygiene and sanitation."
Mizoram,Saiha,Acute Diarrhoeal Disease,38.0,3.0,13-11-2025,13-11-2025,Under Control,"Cases of loose waterystools, vomiting and feverwere reported from Village Lodaw and Lomasu, Sub-District Tuipang, District Saiha. District RRT investigated the outbreak. House to house survey wasdone. Cases were treated ata medical camp establishedin the locality and at PHC Phura. The affected agegroup was 1-70 years. 11 stool samples werecollected and sent to Dept. of Microbiology, Zoram Medical College & Hospital, Falkawn. Vibriocholerae was not detectedin the stool samples. 4 deaths were reported: A 51-years-old-male on 11/11/2025, 68-yearsold-male on 8/11/2025 and 67-years-old-male on 12/11/2025 with severedehydration and shock. Chlorination of watersources was done. Community awareness andhealth education given bythe peripheral team on safedrinking water, hygieneand sanitation."
Odisha,Cuttack,Hepatitis A,63.0,0.0,15-11-2025,15-11-2025,Under Surveillance,"Cases of nausea, abdominal pain, darkcoloured urine and feverwere reported from Village: Brahaman Sahi (Ward No 23), Sub-District Cuttack (M.Corp.) P.S, District: Cuttack. District RRT investigated theoutbreak. House to housesurvey was done. Caseswere treated at Odia Bazar, City Hospital. Cases werein the age group 15-44 years. 63 blood sampleswere collected and sent to DPHL Cuttack. 9 werefound positive for Hepatitisvirus A by Anti-HAV IgM ELISA. Chlorination ofwater sources was done. Community awareness andhealth education given bythe peripheral team on safedrinking water, hygieneand sanitation."
Odisha,Jharsuguda,Suspected Food Poisoning,31.0,0.0,11-11-2025,12-11-2025,Under Surveillance,"Cases of fever, abdominalpain, loose motion andvomiting were reportedfrom Village Kusmel, Sub-District Lakhanpur, District Jharsuguda. District RRT investigatedthe outbreak. House tohouse survey was done. The most affected agegroup was 15-44 years. People developedsymptoms after consuming Panipuri from a stall. Symptomatic treatmentwas given to cases. 3 patients were treated at CHC Lakhanpur. 4 stoolsamples and 2 watersamples were sent to DPHL Jharsuguda. Allstool samples were foundto be negative on culture; no enteropathogen wasfound. Water samples werefound to be H2S negativeand OT<0.01PPM. Community awareness andhealth education given bythe peripheral team on safefood habits and drinkingwater, hygiene andsanitation."
Tamil Nadu,Coimbatore,Acute Gastroenteritis,33.0,0.0,11-11-2025,11-11-2025,Under Control,"Cases of loose motionabdominal pain andvomiting were reportedfrom Nava India Hindustan School, Sub-District Coimbatore South, District Coimbatore. District RRT investigated the outbreak. Cases were NCC studentswho developed symptomsafter consuming food athostel mess. A medicalcamp was established inthe school premises. Allcases were treated. Theaffected age group was 13-20 years. 2 stool samplescollected, tested negativefor cholera by culture. Community awareness andhealth education given bythe peripheral team on safefood habits, hygiene andsanitation."
Tamil Nadu,Tiruchirappalli,Acute Gastroenteritis,43.0,0.0,10-11-2025,10-11-2025,Under Control,"Cases of loose motion, vomiting and abdominalpain were reported from Village Kumalur, Sub-District Lalgudi, District Tiruchirappalli. Peruvalappur-PHC. Caseswere students of Agricultural Engineering College, Kumulur whodeveloped symptoms 4-5 hours after eating morningmeal at the hostel. Allcases were treated at the Medical dispensary, college campus with IV fluids and other supportivetreatment. 7 cases werereferred to Lalgudi GH forfurther management. All 4 stool samples collectedtested negative for choleraby culture. 3 water samplescollected at the collegecampus showed presenceof fecal coliform bacteria. Community awareness andhealth education given bythe peripheral team on safedrinking water and foodhabits, hygiene andsanitation."
Tamil Nadu,Tiruvannamalai,Acute Diarrhoeal Disease,12.0,0.0,12-11-2025,13-11-2025,Under Surveillance,"Cases of loose waterystools were reported from Village Nallur, Sub-District Vandavasi, District Tiruvannamalai. District RRT investigated theoutbreak. Cases weretreated at PHC Nallur. Unsafe drinking water dueto pipeline leakage wasidentified and repairing ofdrinking water pipelineswere initiated at the time of RRT investigation. Properchlorination and pit tapstructures closures wereensured. Food hygiene, hand washing and use ofsanitary latrines werepromoted. 3 stool samplescollected and sent to King Institute, Guindy, testednegative for cholera byculture. Communityawareness and healtheducation given by theperipheral team on vectorcontrol measures, hygieneand sanitation."
Uttar Pradesh Name of UT District,Meerut Disease Illness,Acute Diarrhoeal Disease - No. of Cases,22.0,0.0,07-11-2025 Date of Outbreak,12-11-2025 Current Status,Under Surveillance,"Cases of loose motion andvomiting were reportedfrom Village Ravinderpuri, Meerut Cant, District Meerut. District RRT investigated the outbreak. Cases were treatedsymptomatically. ORS packets were given tocases. Both children andadults were affected. Noenteric pathogen wasdetected in all 4 stoolsamples that were collectedand sent to LLRM Medical College, Meerut. Chlorination of watersources was done. Community awareness andhealth education given bythe peripheral team on safedrinking water, hygieneand sanitation."
Chhattisgarh Khairgarh Chhuikhadan Gandai,Acute Diarrhoeal Disease,11,0.0,,30-07-2025,Under Control,"Cases of loose motions Village Kulikasha, Sub District District RRT Both childrenteam on","were reported from -District Khairagarh, Khairgarh Chhuikhadan Gandai. investigated the outbreak. and adults were affected. Medicine and ORS packets were given tocases. Chlorine tablets were distributed tothe households. Community awareness andhealth education given by the peripheralsafe drinking water and foodhabits, hygiene and sanitation."
Chhattisgarh Khairgarh Chhuikhadan Gandai,Acute Diarrhoeal Disease,31,0.0,,01-11-2025,Under Control,"Village Khairagarh, Chhuikhadansurvey was done. were affehealth camp Communitysafe drinkinghygiene and sanitation.","Cases of loose motions were reported from Limautola, Sub-District District Khairgarh Gandai. District RRT investigated the outbreak. House to house Cases of all age groupscted. Cases were treated at aestablished in the locality. Chlorination of water sources was done. awareness and healtheducation given by the peripheral team onwater and food habits,"
Karnataka Belagavi,Chikungunya,20,0.0,,11-10-2025,Under Surveillance,"from Village Gokak, in thefortemporary Nalyanattiundertaken. and sanitation.","Cases of fever and joint pain were reported Nalyanatti, Sub-District District Belagavi. District RRT investigated the outbreak. Most cases wereage group of 15-59 years. 8 bloodsamples were tested for Chikungunya at DPHL Belagavi. 5 samples were positive Chikungunya (IgM ELISA). A clinic was established atvillage for treatment and allpreventive and controlling measures were Community awareness andhealth education given by the peripheralteam on vector control measures, hygiene"
Kerala Kottayam,Suspected Food Poisoning,20,0.0,,05-11-2025,Under Control,Cases of loose motionreported Districtatcwere treated atwell showed Bacteria. done in theawareness and healththe peripheraland food habits,"and vomiting werefrom Village Mulakulam, Sub-Vaikom, District Kottayam. District RRT investigated the outbreak. A food festival was organized on 29.10.2025 Govt LP School located in ward 13 and 14 of Mulakulam Gramapanchayath. Bothhildren and adults were affected. Cases CHC Arunoottimangalam. Water sample collected from the schoolthe presence of Coliform Super chlorination of wells wasaffected area. Communityeducation given byteam on safe drinking water , hygiene and sanitation."
Kerala Thrissur,Acute Gastroenteritis,91,0.0,,04-11-2025,Under Surveillance,"Cases ofabdominal JMMC&RI Thrissur. outbreak. symptomatically and at Out ofsamples), 2 Rotaviruscollected, 1 coliformincludedhosteladvisories. and water","loose motion, vomiting andpain were reported fromhostel, Sub-District/District District RRT investigated the Cases were treated UFHC Paravattani. 5 stool samples collected and sent to Jubilee Mission (3 samples) & NIV ALP (2 samples tested positive for Norovirus and 2 samples tested positive for . Out of 2 water samplessample showed presence ofbacteria. Control measuressuperchlorination of all watersources, discontinuation of water coolers, strict advice to consume only boiled or RO-treated water, and enhanced disinfection ofpremises along with hygiene Students were instructed onproper hand hygiene, especially use of soapfor washing of hands beforeeating food and after defecation."
Kerala Wayanad,Chickenpox,19,0.0,,04-11-2025,Under Surveillance,Village Districtfever cascases wereto cases. education givenisolation of casesproper nutrition.,"Cases of fever with rash were reported from Muttil South, Sub-District Vythiri, Wayanad. District RRT investigated the outbreak. Active search fores was done in the locality. Allclinically diagnosed withchickenpox. The affected age group was 5-12 years. Symptomatic treatment was given Community awareness and healthby the peripheral team on , hygiene maintenance and"
Madhya Shivpuri,Measles,7,0.0,,28-10-2025,Under Surveillance,Cases ofwere District: District RRT the locality. symptomatically. V 2-6 years. sent to GMC positive Communityeducation givenisolation of casesproper nutrition.,"fever with maculopapular rashreported from Village Puraini, Sub-Pichhore, District Shivpuri. investigated the outbreak. Active search for fever cases was done in All cases were treateditamin A solution wasgiven to cases. Cases were in the age group 7 serum samples collected and Bhopal, 4 samples testedfor Measles (IgM ELISA). awareness and healthby the peripheral team on , hygiene maintenance and"
Uttar Pilibhit,Fever of Unknown Origin,152,2.0,,15-10-2025,Under Surveillance,"from Village Barkhera, collectedsamples tested fblood samplessamples Years-Old-Secondary Intdistress and 16.10.2025 DIC the affecteddistributed to the hthe peripheral","Cases of fever with chills were reported Eintaroda, Sub-district District Pilibhit. District RRT investigated the outbreak. Active search forfever cases was done in the affected area. Cases were treated. 15 blood samples wereand tested for Malaria. Allsamples were negative. Out of 152 bloodor Dengue by Rapid Cardtest, 7 samples were positive. Out of 93 tested for typhoid, 12 were positive for S. Typhi Bywidal test. 2 deaths were reported: 1. A 70-Male With Multi-Organ Failure To Febrile TCP Andracerebral Hemorrhage with Respiratory Neurological symptoms onand a 70-years-old-male, positive for malaria (PV) with Sepsis withon 01.11.2025. Fogging was done inarea. Chlorine tablets wereouseholds. Communityawareness and health education given byteam on vector controlmeasures, hygiene and sanitation."
Uttar Sonbhadrath Ministry of Health and Family Welfare. This is made available on public domain and can be accessed through,"Malaria March, 2020. The States have been reporting the COVID",11 COVID,0.0,,13-10-2025 19 cases and deaths on a real,Under Surveillance -https:--www.mohfw.gov.in-,"from Village: Dudhi, Districtfever surveyage group was 2 samplespositive forwas positive formeasures, use of mand sanitation.","Cases of fever with chills were reported Belhatthi, Sub-District: Sonbhadra. District RRT investigated the outbreak. House to housewas done. Anti-malarialmedicine was given to cases. The affected -48 years. Out of 11 bloodcollected, 10 samples tested P. falciparum and 1 sample P. vivax (RDT). Foggingwas done in the affected area. Communityawareness and health education was givenby the peripheral team on vector controlosquito nets, hygienetime basis and the same was being updated on the website of"
Andhra Pradesh,Alluri Sitharama Raju,Acute Diarrhoeal Disease,13.0,0.0,15-11-2025,18-11-2025,Under Surveillance,"Cases of vomiting andloose motion werereported from Village Rajendrapalem, Sub-District Koyyuru, District Alluri Sitharama Raju. District RRT investigatedthe outbreak. The affectedage group was 9-15 years. Medicine and ORS packets were given tocases. Chlorine tabletswere distributed to thehouseholds. Communityawareness and healtheducation given by theperipheral team on safedrinking water and foodhabits, hygiene andsanitation."
Assam,Dhemaji,Suspected Food Poisoning,18.0,0.0,21-11-2025,22-11-2025,Under Control,"Cases of abdominal pain, loose motion andvomiting were reportedfrom Village Sissiborgaon Borchuk, Sub-District Sissiborgaon, District Dhemaji. District RRT investigated the outbreak. The most affected agegroup was 11-60 years. The incident occurredduring the yearly ritualrites and Na-Khuwaprogramme. The affectedpersons visited Sissiborgaon BPHC. 3 patients were admitted to Sissiborgaon BPHC and 5 patients were referred to DCH Dhemaji, of which 3 were admitted. 1 watersample was sent to DPHL Dhemaji and 1 watersample was sent to Krsnaa Diagnostics. Nopathogenic organismswere isolated after 48 hours of aerobicincubation. Conventionalculture and manualantibiotic susceptibilitytesting were used forlaboratory analysis. Community awarenessand health educationgiven by the peripheralteam on safe drinkingwater and food habits, hygiene and sanitation."
Bihar,Purnia,Acute Gastroenteritis,15.0,0.0,18-11-2025,19-11-2025,Under Surveillance,"Cases of loose stools, nausea and vomiting werereported from Rajkiya Kanya Uchh Vidyalaya, UPHC Purnia Court, Sub-district Purnia East, District Purnia. District RRT investigated theoutbreak. The affectedage group was 8-16 years. Cases were treatedsymptomatically. Community awarenessand health educationgiven by the peripheralteam on safe drinkingwater and food habits, hygiene and sanitation."
Chhattisgarh,Janjgir Champa,Acute Diarrhoeal Disease,35.0,0.0,23-11-2025,23-11-2025,Under Surveillance,"Cases of loose stool andvomiting were reportedfrom Village Bargawan, Sub-District Akaltara, District Janjgir Champa. District RRT investigatedthe outbreak. The affectedage group was 2-69 years. 3 stool samples werecollected and sent to the District Hospital Laboratory, Janjgir, formicroscopy (hangingdrop preparation), and allsamples tested negative. Medicines and ORS packets were given tocases. Communityawareness and healtheducation given by theperipheral team on safedrinking water and foodhabits, hygiene andsanitation."
Chhattisgarh,Kanker,Chickenpox,22.0,0.0,21-11-2025,21-11-2025,Under Surveillance,"Cases of fever with rasheswere reported from Village Durgkondal, Sub-District Durgukondal, District Kanker. District RRT investigated theoutbreak. The affectedage group was 11-13 years. Blood samples of 5 cases were sent to Govt. Medical College Jagdalpur. 4 testedpositive for V. zoster (IgM ELISA). Communityawareness and healtheducation given by theperipheral team on spreadof infection, isolation ofcases, hygiene andsanitation."
Chhattisgarh,Raipur,Suspected Typhoid,16.0,0.0,18-11-2025,22-11-2025,Under Surveillance,"Cases of fever and loss ofappetite were reportedfrom Urban area/Sub District Abhanpur, District Raipur. District RRT investigated theoutbreak. The affectedage group was 7-70 years. The cases were treatedsymptomatically. All 16 serum samples collectedand sent to UCHC Abhanpur, tested positivefor S. typhi by widal test. Chlorination of watersources was done. Community awarenessand health educationgiven by the peripheralteam on safe drinkingwater and food habits, hygiene and sanitation."
Gujarat,Rajkot,Chandipura Virus,1.0,0.0,18-11-2025,18-11-2025,Under Surveillance,"Case was reported from Bhagwatipara area of Rajkot city, Sub-District Rajkot East, District Rajkot. A 5-years-oldfemale child developedsymptoms of hoarsenessof voice with headache on 05-11-2025 and wasadmitted to PDU Hospitalon the same day. On 12-11-2025 the patientdeveloped neurologicalsymptoms. Blood and CSF sample was collectedon 13-11-2025 and sent to GBRC Ahmedabad for Chandipura virusconfirmation. The patienttested positive on 17-11-2025. The patient wasdischarged on 8/12/2025 in stable condition. District RRT investigatedthe outbreak. Active casesearch in the affected areawas done. No new casewas identified. Peripheralhealth teams focussed onreducing breeding sitesand vector controlmeasures, hygiene andsanitation."
Haryana,Panipat,Suspected Food Poisoning,13.0,0.0,18-11-2025,20-11-2025,Under Surveillance,"Cases of loose motion, vomiting and abdominalpain were reported from Kasturba Gandhi Girls Hostel, Village Jalmana, CHC Bapoli, District Panipat. District RRT investigated the outbreak. Cases developedsymptoms after eatingporridge in the hostelmess. All cases weretreated symptomatically. The affected age groupwas 11-13 years. Community awarenessand health educationgiven by the peripheralteam on safe drinkingwater and food habits, hygiene and sanitation."
Jammu and Kashmir,Kulgam,Hepatitis A,18.0,0.0,20-11-2025,21-11-2025,Under Surveillance,"Cases of loss of appetite, nausea and abdominalpain were reported from Village Churath, Sub-District/District Kulgam. District RRT investigatedthe outbreak. House tohouse survey was done. Cases were treated at PHC Devsar. The affectedage group was 4-62 years. Out of 17 serum samplescollected and sent to DPHL Anantnag, 8 samples tested positivefor Hepatitis A (IgM ELISA). Out of 4 watersamples collected andsent to DPHL Kulgam, 1 sample was unfit fordrinking purpose. Chlorination of watersources was done. Community awarenessand health educationgiven by the peripheralteam on safe drinkingwater and food habits, hygiene and sanitation."
Jammu and Kashmir,Srinagar,Hepatitis A,12.0,0.0,19-11-2025,19-11-2025,Under Surveillance,"Cases of nausea and lossof appetite were reportedfrom Village Challponkocha, Sub-District Srinagar (North), District Srinagar. District RRT investigated theoutbreak. House to housesurvey was done. Caseswere treated at UPHC S R Gunj. The affected agegroup was 12- 32 years. Out of 7 blood samplescollected and sent to DPHL JLNM Hospital Rainawari, 3 samplestested positive for Hepatitis A (IgM ELISA). All 3 water samplescollected were non-potable. Chlorination ofwater sources was done. Community awarenessand health educationgiven by the peripheralteam on safe drinkingwater and food habits, hygiene and sanitation."
Jharkhand,East Singhbum,Malaria,58.0,0.0,20-11-2025,21-11-2025,Under Surveillance,"Cases of fever with chillswere reported from Village Koira, Sub-District Boram, District East Singhbum. District RRT investigated theoutbreak. House to housefever survey was done. Cases were treated withanti-malarialmedicines.Out of 58 blood samples collected, 32 samples tested positivefor Malaria (RDT). Bothchildren and adults wereaffected. Fogging wasdone in the affected area. Community awarenessand health educationgiven by the peripheralteam on vector controlmeasures, hygiene andsanitation."
Jharkhand,West Singhbhum,Malaria,13.0,0.0,22-11-2025,23-11-2025,Under Surveillance,"Cases of fever with chillswere reported from Villages Sonua, Kudaburu, Baljori, Kharimati, Golmunda, Badaikocha and Behrabindha, Sub-District Sonua, District West Singhbhum. District RRT investigated theoutbreak. Active searchfor fever cases was donein the locality. Cases weretreated. Cases were in theage group 18-39 years. All 13 blood samplescollected, tested positivefor Malaria by MPBS. Fogging was done in theaffected area. Communityawareness and healtheducation given by theperipheral team on vectorcontrol measures, hygieneand sanitation."
Jharkhand,West Singhbhum,Malaria,10.0,0.0,17-11-2025,17-11-2025,Under Surveillance,"Cases of fever with chillswere reported from Village Tiyaposi, Serbinja, Kharbandh, Kulaoa, Haldi Pokhar and Ushambir, Sub-District Kumardungi, District West Singhbhum. District RRT investigated theoutbreak. House to housefever survey was done. Cases were treated. Bothchildren and adults wereaffected. All 10 bloodsamples collected, testedpositive for Malaria by MPBS. Communityawareness and healtheducation given by theperipheral team on vectorcontrol measures, hygieneand sanitation."
Karnataka,Haveri,Acute Diarrhoeal Disease,23.0,0.0,18-11-2025,18-11-2025,Under Control,"Cases of loose stools, abdominal pain andvomiting were reportedfrom Village Mallanaikankoppa, Sub-District Shiggaon, District Haveri. District RRT investigated the outbreak. Both children and adultswere affected. Cases weretreated at PHC Chandapur. House-to-house survey wasundertaken by ASHA workers for active casefinding. 2 water samples, 1 stool sample and 3 blood samples werecollected and sent to the DPHL Haveri. Laboratoryfindings showed watersamples to be unfit forhuman consumption withgrowth of E.coli, whilethe stool sample wasnegative for hangingdrop, ova and cysts andshowed no entericpathogen on culture, andall 3 blood cultures weresterile after 7 days ofaerobic incubation. Theoutbreak was attributed tocontamination of drinkingwater sources. Anemergency clinic wasestablished in the villagewith adequate availabilityof medicines, fluids and ORS, and people wereadvised to consumeboiled water. Communityawareness and healtheducation given by theperipheral team on safedrinking water and foodhabits, hygiene andsanitation."
Kerala,Ernakulam,Mumps,12.0,0.0,20-11-2025,20-11-2025,Under Surveillance,"Cases of fever withparotid gland swellingwere reported from Anganwadi Center, Ward 10, Arakuzha Panchayat, Sub-District Muvattupuzha, District Ernakulam. District RRT investigated the outbreak. Cases were treated at CHC Pandappilly. Caseswere in the age group 3-5 years. Communityawareness and healtheducation given by theperipheral team onisolation of cases, properhydration, hygienemaintenance andsanitation."
Kerala,Idukki,Suspected Food Poisoning,42.0,0.0,20-11-2025,23-11-2025,Under Control,"Cases of nausea, vomiting, loose motionand abdominal pain werereported from Village Mannamkandam, Sub-District Devikulam, District Idukki. District RRT investigated theoutbreak. The affectedage group was 20-60 years. Cases had attendeda wedding reception. Allcases were treated. 3 water samples collectedand sent for laboratorytesting at Kerala Water Authority Lab Adimalywere potable. Communityawareness and healtheducation given by theperipheral team on safefood habits, hygiene andsanitation."
Kerala,Kannur,Mpox,1.0,0.0,20-11-2025,22-11-2025,Under Surveillance,"A 25-year-old male, working as a hotel waiterin Mussafah, Abu Dhabi, developed symptoms on 03/11/2025, includingheadache, fever and throatpain. He consulted aprivate clinic on 04/11/2025. Hedeveloped a few moresmall lesions. Afteranother one week, heconsulted a private clinic, where Mpox wassuspected, and he wasadvised to take rest andreturn to his homecountry. On 19/11/2025 at 4:00 PM, he arrived at Kannur Airport andproceeded directly to Fathima Clinic, Mayyil, for medical consultation. He was referred to Pariyaram MCH, wherehe was admitted in theisolation ward on 19/11/2025. Clinicalsamples including throatswab, serum, lesion fluidand urine were collectedand sent to VDRL, Kozhikode on 20/11/2025. Thelaboratory results werereported as positive for Mpox on 21/11/2025. Thepatient was discharged on 10/12/2025. Contactswere advised to isolate for 21 days. Communityawareness and healtheducation given by theperipheral team on spreadof infection and isolation, hygiene and sanitation."
Kerala,Kollam,Mumps,36.0,0.0,18-11-2025,21-11-2025,Under Surveillance,"Cases of fever, parotidswelling, throat pain, andbodyache were reportedfrom Villages Pathanapuram, Piravanthur, Pattazhy Vadakkekara, Kalanjor, Kodumon and Enadimangalam, Sub-District Pathanapuram, Konni and Adoor, District Kollam. District RRT investigated the outbreak. The affected age groupwas 4-54 years. The caseswere clinically diagnosed. None of the children hadreceived a mumps-containing vaccine, though all had receivedthe MR vaccine. Most ofthe patients were treatedat ST Joseph, Pathanapuram, PHC Pattazhy, Believers Hospital, Konni. Community awarenessand health educationgiven by the peripheralteam on vaccination, isolation of cases andspread of infection, hygiene and sanitation."
Kerala,Kottayam,Mumps,23.0,0.0,20-11-2025,22-11-2025,Under Surveillance,"Cases of fever withparotid swelling werereported from Village Govt LP school-Puthuppally Panchayat Village Erikadu, Sub-District Kottayam, District Kottayam. District RRT investigatedthe outbreak. The affectedage group was 6-41 years. 1 sample was sent to NIV Alappuzha and the resultcame negative. All thecases were clinicallyconfirmed as Mumps. District RRT investigatedthe outbreak. Communityawareness and healtheducation given byperipheral team on vectorcontrol measures, hygieneand sanitation."
Kerala,Palakkad,Dengue,21.0,0.0,15-11-2025,19-11-2025,Under Surveillance,"Cases of fever withmyalgia and fatigue werereported from Village Paraserri (ward 11), Sub-District Chittur, District Palakkad. District RRT investigated the outbreak. House to house feversurvey was done. Caseswere treated at PHC Elavanchery. The affectedage group was 23-70 years. Out of 12 serumsamples collected andsent to IPHL, 10 samplestested positive for Dengue (NS1 ELISA). Entomological indicesrevealed HI: 19.35, BI: 19.35, CI: 5.97. Anti-larval activities andfogging was done in theaffected area. Community awarenessand health educationgiven by the peripheralteam on vector controlmeasures, hygiene andsanitation."
Kerala,Wayanad,Suspected Food Poisoning,39.0,0.0,22-11-2025,23-11-2025,Under Surveillance,"Cases of loose motion, vomiting and abdominalpain were reported from Village Pulpalli, Sub-District Sulthanbathery, District Wayanad. District RRT investigated theoutbreak. Students of Wayanad Pulppally Chekadi AUP Schoolafter eating cooked foodcarried during theirpicnic. Symptomatictreatment was given tocases. 23 children weretreated at Mananthavady Medical College. Allcases recovered. Theaffected age group was 5-10 years. Communityawareness and healtheducation given by theperipheral team on vectorcontrol measures, hygiene Commented [A1]: and sanitation."
Madhya Pradesh,Agar Malwa,Acute Gastroenteritis,66.0,0.0,15-11-2025,17-11-2025,Under Surveillance,"Cases of nausea, loosemotion, vomiting andabdominal pain werereported from Village Dharola, Sub-District Nalkheda, District Agar Malwa. District RRT investigated the outbreak. Cases developedsymptoms 4-5 hours afterconsuming food in amarriage function. Caseswere treated at CHC Nalkheda. The affected age groupwas 5-70 years. Community awarenessand health educationgiven by the peripheralteam on safe food habits, hygiene and sanitation."
Maharashtra,Amravati,Acute Gastroenteritis,12.0,0.0,16-11-2025,18-11-2025,Under Surveillance,"Cases of loose motion, vomiting and abdominalpain were reported from Village Sindi Bujruk (ward no. 2), Sub-District Achalpur, District Amravati. District RRT investigated the outbreak. House to house surveywas done. Peopleconsumed water from aborewell. It was observedthat contaminated waterfrom a drain precipitatedinto the borewell leadingto the outbreak. Caseswere treated at a healthcamp established in thelocality. Alternate watersupply was arranged. Superchlorination ofborewell was done. Pipeline leakages wererepaired. Communityawareness and healtheducation given by theperipheral team on safedrinking water, hygieneand sanitation."
Maharashtra,Thane,Measles,14.0,0.0,20-11-2025,21-11-2025,Under Surveillance,"Cases of fever with rashand cough were reportedfrom Village MM Valley, Sub-District/District Thane. District RRT investigated the outbreak. Active search for fevercases was done in thelocality. All cases weretreated. The affected agegroup was 4-40 years. 2 blood samples collectedand sent to Hafkine Lab Mumbai, tested positivefor Measles (IgM ELISA). Vitamin A solution was given to thecases. Communityawareness and healtheducation given by theperipheral team onisolation of cases, hygienemaintenance and propernutrition."
Manipur,Tamenglong,Fever,63.0,0.0,15-11-2025,17-11-2025,Under Control,"Cases of fever werereported from Village J.Pabram, Sub-District Tamenglong West, District Tamenglong. District RRT investigatedthe outbreak. House tohouse fever survey wasdone. Cases were treatedat PHC Tousem. Adultswere affected. All 15 blood samples collected, tested negative for Dengue and Malaria (Rapid NS1 and RDT Malaria Ag). Sourcereduction activities wereundertaken. Communityawareness and healtheducation given by theperipheral team on vectorcontrol measures, hygieneand sanitation."
Odisha,Boudh,Acute Diarrhoeal Disease,17.0,0.0,19-11-2025,19-11-2025,Under Surveillance,"Cases of loose waterystools and abdominal painwere reported from Village Uturla, Sub-District Kantamal, District Boudh. District RRT investigated theoutbreak. Opendefecation was practicedin the affected area. Symptomatic treatmentwas given to cases. ORS packets were given tocases. Both children andadults were affected. 1 rectal swab samplecollected and sent to DPHL Boudh, showed noenteropathogenicorganism on culture test. 10 water samplescollected from the dugwell and tube well werefound to be H2S positiveand OT test <0.01. Community awarenessand health educationgiven by the peripheralteam on safe drinkingwater, hygiene andsanitation."
Odisha,Jharsuguda,Suspected Food Poisoning,23.0,0.0,17-11-2025,17-11-2025,Under Surveillance,"Cases of loose motion andvomiting were reportedfrom Village Tangargada, Sub-District Laikera, District Jharsuguda. District RRT investigatedthe outbreak. It wasinspected that a marriageceremony took place inthe village on 16.11.2025. The leftover food fromthe event (Rice, Dal, Khata, Chicken) wasgiven to children the nextmorning on 17.11.2025. Approximately 30 minutes afterconsumption, severalchildren beganexperiencing nausea andvomiting. All cases weretreated at a health campestablished in the locality. Cases were in the agegroup 5-18 years. 2 watersamples (from dug welland tube well) and 6 rectalswabs were sent to DPHL Jharsuguda. The rectalswab samples showed noenteropathogenicorganism on culture test. The water water sampleswere found to be H2S positive and OT test <0.01. Communityawareness and healtheducation given by theperipheral team on safefood habits, hygiene andsanitation."
Odisha,Nayagarh,Hepatitis A,30.0,0.0,19-11-2025,21-11-2025,Under Surveillance,"Cases of fever with loss ofappetite, loose motion, abdominal pain and darkcoloured urine werereported from Village Ghasadeipur, Sub-District Odagaon, District Nayagarh. District RRT investigated the outbreak. Cases were students of Government Polytechnicresiding in a hostel. Probable cause of theoutbreak wasconsumption of waterfrom a bore well situatednear to a septic tank in thehostel premises. A medical camp wasestablished in the hostelpremises. All cases weretreated. The affected agegroup was 15-50 years. Out of 30 blood samplescollected and sent to DPHL Jharsuguda, 17 samples tested positivefor Hepatitis A (IgM ELISA). 2 water samples (from dug well and tubewell) were found to be H2S positive and OT<0.01. Chlorination ofbore well & overheadtanks was done. Hostelauthority was advised toclose the bore well forwater supply. Studentswere given healtheducation on use of freshfoods, intake of boiledwater & maintenance ofpersonal hygiene andsanitation."
Tamil Nadu,Sivaganga,Dengue,16.0,0.0,20-11-2025,20-11-2025,Under Surveillance,"Cases of fever werereported from Village Melarangiyam, Sub-District Thiruppuvanam, District Sivaganga. District RRT investigatedthe outbreak. House tohouse fever survey wasdone. Cases were treatedsymptomatically. Caseswere in the age group 5-65 years. All 6 serumsamples collected, testedpositive for Dengue (IgM ELISA - 5 samples and NS1 ELISA - 1 sample) Source reductionactivities and foggingwere done in the affectedarea. Communityawareness and healtheducation given by theperipheral team on vectorcontrol measures, hygieneand sanitation."
Tamil Nadu,Tiruvannamalai,Chickenpox,8.0,0.0,21-11-2025,22-11-2025,Under Surveillance,"Cases of fever with rashwere reported from Village Arugavo, Sub-District Cheyyar, District Tiruvannamalai. District RRT investigated theoutbreak. House to housefever survey as done. Cases were treatedsymptomatically. Theaffected age group was 9-35 years. Communityawareness and healtheducation given by theperipheral team onisolation of cases, hygienemaintenance and propernutrition."
Uttar Pradesh Name of Name of -UT District,Jhansi,Measles Disease- No. Illness Cases,22.0,0.0,13-11-2025 Date of Outbreak,19-11-2025 Current Status,Under Surveillance,"Cases of fever with rashwere reported from Village Arjara, Sub-District Garautha, District JHANSI. District RRT investigated the outbreak. Active search for fevercases was done in theaffected area. Symptomatic treatmentwas given to cases. Theaffected age group was 1-13 years. All 5 serumsamples collected andsent to SGPGI Lucknow, tested positive for Measles (IgM ELISA). Community awarenessand health educationgiven by the peripheralteam on isolation of cases, hygiene maintenance andproper nutrition."
Himachal Mandi Pradesh,,Hepatitis A 50,,0.0,22-10-2025,Under Surveillance,and Village Districtpotable. households. on safe,"Cases of fever with loss of appetite, nauseaabdominal pain were reported from Jamsai, Sub-District Sarkaghat, Mandi. District RRT investigated theoutbreak. House to house survey was done. Cases were treated at PHC Gopalpur. Theaffected age group was 1-42 years. Out of 25 blood samples collected and tested sent to DPHL, ZH Mandi, 10 samples tested positivefor Hepatitis A (IgM ELISA). Out of 10 water samples collected, 2 samples were non-Cleaning of overhead tanks wasdone. Chlorine tablets were distributed to the Community awareness andhealth education given by the peripheral teamdrinking water and food habits, hygiene and sanitation."
Kerala Ernakulam,,Mumps 29,,0.0,21-10-2025,Under Surveillance,"Districtwere students of St School, Gramapanof UKG peripheralhydration, sanitation.","Cases of fever with parotid gland swellingwere reported from Village Kottappady, Sub-Kothamangalam, District Ernakulam. District RRT investigated the outbreak. Cases . George English Mediumward XI of Kottapadychayath. All affected students wereand Ist standard. Symptomatictreatment was given to cases. Communityawareness and health education given by theteam on isolation of cases, properhygiene maintenance and"
Madhya Jhabua Pradesh,,Acute 11 Diarrhoeal Disease,,0.0,16-01-2025,Under Surveillance,"Thandla, group 0-samplemicroscopy.","Cases of loose motion and vomiting werereported from Village Borwa, Sub-District District Jhabua. District RRT investigated the outbreak. House to housesurvey was done. Medicine and ORS packetswere given to cases. Cases were in the age 10 years. 2 stool samples and 1 waterwere sent to DPHL Indore for The stool samples testednegative and water samples were found to besatisfactory. Chlorination of water sourceswas done. Community awareness and healtheducation given by the peripheral team onsafe drinking water, hygiene and sanitation."
Manipur Imphal West,,Suspected 35 Typhoid,,0.0,22-10-2025,Under Surveillance,District S. typhion safe,"Cases of fever with loss of appetite werereported from Village Thangmeiband, Sub-District Lamphelpat, District Imphal West. RRT investigated the outbreak. House to house survey was done. All caseswere treated. The affected age group was 23-80 years. All 35 blood samples collected from 10.11.2025 to 10.12.2025 tested positive forby widal test. Chlorination of watersources was done. Community awareness andhealth education given by the peripheral teamdrinking water and food habits, hygiene and sanitation."
Manipur Imphal West,,Suspected 26 Typhoid,,0.0,18-10-2025,Under Surveillance,Cases ofappetite Districtoutbreak. distributedperipheralfood habits,"fever with nausea and loss ofwere reported from Village Govinda Gram Wakching Khul, Sub-District Wangoi, Imphal West. Cases are presentedwith Typhoid. District RRT investigated the Cases were treated at healthfacilities. The affected age group was 5-66 years. All 26 blood samples collected from 27.10.2025 to 02.12.2025 tested positive for S. typhi by widal test. Chlorine tablets wereto the households. Communityawareness and health education given by theteam on safe drinking water and , hygiene and sanitation."
Nagaland Noklak,,Malaria 24,,0.0,18-10-2025,Under Surveillance,"Village, Sub District Noklaksamples Fogging Communi","Cases of fever with body pain were reportedfrom Nokhu village, Noklak Headquarters, Pangsha (Old), Dan, Lengnyu, and Wansoi -district Noklak, District Noklak. RRT investigated the outbreak. Adults were affected. Patients were treated at District Hospital. All 22 bloodcollected from 08.11.2025 to 27.11.25 tested positive for P. vivax (RDT). was done in the affected area. ty awareness and health educationgiven by the peripheral team on vector controlmeasures, hygiene and sanitation."
Uttar Rampur Pradesh,,Diphtheria 18,,3.0,10-09-2025,Under Surveillance,District Active DHAMORA. diphtheriaewere uspecialforgiven DPT & 10 seven days.,"Cases of fever with sore throat and difficultyin swallowing were reported from Village Jiwai Qadeem, Block Milak, District Rampur. RRT investigated the outbreak. search for cases was done in theaffected area. Cases were treated at CHC Cases were clinicallydiagnosed with Diphtheria. 2 throat swabsamples were collected, tested positive for C. by culture. Cases were below 15 years of age. Out of the 18 cases reportedfrom the village since 08.09.2025, 3 childrennvaccinated for DPT. 3 deaths werereported in children of >5 years age. 2 of thedeceased children were fully vaccinated. A vaccination campaign was conducted 3 days in which children of 5-7 years were -16 years were given TD. Allclose contacts were identified, immunizationstatus was ascertained and given diphtheriabooster appropriate for age and monitored for"
West Bengal Coochbeharth Ministry of Health and Family Welfare. This is made available on public domain and can be accessed through,,"Dengue 20 COVID March, 2020. The States have been reporting the COVID",,0.0,20-10-2025,Under Surveillance 19 cases and deaths on a realhttps:--www.mohfw.gov.in-,Cases of fever Tufanganjhousetreated MJNMCH Malaria ELISA). ELISA). Larval dipandfogging was done. on vectorsanitation. -,"with myalgia and fatigue werereported from Village Dhalpal, Sub-District - I, District Coochbehar. House tofever survey was done. Cases wereat Natabari Rural Hospital and . All cases tested negative forby RDK. All 12 blood samplescollected, tested positive for Dengue (NS1 Further, 7 serum samples werecollected, tested positive for Dengue (IgM Entomological indices revealed: : 7, HI: 2.70, CI: 4.68, BI: 29.72 PMHD: 0.66. Anti-larval activities and Community awareness andhealth education given by the peripheral teamcontrol measures, hygiene andtime basis and the same was being updated on the website of"
Andhra Pradesh,Sri Sathya Sai,Suspected Food Poisoning,27.0,0.0,26-11-2025,26-11-2025,Under Control,"Cases of vomiting and loose motionwere reported from Village Bathina Palli, Sub-District Obuladevaracheruvu, District Sri Sathya Sai. District RRT investigatedthe outbreak. The affected age groupwas 3-75 years. All the affected peoplehad consumed food prepared fromexpired semiya and oil at a function. 2 stool samples were tested at DH Hindupur, and no pathogenic organismcould be isolated from them. 6 watersamples tested by MLHP were found tobe safe for drinking. Communityawareness and health education givenby the peripheral team on safe drinkingwater and food habits, hygiene andsanitation."
Bihar,Purbi Champaran,Measles,8.0,0.0,28-11-2025,28-11-2025,Under Surveillance,"Cases of fever with rash were reportedfrom Village Laxmipur Ward No 13, Sub-District Turkaulia, District Purbi Champaran. District RRT investigatedthe outbreak. The affected age groupwas 2-9 years. Out of 8 blood samplescollected and sent to AIIMS Patna, 4 samples tested positive for Measles (IgM ELISA). Medicines and Vitamin A Solution were provided. Community awareness and healtheducation given by the peripheral teamon vaccination, isolation of cases, spread of infection, hygiene andsanitation."
Chhattisgarh,Balod,Hepatitis A,34.0,0.0,24-11-2025,29-11-2025,Under Control,"Cases of fever, vomiting and dark urinewere reported from Village Kamraud, Sub-District Arjunda, District Balod. District RRT investigated the outbreak. The affected age group was 9-60 years. A health camp was organized in thevillage and a door-to-door survey wasconducted. 21 blood samples weretested at AIIMS Raipur and 7 werefound to be positive for Hepatitis A virus (IgM ELISA). The PHE Department collected 16 water samplesand all were found to be safe fordrinking. Distribution of ORS Packets, zinc tablets and chlorines tablets weredone. Community awareness andhealth education given by theperipheral team on consumption ofboiled water and safe food habits, hygiene and sanitation."
Chhattisgarh,Balod,Cholera,32.0,0.0,22-11-2025,26-11-2025,Under Surveillance,"Cases of loose motion and stomachache were reported from Village Mujgahan, Sub-District Gurur, District Balod. District RRT investigated theoutbreak. The affected age group was 3-64 years. A health camp wasorganized in the village and a door-to-door survey was conducted. 4 stoolsamples were tested at DH Balod and 3 were found to be positive for Choleraby culture. The PHE Department took 5 water samples and all were found to besafe for drinking. Distribution of ORS Packets, zinc tablets and chlorinestablets were done. Health educationwas given in the village to consumeboiled water. Community awarenessand health education given by theperipheral team on consumption ofboiled water and safe food habits, hygiene and sanitation."
Gujarat,Chhotaudepur,Acute Gastroenteritis,25.0,0.0,25-11-2025,28-11-2025,Under Control,"Cases of fever, abdominal pain andvomiting were reported from Navodaya Vidyalaya Village Bahadarpur, Sub-District Sankheda, District Chhotaudepur. District RRT investigated the outbreak. The mostaffected age group was 11-17 years. The medical team from PHC Bahadarpur reached the site and gavetreatment on the spot. Schooladministration was advised to maintainhygiene in the hostel kitchen andundertake routine chlorination of watersources. Community awareness andhealth education given by theperipheral team on safe drinking waterand food habits, hygiene and sanitation."
Gujarat,Surat,Acute Diarrhoeal Disease,10.0,0.0,27-11-2025,28-11-2025,Under Surveillance,"Cases of loose motion were reportedfrom Anand Nagar, Village Fulpada, Sub-District Puna, District Surat. District RRT investigated the outbreak. The affected age group was 1-60 years. All cases were treated symptomatically. Alternate water supply through tankerswas arranged in the affected area. Outof 41 water samples collected and sentto PHL Vesu, Surat, 3 samples werenon-potable. ORS packets and chlorinetablets were distributed. Communityawareness and health education givenby the peripheral team on safe drinkingwater and food habits, hygiene andsanitation."
Jammu and Kashmir,Kupwara,Suspected Food Poisoning,12.0,0.0,24-11-2025,25-11-2025,Under Surveillance,"Cases of stomach ache and vomitingwere reported from Village Nowgam, Sub-District Langate, District Kupwara. District RRT investigated theoutbreak. The affected age group was 10-70 years. The cases were treated at GMC Handwra. The affected familymembers had consumed food (forestderived vegetables) prepared at home. Community awareness and healtheducation given by the peripheral teamon safe drinking water and food habits, hygiene and sanitation."
Jharkhand,Chatra,Suspected Food Poisoning,10.0,0.0,23-01-2025,25-11-2025,Under Surveillance,"Cases of loose motion, abdominal painand vomiting were reported from Village Pakariya, Sub-District Chatra Sadar, District Chatra. District RRT investigated the outbreak. Cases werechildren aged 10-18 years who fell illafter consuming food (bread) served inmeal. All cases were treated at Chatra Sadar Hospital. Community awarenessand health education given by theperipheral team on safe food habits, hygiene and sanitation."
Jharkhand,Giridih,Chickenpox,6.0,0.0,22-11-2025,24-11-2025,Under Surveillance,"Cases of fever with rash were reportedfrom Village: Gandey, Sub-District Gande, District Giridih. District RRT investigated the outbreak. Activesearch for fever cases was done in thelocality. Cases were students of Kasturba Vidyalaya, Gandey. Theaffected age group was 11-17 years. Out of 40 blood samples collected, 6 samples tested positive for V. zoster (IgM ELISA). All cases were givensymptomatic treatment. Parents andschool administration were advised forisolation of cases, hygiene maintenanceand proper nutrition."
Jharkhand,West Singhbhum,Malaria,10.0,0.0,29-11-2025,29-11-2025,Under Surveillance,"Cases of fever with chills were reportedfrom Villages Uparlota, Tilaisud, Barkela, Kabragutu, Keadchalam and Dopai, Sub-District Khuntpani, District West Singhbhum. District RRT investigated the outbreak. House tohouse fever survey was done. Caseswere treated with anti-malarialmedicines. Both children and adultswere affected. All 10 blood samplescollected tested positive for P. falciparum (MPBS). Fogging wasdone in the affected area. Communityawareness and health education givenby the peripheral team on vector controlmeasures, hygiene and sanitation."
Karnataka,Bengaluru Urban,Acute Diarrhoeal Disease,26.0,0.0,27-11-2025,29-11-2025,Under Surveillance,"Cases of loose motion and vomitingwere reported from Prestige Falcone City Apartment, GBA South area, Sub-District Bengaluru South, District Bengaluru Urban. District RRT investigated the outbreak. Cases weretreated at a health camp established inthe locality. ORS packets were given tocases. Most cases were in the age groupof 15-59 years. 34 Water samples fromeach residential block and 12 stoolsamples (for culture) were collectedand tested at the PHI for analysis. Allwater samples tested negative for Vibrio cholerae and 5 water sampleswere not suitable for potable purpose. The stool samples showed no positivefindings. Chlorination of water sourceswas done. Water supply pipelines wereinspected for leakages. Communityawareness and health education givenby the peripheral team on safe drinkingwater, hygiene and sanitation."
Kerala,Ernakulam,Mumps,6.0,0.0,28-11-2025,28-11-2025,Under Surveillance,"Cases were reported from students of St. Joseph LP School, Paingotur, Sub-District Kothamangalam, District Ernakulam. Cases presented withswelling in the jaws and generalweakness. District RRT investigatedthe outbreak. The affected age groupwas 6-8 years. All cases weresymptomatically treated at differenthospitals. 2 children were vaccinatedwith MMR and 4 children werevaccinated with MR vaccine. Community awareness and healtheducation given by the peripheral teamon isolation of cases, spread ofinfection and immunization, hygieneand sanitation."
Kerala,Ernakulam,Hand Footand Mouth Disease,10.0,0.0,28-11-2025,28-11-2025,Under Control,"Cases were reported from Bhavans School, Eroor Ward 45 of Thrippunithura Municipality, Sub-District Kanayannur, District Ernakulam. District RRT investigatedthe outbreak. The students were 6-year-olds with symptoms of fever, sorethroat, and a rash or blisters on thehands, feet, and in the mouth. Thechildren were symptomatically treated. Infected students were under isolationat home. Community awareness andhealth education given by theperipheral team on isolation of cases, spread of infection and immunisation, hygiene and sanitation."
Kerala,Ernakulam,Hepatitis A,9.0,0.0,28-11-2025,28-11-2025,Under Surveillance,"Cases of fever, dark urine, and loss ofappetite were reported from a men’shostel in Division 24 Thrikkakara Municipality, Sub-District Kanayannur, District Ernakulam. District RRT investigated the outbreak. The affected age group was 22-27 years. Cases were treated at healthfacilities. Well was the source ofdrinking water. 1 blood samplecollected, tested positive for Hepatitis A (IgM ELISA). 2 water samples testedat RPH Lab and no coliforms weredetected. Super chlorination of the wellwas done in the affected area. Community awareness and healtheducation given by the peripheral teamon safe drinking water and food habits, hygiene and sanitation."
Kerala,Ernakulam,Chickenpox,13.0,0.0,28-11-2025,28-11-2025,Under Surveillance,"Cases of fever with rash were reportedfrom Snheha sadhan care center, Village Keerampara (ward 11), Sub-District Kothamangalam, District Ernakulam. District RRT investigatedthe outbreak. Cases were treatedsymptomatically. The affected agegroup was 15-60 years. Communityawareness and health education givenby the peripheral team on isolation ofcases, hygiene maintenance and propernutrition."
Kerala,Idukki,Suspected Food Poisoning,73.0,0.0,25-11-2025,26-11-2025,Under Control,"Cases of loose stools, vomiting andabdominal pain were reported from St. Sebastian School, Nedumkandam, Sub-District Udumbanchola, District Idukki. District RRT investigated theoutbreak. Both children and adults wereaffected. Students who visited Kodekkanal on a school trip wereaffected after consuming food fromhotels. Out of 192 students and staff, 73 were affected. Symptomatictreatment was given to cases. 36 caseswere treated at health facilities. Community awareness and healtheducation given by the peripheral teamon safe drinking water and food habits, hygiene and sanitation."
Kerala,Kasaragod,Suspected Food Poisoning,83.0,0.0,23-11-2025,24-11-2025,Under Surveillance,"Cases were reported among studentsand teachers of GHSS Kakkat, District Kasaragod following a school trip. District RRT investigated the outbreak. The affected age group was 10-52 years. 4 stool samples were collectedand sent to NIV Alappuzha for Gastropanelling and bacteriologicalculture test and results were negative. Cases were given symptomatictreatment. All cases recovered. ORS packets were given to cases. Community awareness and healtheducation given by the peripheral teamon safe drinking water and food habits, hygiene and sanitation."
Kerala,Kottayam,Suspected Food Poisoning,15.0,0.0,27-11-2025,28-11-2025,Under Surveillance,"Cases of abdominal pain, loose stools, and vomiting were reported from St. Berchmans College, Ward 4 of Changanasserry Municipality, Sub-District Changanassery, District Kottayam. District RRT investigatedthe outbreak. Affected cases were in theage group of 18-35 years. The affectedstudents reported that they hadconsumed food from the collegecanteen. 2 Water samples were tested at Water Authority Lab Changanasseryshowed no positive findings. Community awareness and healtheducation given by the peripheral teamon safe drinking water and food habits, hygiene and sanitation."
Kerala,Kottayam,Chickenpox,8.0,0.0,24-11-2025,27-11-2025,Under Surveillance,"Cases of fever with vesicular rashesover the body were reported from Kendriya Vidyalaya Village Velloor, Sub-District Vaikom, District Kottayam. District RRT investigatedthe outbreak. Active search for fevercases was done in the affected area. Theaffected age group was 10-11 years. Symptomatic treatment was given tocases. Community awareness andhealth education was given by theperipheral team on isolation of cases, hygiene maintenance and propernutrition."
Kerala,Kottayam,Dengue,13.0,0.0,21-11-2025,26-11-2025,Under Surveillance,"Cases of fever, body pain, muscle pain, headache and joint pain were reportedfrom ward 34 (YMCA) of Changanassery Municipality, Sub-District Changanassery, District Kottayam. District RRT investigatedthe outbreak. The affected individualswere in the age category of 21 to 70 years. All 13 blood samples collectedand sent to GH Changanaseery, testedpositive for Dengue (NS1 Ag Cardtest). Epidemiological assessmentrevealed that the outbreak is stronglylinked to the construction site activityoccurring in Ward 34, where significantwater stagnation was observed. Feversurveys, fogging and ISS spraying wereconducted. Community awareness andhealth education given by theperipheral team on vector controlmeasures, hygiene and sanitation."
Kerala,Kozhikode,Hepatitis A,46.0,0.0,26-11-2025,26-11-2025,Under Surveillance,"Cases of fever, nausea and fatigue werereported from Village Purameri (ward 8), Block Kuttiady, Sub-District Vatakara, District Kozhikode. District RRT investigated the outbreak. Theaffected individuals developedsymptoms after attending anengagement ceremony. All 6 bloodsamples collected and tested at RPHL Kozhikode lab, were positive for Hepatitis A virus (IgM ELISA). 1 watersample tested at Kerala Water Authority Lab Kutyadi, showed thepresence of Coliforms. A medical campwas established. Cases were treated. Super-chlorination of the well wasdone. Community awareness andhealth education given by theperipheral team on safe drinking waterand food habits, hygiene and sanitation."
Kerala,Kozhikode,Mpox,2.0,0.0,22-11-2025,24-11-2025,Under Surveillance,"A 27-year-old male working at RIG, Abu Dhabi, United Arab Emirates, returned to Kozhikode on 12.11.2025. He presented with complaints ofmultiple pustular lesions over thegenitalia and pubic region on 16.11.2025; followed by fever whichstarted on 18.11.2025. Initially, heconsulted in a private clinic at Kakkodion 18.11.2025 and again on 20.11.2025. From there he was referredto MCH KKD for further managementand consulted at the MCH Dermatologydepartment on 21.11.2025. Samples (Lesion swab, TS, Swab from crust, urine) were collected. First sample ofthe patient tested positive for Mpox by RTPCR on 22.11.2025 at MCH KKD. The second sample tested positive for Mpox (Clade I) on 26.11.2025 at NIV Pune. Subsequently, third, fourth andfifth sample collected on 29.11.2025, 08.12.2025 and 12.12.2025 testedpositive for Mpox (RTPCR) at NIV Pune. The patient tested negative for Mpox on 19.12.2025 at NIV Pune. The second case, a 27-year-old female, primary contact of the first case, presented with fever, sore throat andlymph node enlargement which startedon 25.11.2025. The patient consulted at MCH KKD on 26.11.2025 wheremedicines were given. Due to persistentthroat pain and a single papule overright ring finger palmar aspect, sheagain consulted at MCH KKD on 28.11.2025 and her samples were takenfor testing. The patient tested positivefor Mpox (Clade I) at NIV Pune on 29.11.2025. She was advised homeisolation. Subsequently, samplescollected on 03.12.2025, 12.12.2025 and 19.12.2025 tested positive for Mpox (RTPCR) at NIV Pune. Thepatient tested negative for Mpox on 27.12.2025 at NIV Pune. Both thepatients recovered. Contacts weretraced and isolated for 21 days. Feversurvey was done. Communityawareness and health education givenby the peripheral team on isolation ofcases, hygiene maintenance and propernutrition."
Kerala,Palakkad,Hepatitis A,22.0,0.0,25-11-2025,26-11-2025,Under Surveillance,"Cases of loss of appetite, nausea anddark coloured urine were reported from Village Karimba II, Sub-District Mannarkad, District Palakkad. District RRT investigated the outbreak. Houseto house survey was done. The mainsource of water was a well in thelocality. Cases were treated at PHC Kalladicode. Cases were in the agegroup 5-35 years. Out of 10 bloodsamples tested at IPHL PKD, 10 samples tested positive for Hepatitis A (IgM ELISA). Chlorination of watersources was done. Communityawareness and health education givenby the peripheral team on safe drinkingwater, hygiene and sanitation."
Kerala,Palakkad,Mumps,48.0,0.0,25-11-2025,26-11-2025,Under Surveillance,"Cases of fever with parotid glandswelling were reported from GUPS School, Village Elavanchery, Sub-District Chittur, District Palakkad. District RRT investigated the outbreak. House to house fever survey was done. Most of the affected cases werestudents of pre-primary to 2ndstandard. All cases were treatedsymptomatically. The affected agegroup was 2-12 years. Communityawareness and health education givenby the peripheral team on isolation ofcases, hygiene maintenance and propernutrition."
Kerala,Wayanad,Chickenpox,20.0,0.0,27-11-2025,28-11-2025,Under Surveillance,"Cases of fever with rash were reportedfrom Village Anchukun, Sub-District Mananthavady, District Wayanad. District RRT investigated the outbreak. Cases were residing at premetric hostel Anjukunnu. Symptomatic treatmentwas given to cases. The affected agegroup was 7-27 years. Communityawareness and health education wasgiven by the peripheral team onisolation of cases, hygiene maintenanceand proper nutrition."
Madhya Pradesh,Jabalpur,Acute Diarrhoeal Disease,60.0,0.0,29-11-2025,29-11-2025,Under Surveillance,"Cases of loose watery stools, fever andvomiting were reported from Village Nigari, Block Bargi, Sub-District/District Jabalpur. District RRT investigated the outbreak. House tohouse survey was done. A medicalcamp was established in the locality. All cases were given anti-diarrhealmedicines and ORS packets. Theaffected age group was 6-65 years. 5 stool samples were tested at Microbiology Department, Medical College Jabalpur and no positivefindings were reported. Chlorination ofwater sources was done. Communityawareness and health education givenby the peripheral team on safe drinkingwater, hygiene and sanitation."
Madhya Pradesh,Sehore,Chikungunya,10.0,0.0,24-11-2025,25-11-2025,Under Control,"Cases of fever with joint pain werereported from Village Nimnagaon, Sub-District Nasrullaganj, District Sehore. Block RRT investigated theoutbreak. House to house fever surveywas done. Cases were treated at PHC Baibori. The affected age group was 20-80 years. 10 serum samples weretested at DH Sehore. 4 samples testedpositive for Chikungunya (IgM ELISA). Anti-larval activities andfogging was done in the affected area. Community awareness and healtheducation given by the peripheral teamon vector control measures, hygieneand sanitation."
Maharashtra,Gadchiroli,Hepatitis A,40.0,0.0,27-11-2025,27-11-2025,Under Surveillance,"Cases of nausea, abdominal pain, feverand dark coloured urine were reportedfrom Village Gadaheri, Sub-District Aheri, District Gadchiroli. District RRT investigated the outbreak. Houseto house survey was done. Pipelineleakages were observed with mixing ofsewage water and supply water. Caseswere treated at a health campestablished in the locality. Bothchildren and adults were affected. Outof 7 blood samples collected and sent to DPHL Gadchiroli, 2 samples testedpositive for Hepatitis A (IgM ELISA). All 8 water samples collected werepotable. Chlorination of water sourceswas done. Community awareness andhealth education given by theperipheral team on safe drinking water, hygiene and sanitation."
Maharashtra,Nanded,Cholera,10.0,0.0,28-11-2025,30-11-2025,Under Surveillance,"Cases of loose motion and vomitingwere reported from Hyderbagh Ward, Millat Nagar, Galli No. 13, Sub-District/District Nanded. District RRT investigated the outbreak. Medicineand ORS packets were given to cases. The affected age group was 5-45 years. Out of 4 stool samples collected andsent to GMC Nanded, 2 samples testedpositive for cholera by culture. Chlorination of water sources in nearbyhouses was done. Communityawareness and health education givenby the peripheral team on safe drinkingwater, hygiene and sanitation."
Maharashtra,Raigad,Fever,17.0,1.0,25-11-2025,26-11-2025,Under Surveillance,"Cases of fever with myalgia and fatiguewere reported from Village Kalsuri, Sub-District Mhasla, District Raigad. District RRT investigated the outbreak. Active search for fever cases was donein the affected area. Cases were treatedat PHC Mendadi. Cases of all agegroups were affected. All 12 bloodsamples collected and sent to DH Alibag, tested negative for Dengue (NS1 ELISA). 1 death was reported ofa 54 years-old-male on 17.11.2025 withsymptoms of chest pain, weakness, fever and headache. Anti-larvalactivities and fogging was done. Community awareness and healtheducation was given by the peripheralteam on vector control measures, hygiene and sanitation."
Meghalaya,East Jaintia Hills,Acute Diarrhoeal Disease,65.0,0.0,26-11-2025,26-11-2025,Under Control,"Cases of loose stools (>3 times a day) were reported from JNV School, Village Rymbai, Sub-District Khliehriat, District East Jaintia Hills. District RRT investigated the outbreak. Symptomatic treatment was given tocases. ORS packets were given tocases. Chlorine tablets were distributedto the households. Cases were mostly inthe age group 5-14 years. 58 cases werescreened, and blood samples were sentto the Pasteur Institute for testing, ofwhich 28 tested positive for H. pylori. Community awareness and healtheducation given by the peripheral teamon safe drinking water, hygiene andsanitation."
Nagaland,Longleng,Fever,21.0,0.0,24-11-2025,24-11-2025,Under Surveillance,"Cases of fever with chills were reportedfrom Village Netnyu, Sub-District Tamlu, District Longleng. District RRT investigated the outbreak. House tohouse fever survey was done. Caseswere treated with anti-malarialmedicines. Out of 21 blood samplescollected, 1 sample tested positive for P. vivax (RDT). Adults were affected. Fogging was done in the affected area. Community awareness and healtheducation given by the peripheral teamon vector control measures, hygieneand sanitation."
Odisha,Boudh,Acute Gastroenteritis,7.0,1.0,26-11-2025,27-11-2025,Under Surveillance,"Cases of stomach ache, vomiting andloose motion were reported from Bapujinagar, Ward No-16, NAC, Boudh, Sub-District Baudh Sadar, District Boudh. Block and district RRT investigated the outbreak. The affectedage group was 15-44 years. 2 watersamples (from dug well and tube well) and 3 rectal swabs were tested at DPHL Boudh. The water samples testedpositive for H2S and OT<0.01 PPM. Culture test for rectal swabs showed noenteropathogenic organisms. Thepatients were treated at VIMSAR Burla, Sambalpur District. A 34-year-old male died with the symptomsabdominal pain, vomiting, loosemotion, weakness and discomfort on Date 26.11.2025. House to housesurvey was conducted and waterdisinfection was done. Communityawareness and health education givenby the peripheral team on safe drinkingwater and food habits, hygiene andsanitation."
Tamil Nadu,Ariyalur,Fever,11.0,0.0,28-11-2025,28-11-2025,Under Control,"Cases of fever were reported from Village Keelapalur, Sub-District Ariyalur, District Ariyalur. District RRT investigated the outbreak. Activesearch for fever cases was done in theaffected area. Cases were treated at PHC Keelapalur. The affected agegroup was 1-63 years. 1 blood samplecollected, tested positive for O. tsutsugamushi (IgM ELISA) in Ariyalur Medical College. Further, 4 blood samples and 3 water samplestested at DPHL, Vilangudi, Ariyalurshowed no positive findings. Community awareness and healtheducation given by the peripheral teamon vector control measures, hygieneand sanitation."
Tamil Nadu Name of State-UT,Erode Name of District,Chickenpox Disease Illness,9.0,0.0,24-11-2025 No. of Deaths,25-11-2025 Date of Outbreak,Under Surveillance Current Status,"Cases of fever with rash were reportedfrom Village Kuttaimedu, Sub-District Bhavani, District Erode. District RRT investigated the outbreak. House tohouse survey was done. Cases werestudents of primary school. All caseswere treated symptomatically. Themost affected age group was 6-10 years. 5 serum samples were tested at Kings Institute, Guindy, Chennai andall tested positive for V. zoster (IgM ELISA). The school administration wasadvised to isolate symptomatic casesfor 7 days at home. Communityawareness and health education givenby the peripheral team on properhydration of cases, hygiene andsanitation."
Kerala,Kollam,Mumps,,301.0,0,18-11-2025,Under Surveillance,"A cluster of cases with fever and parotidgland swelling were reported from Shasthamkotta and Poruvazhy Panchayats, Blocks Sooranadu (137 cases) and Mynagapally (176 cases), Sub-District Kunnathur, District Kollam. District RRT investigated the outbreak. Cases graduallyincreased in October–November. Theindex case was a 6-year-old male from Poruvazhy Panchayat who self-isolated for 15 days. Children aged 5–6 years weremost affected, and cases also occurred inadults. The outbreak spread rapidlythrough school buses, where children fromdifferent panchayats were in close, poorlyventilated contact, facilitatingtransmission. Inter-school attendance andhousehold contacts further amplifiedspread, making containment challenging. Cases were treated symptomatically athealth facilities and isolated at home. Community awareness and healtheducation given by the peripheral team onisolation of cases, hygiene maintenanceand proper nutrition."
Kerala,Malappuram,Hepatitis A,,33.0,0,18-11-2025,Under Surveillance 2,"Cases of nausea, abdominal pain, loss ofappetite and dark coloured urine werereported from Valanchery Municipality – Division 6, Sub-District Tirur, District Malappuram. District RRT investigatedthe outbreak. Cases were students of VHSS Valanchery and stayed at the schoolhostel. Cases frequently consumed food atnearby hotels. All cases were treated at PHC Valancheri. Cases were students of Higher Secondary and High School. 1 water sample collected from an open well (water source of the school) was potable. The affected age group was 13 to 17 years. blood samples tested at RPHL Malapuram lab, were positive for Hepatitis A (IgM ELISA). Chlorination of watersources was done. Community awarenessand health education given by theperipheral team on safe drinking water andfood habits, hygiene and sanitation."
Maharashtra,Thane,Dengue,,10.0,0,01-11-2025,Under Control T,"Cases of fever were reported from Village Uchale, Sub-District: Murbad, Districthane. District RRT investigated theoutbreak. House to house fever survey wasdone. Cases were treated at PHC Narivali. Cases were in the age group 27-68 years. Out of 10 serum samples collected andsent to Civil Hospital Thane, 6 samplestested positive for Dengue (1 sample - NS1 ELISA and 5 samples - Rapid NS1). Fogging was done in the affected area. Community awareness and healtheducation given by the peripheral team onvector control measures, hygiene andsanitation."
Manipur,Imphal West,Dengue,,16.0,0,28-10-2025,Under Surveillance,"Cases of fever with myalgia and fatiguewere reported from Village Changangei, Sub-District Patsoi, District Imphal West. District RRT investigated the outbreak. House to house fever survey was done. Cases were treated at PHC Khumbong. The affected age group was 12-63 years. Out of 16 blood samples collected from 03.11.2025 to 01.12.2025, 2 samplestested positive for Dengue (1 sample - IgM ELISA, 1 sample - NS1 ELISA). Anti-larval activities and fogging was done inthe affected area. Community awarenessand health education given by theperipheral team on vector controlmeasures, hygiene and sanitation."
Rajasthanth,Ajmer Ministry of Health and Family Welfare. This is made available on public domain and can be accessed through,"Hepatitis E March, 2020. The States have been reporting the COVID",,34.0,0 19 STATUS -,17-11-2025 19 cases and deaths on a realhttps:--www.mohfw.gov.in-,Under Surveillance 3 th -,"Cases of nausea, fatigue, loss of appetite, fever and dark coloured urine werereported from Dholabhata Area (Anandpuri, UIT Colony, Gahloto ki Dungari), Sub-District/District Ajmer. District RRT investigated the outbreak. House to house survey was done. Caseswere treated at a health camp establishedin the locality. Cases were in the age group -50 years. Out of 10 blood samplescollected and sent to DPHL Ajmer, 9 samples tested positive for Hepatitis E (IgM ELISA). Out of 10 water samplescollected, 3 samples were non-potable. Superchlorination of water sources wasdone by PHED. Chlorine tablets weredistributed to the households. Communityawareness and health education given bye peripheral team on safe drinking water, hygiene and sanitation. time basis and the same was being updated on the website of"
Andhra Pradesh,Y.S.R.,Food Poisoning,11.0,0.0,29/11/2 025,01/12/2025,Under Surveillance,"Cases of abdominal pain andvomiting were reported from Municipal High School, Vasanthapeta, Sub-District Proddatur, District Y.S.R. District. The RRT investigated theoutbreak. Cases developedsymptoms after consuming food (daal) served in mid-day meal. Allcases were treated at District Hospital, Proddatur. Communityawareness and health educationwas given by the peripheral teamon safe food habits, hygiene andsanitation."
Bihar,Aurangabad,Acute Diarrhoeal Disease,19.0,0.0,02/12/2 025,04/12/2025,Under Surveillance,"Cases of loose motion andvomiting were reported from Village Tendua, Sub- district -Barun, District Aurangabad. District RRT investigated theoutbreak. House to house surveywas done. Cases were treated at CHC Barun. ORS packets weregiven to cases. Both children andadults were affected. Chlorinetablets were distributed to thehouseholds. Communityawareness and health educationgiven by the peripheral team onsafe drinking water, hygiene andsanitation."
Bihar,Patna,Suspected Food Poisoning,115.0,0.0,29/11/2 025,01/12/2025,Under Surveillance,"Cases of loose motion, vomitingand abdominal pain were reportedfrom Village Aunta, Sub-District Mokameh, District Patna. District RRT investigated the outbreak. People had consumed food in awedding ceremony. Symptomatictreatment was given to cases. 5 patients were treated at PHC Mokama. The affected age groupwas 2-80 years. Communityawareness and health educationgiven by the peripheral team onsafe drinking water and foodhabits, hygiene and sanitation."
Bihar,Vaishali,Chickenpox,6.0,0.0,01/12/2 025,05/12/2025,Under Surveillance,"Cases of fever with rash werereported from Village Anjanpir, Sub-District Hajipur, District Kishanganj. District RRT investigated the outbreak. Activesearch for fever cases was done inthe affected area. All cases weretreated symptomatically. 3 bloodsamples collected, tested positivefor V. zoster (IgM ELISA). Community awareness and healtheducation given by the peripheralteam on isolation of cases, hygienemaintenance and proper nutrition."
Gujarat,Ahmadabad,Acute Diarrhoeal Disease,39.0,0.0,06/12/2 025,06/12/2025,Under Surveillance,"Cases of loose motion, abdominalpain and vomiting were reportedfrom Gafurji Ni Gali, Jamalpurarea, Ahmadabad city, District Ahmadabad. District RRT investigated the outbreak. Houseto house survey was done. Caseshad consumed food in a householdgathering. Cases were treatedsymptomatically. 5 patients weretreated at ID hospital, Behrampura. The affected agegroup was 8-72 years. ORS packets were given to cases. Chlorine tablets were distributedto the households. 1 rectal swabsample collected, tested negativefor cholera by culture. Community awareness and healtheducation was given by theperipheral team on safe drinkingwater and food habits, hygiene andsanitation."
Gujarat,Mahisagar,Hepatitis A,482.0,0.0,03/12/2 025,02/12/2025,Under Surveillance,"Cases of loss of appetite, nauseaand abdominal pain were reportedfrom Balasinor urban area, Sub-District Balasinor, District Mahisagar. District RRT investigated the outbreak. Houseto house survey was done. Population of the affected areawas 50678. A gradual rise in thenumber of cases was reported inthe area. Cases were treated at UHC Balasinor. Both children andadults were affected. Contamination of water suppliedthrough pipelines with sewagewater was observed. Pipelineleakages were repaired by Nagar Palika. All 35 serum samplescollected and sent to Maha Gujaratlab Balasineor, tested positive for Hepatitis A (IgM ELISA). Out of 30 water samples collected andsent to Wasmo Lab Lundavada, 13 samples were unfit for drinkingpurpose. Chlorination of watersources was done. Chlorination ofwater sources was done. Chlorinetablets were distributed to thehouseholds. Communityawareness and health educationgiven by the peripheral team onsafe drinking water, hygiene andsanitation."
Himachal Pradesh,Shimla,Hepatitis A,68.0,0.0,02/12/2 025,06/12/2025,Under Surveillance,"Cases of fever, nausea, vomiting, loss of appetite and jaundice werereported from Village Guma (8), Sub-District Kotkhai, District Shimla. District RRT investigatedthe outbreak. House to housesurvey was done. Cases weretreated at health facilities. Out of 43 serum samples collected andsent to IGMC Shimla, 30 samplestested positive for Hepatitis A (IgM ELISA). Out of 12 watersamples collected, 9 samples wereunsatisfactory for drinkingpurpose. Chlorine tablets weredistributed to households. Community awareness and healtheducation was given by theperipheral team on safe drinkingwater and food habits, hygiene andsanitation."
Jharkhand,East Singhbum,Chickenpox,7.0,0.0,03/12/2 025,03/12/2025,Under Surveillance,"Cases of fever with maculopapularrash were reported from Village Susnigariya, Sub-District Ghatshila, District East Singhbum. District RRT investigated the outbreak. Theaffected age group was 6-40 years. Cases were treated at Ghatshilahealth facility. 3 blood sampleswere collected and sent to MGM VRDL, tested positive for V. zoster (IgM ELISA). Communityawareness and health educationgiven by the peripheral team onisolation of cases, hygienemaintenance and proper nutrition."
Karnataka,Raichur,Fever,17.0,1.0,05/12/2 025,06/12/2025,Under Surveillance,"Cases of fever were reported from Village Hirelukkihal, Sub-District Lingsugur, District Raichur. District RRT investigated theoutbreak. The most affected agegroup was 5-59 years. 1 death wasreported in an 8-year-old boy whowas a known case of ADHD with MR on date 2.12.2025. 16 bloodserum samples were tested at SSL, DSU Raichur, and were found tobe negative for Dengue (NS1 ELISA). House-to-housesurveillance, larval sourcereduction and vector-controlmeasures including indoorfogging activities were conducted. Community awareness and healtheducation given by the Peripheralteam on vector control measures, hygiene and sanitation."
Kerala,Kottayam,Jaundice,19.0,0.0,05/12/2 025,05/12/2025,Under Surveillance,"Cases of fever, vomiting, nausea, abdominal pain and fatigue werereported from Ward 9 (Ponthanalparambhu Area) of Erattupetta Municipality, District Kottayam. District RRT investigated the outbreak. Environmental investigationshowed that all affectedhouseholds were using water froma common well, supplying waterto around 15 houses throughmotor pumps. The affected agegroup was 2 months-49 years. All 11 serum samples collected andsent to GH Pala, tested negativefor Hepatitis A (HAV card test). 5 water samples were tested at Kerala Water Authority, Erattupetta and were found to benegative for E. coli and Coliforms. Community awareness and healtheducation given by the Peripheralteam on safe drinking water andfood habits, hygiene andsanitation."
Kerala,Kozhikode,Hepatitis A,22.0,0.0,30/11/2 025,02/12/2025,Under Surveillance,"Cases of loss of appetite, fatigue, nausea and fever were reportedfrom Village Sivapuram and Kuttiadi, Sub-District: Thamarassery and Vatakara, District Kozhikode. District RRT investigated the outbreak. Theaffected age group was 5-42 years. Water samples from a well andwater filter were tested at KWA Narikuni Lab and showedsatisfactory results. 2 bloodsamples were tested at RPHL Kozhikode and both were found tobe positive for Hepatitis A (IgM ELISA). Community awarenessand health education given by the Peripheral team on safe drinkingwater and food habits, hygiene andsanitation."
Kerala,Malappuram,Hepatitis A,13.0,0.0,27/11/2 025,04/12/2025,Under Surveillance,"Cases of loss of appetite and feverwere reported from Wandoor, Sub-District Nilambur, District Malappuram. District RRT investigated the outbreak. Adultswere affected. The cases hadattended a family function. 2 blood samples were tested at DH Nilambur and found to be positivefor Hepatitis A (IgM ELISA). Community awareness and healtheducation given by the Peripheralteam on safe drinking water andfood habits, hygiene andsanitation."
Kerala,Palakkad,Jaundice,10.0,0.0,02/12/2 025,04/12/2025,Under Surveillance,"Cases with nausea, abdominalpain and fever were reported from Village Muthuthala (CT), Sub-District Pattambi, District Palakkad. District RRT investigated the outbreak. Theaffected age group was 4-36 years. Water samples from a shared wellwere tested and confirmedpositive for Total Coliform and Fecal Coliform. All 5 serumsamples collected, tested negativefor Hepatitis A (IgM ELISA). Super-chlorination of the well wasconducted. Community awarenessand health education given by the Peripheral team on safe drinkingwater and food habits, hygiene andsanitation."
Kerala,Pathanamthitta,Mumps,8.0,0.0,06/12/2 025,06/12/2025,Under Surveillance,"Cases showing symptoms of feverand swelling on the jaw area werereported from the Govt. UP School Eraviperoor, Sub-District Thiruvalla, District Pathanamthitta. District RRT investigated the outbreak. Theaffected age group was 4-6 years. 8 buccal swabs were tested at NIV Alappuzha. 2 samples testedpositive for Mumps virus (IgM ELISA). Out of 8 cases only 1 took the MMR vaccine, and otherstook only the MR vaccine. Community awareness and healtheducation given by the peripheralteam on isolation of cases, spreadof infection, immunization, hygiene and sanitation."
Kerala,Thrissur,Mumps,13.0,0.0,06/12/2 025,06/12/2025,Under Surveillance,"Cases of fever with parotid glandswelling were reported from Westfort College of Allied Health Sciences, District Thrissur. District RRT investigated theoutbreak. The affected age groupwas 19-23 years. All cases weretreated. 1 buccal swab sample wastested at NIV Alappuzha and cameout to be negative for Mumpsvirus (IgM ELISA). Cases wereclinically diagnosed with Mumps. Community awareness and healtheducation given by the peripheralteam on isolation of cases, spreadof infection, immunization, hygiene and sanitation."
Kerala,Thrissur,Mumps,38.0,0.0,04/12/2 025,04/12/2025,Under Surveillance,"Cases of fever, unilateral orbilateral parotid swelling werereported from Devaswom English Medium School, Guruvayoor, Sub-District Chavakkad, District Thrissur. The affected age groupwas 6-15 years. 2 buccal andthroat swab samples were tested at NIV ALP and 1 was positive for Mumps (RT-PCR). Communityawareness and health educationgiven by the peripheral team onisolation of cases, spread ofinfection, immunization, hygieneand sanitation."
Madhya Pradesh,Balaghat,Fever,17.0,0.0,30/11/2 025,06/12/2025,Under Surveillance,"Cases of fever were reported from Village Rattapayli, Sub-District Kirnapur, District Balaghat. District RRT investigated theoutbreak. The affected age groupwas 17-35 years. Out of 17 bloodsamples collected and sent to ICMR Jabalpur, 1 sample testedpositive for O. tsutsugamushi (IgM ELISA). Fever survey, spraying and fogging activitieswere conducted. Communityawareness and health educationgiven by the peripheral team onvector control measures, hygieneand sanitation."
Madhya Pradesh,Damoh,Suspected Food Poisoning,52.0,0.0,03/01/2 025,04/12/2025,Under Surveillance,"Cases of abdominal pain andvomiting were reported from Village Kishanganj, Block Pathariya, District Damoh. District RRT investigated theoutbreak. Cases were childrenwho developed symptoms afterconsuming castor seeds. The caseswere treated at health facilities. All cases recovered. Communityawareness and health educationgiven by the peripheral team onsafe drinking water and foodhabits, hygiene and sanitation."
Madhya Pradesh,Indore,Suspected Typhoid,71.0,0.0,29/11/2 025,04/12/2025,Under Surveillance,"Cases of abdominal pain, loosewatery stools and abdominal painwere reported from Malhar Ashram, Sub-District/District: Indore. District RRT investigatedthe outbreak. Cases were treated at UPHC Krishnapura. The affectedage group was 15-18 years. Out of 6 blood samples collected and sentto MGM Lab, 5 samples testedpositive for S. typhi by widal test. Chlorination of water sources wasdone. Community awareness andhealth education given by theperipheral team on safe drinkingwater and food habits, hygiene andsanitation."
Madhya Pradesh,Shivpuri,Measles,5.0,0.0,29/11/2 025,03/12/2025,Under Surveillance,"Cases of fever with rash werereported from Village Keldhar, Sub-District Kolaras, District Shivpuri. District RRT investigated the outbreak. Activesearch for fever cases was done inthe affected area. Cases weretreated symptomatically. All 5 blood samples collected, testedpositive for Measles (IgM ELISA). Cases were in the agegroup 10 months to 6 years. Community awareness and healtheducation given by the peripheralteam on isolation of cases, hygienemaintenance and proper nutrition."
Maharashtra,Chandrapur,Acute Diarrhoeal Disease,113.0,0.0,05/12/2 025,06/12/2025,Under Surveillance,"Cases of loose motion andvomiting were reported from Indira Nagar ward, Sub-District Rajura, District Chandrapur. District RRT investigated theoutbreak. House to house surveywas done. Medicine and ORS packets were given to cases. Bothchildren and adults were affected. 4 stool samples collected and sentto DPHL Chandrapur, testednegative for cholera by culture. People were advised to consumeboiled water for drinking purpose. Community awareness and healtheducation was given by theperipheral team on safe drinkingwater, hygiene and sanitation."
Maharashtra,Dharashiv,Measles,17.0,0.0,02/12/2 025,02/12/2025,Under Surveillance,"Cases of fever with rash werereported from Village Washi, Sub-District Washi, District Dharashiv. District RRT investigated the outbreak. Activesearch for fever cases was done inthe affected area. Cases weretreated at Washi Hospital and District Hospital Dharashiv. Caseswere in the age group 5-11 years. Out of 9 serum samples collectedand sent to Kasturba lab, 6 samples tested positive for Measles (IgM ELISA). Vitamin A solution was given to the cases. Community awareness and healtheducation given by the peripheralteam on vector control measures, hygiene and sanitation."
Maharashtra,Kolhapur,Acute Diarrhoeal Disease,98.0,0.0,04/12/2 025,04/12/2025,Under Surveillance,"Cases of loose motion werereported from Village Turkewadi, Sub-District Chandgad, District Kolhapur. District RRT investigated the outbreak. Houseto house survey was done. Casesof all age group were affected. People in the affected areaconsumed water from a streamand well, stored in an overheadtank and supplied throughpipelines. Cases were treated at ahealth camp organized in thelocality. Out of 14 water samplescollected, 7 samples were not fitfor drinking purpose. All 6 stoolssamples collected, tested negativefor enteropathogens. Pipelineleakages were repaired. Community awareness and healtheducation given by the peripheralteam on safe drinking water andfood habits, hygiene andsanitation."
Maharashtra,Kolhapur,Acute Diarrhoeal Disease,19.0,0.0,02/12/2 025,02/12/2025,Under Surveillance,"Cases of loose watery stools werereported from Village Avali Bk., Sub-District Radhanagari, District Kolhapur. District RRT investigated the outbreak. Houseto house survey was done. Caseswere treated at PHC Thikpurli. Medicine and ORS packets weregiven to cases. Both children andadults were affected. All 18 serumsamples collected and sent to SSH, CPRH Shenda Park testednegative for Hepatitis A and E (IgM ELISA). 3 stool samplescollected and sent to DPHL Kohapur tested negative forenteropathogens. Out of 3 watersamples collected, 1 sample wasunfit for drinking purpose. Chlorination of water sources wasdone in the affected area. Community awareness and healtheducation given by the peripheralteam on safe drinking water, hygiene and sanitation."
Maharashtra,Kolhapur,Suspected Food Poisoning,408.0,0.0,05/12/2 025,05/12/2025,Under Control,"Cases of loose motion, vomitingand abdominal pain were reportedfrom Village Sambare, Sub-District Gadhinglaj, District Kolhapur. District RRT investigated the outbreak. Peopleof 4-5 villages had consumed foodin a religious gathering (Datta Jayanti). Symptomatic treatmentwas given to cases at a healthcamp established in the affectedarea. All cases recovered. Cases ofall age groups were affected. 2 water samples collected and sentto DPHL Kolhapur forbacteriological analysis were unfitfor drinking purpose wherecoliform growth was seen. 1 stoolsample collected, tested negativefor enteropathogens. Communityawareness and health educationgiven by the peripheral team onsafe drinking water and foodhabits, hygiene and sanitation."
Maharashtra,Parbhani,Fever,36.0,0.0,29/11/2 025,02/12/2025,Under Surveillance,"Cases of fever with myalgia andfatigue were reported from Sanjay Gandhi nagar area (Parbhani Corporation), Sub-District/District Parbhani. District RRT investigated the outbreak. House to house fever survey wasdone. Cases were treated at UPHC Sakhla Plot. The affected agegroup was 5-35 years. 5 serumsamples collected, tested negativefor Dengue (IgM ELISA). Entomological indices revealed HI -2.24 CI-1.22, BI- 3.67. Fogging was done in the affectedarea. Community awareness andhealth education was given by theperipheral team on vector controlmeasures, hygiene and sanitation."
Manipur,Kamjong,Suspected Typhoid,27.0,0.0,01/12/2 025,01/12/2025,Under Surveillance,"Cases of fever with cough werereported from the Eklavya Model Residential School, Village Riha Sub-District Phungyar, District Kamjong. District RRT investigated the outbreak. 14 samples were tested for typhoid, scrub typhus, dengue and malaria. Of which, 7 samples testedpositive for S. typhi by Widal test. The suspected source was throughthe water supply. Chlorination ofwater sources was done. Overheadtanks were cleaned. Communityawareness and health educationgiven by the peripheral team onsafe drinking water and foodhabits, hygiene and sanitation."
Mizoram,Aizawl,Chickenpox,12.0,0.0,05/12/2 025,06/12/2025,Under Surveillance,"Cases of fever with rash andblisters were reported from Village Phulpui, Sub-District Aibawk, District Aizawl. District RRT investigated the outbreak. The affected age group was 2-10 years. 12 blood samples weretested at Department of Microbiology, Zoram Medical College, Falkawn. 8 samplestested positive for Chickenpox (Varicella) by IgM ELISA. Thepatients were not vaccinated for Chickenpox. Communityawareness and health educationgiven by the peripheral team onspread of infection, isolation ofcases, immunization, hygiene andsanitation."
Nagaland,Tuensang,Malaria,15.0,0.0,29/11/2 025,02/12/2025,Under Control,"Cases of fever with chills werereported from Sub-District Tuensang Sadar, District Tuensang. District RRT investigated the outbreak. 56 samples were tested at Tuensang District Hospital. 15 samplestested positive for Malaria (P. vivax) by RDT and microscopy. The affected age group was 8-82 years. Fogging operations wereconducted. Communityawareness and health educationgiven by the peripheral team onvector control measures, hygieneand sanitation."
Odisha,Koraput,Acute Diarrhoeal Disease,35.0,0.0,01/12/2 025,02/12/2025,Under Control,"Cases presenting with abdominalpain, vomiting and nausea werereported from Village Ramagiri, Sub-District Boipariguda, District Koraput. District RRT investigated the outbreak. Caseswere students aged 5-14 yearswho had consumed dinner at theirhostel. They were treated at CHC Boipariguda. ORS, Halazone andzinc were given. 3 water sampleswere tested at DPHL Koraputwhich showed negative results for H2S and OT<0.01 PPM. Community awareness and healtheducation given by the peripheralteam on safe drinking water andfood habits, hygiene andsanitation."
Tamil Nadu,Erode,Chickenpox,11.0,0.0,05/12/2 025,06/12/2025,Under Surveillance,"Cases of fever with rash werereported from Govt. Model School, Sub-District Perundurai, District Erode. District RRT investigated the outbreak. Theaffected age group was 16-18 years. 6 blood samples were testedat Kings Institute, Guindy, Chennai. 1 sample tested positivefor Varicella zoster (IgM ELISA). Community awareness and healtheducation given by the peripheralteam on isolation of cases, spreadof infection, immunisation, hygiene and sanitation."
Tamil Nadu,Krishnagiri,Chickenpox,6.0,0.0,03/12/2 025,03/12/2025,Under Surveillance,"Cases of fever with rash werereported from Village Boomboo Mattukarank Kottai, Sub-District Krishnagiri, District Krishnagiri. District RRT investigated theoutbreak. The affected age groupwas 5-40 years. The cases weretreated symptomatically. Vitamin A supplementation was done. Community awareness and healtheducation given by the peripheralteam on isolation of cases, spreadof infection, immunization, hygiene and sanitation."
Tamil Nadu,Salem,Acute Diarrhoeal Disease,98.0,0.0,05/12/2 025,05/12/2025,Under Control,"Cases of abdominal pain andvomiting were reported from Village Veerapandi, Sub-District Salem South, District Salem. District RRT investigated theoutbreak. Cases were treated athealth facilities. 12 water samples, 5 blood samples, 5 stool samples, and 4 vomitus samples werecollected and tested at the DPHL Mettur, GMKMCH, and Regional Water Lab. Investigationsincluded stool, vomitus, and bloodculture and sensitivity, hangingdrop preparation, and serologicaltests. Coliform bacteria weredetected in 8 water samples. Allremaining samples showed nopositive findings. Overhead tankswere cleaned. Chlorination ofwater sources was done. Community awareness and healtheducation given by the peripheralteam on safe drinking water andfood habits, hygiene andsanitation."
Tamil Nadu Name of State-UT,Tirupathur Name of District,Chickenpox Disease-Illness,5.0,0.0,03/12/2 025 Date of Outbreak,04/12/2025 Current Status,Under Control,"Cases of fever with rash werereported from SODEWS Hostel, Village Mullai, Sub-District Vaniyambadi, District Tirupathur. District RRT investigated theoutbreak. Active search for fevercases was done. Cases weretreated symptomatically. Caseswere in the age group 6-15 years. 3 throat swab samples and 3 blood (serum) samples were tested at King Institute, Chennai. Investigations included IgM PCR testing - VZV PCR (Skin lesionsor scabs) All 3 serum samples and 1 throat swab sample werepositive for Varicella zoster virus. Cases were advised to take ORS and remain hydrated. Communityawareness and health educationgiven by the peripheral team onisolation of cases, hygienemaintenance and proper nutrition."
Andhra Pradesh,Guntur,Suspected Food Poisoning (Klebsiella),24.0,0.0,26/11/2025,Under Surveillance,reported District RRT ( wone sample. team onsanitation.,"Cases of loose motion and vomiting werefrom Punnur urban area, Sub-Ponnur, District Guntur. Districtinvestigated the outbreak. House to house survey was done. Peopledeveloped symptoms after consuming foodidli, vada, pulihora) in a religious event. Cases were treated at UPHC Indira nagar. The affected age group was 19-74 years. 1 stool sample was tested at Guntur Medical College which isolated Klebsiella species. 3 ater samples were tested at IPM laboratory, Guntur. Coliform bacteria were detected in Community awareness andhealth education given by the peripheralsafe food habits, hygiene and"
Chhattisgarh,Bilaspur,Measles,7.0,0.0,25/11/2025,Under Surveillance,"Village: District Bilaspur. group was Jabalpur, Measlesvillage. education givenisolation of casesproper nutrition","Cases of fever with rash were reported from Budhikha, Sub-District: Masturi, District RRT investigatedthe outbreak. Active search for fever caseswas done in the affected area. Cases weretreated symptomatically. The affected age 2-12 years. Out of 5 bloodsamples collected and sent to NIRTH Lab, of which 3 tested positive forvirus (IgM ELISA). Vitamin A solution was given to cases. An immediatevaccination campaign was launched in the Community awareness and healthby the peripheral team on , hygiene maintenance and ."
Kerala,Ernakulam,Mumps,14.0,0.0,03/11/2025,Under Surveillance,School Sub-Districtyears. cases. isolation,"Cases of general weakness, fever and parotidgland swelling were reported from Govt. LP Kozhippilly, Village Varappetty, Kothamangalam, District Ernakulam. District RRT investigated theoutbreak. The affected age group was 4-10 The cases were treatedsymptomatically. MR Vaccine was given to Community awareness and healtheducation given by the peripheral team onof cases, spread of infection, immunization, hygiene and sanitation."
Nagaland,Mon,Malaria,22.0,0.0,05/11/2025,Under Surveillance,District Mon. Malaria ( Hospital. education given by tvectorsanitation.,"Cases of fever with bodyache were reportedfrom Mon Sardar, Sub-District Mon Sadar, 80 blood samples were testedfor Malaria. 22 samples tested positive for P. vivax) by RDT and microscopy. The samples were tested at Mon District District RRT investigated theoutbreak. Community awareness and healthhe peripheral team oncontrol measures, hygiene and"
Sikkim,Soreng,Chickenpox,40.0,0.0,18/11/2025,Under Control,"Sora School Hostel, Sub-Districtstudents Chickenpox. givencases","Cases of fever with rash were reported from Village Rinchenpong, /District Soreng. District RRT investigated the outbreak. Active search forfever cases was done in the affected area. Out of 86 students residing in the hostel, 40 were clinically diagnosed with All cases were treated. Community awareness and health educationby the peripheral team on isolation of , hygiene and sanitation."
Uttar Pradesh,Auraiya,Dengue,31.0,0.0,21/11/2025,Under Surveillance,Cases offrom Village District Phaphund. tested negative for Typhoid (RDT samples collectedfor Dengueactivitiesaffectedgiven bycontrol mea,"fever with fatigue were reported Turkipur Phaphund, Sub-Mal, District Auraiya. District RRT investigated the outbreak.House to housesurvey was done. Cases were treated at PHC All 25 blood samples collected, Dengue, Malaria and ). Further, out of 11 serum , 1 sample tested positive (IgM ELISA). Anti-larvaland fogging was done in thearea. panchayatiraj department. Community awareness and health educationthe peripheral team on vectorsures, hygiene and sanitation."
West Bengalth,Jalpaiguri,"Malaria COVID March, 2020. The States have been reporting the COVID",30.0,0.0,17/11/2025 19 cases and deaths on a real,Under Surveillance -https:--www.mohfw.gov.in-,Cases of Village Districttreated with Anti 401 blood 13.11.2025 and 165 peripheral,"fever with chills were reported from Manabari and Pathorjhora, Sub-Mal, District Jalpaiguri. District RRT investigated the outbreak. House tohouse fever survey was done. Cases were -malarial medicines. Out ofsamples collected fromto 13.12.2025 and sent to Oodlabari RH ((236 RDK done at SC/HWC BS sent to Oodlabari RH), 30 samples tested positive for Malaria. Foggingwas done in the affected area. Communityawareness and health education given by theteam on vector control measures, hygiene and sanitation. time basis and the same was being updated on the website of"
Andhra Pradesh,Guntur,Food Poisoning,102.0,0.0,05-12-2025,09-12-2025,Under Surveillance,"Cases of loose motion, vomiting andabdominal pain were reported from e VIT-A.P. University Amaravathi, Sub-District Thulluru, District Guntur. District RRT investigated theoutbreak. Cases fell ill afterconsuming food (Andhra stylechicken and water melon juice) at acommunity gathering. All cases weretreated at university campusdispensary. 6 patients were treated at Manipal Hospital Tadepalli. Community awareness and healtheducation was given by the peripheralteam on safe drinking water and foodhabits, hygiene and sanitation."
Assam,Darrang,Food Poisoning,31.0,0.0,07-12-2025,08-12-2025,Under Surveillance,"Cases of loose motion, vomiting andabdominal pain were reported from Village Pakabangipara, Sub-District Sipajhar, District Darrang. District RRT investigated the outbreak. Caseshad consumed food at a marriagefunction. Cases were treated at BPHC Sipajhar. The affected age group was 3-35 years. All 5 stool samplescollected and sent to IPHL Darrang, tested negative for enteropathogens. Community awareness and healtheducation given by the peripheralteam on safe drinking water and foodhabits, hygiene and sanitation."
Assam,Sonitpur,Acute Diarrhoeal Disease,30.0,0.0,12-12-2025,12-12-2025,Under Surveillance,"Cases of loose motion and vomitingwere reported from Village Chirajuli Bagan Gaon, Sub-District Dhekiajuli (Pt), District Sonitpur. District RRT investigated the outbreak. House tohouse survey was done. Cases weretreated at Dhekiajuli TE hospital. Both children and adults wereaffected. 3 stool samples collectedand sent to DPHL Sonitpur, testednegative for enteropathogens. Chlorine tablets were distributed tothe households. Communityawareness and health education wasgiven by the peripheral team on safedrinking water, hygiene andsanitation."
Bihar,Purbi Champaran,Measles,5.0,0.0,08-12-2025,09-12-2025,Under Surveillance,"Cases of fever with rash werereported from Village Karariya (Ward No 13), Sub-District Kotwa, District Purbi Champaran. District RRT investigated the outbreak. Activesearch for fever cases was done. Allcases were treated symptomatically. Out of 5 serum samples collected andsent to AIIMS Patna, 2 samples testedpositive for Measles (IgM ELISA). Vitamin A solution was given tocases. Cases were in the age group 1-7 years. Community awareness andhealth education was given by theperipheral team on safe drinkingwater and food habits, hygiene andsanitation."
Chhattisgarh,Raipur,Suspected Typhoid,22.0,0.0,05-12-2025,08-12-2025,Under Surveillance,"Cases of fever with nausea, vomitingand fatigue were reported from Village Bhatgaon-1 (Bhatgaon), Sub-District/District Raipur. Medical teamfrom UPHC Bhatagaon investigatedthe outbreak. House to house surveywas done. The affected age group was 3-55 years. All 22 blood samplescollected and tested at UPHC-Bhatagaon from 1.12.2025 to 6.12.2025, tested positive for S. typhiby widal test. Chlorination of watersources was done. Communityawareness and health education givenby the peripheral team on safedrinking water, hygiene andsanitation."
Gujarat,Ahmadabad,Suspected Food Poisoning,341.0,0.0,10-12-2025,11-12-2025,Under Control,"Cases of loose motion, vomiting andabdominal pain were reported from Village Fatepura, Sub-District Tarapur, District Ahmadabad. Peoplehad consumed food at a marriagefunction. Symptomatic treatment wasgiven to cases. 67 patients weretreated at CHC Dholka. Both childrenand adults were affected. ORS packets were given to cases. All casesrecovered. 8 stool samples collected, tested negative for enteropathogens. Community awareness and healtheducation was given by the peripheralteam on safe drinking water and foodhabits, hygiene and sanitation."
Gujarat,Sabar Kantha,Hepatitis A & E,38.0,0.0,08-12-2025,09-12-2025,Under Surveillance,"Cases of nausea, abdominal pain, fever and fatigue were reported from Village/Sub-District Talod, District Sabar Kantha. District RRT investigated the outbreak. House tohouse survey was done. Cases weretreated at health facilities. Out of 31 blood samples collected, 6 samplestested positive for Hepatitis A and 1 sample for Hepatitis E (IgM ELISA). The affected age group was 7-44 years. Chlorination of water sourceswas done. Community awareness andhealth education given by theperipheral team on safe drinkingwater and food habits, hygiene andsanitation."
Haryana,Gurugram,Acute Diarrhoeal Disease,45.0,0.0,12-12-2025,12-12-2025,Under Surveillance,"Cases of loose motion and vomitingwere reported from Village Palra, Sub-District Sohna, District Gurugram. District RRT investigatedthe outbreak. House to house surveyas done. Cases were treated at a healthcamp organized in the locality. Medicine and ORS packets weregiven to cases. The affected age groupwas 18-70 years. 3 stool samplescollected, tested negative for choleraby culture. 2 water samples collected, were potable. Chlorine tablets weredistributed to the households. Community awareness and healtheducation given by the peripheralteam on safe drinking water, hygieneand sanitation."
Jammu and Kashmir,Baramulla,Hepatitis A,15.0,1.0,11-12-2025,11-12-2025,Under Surveillance,"Cases of nausea, vomiting, fatigue, fever and yellow colored urine werereported from Village Nowlari, Sub-District Pattan, District Baramulla. District RRT investigated theoutbreak. House to house survey wasdone. Cases were treated at CHC Pattan. The total population of theaffected village was 2,100. Theaffected age group was 6 - 20 years. Out of 15 blood samples collected andsent to DPHL IDSP Baramulla, 2 samples tested positive for Hepatitis A (IgM ELISA). In addition, 4 watersamples were collected and sent to DPHL IDSP Baramulla were unfit fordrinking purpose. Further, it wasreported that one patient from thesame village, a 7 years old male childdeveloped symptoms of vomiting, abdominal pain, and elevated liverenzymes, and was taken to the Children’s Hospital Srinagar on 30th November 2025 for further treatment. He died due to cardiopulmonaryarrest at the Children’s Hospital, Srinagar, on 9th December 2025. Chlorination tablets were distributedto the households. Health educationwas given regarding hand hygiene, safe drinking water practices andsanitation."
Jharkhand Jharkhand,Dumka East Singhbum,Chickenpox Chickenpox,14.0,0.0,07-12-2025 13-12-2025,08-12-2025 13-12-2025,Under Surveillance Under Surveillance,"Cases of fever with vesicular rashwere reported from Village Lakhikundi-1, Sub-District/District Dumka. District RRT investigated theoutbreak. House to house search forfever cases was done in the affectedarea. Cases were given symptomatictreatment. Vitamin A solution wasgiven to cases. Out of 7 blood samplescollected and sent to DPHL Dumka, 3 samples tested positive for V. zoster (IgM ELISA). Community awarenessand health education given by theperipheral team on isolation of cases, proper nutrition, hygiene andsanitation. Cases of fever with maculopapularrash. were reported from Village"
,,,,,,,,"Gurajor, Sub-District Ghatshila, District East Singhbhum. Ghatshila. District RRT investigated theoutbreak. Active search for fevercases was done in the affected area. Cases were treated symptomatically. Cases were in the age group 3-9 years. Community awareness and healtheducation given by the peripheralteam on isolation of cases, propernutrition, hygiene and sanitation."
Karnataka,Yadgir,Suspected Food Poisoning,37.0,0.0,11-12-2025,12-12-2025,Under Surveillance,"Cases of vomiting were reported from Village Gurmatkal (Rural), Sub-District Gurmatkal, District: Yadgir. District RRT investigated theoutbreak. Cases had consumed foodat BCM Girls Hostel. Cases weretreated at CHC Gurumatkal. Theaffected age group was 16-21 years. 3 patients were treated at YIMS Yadgir. 2 stool samples collected, showedgrowth of no enteropathogens. Out of 5 water samples collected, 4 sampleswere non-potable. Overhead tankswere cleaned. Chlorination of watersources was done. Communityawareness and health education wasgiven to students, teachers and schoolstaff by the peripheral team on safedrinking water and food habits, hygiene and sanitation."
Kerala,Ernakulam,Suspected Food Poisoning,30.0,0.0,07-12-2025,08-12-2025,Under Surveillance,"Cases of loose stools, nausea, andabdominal pain were reported from Div 14 St. Joseph Church Edakochi, Sub-District Kochi, District Ernakulam. District RRT investigatedthe outbreak. Both children and adultswere affected. All the cases hadconsumed food (biryani) at amarriage function. The cases had onlymild symptoms and recovered within 1 day. Community awareness andhealth education given by theperipheral team on safe drinkingwater and food habits, hygiene andsanitation."
Kerala,Kasaragod,Chickenpox,15.0,0.0,08-12-2025,08-12-2025,Under Surveillance,"Cases developing pustular lesionswere reported among students of Iriyanni School, Village Muliyar, Sub-District Kasaragod, District Kasaragod. District RRT investigatedthe outbreak. All cases were 15-year-old students who had a commonhistory of participating in a school-organised tour to Karnataka. Vesiclefluid and blood samples werecollected from a patient and sent to NIV, Alappuzha. Vesicle fluid testedpositive for Varicella zoster virus by PCR (skin lesion/scab specimen). Blood tested positive for Varicellazoster virus IgM antibodies by ELISA. Community awareness andhealth education given by theperipheral team on isolation of cases, spread of infection, hygiene andsanitation."
Kerala,Kottayam,Suspected Food Poisoning,21.0,0.0,09-12-2025,10-12-2025,Under Surveillance,"Cases of loose stool, fever, vomitingand abdominal pain were reportedfrom Wards 6, 11, 13 and 15, Village Thiruvarppu, Sub-District Kottayam, District Kottayam. District RRT investigated the outbreak. Theaffected age group was 5-41 years. The affected individuals hadconsumed chicken, beef and rice at arestaurant located in Kottayam Municipality. Cases were treated athealth facilities. All cases recovered. One water sample collected showedthe presence of Coliforms. Community awareness and healtheducation given by the peripheralteam on safe drinking water, foodhabits, hygiene and sanitation."
Kerala,Malappuram,Hepatitis A,19.0,0.0,05-12-2025,08-12-2025,Under Surveillance,"Cases of nausea, abdominal pain andfatigue were reported from MDI School Karulai, Sub-District Nilambur, District Malappuram. District RRT investigated theoutbreak. Cases were treated at healthfacilities. 2 serum samples collected, tested positive for Hepatitis A virus (IgM ELISA). Chlorination of watersources was done. Communityawareness and health education givenby the peripheral team on safedrinking water, food habits, hygieneand sanitation."
Kerala,Pathanamthitta,Hepatitis A,15.0,0.0,08-12-2025,10-12-2025,Under Surveillance,"Cases were reported from Ward 4, PRDS Colony, Village Eraviperoor, Sub-District Thiruvalla, District Pathanamthitta. District RRT investigated the outbreak. House tohouse survey was done. All caseswere treated. The affected age groupwas 10-54 years. 9 cases were testedat Medical College Hospital, Kottayam, and Regional Public Health Laboratory (RPHL), Kozhencherry, and were positive for HAV (IgM ELISA). Further, 4 caseswere tested at health facilities andwere positive by HAV(rapid cardtest). Super chlorination of watersources was done. Communityawareness and health education givenby the peripheral team on safedrinking water, food habits, hygieneand sanitation."
Kerala,Pathanamthitta,Hepatitis A,12.0,0.0,08-12-2025,08-12-2025,Under Surveillance,"Cases were reported from Ward 2, Village Cheneerkara, Sub-District Kozhenchery, District Pathanamthitta. District RRT investigated the outbreak. Theaffected group was 5-48 years. Bloodsamples of all 12 cases were tested at RPHL Kozhencherry and MCH Kottayam. All tested positive for Hepatitis A virus (IgM ELISA). 3 water samples were collected foranalysis and tested at the Regional Public Health Laboratory (RPHL), Kozhencherry, and Prisam Water Testing Laboratory, Kozhencherry. Laboratory analysis confirmed thepresence of Escherichia coli andcoliform bacteria in the watersamples. Community awareness andhealth education given by theperipheral team on safe drinkingwater, food habits, hygiene andsanitation."
Kerala,Thiruvananthapuram,Mpox (Clade l),1.0,0.0,14-12-2025,14-12-2025,Under Surveillance,"Case was reported from Sub-District: Varkala, District Thiruvananthapuram. District RRT investigated the outbreak. A 40-year-old male with a complaint of fever, headache, and rashes reached TVM International Airport Thiruvananthapuram on 09.12.2025 from Abudhabi UAE. The patient wasadmitted to MCH TVM on 13.12.2025 and tested positive for MPox on 14.12.2025 by PCR using NP swab, blister fluid, and serumsamples at MCH, Thiruvananthapuram. A sample wassent for clade typing on 18.12.2025, and NIV Pune reported Clade l. Thepatient was stable and tested negativefor Mpox on 27.12.2025. He wasdischarged on 28.12.2025. High-riskfamily contacts were traced. A request was sent to APHO to retrieveflight contacts, Identify high-riskcontacts and keep on surveillance for 21 days starting from 09.12.2025. Nosecondary case was reported from thisevent after a surveillance period ofthree weeks. Community awarenessand health education given by theperipheral team on isolation of cases, hygiene and sanitation."
Kerala,Thrissur,Chickenpox,19.0,0.0,06-12-2025,08-12-2025,Under Surveillance,"Cases of fever with rash werereported from Holy Grace School, Mala, District Thrissur. District RRT investigated the outbreak. Activesearch for fever cases was done in theaffected area. The affected age groupwas 4-37 years. Communityawareness and health education givenby the peripheral team on isolation ofcases, spread of infection, propernutrition, hygiene and sanitation."
Madhya Pradesh,Burhanpur,Chikungunya,61.0,0.0,09-12-2025,09-12-2025,Under Surveillance,"Cases of fever with joint pain werereported from Village Malvir, Sub-District/District Burhanpur. District RRT investigated the outbreak. House to house fever survey wasdone. The population of the affectedarea was 674. Cases were treated at PHC Phopnar. Out of 5 blood samplescollected and sent to GMC Khandwa, 3 samples tested positive for Chikungunya (IgM ELISA). Theaffected age group was 6-70 years. Anti-larval activities and fogging wasdone. Community awareness andhealth education given by theperipheral team on vector controlmeasures, hygiene and sanitation."
Madhya Pradesh,Chhatarpur,Cholera,11.0,5.0,08-12-2025,08-12-2025,Under Surveillance,"Cases of loose watery stools, nauseaand vomiting were reported from Gautam Resort, Urban area Khajuraho, Sub-District Rajnagar, District Chhatarpur. District RRT investigated the outbreak. Casesdeveloped symptoms after consumingfood at a resort. Cases were treated at District Hospital Chhatarpur. Theaffected age group was 18-65 years. 5 deaths were reported: 18-years-old-male died on 13.12.2025, 50 years-old-males on 08.12.2025 and 09.12.2025, 65-years-old-male on 23.12.2025, and a 35 years-old-female on 08.12.2025 with symptomsof severe dehydration and shock. Thevomitus of a deceased, 65-years oldmale tested positive for V. choleraeby culture. Community awarenessand health education given by theperipheral team on safe drinkingwater and food habits, hygiene andsanitation."
Madhya Pradesh,Rajgarh,Fever with Rash,8.0,0.0,12-12-2025,12-12-2025,Under Surveillance,"Cases of fever with rash werereported from Village Bani, Sub-District Sarangpur, District Rajgarh. District RRT investigated theoutbreak. House to house feversurvey was done. Cases were treatedat PHC Padana. The affected agegroup was 5-35 years. Communityawareness and health education givenby the peripheral team on isolation ofcases, proper nutrition, hygiene andsanitation."
Maharashtra,Dhule,Fever,14.0,1.0,07-12-2025,08-12-2025,Under Surveillance,"Cases of fever with chills werereported from Village Songir, Sub-District/District Dhule. 1 death wasreported in a 35-years-old-female on 29.11.2025. The deceased waspositive for malaria (Pf) by MPBS. District RRT investigated theoutbreak. House to house feversurvey was done. Cases were treatedat PHC Boris. The affected age groupwas 6-62 years. All 13 blood samplescollected, tested negative for malaria (Microscopy - Peripheral Blood Smear). Anti-larval activities andfogging was done by the peripheralteam. Community awareness andhealth education was given to theresidents on vector control measures, hygiene and sanitation."
Maharashtra,Nagpur,Japanese Encephalitis,1.0,0.0,12-12-2025,12-12-2025,Under Surveillance,"Cases of fever were reported from Manav Nagar, Nari Road, Sub-District Nagpur (Urban), District Nagpur. The index case was a 22-year- old male who reported positivefor JE at IGGMC, Nagpur on 11-12-2025. District RRT investigated theoutbreak. House to fever housesurvey was done. Cases were treatedat health facilities. .The affected agegroup was 3-74 years. Out of 20 Serum/CSF samples collected fromfever and viral encephalitis cases, 4 samples tested negative for Japanese Encephalitis (IgM ELISA) and 16 samples were invalid. Assessment forthe presence of reservoir host such aspigs, cattle, and poultry in the nearvicinity of suspected cases was doneby health staff. During theentomological investigation, the CI, BI, and HI indexes were checked. CI was 5, HI was 7, and BI was 8. Theobserved density of Culex mosquitoeswas 30, Aedes was 25. The preventivemeasure of vehicle-mounted foggingwas done 3 times after the interval of 24 hrs, along with indoor residualspraying. Subsequent declines in thevalues were observed afterrechecking of indexes. Publicawareness regarding diseasetransmission were done among thelocal population; especiallyhomemakers were targeted. No pigswere found in the vicinity of thesuspected cases. Communityawareness and health education givenby the peripheral team on vectorcontrol measures, hygiene andsanitation."
Odisha,Bhadrak,Measles,33.0,0.0,10-12-2025,10-12-2025,Under Surveillance,"Cases of fever with rash werereported from Village Susua Bhaktibrahmapur, Sub-District Bhadrak Rural, District Bhadrak. District RRT investigated theoutbreak. House to house feversurvey was done. Cases were treatedsymptomatically. The affected agegroup was 3-11 years. Out of 9 bloodsamples collected, 8 samples testedpositive for Measles (IgM ELISA). Community awareness and healtheducation was given by the peripheralteam on isolation of cases, maintaining proper hydration, hygiene and sanitation."
Odisha,Ganjam,Acute Gastroenteritis,12.0,0.0,08-12-2025,09-12-2025,Under Surveillance,"Cases of loose motion and vomitingwere reported from Village Patalasingi, Sub-District Polasara, District Ganjam. District RRT investigated the outbreak. Theaffected cases were of particular 3-4 families who consumed food in afeast. Cases were treated at CHC Polasara. 3 patients were treated at MKCG MCH. 4 water samples werecollected from the affected housesand sent to DPHL Ganjam were non-potable. The affected age group was 6-59 years. Community awarenessand health education given by theperipheral team on safe drinkingwater and food habits, hygiene andsanitation."
Odisha,Koraput,Suspected Food Poisoning,57.0,0.0,07-12-2025,08-12-2025,Under Surveillance,"Cases of loose motion, vomiting, nausea and abdominal pain werereported from l Eklavya Model Residential School (EMRS, Village Konga, Sub-District Jeypore, District Koraput. Block RRT investigated theoutbreak. Cases were students whodeveloped symptoms 4-5 hours afterconsuming milk cake in eveningsnacks and food (Rice, Dal & Potatofry) at hostel mess in dinner. All thestudents were treated at CHC Rabanaguda and discharged on thesame night. Cases were in the agegroup of 11 to 16 years. Communityawareness and health education givenby the peripheral team on safe foodhabits, hygiene and sanitation."
Odisha,Sundargarh,Chickenpox,15.0,0.0,09-12-2025,10-12-2025,Under Surveillance,"Cases of fever with rash werereported from Village Tersa, Sub-District Hatibari, District Sundargarh. District RRT investigated theoutbreak. Active search for fevercases was done in the locality. Allcases were treated symptomatically. The affected age group was 2-36 years. Community awareness andhealth education was given by theperipheral team on isolation of cases, maintaining proper hydration, hygiene and sanitation."
Tamil Nadu,Coimbatore,Chickenpox,15.0,0.0,11-12-2025,11-12-2025,Under Surveillance,"Cases of fever with rash werereported from Government Middle School, Ashok Nagar East, Sub-District Coimbatore North, District Coimbatore. District RRT investigated the outbreak. Activesearch for fever cases was done in thelocality. Cases were treatedsymptomatically at a medical campestablished in the school premises. The school principal was advised toidentify students with fever andblisters and send them for 7 days ofhome isolation. The affected agegroup was 3-34 years. 2 bloodsamples collected, tested positive for V. zoster (IgM ELISA). Communityawareness and health education wasgiven by the peripheral team onisolation of cases, maintaining properhydration, hygiene and sanitation."
Tamil Nadu,Pudukkottai,Suspected Food Poisoning,10.0,0.0,10-12-2025,10-12-2025,Under Surveillance,"Cases of loose motion, vomiting andabdominal pain were reported from Village Kanakkanpatti, Sub-District/District Pudukkottai. District RRT investigated the outbreak. Caseswere students of Kanakkanpattipanchayat union school anddeveloped symptoms 4-5 hours afterconsuming food (lunch) at the school. All cases were treated at Pudukkottai Medical College hospital andrecovered. Community awarenessand health education was given by theperipheral team on safe food habits, hygiene and sanitation."
Tamil Nadu,Tirunelveli,Hepatitis A & E,10.0,0.0,10-12-2025,11-12-2025,Under Surveillance,"Cases of fever, nausea, yellowishdiscoloration of urine and sclera werereported from Village Melauppurani, Sub-District Cheranmahadevi, District Tirunelveli. District RRT investigated the outbreak. House tohouse survey was done. Cases werestudents of Melauppurani Panchayat Middle School. Cases were treated at PHC Karisalpatti. Out of 10 blood samples collected, 6 samples tested positive for Hepatitis A and 1 sample for Hepatitis E (IgM ELISA). Out of 7 water samplescollected, 4 samples tested positivefor E. coli. and C. perfringens. Chlorination of water sources wasdone. Community awareness andhealth education given by theperipheral team on safe drinkingwater and safe food habits, hygieneand sanitation."
Tamil Nadu,Tirupathur,Chickenpox,41.0,0.0,10-12-2025,12-12-2025,Under Surveillance,"Cases of fever with rash werereported from Village Pasilikuttai, Sub-District/District Tirupathur. District RRT investigated theoutbreak. Active search for fevercases was done in the locality. Caseswere students at Govt. High School Pasilikutta. Cases were treatedsymptomatically. The affected agegroup was 4-14 years. Out of 5 bloodsamples collected, 2 samples testedpositive for V. zoster (IgM ELISA). Community awareness and healtheducation given by the peripheralteam on isolation of cases, maintainproper hydration, hygiene andsanitation."
Tamil Nadu Name of State-UT,Tirupathur Name of District,Mumps,10.0,0.0,11-12-2025 Date of Outbreak,12-12-2025,Under Surveillance Current Status,"Cases of fever with parotid glandswelling were reported from Village Madhakadupu, Sub-District Ambur, District Tirupathur. District RRT investigated the outbreak. Activesearch for fever cases was done in thelocality. The affected age group was 3-35 years. Cases were treated at UPHC Ambur. All 4 serum samplescollected and sent to King Institute, Guindy, tested positive for Mumpsvirus (IgM ELISA). Communityawareness and health education givenby the peripheral team on isolation ofcases, maintain proper hydration, hygiene and sanitation."
Kerala,Kollam,Chickenpox,22.0,0.0,12-11-2025,,Under Surveillance,"Cases of fever, headache, malaise, vesicular rashes, mild throat pain andbodyache were reported among studentsfrom Government HSS Vallikeezhu School and Brilliance Tuition Centre, Shakthikulangara, District Kollam. District RRT investigated the outbreak. Allcases were treated symptomatically. Community awareness and healtheducation given by the peripheral team onisolation of cases, spread of infection, hygiene and sanitation."
Nagaland,Mon,Fever,10.0,0.0,27-11-2025,,Under Surveillance,"Cases of fever with myalgia and fatiguewere reported from Village Jaboka, Sub-District Tizit, District Mon. District RRT investigated the outbreak. House to housefever survey was done. All cases weretreated at PHC Tizit. Both children andadults were affected. All 10 blood samplescollected, tested negative for Dengue (Rapid NS1). Anti-larval activities andfogging was done in the affected area. Community awareness and healtheducation given by the peripheral team onvector control measures, hygiene andsanitation."
Uttar Pradeshpandemic on 11th Ministry of Health and Family Welfare. This is made available on public domain and can be acces,Kushi Nagar,"Leptospirosis COVID March, 2020. The States have been reporting the COVID",21.0,3.0,25-11-2025 19 cases and deaths on a real,-https:--www.mohfw.gov.in-,Under Surveillance 2 21 R,"Cases were reported from village Dholha (Tola Gulharia), Sub-District Tindivanam, District Kushi Nagar. 3 deaths werereported in children below 10 years (5 years male, 7 years and 3 years-4 monthsfemales) from 25.11.2025 to 28.11.2025 preceded with acute onset of fever within -5 days, vomiting and convulsion. Thethree deaths had clinical resemblance. Thedeceased, a 7 years old female patient, waspositive for Leptospirosis and labconfirmation of other two patients was notdone. The families of the deceased wereresiding in close proximity of 8-10 meters. Given the epidemiological linkage andenvironmental findings, it was a probableoutbreak of Leptospirosis. District RRT investigated the outbreak. House to housesurvey was done. Cases were childrenbelow 15 years of age. Random samples ofpeople were collected and sent to MRC Gorakhpur, 4 samples testedpositive for O. tsutsugamushi (IgM ELISA), 4 samples for Japanese Encephalitis (2 samples with West Nile Virus and 1 sample with Dengue - IgM ELISA), 1 sample for West Nile Virus and 1 sample for Leptospirosis (IgM ELISA). Cases were treated at Combined Hospital Kushi Nagar and BRD Medical College, Gorakhpur. Prophylactic dose of Doxycycline and Azithromycin was givento all people of the village. Three teams inthe leadership of Pediatrician weredeployed in the village and a mobileambulance was arranged for referralservices. Larvicidal treatment in stagnantwater and fogging was done in the affectedarea. Insecticide treated mosquito netswere distributed to the households. Community awareness and healtheducation was given by the peripheralteam early reporting of fever cases, vectorcontrol measures, hygiene and sanitation. time basis and the same was being updated on the website of"
Bihar,Bhagalpur,Measles,11.0,0.0,15-12-2025,16-12-2025,Under Surveillance,"Cases of fever with rash werereported from Village Jamuni, Sub-District Jagdishpur, District Bhagalpur. District RRT investigated the outbreak. Activesearch for fever cases was done. Cases were treatedsymptomatically. The affectedage group was 2-10 years. 2 blood samples were collected andsent to AIIMS Patna; resultawaited. Community awarenessand health education given by theperipheral team on spread ofinfection, isolation of cases, hygiene and sanitation."
Bihar,Jehanabad,Chickenpox,5.0,0.0,17-12-2025,17-12-2025,Under Surveillance,"Cases of fever and vesicular rashwere reported from Village Kasain, Sub-District Jehanabad, District Jehanabad. District RRT investigated the outbreak. Theaffected age group was 11 months-5 years. Blood samplesfrom all 5 cases were tested at Nalanda Medical College and Hospital, Patna. All samplestested positive for chickenpox (IgM ELISA). Communityawareness and health educationgiven by the peripheral team onspread of infection, isolation ofcases, hygiene and sanitation."
Bihar,Kishanganj,Suspected Food Poisoning,16.0,0.0,17-12-2025,18-12-2025,Under Surveillance,"Cases of nausea and vomitingwere reported from students of Govt. OBC +2 Girls High School, Village Mahesh Bathna, Sub-District Kishanganj, District Kishanganj. District RRT investigated the outbreak. Theaffected age group was 11-17 years. The cases developedsymptoms after eating suji halwaat Jeevika canteen. All caseswere treated. Communityawareness and health educationgiven by the peripheral team onsafe drinking water and foodhabits, hygiene and sanitation."
Chhattisgarh,Janjgir-Champa,Acute Gastroenteritis,26.0,0.0,14-12-2025,15-12-2025,Under Surveillance,"Cases of nausea, headache andabdominal cramps were reportedfrom Churabhatha Middle School, Village Chaura Bhata, Sub-District Nawagarh, District Janjgir-Champa. District RRT investigated the outbreak. Thecases developed symptoms aftereating the midday meal. Theaffected age group was 11-14 years. All cases were treatedsymptomatically. Communityawareness and health educationwas given by the peripheral teamon safe food habits and drinkingwater, hygiene and sanitation."
Chhattisgarh,Raigarh,Chickenpox,11.0,0.0,12-12-2025,15-12-2025,Under Surveillance,"Cases of fever with rash werereported from Village Bhelwa Tikra, Sub-District Raigarh, District Raigarh. District RRT investigated the outbreak. Activesearch for fever cases was donein the affected area. All caseswere treated symptomatically. The affected age group was 5-44 years. All the 11 serum samplescollected and sent to AIIMS Raipur, tested positive for V. zoster (RT-PCR). Communityawareness and health educationgiven by the peripheral team onisolation of cases, propernutrition, hygiene and sanitation."
Gujarat,Anand,Food Poisoning,114.0,0.0,14-12-2025,15-12-2025,Under Control,"Cases of loose motion, vomitingand abdominal pain werereported from Irma College Campus Hostel, Sub-District: Anand City, District Anand. Health Facility: Ganesh Chokdi UPHC. District RRT investigatedthe outbreak. Cases developedsymptoms after consuming foodat the hostel mess. A health campwas organized on the collegecampus. Symptomatic treatmentwas given to cases. 20 patientswere treated at health facilities. The affected age group was 20-30 years. Out of 9 stool samplescollected and sent to DH Anand, 2 samples showed growth of E. faecalis. 2 water samplescollected, were potable. Community awareness andhealth education given by theperipheral team on safe foodhabits and drinking water, hygiene and sanitation."
Gujarat,Bharuch,Acute Diarrhoeal Disease,12.0,0.0,18-12-2025,18-12-2025,Under Surveillance,"Cases of loose motion andvomiting were reported from Village Dantrai, Sub-District Hansot, District Bharuch. District RRT investigated the outbreak. House to house survey was done. Cases were treated at Kakaba Hospital, Hansot. The affectedage group was 4-55 years. Chlorine tablets were distributedto the households. Communityawareness and health educationgiven by the peripheral team onsafe drinking water, hygiene andsanitation."
Kerala,Kannur,Hepatitis A,99.0,0.0,16-12-2025,16-12-2025,Under Surveillance,"Cases of vomiting and loss ofappetite were reported from Village Chengalai, Sreekandapuram, Nediyanga, Malapattam, Kurumathur (CT) and Eruvassy, Sub-District Taliparamba, District Kannur. District RRT investigated theoutbreak. Cases were students at GHSS Sreekandapuram. Theaffected age group was 11-54 years. An open well wasidentified as the source. Pumpingwas stopped and correctiveactions were initiated. Out of 16 water samples collected, 2 samples tested positive forcoliform and E. coli. Out of 14 blood samples collected and sentto AKG Hospital (2), Rajiv Gandhi Hospital (3), Thaliparamba Cooperative Hospital (5), Sahakarana Hospital Taliparamba (1), IMCH SKPM (1), Sree Chandh Hospital (1), St. Joseph's Hospital (1), 1 sample tested positive for Hepatitis A (IgM ELISA). NSS camps were organized in schoolsto promote awareness on Hepatitis A prevention andhygiene practices. Communityawareness and health educationgiven by the peripheral team onsafe drinking water and foodhabits, hygiene and sanitation."
Kerala,Kottayam,Acute Diarrhoeal Disease,11.0,0.0,17-12-2025,19-12-2025,Under Surveillance,"Cases of loose stools andvomiting were reported from Ward 5 (Mattam) and Ward 6 (Kaipuzhamuttu), Village Vechoor, Sub-District Vaikom, District Kottayam. District RRT investigated the outbreak. Affected cases were in the agegroup of 1-49 years. 1 watersamples tested at Kerala Water Authority Lab Vaikom werenegative for E. coli andcoliforms. ORS packets weredistributed to all affected casesand household contacts. Community awareness andhealth education given by theperipheral team on vector controlmeasures, hygiene and sanitation."
Kerala,Kozhikode,Dengue,12.0,0.0,16-12-2025,16-12-2025,Under Surveillance,"Cases of fever, headache, fatigueand myalgia were reportedamong staff of District Veterinary Hospital in Mavoor Road, Sub-District Kozhikode, District Kozhikode. District RRT investigated the outbreak. Theaffected age group was 26-56 years. 1 serum sample wascollected and sent to RPHL, Kozhikode. The sample wasfound to be positive Dengue (IgM ELISA). Fever survey, source reduction activity, temephos granule application, fogging and mosquito proofingof vent pipes were done. Community awareness andhealth education given by theperipheral team on vector controlmeasures, hygiene and sanitation."
Kerala,Thiruvananthapuram,Mpox (Clade I),1.0,0.0,20-12-2025,20-12-2025,Under Surveillance,"Case was reported from Village: Karikkakomanayara, Sub-District /District Thiruvananthapuram. A 33 years-old-male developedsymptoms of fever on 10.12.2025 and later progressed to severethroat pain and rashes. Hereturned back to Thiruvananthapuram, India from Dubai on 16.12.2025. The patientwas admitted to MCH TVM on 19.12.25 and tested positive for Mpox on 19.12.2025 by PCR. The clade typing result came asclade I on 23.12.2025 from NIV Pune. He was treated as per stateguidelines and turned negativefor Mpox on 05.01.26 from NIV Pune. He was discharged on 06.01.2026. High-risk contactswere identified and kept onsurveillance for 21 days startingfrom 19.12.2025. No secondarycase was reported from this eventafter a surveillance period ofthree weeks. Communityawareness and health educationgiven by the peripheral team onisolation of cases, hygiene andsanitation."
Kerala,Wayanad,Acute Diarrhoeal Disease,24.0,1.0,17-12-2025,19-12-2025,Under Surveillance,"Cases of loose stools andabdominal pain were reportedfrom Village Cherukottur, Sub-District Mananthavady, District Wayanad. District RRT investigated the outbreak. Houseto house survey was done. Allcases were treated at healthfacilities. 4 stool samples weresent to the Micro Health Laboratory for culture and testednegative for Salmonella, Shigella, and Vibrio species. 1 sample was sent to the Microbiology Department, MCH Mananthavady, and was negativefor Vibrio species. Watersamples collected from a wellwere tested at KWA Mananthavady and were found tobe positive for coliformorganisms. 1 death was reportedin a 73-year-old male on 19.12.2025 who had developedloose stools and abdominal painon 17.12.2025 and was admittedto MCH Mananthavady. Community awareness andhealth education given by Peripheral team on vector controlmeasures, hygiene and sanitation."
Madhya Pradesh,Burhanpur,Measles,5.0,0.0,19-12-2025,19-12-2025,Under Surveillance,"Cases of fever with rash werereported from Village Doiphodiya, Sub-District Khaknar, District Burhanpur. District RRT investigated theoutbreak. Active search for fevercases was done in the affectedarea. Cases were givensymptomatic treatment. Out of 5 blood samples collected and sentto GMC Bhopal, 3 samples testedpositive for Measles (IgM ELISA). Cases were in the agegroup 2-6 years. Communityawareness and health educationgiven by the peripheral team onisolation of cases, propernutrition, hygiene and sanitation."
Madhya Pradesh,Damoh,Acute Gastroenteritis,14.0,0.0,18-12-2025,18-12-2025,Under Surveillance,"Cases of loose motion, vomitingand abdominal pain werereported from Village Belkhedi, Sub-District Patera, District Damoh. District RRT investigated the outbreak. Casesdeveloped symptoms after eatingkodo roti and chana bhaji. Symptomatic treatment wasgiven to cases at CHC Patera. 11 patients were treated at DH Damoh. All cases recovered. Community awareness andhealth education given by theperipheral team on safe foodhabits and drinking water, hygiene and sanitation."
Madhya Pradesh,Mandsaur,Chikungunya,50.0,0.0,15-12-2025,15-12-2025,Under Surveillance,"Cases of fever with joint painwere reported from Sub-District Daloda, District Mandsaur. District RRT investigated theoutbreak. House to house feversurvey was done. Cases weretreated at PHC Bhaugarh. Theaffected age group was 40-60 years. Out of 12 blood samplescollected and sent to AIIMS Bhopal, 7 samples tested positivefor Chikungunya (IgM ELISA). Anti-Larval activities andfogging was done in the affectedarea. Community awareness andhealth education was given by theperipheral team on vector controlmeasures, hygiene and sanitation."
Madhya Pradesh,Shivpuri,Measles,5.0,0.0,17-12-2025,18-12-2025,Under Surveillance,"Cases of fever with rash werereported from Village Jerawan, Sub-District Karera, District Shivpuri. District RRT investigated the outbreak. Activesearch for fever cases was donein the affected area. Cases weregiven symptomatic treatment. Out of 5 blood samples collectedand sent to GMC Bhopal, 4 samples tested positive for Measles (IgM ELISA). Caseswere in the age group 2-11 years. Community awareness andhealth education given by theperipheral team on isolation ofcases, proper nutrition, hygieneand sanitation."
Nagaland,Longleng,Fever,28.0,0.0,20-12-2025,21-12-2025,Under Surveillance,"Cases of fever with chills werereported from Village Sakshi and Yimchong, Sub-District Sakshi, District Longleng. District RRT investigated the outbreak. Houseto house fever survey was done. Cases were treated at Longleng District Hospital. Out of 28 bloodsamples collected, 1 sampletested positive for malaria (P. vivax). Cases of all ages wereaffected. Fogging was done in theaffected area. Communityawareness and health educationgiven by the peripheral team onvector control measures, hygieneand sanitation."
Odisha,Boudh,Food Poisoning,25.0,0.0,18-12-2025,19-12-2025,Under Surveillance,"Cases of loose motion, vomitingand abdominal pain werereported from Village Gabajore, Sub-District Manamunda, District Boudh. District RRT investigated the outbreak. Houseto house survey was done. Peoplefell ill after consuming Dahibara–Aludam at the weeklybazar in the affected area. Caseswere treated at PHC Palsagora. All cases recovered. The mostaffected age group was 5-14 years. Community awareness andhealth education given by theperipheral team on safe foodhabits, hygiene and sanitation."
Odisha,Koraput,Suspected Food Poisoning,29.0,0.0,14-12-2025,15-12-2025,Under Surveillance,"Cases of loose motion, nausea, vomiting and abdominal painwere reported from Village Rabanaguda, Sub-District Jeypore, District Koraput. District RRT investigated theoutbreak. Cases fell ill aftereating sweets (Gulab Jamun) distributed in the neighbourhoodby a family who returned homefrom employment on 14.12.2005. Cases were treated at CHC Borigumma. All casesrecovered. The most affected agegroup was 5-44 years. Community awareness andhealth education given by theperipheral team on safe foodhabits, hygiene and sanitation."
Tamil Nadu,Perambalur,Chickenpox,12.0,0.0,16-12-2025,16-12-2025,Under Surveillance,"Cases with the symptom ofrashes were reported from Village Karai, Sub-District Alathur, District Perambalur. District RRT investigated theoutbreak. The most affected agegroup was 11-15 years. The caseswere treated symptomatically. Community awareness andhealth education given by theperipheral team on the spread ofinfection, isolation of cases, hygiene and sanitation."
Tamil Nadu,The Nilgiris,Chickenpox,10.0,0.0,15-12-2025,15-12-2025,Under Surveillance,"Cases of Fever withmaculopapular rashes werereported from Village Hallada, Sub-District Coonoor, District The Nilgiris. District RRT investigated the outbreak. Themost affected age group was 2-30 years. 1 blood sample was testedat DPHL-The Nilgiris using IgM ELISA and no positive findingswere reported. Communityawareness and health educationgiven by the peripheral team onthe spread of infection, isolationof cases, hygiene and sanitation."
Tamil Nadu,Tirunelveli,Chikungunya,21.0,0.0,17-12-2025,18-12-2025,Under Surveillance,"Cases of fever with myalgia, jointswelling and joint pain werereported from Village Pottal, Sub-District Cheranmahadevi, District Tirunelveli. District RRT investigated the outbreak. Theaffected age group was 5-73 years. House to house feversurvey was done. Cases weretreated at a health camp. 21 serum samples were tested at TVMCH and DPHL-Tirunelvelifor Dengue, Chikungunya, Leptospirosis and Scrub Typhus (IgM Elisa). 7 samples testedpositive for Chikungunya. Community awareness andhealth education given by theperipheral team on vector controlmeasures, hygiene and sanitation."
West Bengal,Hooghly,Suspected Food Poisoning,28.0,0.0,17-12-2025,18-12-2025,Under Surveillance,"Cases of loose motion andvomiting were reported from Villages Chak Bankipur and Mamudpur (South), Mirzapur-Bakipur GP, Sub-District Singur, District Hooghly. District RRT investigated the outbreak. Approximately, 70 people hadconsumed Mahaprasad at areligious function. Out of these, 28 people developed symptoms. Cases were treated at RH Singur. All cases recovered. The affectedage group was 11-20 years. Community awareness andhealth education given by theperipheral team on safe drinkingwater and food habits, hygieneand sanitation."
West Bengal Name of State-UT,Purba Bardhaman Name of District,Chickenpox Disease-Illness,25.0,0.0,12-12-2025 Date of Start Outbreak,15-12-2025,Under Surveillance Current Status,"Cases of fever with rash werereported from Village Shalmula, Sub-District Jamalpur, District Purba Bardhaman. District RRT investigated the outbreak. Activesearch for fever cases was done. All cases were treatedsymptomatically. Most caseswere in the age group of 5-14 years. Community awareness andhealth education given by the Peripheral team on isolation ofcases, proper nutrition, hygieneand sanitation."
Bihar,Gaya,Measles,14.0,0.0,02-12-2025,,"Under Surveillance Gaya, Patna, group","Cases of fever with rash were reportedfrom Village Parsawan, Sub-District Bodh District Gaya. District RRT investigated the outbreak. Active searchfor fever cases was done. Symptomatictreatment was given to cases. Out of 6 blood samples collected and sent to AIIMS 5 samples tested positive for Measles (IgM ELISA). The affected agewas 1-10 years. Communityawareness and health education given bythe peripheral team on spread of infection, isolation of cases, hygiene and sanitation."
Keralath Ministry of Health and Family Welfare. This is made available on public domain and can be accessed through,Kollam,"Chickenpox COVID March, 2020. The States have been reporting the COVID",23.0,0.0,08-12-2025 19 cases and deaths on a real,https:--www.mohfw.gov.in-,"Under Cases Surveillance vesicular Panchayataffected. diagnosed, and -","of fever, headache, malaise, rash, mild throat pain andmyalgia were reported from Sree Narayana Guru (SNG) Central School, Ward No. 8, Ezhukone, Block Nedumoncavu, Sub-District Kottarakkara, District Kollam. District RRT investigatedthe outbreak. The cases had participated ina study tour conducted to Mysore, Ooty, and Hyderabad. Mostly, 17-year-olds were All cases were clinicallyisolated, and managedsymptomatically. Community awarenesshealth education given by theperipheral team on spread of infection, isolation of cases, hygiene and sanitation. time basis and the same was being updated on the website of"
Arunachal Pradesh,Papum Pare,Measles,5.0,0.0,22-12-2025,22-12-2025,Under Surveillance,"Cases of fever, cough along with rashwere reported from Anya Colony and Hakum Colony, Sub-District EAC Naharlagun, District Papumpare. District RRT investigated theoutbreak. Cases were in the age groupof 4-5 years. 5 blood samples werecollected and sent to GMC, Guwahati, Assam. 3 samples werefound to be positive for Measles (IgM ELISA). MR vaccination was nottaken. Cases were treatedsymptomatically. Communityawareness and health education givenby the peripheral team on spread ofinfection, isolation of cases, hygieneand sanitation."
Bihar,Jehanabad,Measles,19.0,0.0,24-12-2025,24-12-2025,Under Surveillance,"Cases of fever with rash, cough andconjunctivitis were reported from Village Thallu Bigha, Block Ghosi, District Jehanabad. District RRT investigated the outbreak. Theaffected age group was 2-45 years. 8 blood samples were tested at AIIMS Patna, of which 1 sample testedpositive for Measles (IgM ELISA). House-to-house surveillance, vitamin A supplementation, specialimmunization sessions, vaccinationof left-out and missed children wasconducted. Community awarenessand health education given by theperipheral team on spread ofinfection, isolation of cases, hygieneand sanitation."
Gujarat,Ahmadabad,Suspected Typhoid,24.0,0.0,24-12-2025,24-12-2025,Under Surveillance,"Cases of nausea, vomiting, abdominalpain and fever were reported from Village Kathwada, Sub-District Daskroi, District Ahmadabad. District RRT investigated theoutbreak. All cases were residents of Gujarat Housing Board Society, Kathwada, Nikol Ward, East Zone. The affected age group was 2-40 years. Cases were treated at a medicalcamp established in the locality. 10 patients were treated at DH Singarwa. 1 serum sample collected, testedpositive for S. typhi by widal test. 8 water samples collected, testedpositive for residual chlorine in OT test. Water pipeline leakages wererepaired. Chlorination of watersources was done. Communityawareness and health education givenby the peripheral team on safedrinking water and food habits, hygiene and sanitation."
Gujarat,Gandhinagar,Acute Diarrhoeal Disease,18.0,0.0,27-12-2025,27-12-2025,Under Surveillance,"Cases of loose motion and vomitingwere reported from Village Shankrpur, UPHC Zundal, District Gandhinagar. District RRT investigated the outbreak. House tohouse survey was done. Medicine and ORS packets were given to cases. Chlorination of water sources wasdone. 3 .water samples collected andsent to GMERS Vadnagar werepotable. Both children and adultswere affected. Community awarenessand health education given by theperipheral team on safe drinkingwater, hygiene and sanitation."
Gujarat,Mahesana,Suspected Food Poisoning,20.0,0.0,26-12-2025,26-12-2025,Under Surveillance,"Cases of loose motion, vomiting andabdominal pain were reported from Kasturba Gandhi Balika Vidyalaya (KGBV), Model Residential School, Sub-District Satlasana, District Mahesana. District RRT investigatedthe outbreak. All cases were treated at GMERS Vadnagar. The affected agegroup was 13-18 years. Communityawareness and health education givenby the peripheral team on safe foodhabits, hygiene and sanitation."
Gujarat,Surat,Suspected Food Poisoning,59.0,0.0,24-12-2025,25-12-2025,Under Surveillance,"Cases of loose motion, vomiting andabdominal pain were reported from Kanade area, UHC Pardi, District Surat. District RRT investigated theoutbreak. Cases fell ill afterconsuming snacks in a shop openingceremony. All cases were treated athealth facilities and recovered. Theaffected age group was 3-68 years. Community awareness and healtheducation given by the peripheralteam on vector control measures, hygiene and sanitation."
Jharkhand,West Singhbhum,Malaria,69.0,0.0,22-12-2025,22-12-2025,Under Surveillance,"Cases of fever with chills werereported from Village Churgi, Sub-District Chaibasa, District West Singhbhum. District RRT investigated the outbreak. House tohouse fever survey was done. Caseswere treated at CHC Manoharpur. The affected age group was 1-60 years. Out of 69 blood samplescollected, 32 samples tested positivefor malaria (P. falciparum 19 samples, P. vivax - 11 samples andmixed - 2 samples) by RDT. Foggingwas done in the affected area. Community awareness and healtheducation given by the peripheralteam on vector control measures, hygiene and sanitation."
Karnataka,Haveri,Acute Diarrhoeal Disease,20.0,0.0,22-12-2025,22-12-2025,Under Control,"Cases of loose stools, vomiting, abdominal pain and fever werereported among students residing atthe Government Girls Hostel, Village Ijarilakmapura under Devagiri UPHC Haveri, Taluk Haveri, District Haveri. District RRT investigated theoutbreak. The affected age group was 15-44 years. All cases were admittedto Veerapura Multispeciality Hospital. 4 stool samples, 2 bloodsamples, and 1 drinking water samplewere tested at DPHL, Haveri. 1 watersample was analysed using MPN andsubculture showed growth of Escherichia coli, indicating that thewater source was unfit for humanconsumption. 4 stool samples werenegative for hanging drop, ova andcyst. Culture yielded no enteric pathogen. 2 Blood cultures were incubated andsubcultured periodically; culture weresterile after 7 days of aerobicincubation. Community awarenessand health education given by theperipheral team on safe drinkingwater and food habits, hygiene andsanitation."
Kerala,Ernakulam,Jaundice,16.0,0.0,26-12-2025,26-12-2025,Under Surveillance,"Cases of fever, jaundice, nausea, andvomiting and general weakness werereported from Mar Athanasius College, Sub-District Kothamangalam, District Ernakulam. District RRT investigated theoutbreak. All cases were treated athealth facilities. The affected agegroup was 13-55 years. Out of 12 water samples collected and sent to RPH Lab Ernakulam, 1 sampleshowed presence of Coliformbacteria. Community awareness andhealth education given by theperipheral team on safe drinkingwater, food habits, hygiene andsanitation."
Kerala,Ernakulam,Acute Gastroenteritis,126.0,0.0,23-12-2025,23-12-2025,Under Surveillance,"Cases of loose stools, vomiting, abdominal pain and mild fever werereported from Village Puthenvelikkara (CT), Sub-District Paravur, District Ernakulam. District RRT investigated the outbreak. Patients of all age groups wereaffected. The cases had consumedfood items from a temporary foodstall. 3 water samples were collectedfrom the water sources and sent to RPH Lab, Ernakulam. Coliformswere detected in 2 samples. 2 stoolsamples were tested at the Microbiology Department of Govt. Medical College and were negativeon bacteriological analysis. Community awareness and healtheducation given by the peripheralteam on safe drinking water and foodhabits, hygiene and sanitation."
Kerala,Ernakulam,Hepatitis A,10.0,0.0,22-12-2025,22-12-2025,Under Surveillance,"Cases of fever, myalgia, abdominalpain, vomiting and jaundice werereported from Olive Wood stocks Apartment, Palarivattom, Sub-district Kochi, District Ernakulam. District RRT investigated the outbreak. Theaffected age group was 17-59 years. All cases were treatedsymptomatically and patients wereisolated. 2 water samples collectedand tested at RPHL EKM, showedpresence of coliforms. 2 serumsamples collected, tested positive for Hepatitis A (IgM ELISA). Community awareness and healtheducation given by the peripheralteam on safe drinking water and foodhabits, hygiene and sanitation."
Kerala,Palakkad,Acute Gastroenteritis,36.0,0.0,26-12-2025,26-12-2025,Under Surveillance,"Cases of diarrhea, vomiting, nauseaand abdominal pain were reportedfrom Village Koduvayur-II, Sub-District Chittur, District Palakkad. District RRT investigated theoutbreak. The affected age group was 4-75 years. Cases had attended ahousewarming ceremony. One rectal swab was tested for cultureat the Integrated Public Health Laboratory, Palakkad and was foundto be negative for Salmonella and Shigella. Community awareness andhealth education given by theperipheral team on safe drinkingwater and food habits, hygiene andsanitation."
Madhya Pradesh,Mandsaur,Measles,28.0,0.0,23-12-2025,23-12-2025,Under Surveillance,"Cases of fever with rash werereported from Villages Chhota Hingoria (16 cases), Takrawad (10 cases) and sarwaniya (2 cases), Sub-District Malhargarh, District Mandsaur. District RRT investigatedthe outbreak. Active search for fevercases was done. 28 epidemiologicallylinked cases in the three villages weregiven symptomatic treatment. Theaffected age group was below 15 years of age. All 4 blood samplescollected, tested positive for Measles (IgM ELISA). Community awarenessand health education given by theperipheral team on isolation of cases, hygiene maintenance and propernutrition."
Maharashtra,Nagpur,Acute Encephalitic Syndrome,10.0,0.0,24-12-2025,24-12-2025,Under Surveillance,"Cases of fever with altered sensoriumwere reported from Mehboobpura, Sub-District Nagpur (Urban), District Nagpur. District RRT investigated theoutbreak. House to house feversurvey was done. The affected agegroup was 23-61 years. 10 serumsamples were collected for JE andtested at IGGMC, Nagpur and allsamples were negative (IgM ELISA). Entomological investigation wasconducted (CI-8, HI- 7.5, BI- 6.5). Anti-larval activities and fogging wasdone in the affected area. Communityawareness and health education givenby the peripheral team on vectorcontrol measures, hygiene andsanitation."
Odisha,Mayurbhanj,Suspected Food Poisoning,42.0,0.0,23-12-2025,22-12-2025,Under Control,"Cases of loose motion and abdominalpain were reported from Village Bagabasa, Sub-District Khunta, District Mayurbhanj. District RRT investigated the outbreak. The mostaffected age group was 44-59 years. The cases had consumed food in afuneral ceremony. All cases weretreated. 2 water samples were testedat DPHL Mayurbhanj for H2S and OT test. The OT level was <0.01 ppm, and H₂S test results were negative. Community awareness and healtheducation given by the peripheralteam on safe drinking water and foodhabits, hygiene and sanitation."
Tamil Nadu,Salem,Acute Diarrhoeal Disease,20.0,0.0,26-12-2025,26-12-2025,Under Control,"Cases of diarrhoea, vomiting andgiddiness were reported from Village Vadachennimalai, Block Thalaivasal, District Salem. District RRT investigated the outbreak. 7 watersamples, 7 stool samples werecollected and tested at DPHL Mettur, and GMKMCH Salem. Stool sampleswere examined by hanging droppreparation and culture, watersamples were tested for coliforms, Coliform bacteria were detected in all 7 water samples, while the remainingsamples tested negative. Chlorinationof water sources was done. Community awareness and healtheducation given by the peripheralteam on safe drinking water and foodhabits, hygiene and sanitation."
West Bengal Name of State-UT,Purba Bardhaman Name of District,Suspected Food Poisoning Disease-Illness,62.0,0.0,24-12-2025 Date of Start Outbreak,24-12-2025 Current Status,Under Surveillance,"Cases of loose motion and abdominaldiscomfort were reported from Village Dharmatala, Sub-District Purbasthali - I, District Purba Bardhaman. District RRT investigated the outbreak. People fellill after eating food at a communitygathering. Cases were treated at RH Srirampur. 2 stool samples weretested for culture and were found to benegative. Cases of all age groups wereaffected. All cases recovered. Community awareness and healtheducation given by the peripheralteam on safe drinking water and foodhabits, hygiene and sanitation."
Kerala,Ernakulam,Mumps,9.0,0.0,26-11-2025,Under Surveillance,Sub-outbreak. students. symthe p,"Cases with symptoms of fever with parotidgland swelling were reported from Blossom International Residential School, Panipara, District Kothamangalam, District Ernakulam. District RRT investigated the The cases were 4-year old All cases were treatedptomatically. Cases were clinicallydiagnosed with Mumps. Communityawareness and health education given byeripheral team on the spread of disease, isolation of cases, hygiene and sanitation."
Uttar Pradesh,Fatehpur,Suspected Food Poisoning,9.0,0.0,22-10-2025,Under Control,"Haswa, Fatehpur. thefollowingthe p","Cases of abdominal pain with vomitingwere reported from Village Manlaw, Block Sub-District Fatehpur, District District RRT investigated theoutbreak. The affected age group was 20-65 years. Cases had consumed finger chipsfrom a fast-food cart. Soon after consumingfood, their health deteriorated, which they were admitted to Thariyaon CHC for treatment. Communityawareness and health education given byeripheral team on safe drinking waterand food habits, hygiene and sanitation."
Uttar Pradesh,Jaunpur,Scrub Typhus,32.0,0.0,29-10-2025,Under Control,groupsamples Denguesamples Anti-,"Cases of fever and body ache were reportedfrom Village Ramdevpur (17 cases), & Satmesara (15 cases), Sub-District Kerakat, District Jaunpur. District and Block RRT investigated the outbreak. House to housefever survey was done. The affected agewas 19-56 years. All 32 Bloodcollected, tested negative forand malaria (RDT). 7 bloodtested positive for Orientiatsutsugamushi (IgM ELISA) at IMS BHU. 1 death was reported in a 40-years old-female who was positive for scrub typhus. larval activities were done in theaffected area. Community awareness andhealth education given by the peripheralteam on vector control measures, hygieneand sanitation."
Uttar Pradeshth,Jaunpur Ministry of Health and Family Welfare. This is made available on public domain and can be accessed through,"Scrub Typhus COVID March, 2020. The States have been reporting the COVID",12.0,0.0,18-11-2025 19 cases and deaths on a real,Under Control -https:--www.mohfw.gov.in-,from Districtatsamplesreductio,"Cases of fever with body pain were reported Village Abhay Chand Patti, Sub-/District Jaunpur. District RRT investigated the outbreak. House to housefever survey was done. Cases were treated CHC Karnjakala. Out of 12 bloodsamples collected and sent to IMS BHU, 3 tested positive for O. tsutsugamushi (IgM ELISA). Sourcen activities were done in theaffected area. Community awareness andhealth education given by the peripheralteam on vector control measures, hygieneand sanitation. time basis and the same was being updated on the website of"
Andhra Pradesh,Kadapa,Food Poisoning,26,00,02-01-20,,,03-01-20 Under Control Cases reported from Balayogi Prathiba
Andhra Pradesh,Prakasam,Food Poisoning,21,00,02-01-20,,,"03-01-20 Under Control Cases reported from Village Lakshmakkapalli,"
Assam,Kamrup,Acute Diarrheal Disease,58,00,31-12-19,,,03-01-19 Under Control Cases reported from Village Rawanboi. SC
Dadra & Nagar Haveli,Dadra & Nagar Haveli,Chickenpox,07,00,30-12-19,,,"30-12-19 Under Surveillance Cases reported from Village Apti, PHC Amboli,"
Dadra & Nagar Haveli,Dadra & Nagar Haveli,Chickenpox,04,00,03-01-20,03-01-20,Under Surveillance,Cases reported from Village/SC Mota Randha
Karnataka,Dakshina Kannada,Viral Fever,14,00,01-01-20,03-01-20,Under Surveillance,"Cases reported from Village/PHC/CHC Venoor,"
Karnataka,Uttara Kannada,Chikungunya,14,00,30-12-19,03-01-20,Under Surveillance,"Cases reported from Village Malavalli,"
Karnataka,Vijayapur,Dengue,48,00,03-01-20,03-01-20,Under Surveillance,"Cases reported from Village Nagabenal LT,"
Kerala,Kasaragod,Food Poisoning,1367,00,30-12-19,31-12-19,Under Control,"Cases reported from Village/HSC Kalliyot, CHC"
Kerala,Kannur,Food poisoning,36,01,30-12-19,31-12-19,Under Control,"Cases reported from Village Kooveri & Naduvil,"
Kerala,Wayanad,Kyasanur Forest Disease,01,00,01-01-20,01-01-20,Under Surveillance,"Case reported from Village Thrisseleri, HSC"
Punjab,Amritsar,Chickenpox,15,00,04-01-20,04-01-20,Under Surveillance,"Cases reported from Barrack no 5, Cell no 6,"
Telangana,Nagarkurnool,Food Poisoning,22,00,02-01-20,06-01-20,Under Control,"Cases reported from Zilla Parishath High School, Chandrakal, Village Vennecherla, PHC Peda Kothapally Mandal. District RRT investigated the outbreak. Cases presented with vomiting and pain abdomen after consuming semi cooked food and water. A total of 04 food samples collected and sent to State Food Laboratory, Hyderabad and 03 water samples collected and sent to RWS Lab Nagarkurnool, result awaited. All cases treated. Health education given on personal hygiene and cleanliness near kitchen premises."
,Assam,Kamrup,Chickenpox,08,00,10-12-19,,"Under Control Cases reported from Village Jobegaon, SC Sajanpara, CHC"
,Jharkhand,East Singhbhum,Japanese Encephalitis,09,01,20-04-19,,Under Control Cases reported from Block Jugsalai cum Golmuri. District
,Jharkhand,East Singhbhum,Japanese Encephalitis,03,01,24-08-19,,Under Control Cases reported from Block Musabani. District RRT
Karnataka,Kolar,Japanese Encephalitis,03,00,23-12-19,Under Control,,"Cases reported from Village Milathnagar, PHC/CHC"
Kerala,Kozhikode,Suspected Hepatitis A,47,00,12-08-19,Under Surveillance,,"Cases reported from Village Thinoor, HSC Kaiveli, PHC"
Uttar Pradesh,Muzaffarnagar,Food Poisoning,10,00,03-12-19,Under Control,,"Cases reported from Sadar, Meghakheri, Mustafabad. District"
Bihar,Jahanabad,Kala-Azar,02,00,07-01-20,,,"07-01-20 Under Control Cases reported from Village Pinjaur, PHC"
Jharkhand,Dhanbad,Chickenpox,10,00,07-01-20,,,"08-01-20 Under Control Cases reported from Kharkabad, Gvindpur,"
Jharkhand,East Singhbhum,Chickenpox,32,00,04-01-20,,,"07-01-20 Under Control Cases reported from Village Bagula, HSC"
Karnataka,Bagalkote,Chikungunya,33,00,24-01-19,,,"28-01-20 Under Control Cases reported from Village Padankatti, PHC"
Karnataka,Belagavi,Food Poisoning,36,00,08-01-20,08-01-20,Under Control,"Cases reported from Village Sadashiv Nagar,"
Karnataka,Chikkamagaluru,Hepatitis A,22,00,07-01-20,10-01-20,Under Control,"Cases reported from Village G Hanumanahalli,"
Karnataka,Mysuru,Food Poisoning,20,00,06-01-20,07-01-20,Under Control,Cases reported from Village Adarsh Residential
Kerala,Wayanad,Food Poisoning,152,00,02-01-20,10-01-20,Under Surveillance,"Cases reported from Village Thazhe aramapatta,"
Kerala,,,Ernakulam,Mumps,09,00,01-01-20,04-01-20 Under Control Cases reported from Village/PHC
,Madhya,,Sehore,Chickenpox,08,00,05-01-20,"07-01-20 Under Cases reported from Village Afra, PHC Chakaldi,"
Odisha,,,Kalahandi,Chickenpox,13,00,03-01-20,"07-01-20 Under Control Cases reported from Village Karlakot, SC"
Odisha,,,Cuttack,Food Poisoning,33,0,09-01-20,09-01-20 Under Control Cases reported from Sandhapur UP School Ward
Punjab,,,Ludhiana,Mumps,16,00,09-01-20,"10-01-20 Under Control Cases reported from Govt High School, Village"
,Kerala,Pathnamathitta,Hepatitis A,54,00,24-11-19,,"Under Surveillance Cases reported from Village Thiruvalla, HSC"
,Kerala,Pathnamathitta,Chickenpox,08,00,30-12-19,,"Under Control Cases reported from Village Sabarimala, HSC Sabarimala"
Haryana,Jhajjar,Chickenpox,11,00,16-01-20,,,21-01-20 Under Control Cases reported from Village Ramgarh Dhani &
Haryana,Kurukshetra,Hepatitis A & E,99,00,19-01-20,,,"20-01-20 Under Surveillance Cases reported from Sector 03, Kurukshetra."
Maharashtra,Kolhapur,Chikungunya,11,00,16-01-20,,,"17-01-20 Under Control Cases reported from Tygar Galli Kaneri, SC/PHC"
Punjab,Jalandhar,Acute Diarrheal Disease,57,00,17-01-20,18-01-20,Under Control,Cases reported from Area Guru Ravidass
Punjab,Amritsar,Hepatitis E,31,00,16-01-20,16-01-20,Under Surveillance,"Cases reported from Village Naushhera Colony,"
Tamil Nadu,Virudhunagar,Typhoid,30,00,14-01-20,14-01-20,Under Control,Cases reported from Village/HSC/PHC
,Assam,Sonitpur (Tezpur),Food Poisoning,11,00,09-01-20,,"Under Control Cases reported from Village/SC Morol Gaon, BPHC/Block"
,Bihar,West Champaran (Bettiah),Measles,09,00,23-12-19,,"Under Control Cases reported from Gaunaha, PHC Gaunaha, Sekh Majidwa,"
,Jharkhand,West Singhbhum,Chickenpox,24,00,09-01-20,,"Under Control Cases reported from Village Hatgamhariya, Tola Hatsai,"
Karnataka,Vijayapur,Dengue,48,00,03-01-20,Under Surveillance,,Cases reported from Village Naltwad Nagbenal LT SC
Kerala,Thrissur,Chickenpox,27,00,25-12-19,Under Control,,"Cases reported from Village/HSC/PHC Varavoor, Block"
Odisha,Jajpur,Chickenpox,07,00,08-01-20,Under Control,,"Cases reported from Village/SC Salapada, PHC Baunsamuli,"
Punjab,Pathnkot,Chickenpox,07,00,01-01-20,Under Control,,"Cases reported from Village Flora, SHC Sherpur, PHC Bhoa,"
Chhattisgarh,Dhamtari,,Acute,,169,00,17-01-20,"24-01-20 Under Control Cases reported from Village Arjuni, CHC Gujra,"
Gujarat,Mahesana,Acute Diarrheal Disease,,,45,00,24-01-20,"24-01-20 Under Control Cases reported from Village/PHC Kansarakui,"
Jharkhand,Chatra,Chickenpox,,,42,00,17-01-20,"21-01-20 Under Control Cases reported from Village Pokla & Kasiyadih,"
Kerala,Kannur,Food Poisoning,,,95,00,17-01-20,"21-01-20 Under Control Cases reported from Vilakkode, PHC"
Kerala,Kannur,Food Poisoning,,,55,00,22-01-20,"23-01-20 Under Control Cases reported from Village Mangattidam, HSC"
Maharashtra,Kolhapur,Dengue,02,01,18-01-20,23-01-20,Under Control,"Cases reported from Laxmi Nagar, SC Shirol,"
Odisha,Khordha,Chickenpox,17,00,23-01-20,27-01-20,Under Control,"Cases reported from Village Satakania, SC"
Punjab,Ferozepur,Chickenpox,12,00,23-01-20,27-01-20,,"Under Cases reported from Village/SC Wakeela wala,"
Punjab,Moga,Mumps,14,00,21-01-20,21-01-20,Under Control,"Cases reported from Govt Primary School,"
Tamil Nadu,Ariyalur,Chickenpox,43,00,25-01-20,26-01-20,Under Control,Cases reported from Village/HSC St Joseph
Tamil Nadu,Salem,Chickenpox,23,00,23-01-20,27-01-20,Under Control,"Cases reported from Village Sengaradu,"
,Chhattisgarh,Balodabazar,,Acute,,06,00,"09-01-20 Under Control Cases reported from Village Bachordih, SHC Jhumka, PHC Sarsiva, Block Balaigarh. District RRT investigated the outbreak. All cases treated symptomatically. Health education given."
,Haryana,Jhajjar,Chickenpox,,,11,00,"09-01-20 Under Control Cases reported from Village Ramgarh Dhani, PHC Badsa. District RRT investigated the outbreak. All cases treated. Health education given."
,Jharkhand,Hazaribagh,,Food,,45,00,16-01-20 Under Control Cases reported from Institution Padma Police Training Centre
,Jharkhand,Saraikela Kharsawan,Chickenpox,,,31,02,14-01-20 Under Control Cases reported from various villages of CHC Gamhariya.
,Jharkhand,West Singhbhum,Chickenpox,,,10,00,"15-01-20 Under Control Cases reported from Village/HSC Banabir, CHC Tantnagar"
,Karnataka,Kolar,Diphtheria,,,05,01,16-01-20 Under Surveillance Cases reported from Kolar Bangarpet Kamasamudra
,Karnataka,Mysuru,Acute Diarrheal Disease,,,37,00,"13-01-20 Under Surveillance Cases reported from Kadakola, Taluk Mysuru. District RRT"
Karnataka,Mysuru,Food Poisoning,20,00,06-01-20,Under Control,,Cases reported from Adarsh Residential School General
Karnataka,Tumakuru,Dengue,15,00,05-01-20,Under Surveillance,,"Cases reported from Pavagada, Doddahalli, Hossahalli Tanda."
Kerala,Ernakulam,Chickenpox,12,00,07-01-20,Under Surveillance,,"Cases reported from Village Mukkannur, Block Angamaly."
Kerala,Kozhikode,Dengue,25,00,05-12-19,Under Surveillance,,"Cases reported from Village Kodiyoor, HSC"
Kerala,Kannur,Food Poisoning,20,00,14-01-20,Under Control,,"Cases reported from Village Kolayad, HSC Peruva Main"
Maharashtra,Chandrapur,Malaria,23,01,16-01-20,Under Surveillance,,"Cases reported rom Village Belgaon, PHC Naranda, Taluk"
Andhra Pradesh,Visakhapatnam,Acute Diarrhoeal Disease,13,00,02-02-20,,,"02-02-20 Under Control Cases reported from Village Mulakalapalli, PHC"
Assam,Udalguri,Fever,08,00,25-01-20,,,30-01-20 Under Surveillance Cases reported from Village Bahipukhuri Tea
Chhattisgarh,Baster,Japanese Encephalitis,06,01,04-01-20,,,"29-01-20 Under Surveillance Cases reported from Village Sargipal, Dhuragaon"
Dadra & Nagar Haveli,Dadra & Nagar Haveli,Acute Diarrhoeal Disease,98,00,29-01-20,29-01-20,Under Control,Cases reported from Village Silli 1 (Jawahar
Dadra & Nagar Haveli,Dadra & Nagar Haveli,Chickenpox,64,00,01-02-20,01-02-20,Under Control,"Cases reported from Village Bonta (Khoripada,"
Gujarat,Banaskantha,Measles,16,00,28-01-20,28-01-20,Under Surveillance,Cases reported from Village/SC Malana
Jharkhand,Chatra,Chickenpox,07,00,29-01-20,01-02-20,Under Surveillance,Cases reported from School-Samarth Awasiya
Kerala,Thrissur,COVID-19,01,00,27-01-20,01-02-20,Under Surveillance,"Case reported from Village Mathilakom, HSC"
Kerala,Kasaragod,COVID-19,01,00,03-02-20,03-02-20,Under Surveillance,"Case reported from Village Ajanur, HSC FWC"
Kerala,Alappuzha,COVID-19,01,00,24-01-20,06-02-20,Under Surveillance,"Cases reported from Village Thamarakulam, HSC"
Maharashtra,Amravati,Acute Diarrhoeal Disease,11,00,01-02-20,02-02-20,Under Surveillance,"Cases reported from Village/SC Riddhapur, PHC"
Maharashtra,Kolhapur,Food Poisoning,35,00,30-01-20,30-01-20,Under Surveillance,"Cases reported from Padali Paiki Manewadi, SC"
Maharashtra,Kolhapur,Chikungunya,02,00,29-01-20,30-01-20,Under Control,"Cases reported from Madilage KH, SC"
Odisha,Koraput,Food Poisoning,30,00,01-02-20,02-02-20,Under Control,"Cases reported from Village Kurkuti, GP"
Odisha,Subarnapur,Food Poisoning,44,00,28-01-20,28-01-20,Under Control,"Cases reported from Pansiali (Deaf, Blind Dumb"
Odisha,Subarnapur,Food Poisoning,36,00,28-01-20,28-01-20,Under Control,"Cases reported from Village Antarda, Block"
Punjab,Nawanshahr,Hepatitis A,16,00,31-01-20,31-01-20,Under Surveillance,"Cases reported from Village Kangna Bet, Block"
Punjab,Faridkot,Mumps,60,00,30-01-20,04-02-20,Under Control,"Cases reported from Village Chaina, Block"
Punjab,Barnala,Mumps,8,00,30-01-20,30-01-20,Under Surveillance,"Cases reported from Village Ramdasiya Vehra,"
Punjab,Moga,Acute Diarrheal Disease,68,00,01-02-20,01-02-20,Under Control,"Cases reported rom Ward No 17, Ahata Badan"
Tamil Nadu,Nagapattinam,Chickenpox,25,00,27-01-20,03-02-20,Under Control,"Cases reported from Village Pallavarayan Pet,"
Telangana,Nizamabad,Food Poisoning,25,00,28-01-20,30-01-20,Under Control,"Cases reported from TBCWRC (Telangana BC Welfare Residential Collage) Kotagiri, Village Mandal Kotagiri. District RRT investigated the outbreak. 01 water sample collated and sent to RWS Nizamabad and food samples collected and sent to IPM Hyderabad. Result awaited. All cases treated. Health education given."
,Bihar,Nalanda,Chickenpox,19,00,20-01-20,,"Under Control Cases reported from Rahui Bena And Bangoria. District RRT investigated the outbreak. Cases presented with mild fever and rash on the back and chest which gradually progressed to involve the whole body. The cases were in the age group 0-10 years. A total of 07 samples collected and tested at Microbiology Department PMCH, result awaited. All cases treated. Health education given."
,Chhattisgarh,Bastar,Food Poisoning,13,00,17-01-20,,"Under Control Cases reported from Village Ghatkawalli, SHC Kukanar, PHC Kolchur. District RRT investigated the outbreak. House to house survey conducted. All cases treated. Health education given."
,Jharkhand,Ranchi,Chickenpox,06,00,22-01-20,,"Under Control Cases reported from Sonahatu, Rahe Hotlo, Phulwar. District RRT the outbreak. House to house survey conducted. Cases belonged to lower socio-economic status and were found to be living in single room house. A total of 06 blood samples were collected and tested at RIMS; of which 05 were positive for Chicken pox. All cases treated. Health education given."
Jammu and Kashmir,Ganderbal,Hepatitis A,44,00,23-01-20,Under Control,,Cases reported from Ganderbal. District RRT investigated the
Maharashtra,Satara,Dengue,06,00,18-01-20,Under Surveillance,,"Cases reported from Village/PHC Rethare BK, Taluk Karad."
Maharashtra,Thane,Dengue,06,00,20-01-20,Under Surveillance,,"Cases reported from Village Behari, SC Vidhe, PHC Tulai,"
Andhra Pradesh,Chittor,Food Poisoning,25,00,02-02-20,,,"02-02-20 Under Control Cases reported from Adharam ST Colony,"
Assam,Dibrugarh,Acute Diarrheal Disease,06,02,30-01-20,,,06-02-20 Under Control Cases reported from Village Jarai Kharuwa
Chhattisgarh,Balod,Chickenpox,29,00,05-02-20,,,"07-02-20 Under Control Cases reported from Village Joratarai, PHC"
Chhattisgarh,Rajnandgaon,Chickenpox,22,00,03-02-20,,,"06-02-20 Under Cases reported from Village Jangleser, PHC"
Dadra and Nagar Haveli,Dadra and Nagar Haveli,Mumps,35,00,05-02-20,05-02-20,Under Control,"Cases reported from Ward No 11, Anand Nagr"
Jharkhand,East Singhbhum,Acute Diarrheal Disease,65,00,07-02-20,08-02-20,Under Control,"Cases reported from Village KGBV, HSC"
Jharkhand,West Singhbhum,Chickenpox,22,00,01-02-20,07-02-20,Under Control,"Cases reported from Village Chota Koata, HSC"
Kerala,Idukki,Mumps,28,00,01-02-20,08-02-20,Under Control,"Cases reported from Village Mannakandam, HSC"
Madhya Pradesh,Umaria,Chickenpox,05,00,05-02-20,06-02-20,Under Control,"Cases reported from Village Khichkhidi, SHC"
Odisha,Khordha,Chickenpox,05,00,03-02-20,10-02-20,Under Control,"Cases reported from Ward No-1, Harijana Sahi, UPHC Mukundaprasad, Block Khordha. District RRT investigated the outbreak. Active case search done. Cases presented with fever, sore throat, maculopapular rash with vesicles and pustules. All cases treated. Health education given."
Punjab,Ludhiana,Chickenpox,14,00,08-02-20,08-02-20,Under Control,"Cases reported from Observation Home, Shimlapuri, Ludhiana. District RRT investigated the outbreak. Active case search done. Cases belonged to the age group 7-18 years. All cases treated. Cases were isolated. Health education given."
Uttar Pradesh,Mahoba,Acute Diarrhoeal Disease,40,00,05-02-20,05-20-20,Under Surveillance,"Cases reported from Village Pailka, SC Majhalwara, CHC Kabrai. District RRT investigated the outbreak. A hand pump was suspected to be contaminated and led to the increase in cases. A total of 03 water samples collected and sent to Jal Nigam Mahoba, result awaited. All cases treated. Health education given."
,Arunachal Pradesh,Papumpare,Chickenpox,08,00,31-01-20,,"Under Control Cases reported from Char Valley Tari School, Hawa Camp,"
,Odisha,Nayagarh,Food Poisoning,05,01,31-01-20,,"Under Control Cases reported from Village Marichia, GP Golapokhari,"
Odisha,Nabarangpur,Chickenpox,13,00,31-01-19,Under Control,"Cases reported from Village/SC Gadabakatara, CHC/Block Papadahandi. District RRT investigated the outbreak. Active case search done. All cases treated. Health education given.",
Punjab,Barnala,Chickenpox,20,00,10-02-20,Under Control,,"Cases reported from Village Bhadalwad, SC Vajidkekalan,"
Assam,Karimganj,Acute Respiratory Illness,08,06,12-02-20,,,"12-02-20 Under Control Cases reported from Nilambazar, SC Bazarghat,"
Gujarat,Banaskantha,Suspected Measles,09,00,14-02-20,,,"14-02-20 Under Surveillance Cases reported from Village/SC Majadar, PHC"
Gujarat,Mahesana,Suspected Measles,05,00,15-02-20,,,"15-02-20 Under Surveillance Cases reported from Village Junadelvada, SC"
Gujarat,Mahesana,Suspected Measles,10,00,12-02-20,,,"13-02-20 Under Surveillance Cases reported from Malharpura, UHC Kadi,"
Gujarat,Patan,Measles,05,00,12-02-20,13-02-20,Under Control,"Cases reported from PHC Sidhapur, Sidhapur"
Gujarat,Jamnagar,Acute Diarrhoeal Disease,37,00,13-02-20,17-02-20,Under Control,"Cases reported from Sanosara, SC Sanosara, PHC"
Haryana,Nuh,Chickenpox,10,00,12-02-20,18-02-20,Under Surveillance,"Cases reported from Village Nai Nangla, SC"
Jharkhand,East Singhbhum,Chickenpox,21,00,02-02-20,14-02-20,Under Control,"Cases reported from Village Raipur, HSC"
Jharkhand,Khunti,Chickenpox,09,00,12-02-20,12-02-20,Under Control,"Cases reported from Village Barkatoli, SC Echa,"
Jharkhand,West Singhbhum,Food Poisoning,72,00,14-02-20,14-02-20,Under Surveillance,Cases reported from Village Kasturba Gandhi
Kerala,Pathanamthitta,Acute Diarrheal Disease,12,00,11-02-20,11-02-20,Under Surveillance,"Cases reported from Village Naranamoozhy, HSC"
Madhya Pradesh,Umaria,Suspected Measles,15,00,13-02-20,13-02-20,Under Control,"Cases reported from Village Barkhera, SHC"
Odisha,Nabarangpur,Food Poisoning,04,02,12-02-20,13-02-20,Under Surveillance,"Cases reported from Village Dandamunda, SC"
Odisha,Sundargarh,Food Poisoning,25,00,14-02-20,17-02-20,Under Control,Cases reported from Sukuda Primary School
Punjab,Sasnagar,Chickenpox,09,00,11-02-20,13-02-20,Under Surveillance,Cases reported from Government Meritorious
Punjab,Faridkot,Chickenpox,11,00,10-02-20,18-02-20,Under Surveillance,"Cases reported from Govt. Primary School,"
Punjab,Moga,Mumps,09,00,15-02-20,15-02-20,Under Control,"Cases reported from Govt. Primary School,"
Tami Nadu,Tiruvannamalai,Acute Diarrheal Disease,31,00,13-02-20,17-02-20,Under Surveillance,"Cases reported from Village Palayanur/Periyeri,"
Tami Nadu,Dharmapuri,Suspected Poisoning,13,00,12-02-20,12-02-20,Under Surveillance,"Cases reported from Village Begarahalli Hr. Sec. School, HSC/PHC Begarhalli, Block Karimangalam. District RRT investigated the outbreak. A total of 02 samples of vomitus and 02 water samples collected and sent to DPHL, Dharmapuri, result awaited. All cases treated. Health education given on personal hygiene. Chlorination done."
Tami Nadu,Salem,Chickenpox,40,00,12-02-20,12-02-20,Under Surveillance,"Cases reported from Village/HSC/PHC Vanavasi, Block Nangavalli. District RRT investigated the outbreak. All cases treated. Cases isolated. Disinfection of schools, school bus and surrounding area done. Health education given."
West Bengal,Uttar Dinajpur,Food Poisoning,409,00,11-02-20,12-02-20,Under Surveillance,"Cases reported from Village Marnai Sharat Chandra High School, SC Marnai, GP Marnai, Block Itahar. District RRT investigated the outbreak. Active case search conducted. Females aged between 10 to 19 years were mostly affected, socio economic condition and nutritional status was moderate. A total of 04 stool samples collected and all were found negative for Salmonella, Shigella nad Vibrio group of organisms. All cases treated. Health education given."
,Jharkhand,East Singhbhum,Chickenpox,81,00,16-01-20,,"Under Control Cases reported from Village Amlatola, HSC Amlatola, Block"
Jharkhand,Saraikela Kharsawan,Chickenpox,15,00,05-02-20,Under Surveillance,,"Cases reported from Village Kopilong, HSC Sursi, CHC"
Jharkhand,Saraikela Kharsawan,Chickenpox,07,00,05-02-20,Under Surveillance,,"Cases reported from Village Sindri, HSC Mundatand, CHC"
Jharkhand,Saraikela Kharsawan,Chickenpox,09,00,08-02-20,Under Surveillance,,"Cases reported from Village Satbahini, UPHC Adiyapur,"
Jammu And Kashmir,Srinagar,Hepatitis A,39,00,05-10-19,Under Control,,"Cases reported from Sheikh Dawood Colony, Zone"
Kerala,Kasaragod,Malaria,05,00,29-01-20,Under Surveillance,,"Cases reported from Block Kasaba Kadappuram, HSC/PHC"
Kerala,Kozhikode,Hepatitis A,36,00,21-01-20,Under Surveillance,,"Cases reported from Village Engappuzha, HSC Puthupady,"
Kerala,Pathanamthitta,Hepatitis A,05,00,18-12-20,Under Surveillance,,"Cases reported from Village Pandalam Municipality, HSC"
Maharashtra,Bhandara,Chickenpox,10,00,31-01-20,Under Control,,"Cases reported from Village Bhojapur, SC Kudurli, PHC"
Maharashtra,Bhandara,Chickenpox,06,00,28-01-20,Under Control,,"Cases reported from Village Hattidoi, SC Mohadura, PHC"
Maharashtra,Bhandara,Food Poisoning,106,00,06-01-20,Under Control,,"Cases reported from Village Rohani, SC/PHC Kudegaon,"
Maharashtra,Kolhapur,Acute Diarrheal Disease,56,00,06-02-20,Under Control,,"Cases reported from Bujavade, SC Bujevade, PHC Adkur,"
Maharashtra,Raigad,Suspected Measles,05,00,29-01-20,Under Surveillance,,"Cases reported from Village/SC Taloja, PHC Wavanje, Block"
Odisha,Koraput,Acute Diarrhoeal Disease,20,00,08-02-20,Under Control,,Cases reported from SSD Girls High School G. PHC/CHC
West Bengal,Jhargram,Acute Diarrheal Disease,62,00,08-02-20,Under Surveillance,,"Cases reported from Village Khosa & Guri, GP Nepura,"
Assam,Tinsukia,Chickenpox,16,00,15-02-20,,,"21-02-20 Under Surveillance Cases reported from Village Chandmari TE,"
Gujarat,Mahisagar,Food Poisoning,48,00,23-02-20,,,23-02-20 Under Surveillance Cases reported from Balasinor Urban. District
Gujarat,Patan,Hepatitis E,12,00,21-02-20,,,"21-02-20 Under Surveillance Cases reported from Sidhpur, UPHC Sidhpur,"
Jharkhand,Godda,Suspected Measles,09,00,17-02-20,,,"20-02-20 Under Surveillance Cases reported from Poreyahat, Barmasia."
Jharkhand,Saraikela Kharsawan,Chickenpox,,,11,00,20-02-20,"22-02-20 Under Surveillance Cases reported from Village Shantinagar, UPHC"
Jammu and Kashmir,Kulgam,,Acute,,17,00,16-02-20,18-02-20 Under Surveillance Cases reported from Darul Aloom Simmaniya
Jammu and Kashmir,Srinagar,Hepatitis A,,,20,00,16-02-20,"22-02-20 Under Surveillance Cases reported from Gasoo Burzahama, Zadibal."
Karnataka,Kalaburagi,Acute Diarrhoeal Disease,,,35,00,18-02-20,"19-02-20 Under Surveillance Cases reported from Village Allur B, PHC/CHC"
Karnataka,Yadgiri,Acute Diarrhoeal Disease,,,13,00,18-02-20,"18-02-20 Under Surveillance Cases reported from Village Gaundalli,"
Maharashtra,Jalgaon,Acute Diarrheal Disease,20,00,19-02-20,21-02-20,Under Control,"Cases reported from Village Vadave, SC Hartala,"
Odisha,Angul,Food Poisoning,15,00,24-02-20,25-02-20,Under Control,"Cases reported from Champatimunda, SC Tumuni"
Punjab,Barnala,Hepatitis E,45,00,22-02-20,22-02-20,Under Surveillance,"Cases reported from Shahid Bhagat Singh Nagar,"
Punjab,Fatehgarh Sahib,Hepatitis E,10,00,19-02-20,19-02-20,Under Surveillance,"Cases reported from Village Kotla Dadheri, SC"
Rajasthan,Ajmer,Food Poisoning,32,00,22-02-20,23-02-20,Under Control,"Cases reported from Village Arjunpura Khalsa,"
Tamil Nadu,Sivaganga,Acute Diarrheal Disease,13,00,17-02-20,17-02-20,Under Surveillance,"Cases reported from Village Vettivayal, HSC"
Tamil Nadu,Tiruvannamalai,Food Poisoning,09,00,20-02-20,24-02-20,Under Surveillance,Cases reported from a school in Village
Tamil Nadu,Thanjavur,Acute Diarrheal Disease,61,00,17-02-20,20-02-20,Under Surveillance,"Cases reported from Village Ward 44, 45, &"
Tamil Nadu,Villupuram,Acute Diarrheal Disease,05,00,20-02-20,20-02-20,Under Surveillance,Cases reported from Village Navamalmarudhur
Telangana,Warangal Urban,Acute Diarrheal Disease,55,00,21-02-20,23-02-20,Under Control,Cases reported from Kasturiba Gandi Balika
Uttarakhand,Dehradun,Mumps,05,00,22-02-20,22-02-20,Under Surveillance,"Cases reported from Khurbura, Block Raipur."
West Bengal,Medinapur West,Food Poisoning,425,00,19-02-20,20-02-20,Under Surveillance,"Cases reported from Village Kundalpal, GP"
West Bengal,Malda,Food Poisoning,101,00,22-02-20,23-02-20,Under Surveillance,"Cases reported from Sripur Shinutola, Sripur colony & Etoaritola, SC Sripur Colony, GP Hamidpur, Block Kaliachak-II. District RRT investigated the outbreak. Active case search done. Cases gave history of consumption of food in a social gathering. A total of 02 stool and 05 water samples collected and sent to MMC&H, result awaited. All cases treated. Health education given."
,Bihar,,Madhubani,Chickenpox,07,00,08-02-20,"Under Surveillance Cases reported from Village Kharuna Yadav Tol, PHC"
,Jammu and Kashmir,,Sriagar,Chickenpox,40,00,04-11-19,"Under Control Cases reported from Moti Mohalla, Hazratbal. District RRT"
,Jammu And Kashmir,,Reasi,Food Poisoning,171,00,13-02-20,"Under Surveillance Cases reported from SC Bandhar, Heela & Thakrakote, PHC"
,Karnataka,,Dakshin Kannada,Food Poisoning,14,00,03-01-20,"Under Control Cases reported from School, Hostel in Venoor. District RRT"
Assam,Chirang,Chickenpox,06,02,20-02-20,25-02-20,Under Control,"Cases reported from Village Amlaguri, SC Champabatti NSC, BPHC Sidli. District RRT investigated the outbreak. Active case search done. Most cases gave history of travel to a Saralapara Village of Kokrajkhar District. A total of 05 serum samples collected and sent to GMCH, Guwahati Department Microbiology, result awaited. All cases treated. Health education given."
Assam,Dibrugarh,Hepatitis A,03,00,17-02-20,26-02-20,Under Surveillance,"Cases reported from Village Thanai Boroline Thanai TE, PHC/Block Lahoal. District RRT investigated the outbreak. Active case search done. The index case a 10 year old child presented with fever, yellowish discolouration of eyes, vomiting, headache, loss of appetite, pain abdomen. A total of 02 blood samples collected and sent to AMCH Microbiology Department and found positive for Hepatitis A by IgM ELISA. A total of 02 water samples collected for H S test and found fit for 2"
Assam,Dibrugarh,Food Poisoning,15,00,26-02-20,28-02-20,Under Surveillance,"consumption.. All cases treated. Health education given. Cases reported from Village Kalayanpur, PHC/Block Naharani. District RRT investigated the outbreak. Active case search done. Cases presented with headache, fever, diarrhea, pain abdomen and vomiting after consuming food in a social gathering. Water samples collected and sent to Public Health department, result awaited. All cases treated. Health education given."
Assam,Jorhat,Suspected Typhoid,09,00,17-02-20,24-02-20,Under Surveillance,"Cases reported from Titabor, BPHC Bojalkota, SC 2 no. Ajay Nagar. District RRT investigated the outbreak. Active case search done. Cases presented with fever, pain abdomen, generalized weakness and body ache. The health and hygiene in the affected area was satisfactory. Most of the cases were below 15 years of age. A total of 03 blood samples collected and sent to Microbiology Department, JMCH, result awaited. All cases treated. Health education given."
IDSP-NCDC Assam,Lakhimpur,Food Poisoning,81,00,22-02-20,26-02-20,Under Control,"910 4 | Pa ge Cases reported from Padigaon, SC Raidongia, BPHC Dhalpur. District RRT investigated the outbreak. Active case search done. Cases presented with loose stools, pain abdomen and vomiting after consuming food in a social gathering. A total of 03 rectal swab samples collected and showed growth of E. coli in all 03 samples. A total of 02 water samples were collected and were found unfit by MPN test. All cases treated. Health education given on hand"
Assam,Tinsukia,Chickenpox,25,00,22-02-20,29-02-20,Under Surveillance,"hygiene and personal hygiene. Cases reported from Village/SC Monkhooshi, BPHC Hapjan. District RRT investigated the outbreak. Active cases search done. Cases presented with fever, headache and vesicular eruption. All cases belonged to the tea tribe community. The affected household had poor sanitation and hygiene. All cases treated. Health education given."
Assam,Udalguri,Chickenpox,08,00,20-02-20,28-02-20,Under Surveillance,"Cases reported from Village Dharamjuli Jungle, SC Rajagarh, MPHC Pachim Patla, BPHC Khoirabari. District RRT investigated the outbreak. Active case search done. Cases presented with fever with rash. No travel history noted. The hygienic condition in the affected area was found to be poor. A total of 03 serum samples were collected and sent to GMCH, Guwahati, result awaited. All cases treated. Health education given."
Bihar,Jahanabad,Chickenpox,17,00,22-02-20,28-02-20,Under Control,"Cases reported from Village Pakari, APHC Mandil, PHC Sikariya, Block Sadar. District RRT investigated the outbreak. Active case search conducted. Cases presented with fever, papulovesicular rash. Male were more affected than female. Most cases belonged to the age group 4-10 years. A total of 05 blood samples were collected and sent to PMCH, Patna, result awaited. All cases treated. Health education given on sanitation and"
Gujarat,Narmada,Food Poisoning,09,00,27-02-20,27-02-20,Under Surveillance,"hygiene. Cases reported from Village Khuparbunda (Aganvadi), SC Badda, PHC Khaidipada, Taluk Dediyapada. District RRT investigated the outbreak. Active case search done. Cases occurred probably due to consumption of contaminated milk. All cases treated. Health education given."
IDSP-NCDC Gujarat,Narmada,Jatropha Poisoning,06,00,27-02-20,28-02-20,Under Surveillance,"911 5 | Pa ge Cases reported from Village Shaherav (Tarshal), SC Shaherav, PHC Poicha, Taluk. District RRT investigated the outbreak. Active case search done. All 06 were children and gave history of consuming rattan jyot seeds while playing and developed pain abdomen, vomiting and diarrhea.. All cases treated."
Jharkhan d,Pakur,Chickenpox,28,00,17-02-20,29-02-20,Under Surveillance,"Health education given. Cases reported from Village Sonadhani (Santhal Tola), HSC Barmashiya, CHC Littipara, Block Littipara. District RRT investigated the outbreak. House to house survey conducted. A total of 07 blood samples collected and sent to RIMS Ranchi, result awaited. All cases treated. Health education"
Jharkhan d,Godda,Food Poisoning,14,00,02-03-20,03-03-20,Under Control,"given. Cases reported from Poreyahat Devdand, Shyamlaltuddu Memorial Middle School Chorbad. District RRT investigated the outbreak. Cases presented with pain abdomen, headache, nausea after consuming puffed rice with ghugni. All cases treated. Health education given."
Jharkhan d,West Singhbhum,Chickenpox,32,00,25-02-20,28-02-20,Under Surveillance,"Cases reported from Village Jangiburu, HSC Mahaburu, CHC Manjhari. District RRT investigated the outbreak. Cases presented with fever and maculopapular rash. All cases were below 20 years of age. A total of 05 blood samples collected and sent to DPHL Sadar Chaibasa, result awaited. All cases isolated and treated. Health"
Karnatak a,Chamarajana gar,Acute Diarrheal Disease,10,00,11-02-20,24-02-20,Under Control,"education given. Cases reported from Village Nagavalli, SC Nallur Mole, PHC Nagavalli. District RRT investigated the outbreak. Active case search conducted. All cases treated. Chlorination of overhead tanks done in the affected area. Health education given on hand and water hygiene."
IDSP-NCDC Karnatak a,Raichur,Chikungunya,06,00,24-02-20,24-02-20,Under Control,"912 6 | Pa ge Cases reported from SC/PHC Gurugunta, Block Linsugur. District RRT investigated the outbreak. State and District NVBDCP officials were informed. House to house survey conducted. High mosquito density with huge number of breeding sites observed. A total of 06 blood serum samples collected and sent to DSL Raichur, of this 01 sample was found positive for Chikungunya by IgM ELISA. All cases treated. Fogging done in the affected area."
Kerala,Wayanad,Acute Diarrheal Disease,47,00,21-02-20,26-02-20,Under Surveillance,"Health education given. Cases reported from Village Vellamunda, HSC Palayana, PHC Vellamunda, Block Manathavady. District RRT investigated the outbreak. House to house survey conducted. Cases presented with loose stools and pain abdomen. A total of 05 stool samples collected and sent to MCVR, result awaited. All cases treated. Medical camp organized in the affected area. Health education given."
Maharash tra,Ahmednagar,Suspected Measles,08,00,17-02-20,27-02-20,Under Control,"Cases reported from Village Pirewadi, Akola Lohsar Joharwadi Malewadi Dangewadi, Taluk Pathardi. District RRT investigated the outbreak. House to house survey conducted. Cases presented with fever with rash. All cases gave history of measles vaccination. A total of 05 serum samples collected and sent to Haffkine Lab, Mumbai, result awaited. All cases treated. Vitamin A given to cases. Health"
Maharash tra,Sindudurng (Kudal),Kyassanur Forest Disease,02,01,17-02-20,24-02-20,Under Surveillance,"education given. Cases reported from Padve Dhangar, SC Kalane, PHC Morgaon, Taluk Dodamarg. District RRT investigated the outbreak. State and District NVBDCP officials were informed. The deceased was a 70y/M. A total of 07 samples collected and sent to NIV Pune result awaited. All cases treated. Larvicidal measures and tick control measures"
Maharash tra,Sindudurng (Kudal),Acute Diarrheal Disease,49,00,22-02-20,25-02-20,Under Surveillance,"undertaken. Health education given. Cases reported from SC Sateli Bhedashi, PHC Sateli Bhedashi, Taluk Dodamarg. District RRT investigated the outbreak. House to house survey conducted. A total of 06 water samples collected and sent to Lab Sawantwadi, result awaited. A total of 03 stool samples collected and sent to DPHL, result awaited. All cases treated. Water supply from contaminated well stopped. Health education given."
IDSP-NCDC Madhya Pradesh,Khargon,Chickenpox,51,00,12-02-20,25-02-20,Under Surveillance,913 7 | Pa ge Cases reported from Asthagram Trust Rahimpura Block Khargone. District RRT investigated the outbreak. Active case search done. Most cases were below 14 years of age. All cases treated. Health education given.
Madhya Pradesh,Rewa,Food Poisoning,15,00,21-02-20,24-02-20,Under Surveillance,"Cases reported from Village Gyanoday Vidyalay Boys Hostel Jhiriya Rewa Urban. District RRT investigated the outbreak. Active case search conducted. Cases presented with nausea, pain abdomen and loose stools after consuming food from a common place. Water samples collected and sent to PHE and food sample collected, result"
Madhya Pradesh,Sheopur- Kalan,BHC poisoning,06,00,25-02-20,26-02-20,Under Control,"awaited. All cases treated. Health education given. Cases reported from Dhab Ki Talai, SHC Auchapura, Block Vijaypur. District RRT investigated the outbreak. Active case search done. It was found that there was accidental mixing of small amount of BHC powder in wheat flour which was used to make chapatti. All cases treated. Health"
Meghalay a,South Garo Hills,Chickenpox,08,00,27-02-20,02-03-20,Under Surveillance,"education given. Cases reported from Village Konagittim, SC Gasuapara, PHC Sibbari, Block Gasuapara. District RRT investigated the outbreak. House to house survey conducted. Cases presented with fever with rash. All cases treated. Health education given."
Odisha,Balasore,Food Poisoning,21,00,27-02-20,27-02-20,Under Control,"Cases reported from Village Pratapur (Hamlet- Bhagbanpur), SC Pratapur, CHC Iswarpur, Block Oupada. District RRT investigated the outbreak. Active case search conducted. Cases presented loose stools and pain abdomen after consuming food in a social gathering. All cases treated. ORS packets and Halogen tablets distributed in the affected area. Health education given on food hygiene and hand- washing."
IDSP-NCDC Odisha,Balasore,Food Poisoning,09,00,01-03-20,03-03-20,Under Control,"914 8 | Pa ge Cases reported from Village Khalamuhani, GP Debhog, CHC/Block Baliapal. District RRT investigated the outbreak. Active case search conducted. Cases presented with vomiting, pain abdomen, headache and loose stools after consuming non- veg food. All cases treated. ORS and Halogen tablets distributed in the affected area."
Odisha,Balasore,Food Poisoning,30,00,01-03-20,03-03-20,Under Control,"Health education given. Cases reported from Banabhuin Govt High school, Village Banabhuin, CHC Berhampur, Block Nilgiri. District RRT investigated the outbreak. Active case search conducted. Cases presented with vomiting, pain abdomen, headache and loose stools after consuming food. All cases were treated. ORS packets and Halogen tablets were distributed in the affected area. Health education given."
Punjab,Ludhiana,Viral Hepatitis,10,00,24-02-20,24-02-20,Under Surveillance,"Cases reported from Durlabh Nagar And Kang Mohalla, Samrala. District RRT investigated the outbreak. Active case search conducted. A total of 04 blood samples collected and sent to DPHL, Ludhiana. A total of 05 water samples collected result awaited. All cases treated. Chlorine pellets distributed in the affected area. Health education"
Tamil Nadu,Thanjavur,Chickenpox,09,00,25-02-20,01-03-20,Under Control,"given. Cases reported from Village Vivekananda School, HSC Thirulogi, PHC Thugili. District RRT investigated the outbreak. All cases treated. Health education given."
Tamil Nadu,Thiruvallur,Food poisoning,45,00,25-02-20,25-02-20,Under Surveillance,"Cases reported from HSC Odhapai, PHC Katchur, Block Poondi. District RRT investigated the outbreak. Active case search conducted. A dead lizard was found in the lentil soup served. Cases presented with vomiting after consuming the soup. A total of 03 water samples collected and sent to DPHL, Thiruvallur was found to be non potable. All cases treated. Health education given."
IDSP-NCDC Uttar Pradesh,Ghazipur,Chickenpox,12,00,25-02-20,25-02-20,Under Control,"915 9 | Pa ge Cases reported from Village Churamanpur (Jhoriya), Post Dullahpur, CHC Jakhniya, Block Jaknia. District RRT investigated the outbreak. Active case search conducted. Cases presented with fever, cough, cold and rash. Most cases belonged to the age group 5-14 years. All cases treated. Health"
Uttarkhan d,U S Nagar,Food Poisoning,98,00,24-02-20,01-03-20,Under Control,"education given. Cases reported from Village Basantipur, Block Gadarpur. District RRT investigated the outbreak. Active case search done. Most cases belonged to the age group 20-30 years. A total of 03 food samples collected and sent to Rudrapur Lab, result awaited. All cases treated. Health education given. Cases reported from Village Parbelia. - Parbelia 8"
West Bengal Kerala,Purulia Thrissur,Acute Diarrhoeal Disease COVID-19,68,00,27-02-20 27-01-20,28-02-20 Follow up,Under Surveillance Under Surveillance,"no. Colony and Amdanga 3 no. Colony (ECL Colony), SC Parbelia, Block Neturia. District RRT investigated the outbreak. Active case search done. Drinking water source which was contaminated may have been the source of infection. Men and women both were affected. A total of 02 rectal samples collected and sent to BSMCH showed growth of normal commensal. A single water sample collected and tested at PHE was found to be contaminated with TC and E.coli. All cases treated. Halazone tablets were distributed in the affected area. Instructions given to clean drinking water source and chlorinate drinking water regularly. Health education given. Case reported from Village Mathilakom, HSC Perijanam, PHC/Block Mathilakam. District RRT investigated the outbreak. Case gave history of travel from Wuhan, China. She left from the affected country 23-1-20 and reached Cochin, Kerala 25-01-20. A total of 95 contacts were traced all are asymptomatic and negative for COVID 19. Case treated. Health education given."
Assam,Karimganj,Suspected Measles,05,00,,,05-03-20,"06-03-20 Under Surveillance Cases reported from SC Lamar Bahadupur Medha, BPHC Girishganj. District RRT investigated the outbreak. House to house survey conducted. Throat swab and serum samples collected and result awaited. All cases treated. Health education given."
Bihar,Buxar,Acute Diarrhoeal Disease,50,00,,,03-03-20,"07-03-20 Under Surveillance Cases reported from Village Ariyaon, PHC/Block"
Bihar,West Champaran (Bettiah),Suspected Measles,23,00,,,06-02-20,"03-03-20 Under Surveillance Cases reported from Nautan, HSC Pathak jee ke"
Chhattis garh,Raigarh,Chickenpox,11,00,,,01-03-20,"03-03-20 Under Surveillance Cases reported from Village Bade Dumarpali, SHC Pamgarh, CHC Chaple. District RRT investigated the outbreak. Active case search conducted. All cases treated. Health camp organized in the affected area. Health education given."
Daman and Diu,Daman,Acute Diarrheal Disease,14,00,04-03-20,04-03-20,Under Control,"Cases reported from Aashramshala, Bhimpore."
Haryana,Nuh,Suspected Pertussis,12,00,04-03-20,11-03-20,Under Surveillance,"Cases reported from Village Bond and Sirdhrawat,"
Haryana,Nuh,Chickenpox,05,00,03-03-20,09-03-20,Under Surveillance,"Cases reported from Village/SC Nahida, PHC Punhana. District RRT investigated the outbreak. Active case search conducted. Cases presented with fever with rash. All cases treated. Health education given."
Jharkha nd,Deoghar,Measles,01,00,02-03-20,04-03-20,Under Surveillance,Case reported from Kasturba Balika Vidyalaya
Karnata ka,Dharwad,Suspected Measles,04,00,06-03-20,06-03-20,Under Surveillance,"Cases reported from Village Kumreshwara Nagar, UPHC Dharwad, Taluk Dharwad. District RRT investigated the outbreak. Active case search conducted. Cases presented with fever with rash. All cases treated. Vitamin A given in the affected area. Health education given."
Karnata ka,Dharwad,Chickenpox,05,00,04-03-20,04-03-20,Under Control,"Cases reported from Village Lakmapur, PHC-U Betageri, Taluk Dharwad. District RRT investigated the outbreak. Active case search conducted. Cases presented with fever with rashes on the face, trunk and extremities. All cases treated. Health education given."
Karnata ka,Raichur,Chikungunya,08,00,02-03-20,02-03-20,Under Control,"Cases reported from Village Hire Bergi, SC/PHC"
Kerala,Pathanamti tta,COVID19,05,00,08-03-20,08-03-20,Under Surveillance,"Cases reported from Village Ranni Pazhavangadi,"
Odisha,Jajpur,Chickenpox,12,00,01-03-20,04-03-20,Under Control,"Cases reported from Village Jenapur, SC Jenapur, PHC N- Jenapur, Block Dharmasala. District RRT investigated the outbreak. Active case search done. The index case had attended school after onset of illness which may have led to the spread of infection. All cases treated. Health education given."
Odisha,Koraput,Suspected Anthrax,02,00,03-03-20,04-03-20,Under Control,"Cases reported from Village Rupuguda, GP/SC"
Odisha,Cuttak,Jaundice,08,00,02-03-20,03-03-20,Under Control,"Cases rported from Sikharpur Tala Sahi, Block"
Odisha,Mayurbhan j,Food Poisoning,11,00,01-03-20,02-03-20,Under Control,"Cases reported from Village/SC Digal Astia, CHC"
Odisha,Koraput,Food Poisoning,07,00,11-03-20,12-03-20,Under Control,"Cases reported from Village Dumdumiguda, GP"
Punjab,SAS Nagar,Chickenpox,13,00,11-03-20,12-03-20,Under Surveillance,"Cases reported from Slum area Baironpur, SHC"
,Assam,Darrang (Mangaldoi),Chickenpox,04,00,29-02-20,,"Under Surveillance Cases reported from Village Lozora, SC Japmarabari, BPHC"
Bihar,Madhubani,Chickenpox,,,20,00,03-01-20,"Under Surveillance Cases reported from Village Andheri, HSC Damodarpur,"
Bihar,Madhubani,Chickenpox,,,20,00,26-01-20,"Under Surveillance Cases reported from Village/HSC Pirokhar, PHC Madhwapur."
Delhi,South West,,Suspected,,10,00,23-02-20,"Under Surveillance Cases reported from Hanuman Camp, R,K, Puram, Sec-02."
Jammu and Kashmir,Kupwara,,Acute,,41,00,28-02-20,"Under Surveillance Cases reported from Shartgund Bala, Langate. District RRT"
Kerala,Ernakulam,Cholera,,,01,00,21-02-20,"Under Surveillance Case reported from Village/PHC Valakam, Block Pandapilly."
Maharashtra,Aurangabad,Leptospirosis,,,01,01,19-02-20,"Under Surveillance Case reported from Village Tidka, SC Nandgaon, PHC"
Maharashtra,Bhandara,Food Poisoning,95,00,26-02-20,Under Surveillance,,"Cases reported from Village Zarap, SC Murmadi, PHC"
Maharashtra,Yavatmal,Mumps,28,00,27-02-20,Under Surveillance,,Cases reported from Ralegaon. District RRT investigated the
Odisha,Mayurbhanj,Jaundice,09,00,20-02-20,Under Control,,"Cases reported from Village Nuasahi, SC Nagapal, CHC Pur."
Odisha,Ganjam,Chickenpox,18,00,15-02-20,Under Surveillance,,"Cases reported from Village Nerkaguda, GP Lulla, SC Lulla,"
Arunachal Pradesh,Anjaw,Food Poisoning,27,02,14-03-20,14-03-20,Under Surveillance,"Cases reported from Sarti Govt. Boarding School,"
Assam,Darrang (Mangaldoi),Food Poisoning,70,00,09-03-20,11-03-20,Under Control,Cases reported from Village/SC Mollapara BPHC
Assam,Lakhimpur,Food Poisoning,16,00,12-03-20,15-03-20,Under Surveillance,"Cases reported from Lukampur, SC Dolohat, BPHC"
Gujarat,Mahesana,Measles,07,00,08-03-20,11-03-20,Under Surveillance,"Cases reported from Village Ramosana, SC Palodar,"
Gujarat,Mahesana,Measles,05,00,09-03-20,11-03-20,Under Surveillance,"Cases reported from Desainagar, UHC Manavashramta. District RRT investigated the outbreak. Active case search conducted. A total of 05 serum samples collected and sent to BJMC, Ahmedabad. Result awaited. All cases treated. Health education given."
Himachal Pradesh,Mandi,Acute Diarrhoea l Disease,33,00,10-03-20,12-03-20,Under Surveillance,"Cases reported from Village Chailchowk Rehan,"
Jharkhand,West Singhbhum,Food Poisoning,50,00,06-03-20,09-03-20,Under Surveillance,"Cases reported from Village Tilingdiri, HSC"
Odisha,Kandhamal,Acute Diarrhoea l Disease,64,00,13-03-20,15-03-20,Under Control,Cases reported from
Odisha,Balasore,Food Poisoning,11,00,11-03-20,11-03-20,Under Control,"Cases reported from Village Ranasingpur, SC"
Tamil Nadu,Thanjavur,Chickenp ox,17,00,12-03-20,12-03-20,Under Control,"Cases reported from Village Ward 31 (Andu Illam,"
Tamil Nadu,Thiruvarur,Acute Diarrheal Disease,32,00,10-03-20,11-03-20,Under Surveillance,Cases reported from Village Thiruvarur
Bihar,,Madhubani,Chickenpox,,,51,00,"16-01-20 Under Surveillance Cases reported from Village Mainnapatti Dih Tol, HSC"
Bihar,,Nalanda,Chickenpox,,,15,00,"24-02-20 Under Surveillance Cases reported from Village Mainnapatti Dih Tol, HSC"
Maharashtra,,Latur,Food Poisoning,,,10,00,"21-02-20 Under Control Cases reported from Village Hasegaonwadi, SC/PHC"
Tamil Nadu,,Perambalur,Chickenpox,,,07,00,"05-03-20 Under Control Cases reported from Village Ayukudi, PHC Maruvathur,"
Bihar,Bhojpur,Chickenpox,28,00,25-02-20,,,"16-03-20 Under Control Cases reported from Village/HSC Fuhan, PHC"
Bihar,Buxar,Chickenpox,21,00,10-03-20,,,19-03-20 Under Control Cases reported from Village/HSC Purana
Bihar,Katihar,Chickenpox,17,00,26-02-20,,,"20-03-20 Under Control Cases reported from PHC Kursela, Tengariya"
Gujarat,Botad,Crimean Congo Haemorrhagi c Fever,01,00,04-03-20,,,"18-03-20 Under Control Case reported from Village Paliyad, SC Paliyad"
Karnataka,Raichur,Dengue,15,00,16-03-20,17-03-20,Under Control,"Cases reported from Village Katti, SC Baban, PHC Sajjalgudda, Block Lingsugur. District RRT investigated the outbreak. House to house survey conducted. High mosquito density and high breeding sites observed. Poor hygiene conditions and sanitation observed. A total of 15 serum blood samples collected and tested at DSL, Raichur and 01 sample positive for Dengue by IgM ELISA. All cases treated. Source reduction activities undertaken. Fogging done. Health education given."
West Bengal,Nadia,Food Poisoning,40,00,19-03-20,20-03-20,Under Control,"Cases reported from Village Raynagar Daspara, GP Nokari, Block Ranaghat-II. District RRT investigated the outbreak. House to house survey conducted. A total of 05 rectal swab, food samples and water sample collected and result awaited. All cases treated. Health education given."
Karnataka,Ramanagara,Acute Diarrhoeal Disease,62,00,31-03-20,31-03-20,Under Control,"Cases reported from Village Paruvanapalya, PHC/CHC Harohalli, Taluk Kanakapura. District RRT investigated the outbreak. House to house survey done. Cases presented symptoms of loose motion and vomiting. 02 stool samples collected and sent to BMC Bangalore were negative for cholera culture. 05 water samples PHI Bangalore. All cases treated. IEC done regarding safe"
Maharashtra,Akola,Chickenpox,10,00,30-03-20,30-03-20,Under control,"drinking water and personal hygiene. Cases reported from Village Khadki, Akola Kapshi Chandur. District RRT investigated the outbreak. House to house survey done. Serum samples collected. All cases treated. Health education given."
Assam,Sonitpur,Food Poisoning,06,00,11-04-20,,,"13-04-20 Under Surveillance Cases reported from Village Bordekorai No-1, SC"
Dadra and Nagar Haveli,Dadra and Nagar Haveli,Suspected Mumps,05,00,08-04-20,,,"08-04-20 Under Control Cases reported from Village Umarkuli Hatpada,"
Himachal Pradesh,Jawali Kangra,Acute Viral Hepatitis,195,01,10-04-20,,,11-04-20 Under Control Cases reported from Village Jawali Ward No.
Karnataka,Chikkamgaluru,Fever,26,00,03-04-20,,,"12-04-20 Under Control Cases reported from Village Ninganahalli, SC"
Karnataka,Raichur,Acute Diarrhoeal Disease,42,00,11-04-20,,,"11-04-20 Under Control Cases reported from Village Devarabhapur,"
,Chhattisgarh,Raipur,Hepatitis E,09,00,11-04-20,,Under Control Cases reported from Shivaji Nagr Daldal Shivni Ward NO-26
,Kerala,Kozhikode,Hepatitis A (Suspected),16,00,27-03-20,,"Under Surveillance Cases reported from Village Paigotupuram, HSC/PHC"
,Tamil Nadu,Virudhunagar,Typhoid,14,00,17-03-20,,Under Control Cases reported from Village Athikulam. HSC
,Tamil Nadu,Vellor-Ranipet,Acute Diarrheal Disease,10,00,18-03-20,,"Under Control Cases reported from Village Poigainallur Colany, HSC"
Assam,Kamrup,Chickenpox,07,00,14-04-20,,,19-04-20 Under control Cases reported from Village Baidyapara & Na-
Assam,Lakhimpur,Chickenpox,04,00,14-04-20,,,"19-04-20 Under control Cases reported from Village Dhalbasti,"
Karnataka,Uttara Kannada,Kyasanur Forest Disease,01,01,17-04-20,,,"16-04-20 Under Control Cases reported from PHC/CHC Kumbarwada,"
Maharashtra,Chandrapur,Food Poisoning,40,00,11-04-20,,,"14-04-20 Under control Cases reported from Village Ajaypur, PHC"
Tamil Nadu,Nagapatinam,Acute Diarrheal Disease,11,00,14-04-20,,,"19-04-20 Under control Cases reported from Village Nathapallam, SC"
,Maharashtra,Gadchiroli,Malaria,14,01,03-04-20,,"Under control Cases reported from Village Bangali, SC Laheri, PHC Laheri,"
,Puducherry,Puducherry,Cholera,02,00,01-04-20,,"Under control Cases reported from 44 Maiammankoil street, pet"
Assam,Kamrup,Typhoid,45,00,18-04-20,,,"21-04-20 Under Control Cases reported from Village Amingaon Area, SC"
Assam,Nagaon,Leptospirosis,02,01,22-04-20,,,22-04-20 Under Control Cases reported from Village Gendhuwa Pathar
Assam,Darrang,Bacillary Dysentery,26,00,24-04-20,,,"29-04-20 Under Control Cases reported from Village Senpatipara, SC"
Bihar,Madhubani,Chickenpox,83,00,23-04-20,,,"25-04-20 Under Surveillance Cases reported from Village Dighiya, HSC"
Haryana,Kurukshetra,Hepatitis E,08,00,27-04-20,27-04-20,Under Surveillance,"Cases reported from PHC Pipli, Kurukshetra."
Maharashtra,Kolhapur,Dengue,04,00,21-04-20,22-04-20,Under Surveillance,"Cases reported from AP Sangwadewadi, SC"
Maharashtra,Kolhapur,Acute Diarrheal Disease,607,00,21-04-20,22-04-20,Under Control,Cases reported from Village Doulatwadi
,Assam,Sonitpur (Tezpur),Scrub Typhus,02,00,03-03-20,,"Under Control Cases reported from Village Dhekiajuli, BPHC Garubandha"
,Assam,Sonitpur (Tezpur),Food Poisoning,06,00,13-04-20,,"Under Control Cases reported from Village Bordekorai No-1, SC Bordekorai"
,Kerala,Ernakulam,Dengue,17,00,03-04-20,,"Under Surveillance Cases reported from Village Kothamangalam, PHC"
Assam,Sibsagar,Mushroom Poisoning,04,03,28-04-20,,,"01-05-20 Under Control Cases reported from Sapekhati, SC Bhugbari"
Assam,Sonitpur (Tezpur),Mushroom Poisoning,12,00,29-04-20,,,"01-05-20 Under control Cases reported from Village South Morangaon, SC"
Assam,Udalguri,Food Poisoning,17,00,03-05-20,,,"03-05-20 Under control Cases reported from Village Bamunjuli Tea Estate,"
Assam,Jorhat,Chickenpox,05,00,29-04-20,,,"03-05-20 Under control Cases reported from Village Simaluguri Gaon,"
Chhattisgarh,Gariyaband,Acute Diarrheal Disease,21,00,26-04-20,30-04-20,Under Control,"Cases reported from Village Kodobatar, SC"
Karnataka,Chikmagalur,Acute Diarrheal Disease,50,00,28-04-20,28-04-20,Under Control,"Cases reported from Village Halehalli Colony,"
Karnataka,Hassan,Chikungunya,17,00,25-04-20,28-04-20,Under control,"Cases reported from Village Narayanapura,"
Karnataka,Tumakuru,Food Poisoning,109,00,27-04-20,27-04-20,Under control,"Cases reported from Village Thubinakere,"
Karnataka,Tumakuru,Food Poisoning,10,00,27-04-20,28-04-20,Under control,"Cases reported from Village Kyadi Gunte,"
Karnataka,Uttara Kannada,Food Poisoning,17,00,30-04-20,30-04-20,Under Control,"Cases reported from Village Mainalli, PHC/CHC"
Meghalaya,Jaintia Hills,Mushroom Poisoning,21,06,23-04-20,27-04-20,Under control,"Cases reported from Village/SC Lamin, CHC"
Maharashtra,Ratnagiri,Viral Hepatitis,07,00,28-03-20,29-04-20,Under control,Cases reported from Derwan Hospital
,Kerala,Palakkad,Dengue,12,00,10-04-20,,"Under Control Cases reported from Village/HSC Anakara, PHC Kumbidi,"
,Kerala,Thrissur,Hepatitis A,15,00,16-02-20,,"Under Control Cases reported from Village Thrissur Corporation, HSC"
,Maharashtra,Chandrapur,Malaria,35,02,07-04-20,,"Under Control Cases reported from Villages Murti and Annur, PHC"
Kerala,Kasaragod,Dengue,44,00,07-05-20,,,11-05-20 Under Surveillance Cases reported from multiple villages of PHC
Kerala,Kollam,Dengue,13,01,09-05-20,,,"11-05-20 Under Surveillance Cases reported from Village Yeroor Ward-17,"
,Assam,Nalbari,Chickenpox,04,00,11-04-20,,"Under Control Cases reported from Village/SC Balikaria, PHC Kamarkuchi,"
,Chhattisgarh,Raipur,Hepatitis E,65,00,03-04-20,,"Under Control Cases reported from Mangal Bazar, Eidgahbhat & Sweeper"
,Kerala,Pathanamthitta,Dengue,18,00,03-04-20,,"Under Control Cases reported from Village Vechoochira and Naranamoozhy,"
Kerala,Ernakulam,Dengue,43,00,13-04-20,Under Surveillance,,"Cases reported from Village Payipra, PHC Payipra, Block"
Kerala,Kottayam,Hepatitis A,13,00,20-02-20,Under Surveillance,,"Cases reported from Village Puthusserim HSC Ward-VII, PHC"
Telangana,Wanaparthy,Dengue,73,00,06-04-20,Under Surveillance,,"Cases reported from Village/SC Amarachintha, PHC"
Assam,Dibrugarh,Acute Diarrheal Disease,21,00,14-05-20,,,"16-05-20 Under control Cases reported from Village 26 Ghoria Gaon, SC"
Assam,Jorhat,Japanese Encephalitis,04,00,18-04-20,,,"15-05-20 Under control Cases reported from Village Titabor, Nakachari,"
Manipur,Bishnupur,Japanese Encephalitis,01,00,13-05-20,,,13-05-20 Under control Cases reported from Village Moirang. District
Odisha,Bolangir,Acute Diarrheal Disease,52,00,14-05-20,,,16-05-20 Under control Cases reported from CHC Deogaon. District RRT
West Bengal,Bankura,Food Poisoning,123,00,16-05-20,,,"16-05-20 Under control Cases reported from Monohartola, Rampur, Ward"
,Arunachal Pradesh,Dibang valley,Enteric Fever,12,00,11-05-20,,Under control Cases reported from Anini Township. District RRT
,Assam,Karbi-Anglog (Diphu),Food Poisoning,104,00,08-05-20,,"Under control Cases reported from CRPF Camp Birla Gate, SC Rongkhelon,"
,Sikkim,East Singtam Gangtok,Acute Diarrheal Disease,71,00,07-05-20,,Under control Cases reported from ITBP Tadong And ITBP Namli East
,Uttar Pradesh,Khusi Nagar,Chickenpox,06,00,04-05-20,,"Under control Cases reported from Village Khajuria No 3, CHC/Block"
Assam,Lakhimpur,Suspected Mushroom Poisoning,05,00,23-05-20,,,"23-05-20 Under Control Cases reported from Village Dirgha Pathar, SC"
Dadra and Nagar Haveli,Dadra and Nagar Haveli,Typhoid,174,00,16-05-20,,,18-05-20 Under Control Cases reported from Village Surangi Parsipada
Himachal Pradesh,Kangra,Acute Diarrheal Disease,319,00,18-05-20,19-05-20,Under Control,Cases reported cases from Panchayat Nanahar
Kerala,Wayanad,Acute Diarrhoeal Disease,22,00,22-05-20,25-05-20,Under Control,"Cases reported from Village Bathery, HSC/PHC"
Maharashtra,Amravati,Dengue,10,00,17-05-20,20-05-20,Under Control,"Cases reported from Village Shirajgaon Mozri,"
Maharashtra,Kolhapur,Chikungunya,17,00,19-05-20,19-05-20,Under Control,"Cases reported from Rajendra Nagar. District RRT investigated the outbreak. State and District NVBDCP officials were informed. House to house survey was conducted. The affected area is urban slum, practice of water storage in containers was observed serving as potential breeding sites. A total of 19 blood serum samples collected and sent to SSH, CPRH Kolhapur, of these 17 samples found to be positive for Chikungunya by IgM ELISA. All cases treated. Source reduction activities undertaken. Fogging done. Vector control measures implemented. Health Education given"
Chhattisgarh,Rajnadgaon,Malaria,05,00,09-05-20,Under Control,,"Cases reported from Village Arsitola, SC Kokpur, PHC"
Kerala,Ernakulam,Dengue,43,00,11-05-20,Under Control,,Cases reported from Pandapilly Paipra. District RRT
Kerala,Malappuram,Dengue,20,00,28-04-20,Under Control,,"Cases reported from Village/HSC/PHC Vattamkulam, Block"
Maharashtra,Chandrapur,Dengue & Chikungunya,42,00,14-05-20,Under Control,,"Cases reported from Village Kudesawali, PHC Tohogaon,"
Maharashtra,Chandrapur,Chikungunya,54,00,14-05-20,Under Control,,"Cases reported from Village Naiknagar, PHC Patan, Taluk"
Gujarat,Vaddodara,Viral Hepatitis,09,00,29-05-20,,,"30-05-20 Under Control Cases reported from Village Manjusar, PHC"
Maharashtra,Chandrapur,Dengue,05,00,23-05-20,,,"30-05-20 Under Control Cases reported from Village Kolari, PHC"
Maharashtra,Washim,Dengue,06,00,22-04-20,,,"28-05-20 Under Control Cases reported from Village Chichamabhar,"
Telangana,Adilabad,Food Poisoning,22,00,25-05-20,,,"27-05-20 Under Control Cases reported from Shyamnaik Tanda, Mdl"
Telangana,Adilabad,Food Poisoning,46,00,23-05-20,25-05-20,Under Control,"Cases reported from Sundaraiah Nagar, Kursheed Nagar area. District RRT investigated the outbreak. Active search for cases done. Cases consumed food in a social ceremony and presented symptoms of loose motion and vomiting. All cases treated symptomatically. Health education given regarding food hygiene and sanitation."
Kerala,Ernakulam,Hepatitis A,16,00,07-04-20,Under Control,,"Cases reported from Village Purayar, PHC Chengamanad,"
Maharashtra,Bhandara,Viral Fever,24,00,18-05-20,Under Control,,"Cases reported from Village Rajani, SC/PHC Sarandi, Block"
Andhra Pradesh,Visakhapatnam,Food Poisoning,44,01,04-06-20,,,"05-06-20 Under Control Cases reported from Village Donkivalasa, PHC"
Maharashtra,Kolhapur,Cholera,199,00,01-06-20,,,"03-06-20 Under Control Cases reported from SC Amroli, PHC Adkur,"
Punjab,Nawanshahr,Acute Diarrhoeal Disease,37,00,04-06-20,,,"05-06-20 Under Control Cases reported from Village Begampur, CHC"
Tamil Nadu,Tenkasi (Tirunelveli),Chikungunya,25,00,05-06-20,09-06-20,Under Control,"Cases reported from Village/HSC Periyoor, PHC Karivalamvanthanallur, Block Sankarankoil. State and District NVBDCP officials were informed. District RRT investigated the outbreak. House to house survey conducted. High house index for Aedes larval breeding found in the village. Rain water stagnation in construction sites observed. A total of 11 serum samples collected and sent to Tirunelveli Medical College/DPHL Tenkasi, 03 samples positive were found positive for Chikungunya and 01 positive Chikungunya & Leptospirosis. All cases treated. Fever camps conducted in the affected area. Fogging done in the affected area. Health education given"
Tamil Nadu,Dindigul-Palani,Dengue,57,00,07-06-20,09-07-20,Under Control,"Cases reported from Village Aladipatti, HSC Pannaikadu I & II PHC Poolathur, Block Mannavanur. District RRT investigated the outbreak. House to house survey conducted. Mosquito breeding and pipe-line leakage and sewage contamination observed. A total of 06 serum samples collected and sent to DPHL Dindigul, of these 03 samples were found positive for Dengue by IgM ELISA. All cases treated. Fogging done. Source reduction activities undertaken. Health education given"
Maharashtra,Chandrapur,Food Poisoning,05,00,27-05-20,Under Control,,"Cases reported from Village Ghodaanturni, PHC Jiwati, Taluk"
Gujarat,Botad,CCHF,01,00,05-06-20,,,09-06-20 Under Control Case reported from Haripar Road Kothiwadi
Himachal Pradesh,Kangra,Acute Diarrheal Disease,28,00,13-06-20,,,"13-06-20 Under Control Cases reported from CHC Khaira, Gadiara"
Maharashtra,Bhandra,Fever,03,01,10-06-20,,,"13-06-20 Under Control Cases reported from Village Dholsar, SC/PHC"
Madhya Pradesh,Khargon,Food Poisoning,49,00,09-06-20,,,11-06-20 Under Control Cases reported from Village Nagjhiri Moghan
Rajasthan,Bikaner,Food Poisoning,06,00,12-06-20,12-06-20,Under Control,"Cases reported from Village Karmisar, PHC Palan, Block Bikaner Rural. District RRT investigated the outbreak. Cases consumed food in social ceremony and presented with symptoms of vomiting and loose motion. 02 water samples collected and sent to PHED Lab Bikaner. Cases treated symptomatically. Health education given regarding food hygiene and sanitation."
Tamil Nadu,Tirunelveli,Chikungunya,04,00,08-06-20,09-06-20,Under Control,"Cases reported from Village/HSC Periyoor, PHC Karivalamvanthanallur, Block Sankarankoil. State and District NVBDCP officials were informed. House to house fever survey done. 4 blood sample collected were positive for Chikungunya (IgM ELISA). All cases treated symptomatically. Source reduction activities undertaken. Health education given."
Telangana,Adilabad,Acute Diarrheal Disease,40,00,11-06-20,11-06-20,Under Control,"Cases reported from Jawaharnagar, Muthyampat, Mdl. Bazarhathnoor. District RRT investigated the outbreak. House to house survey done. All cases treated symptomatically. IEC done regarding safe drinking water and personal hygiene."
Kerala,Ernakulam,Dengue,20,00,27-05-20,Under Control,,"Cases reported from Village Kakkattur, PHC Nellikuzhy,"
Maharashtra,Gadchiroli,Japanese Encephalitis,01,01,31-05-20,Under Control,,"A case reported from Village/SC Kothari, PHC Lagam, Block"
Gujarat,Sabarkantha,Acute Diarrhoeal Disease,08,00,12-06-20,,,"17-06-20 Under Control Cases reported from Village Davad, PHC Aroda,"
Maharashtra,Chandrapur,Hepatitis A,28,00,14-06-20,,,"18-06-20 Under Control Cases reported from Sidharthnagar, Block"
,Kerala,Kannur,Dengue,174,02,03-06-20,,"Under Control Cases reported from Village Kooveri, PHC Chapparapadavu,"
,Kerala,Kannur,Dengue,94,02,08-06-20,,"Under Control Cases reported from Village Pariyaram, HSC Mavichery"
Kerala,Kozhikode,Dengue,30,00,20-01-20,Under Control,,"Cases reported from Village Chakkitipara, HSC Muthukad,"
Maharashtra,Kolhapur,Acute Diarrheal Disease,39,00,21-06-20,,28-06-20,"Under Control Cases reported from Ambavade, SC Nebapur, PHC Borpadale, Block Borpadate. Cases presented with loose stools, vomiting and weakness. Water leakages identified in the affected area. Water samples collected sent to Kodoli Lab. All cases were treated symptomatically. ORS and halogen tablets distributed. Repairing of water pipeline and arrangements for super chlorination of water has been carried out. Health education given on hand washing, hygiene and safe drinking water."
West Bengal,Howrah,Food Poisoning,80,00,27-06-20,,28-06-20,"Under Control Cases reported from GP Maju, Block Jagatballavpur. District RRT investigated the outbreak. Cases presented with vomiting, pain abdomen and diarrhea. Cases consumed food (prasad) in a social ceremony. 2 stool samples collected and sent to SSKM. All cases were treated symptomatically. Water sources were super chlorinated. Health education given on personal hygiene and sanitation."
Meghalaya,East Khasi Hills,Food Poisoning,43,00,14-06-20,Under Control,,"Cases reported from PHC Rynjah State Dispensary Shillong,"
Kerala,Kozhikode,Dengue,33,00,30-05-20,Under Control,,"Cases reported from Village Cheruvannurm HSC Muyipoth,"
Chhattisgarh,Balodabazar,Food Poisoning,43,00,01-07-20,,,"03-07-20 Under Control Cases reported from Simga, Village Binaika."
Meghalaya,West Khasi Hills (Nongstoin),Acute Diarrhoeal Disease,04,04,01-07-20,,,"02-07-20 Under Control Cases reported from Village Nonglanglieh, PHC"
Maharashtra,Jalgaon,Acute Diarrhoeal Disease,74,00,28-06-20,,,"02-07-20 Under Control Cases reported from Village Satkheda, SC"
Maharashtra,Kolhapur,Food Poisoning,48,00,28-06-20,,,"29-06-20 Under Control Cases reported from Majare Kasarwada, SC"
Tamil Nadu,Thanjavur,Acute Diarrhoeal Disease,57,00,04-07-20,,,"05-07-20 Under Control Cases reported from Village Tholkapiyar Nagar,"
,Assam,Morigaon,Japanese Encephalitis,02,01,23-06-20,,"Under Control Cases reported from Village Boramari and Dharamtul, PHC"
Andhra Pradesh,Visakhapatnam,Acute Diarrhoeal Disease,99,00,10-07-20,,,"10-07-20 Under Control Cases reported from Village Magatapalem, PHC"
Assam,Bongaigaon,Japanese Encephalitis,04,00,03-07-20,,,09-07-20 Under Control Cases reported from Village Pub Barbila
Assam,Dhemaji,Food Poisoning,17,00,05-07-20,,,"06-07-20 Under Control Cases reported from Village 1 No. Bharalichuk,"
Assam,Marigaon,Japanese Encephalitis,01,00,29-06-20,09-07-20,Under Control,"Cases reported from Village/SC Borchapori, PHC Moirabari FRU, BPHC Laharighat.. District RRT investigated the outbreak. State and District NVBDCP officials were informed. House to house survey conducted. A 03 CSF samples were collected and all were positive for Japanese Encephalitis by IgM ELISA. All cases treated. Health education given."
Assam,Sonitpur (Tezpur),Japanese Encephalitis,05,00,07-07-20,08-07-20,Under Control,"Cases reported from Village Namonigaon, SC Nagapother, PHC Rangapara. District RRT investigated the outbreak. State and District NVBDCP officials were informed. House to house survey conducted. A total of 05 CSF sample collected and sent to KCH, Tezpur, all were found positive for Japanese Encephalitis by IgM ELISA.. All cases treated. Health education given"
Assam,Golaghat,Japanese Encephalitis,01,00,22-06-20,Under Control,,"Cases reported from Village Difoloo TE, SC Pokimuri, Block"
Assam,Udalguri,Japanese Encephalitis,01,00,29-06-20,Under Control,,"Cases reported from Village Bholabari, SC Kalagaon, BPHC"
Gujarat,Kutch,,Crimean,,01,00,13-03-20,"Under Control Cases reported from Village/PHC Dumara, Block Abdasa."
Maharashtra,Ahmedanagar,Acute Diarrhoeal Disease,,,14,00,02-07-20,"Under Control Cases reported from Village Morwadi, SC Ambitkhind, PHC"
Assam,Dhemaji,Japanese Encephalitis,01,01,12-07-20,,,"15-07-20 Under Control Case reported from Village 1 No., Borbila"
Assam,Lakhimpur,Japanese Encephalitis,01,00,10-07-20,,,"19-07-20 Under Control Case reported from Village Morton Chapori, Na"
Meghalaya,South West Garo Hills,Acute Diarrhoeal Diarrhoea,42,01,12-07-20,,,"14-07-20 Under Control Cases reported from Village Rangiyam, HSC"
Tamil Nadu,Ariyalur,Acute Diarrhoeal Disease,18,00,13-07-20,13-07-20,Under Control,"Cases reported from Village Rangiyam, HSC"
Tamil Nadu,Namakkal,Hepatitis A,16,00,19-07-20,22-07-20,Under Control,"Cases reported from Village Alampalayam, HSC"
,Assam,Karbi- Anglog (Diphu),Japanese Encephalitis,01,01,04-07-20,,"Under Surveillance Case reported from Village Rongkimi, Okreng, SC Hatipura,"
,Assam,Kokrajhar,Japanese Encephalitis,01,00,26-06-20,,"Under Control Case reported from Dotma, BPHC Nawerbhita. District RRT"
,Assam,Kokrajhar,Food Poisoning,03,02,28-06-20,,Under Control Cases reported from Dotma BPHC. District RRT investigated
,Assam,Marigaon,Japanese Encephalitis,03,01,29-06-20,,"Under Control Cases reported from Village Borchapori, Bagalipara Jungal"
Kerala,Kozhikode,Dengue,20,00,15-06-20,Under Control,,"Cases reported from Village Mepayur, HSC Keezhpeyur,"
Madhya Pradesh,Guna,Food Poisoning,70,00,30-06-20,Under Control,,Cases reported from Village Shri Ram Colony Guna Urban
Assam,Bongaigaon,Japanese Encephalitis,04,00,12-07-20,,,"22-07-20 Under Control Cases reported from various villages, SC"
Assam,Karbi-Anglog (DIPHU),Japanese Encephalitis,01,00,11-07-20,,,"24-02-20 Under Control Case reported from Village Dokhora Bey Gaon,"
Assam,Lakhimpur,Japanese Encephalitis,01,00,13-07-20,20-07-20,Under Control,"Case reported from Village Kaman Chapori, SC"
Assam,Dima Hasao,Suspected Scrub Typhus,03,01,19-07-20,26-07-20,Under Control,"Cases reported from Mahur, Village Kanabasti,"
Assam,Dima Hasao,Japanese Encephalitis,01,00,16-07-20,24-07-20,Under Control,"Case reported from Village Nathudisa, PHC"
Assam,Udalguri,Japanese Encephalitis,01,01,22-07-20,24-07-20,Under Control,"Case reported from Village Nisilamari, SC Pachim Chamua Gaon, BPHC Orang. District RRT investigated the outbreak. State and District NVBDCP officials were informed. House to house survey conducted. Water logging and paddy field found in the affected area. The deceased was a 3month old female who had presented with fever, belonged to lower socio- economic status and Japanese Encephalitis vaccination status was unknown. A single CSF sample was collected and tested at Tezpur Mission Hospital, Sonitpur was found positive for Japanese Encephalitis by IgM ELISA. Fogging done in the affected area. Health education given"
Nagaland,Tuensang,Suspected Measles,01,00,24-07-20,24-07-20,Under Control,"Case reported from High School B Ward Tuensang. District RRT investigated the outbreak. Active case search conducted. The case was a 5 month old female presented with fever, maculopapular rash, cough and running nose. Lab samples collected and result awaited. Case treated. Health education given"
Arunachal Pradesh,Kurung Kumey,Scrub Typhus,21,02,03-07-20,,,"08-07-20 Under Surveillance Cases reported from Koloriang, Damin, Nyapin,"
Assam,Bongaigaon,Japanese Encephalitis,02,00,11-07-20,,,29-07-20 Under Surveillance Cases reported from Village Bhairabh Pahar &
Assam,Barpeta,Food Poisoning,50,00,28-07-20,,,"30-07-20 Under Control Cases reported from Village Bampara, PHC"
Kerala,Kannur,Dengue Fever,35,00,03-07-20,29-07-20,Under Control,"Cases reported from Village Vayakkara,"
Kerala,Ernakulam,Chickenpox,19,01,21-07-20,03-08-20,Under Control,"Cases reported from Village Kuzhupilly, PHC"
Maharashtra,Gadchiroli,Malaria,03,01,18-07-20,28-07-20,Under Control,"Cases reported from Village/SC Gongwada, PHC"
Maharashtra,Gadchiroli,Malaria,02,01,19-07-20,28-07-20,Under Control,"Cases reported from Village Lekha, SC Rajoli,"
Maharashtra,Gadchiroli,Malaria,05,01,26-07-20,28-07-20,Under Control,"Cases reported form Village Zarewada, SC"
Mizoram,Kolasib,Suspected Measles,20,00,18-05-20,31-07-20,Under Control,"Cases reported from, SC N. Chaltalang, PHC"
Odisha,Keonjhar,Food Poisoning,05,01,02-08-20,03-08-20,Under Control,"Cases reported from Village Janardanpur, SC"
Assam,Chirang,Japanese Encephalitis,02,00,13-07-20,,,07-08-20 Under Control Cases reported from Village Balamguri Bijni
Assam,Kokrajhar,Japanese Encephalitis,03,00,10-07-20,,,08-08-20 Under Surveillance Cases reported from Village Bhotgaon Haldibari
Assam,Marigaon,Japanese Encephalitis,01,01,12-07-20,,,05-08-20 Under Control Case reported from Village Ghumatigaon Under
Assam,Sonitpur (Tezpur),Suspected Epidemic Dropsy,26,03,06-08-20,,,"13-08-20 Under Surveillance Cases reported from Village Dhendai TE, PHC:"
Kerala,Wayanad,Acute Diarrheal Disease,31,00,10-08-20,,,13-08-20 Under Control Cases reported from Ukkalikaval colony
Odisha,Balasore,Food Poisoning,24,00,15-08-20,,,16-08-20 Under Control Cases reported from Village Laikhyanapur and
,Assam,Kokrajhar,Japanese Encephalitis,01,00,22-07-20,,"Under Surveillance Case reported from Dotma BPHC Anthaibari, SD, 1 no."
Jharkhand,Godda,Japanese Encephalitis,05,00,21-08-20,,23-08-20,"Under Surveillance Cases reported from Boarijore, Lohandia, St. Lukes Health Centre, Lalmatia. District RRT investigated the outbreak. State and District NVBDCP officials were informed. House to house survey conducted. Cases presented with fever, convulsions, neck rigidity and a phonia. A total of 05 blood samples were collected and sent to RIMS, Ranchi and 03 were found positive for Japanese Encephalitis by IgM ELISA . All cases treated. Health education given"
Karnataka,Hassan,Food Poisoning,46,00,17-08-20,,17-08-20,"Under Control Cases reported from Village Ebeedu, PHC/CHC Hagare, Taluk Hassan. District RRT investigated the outbreak. House to house survey conducted. A single water sample was collected and found potable. All cases treated. Health education given."
Assam,Chirang,Japanese Encephalitis,03,00,12-07-20,Under Surveillance,,"Cases reported from Village/SC Bisdobha, Silbari Abadipara,"
Assam,Karbi-Anglog (Diphu),Japanese Encephalitis,01,00,22-07-20,Under Surveillance,,"Case reported from Village Rongbong Pathar, SC"
Karnataka,Tumkur,Chikungunya,31,00,10-08-20,Under Surveillance,,"Cases reported from Village Mallashettyhalli, PHC/CHC"
Jammu and Kashmir,Shopian,Hepatitis A,08,00,22-08-20,,,26-08-20 Under Control Cases reported from Village/SC Chotipora. Block
Punjab,Faridkot,Chickenpox,03,00,28-08-20,,,28-08-20 Under Control Cases reported from Modern Jail Faridkot.
Puducherry,Puducherry,Scrub Typhus,01,00,29-08-20,,,"29-08-20 Under Control Case reported from Village Muthupillaipalayan,"
,Assam,Kokrajhar,Japanese Encephalitis,04,00,16-07-20,,"Under Surveillance Cases reported from SC Kazitiashram, BPHC Dotma,"
,Assam,Kokrajhar,Acute Encephalitis Syndrome,02,00,12-07-20,,Under Surveillance Cases reported from SC Thakurpur BPHC Gossaigaon
,Uttar Pradesh,Fatehpur,Dengue,07,00,11-08-20,,"Under Surveillance Cases reported from Village Mangalpur Takauli & Nonara,"
,Uttar Pradesh,Fatehpur,Dengue,18,01,09-08-20,,"Under Control Cases reported from Village Bahrauli, PHC Gopalganj,"
Arunachal Pradesh,Leparada,Scrub Typhus,,,02,02,28-08-20,"28-08-20 Under Control Cases reported from Village Ratak Gamlin & Jiri,"
Assam,Chirang,,Japanese,,01,01,19-08-20,05-09-20 Under Case reported from Ballamguri. District RRT
Chhattisgarh,Balod,Acute Diarrhoeal Disease,,,206,00,26-08-20,"02-09-20 Under Control Cases reported from Village Sangli Chandanbirhi,"
Haryana,Mewat,Suspected Diphtheria,,,27,08,20-08-20,"27-08-20 Under Surveillance Cases reported from Village Patuka, Jaiwant,"
Karnataka,Tumkur,Food Poisoning,14,00,03-09-20,03-09-20,Under Control,"Cases reported from Village Kaidala Gate,"
Maharashtra,Amravati,Acute Diarrhoeal Disease,68,00,24-08-20,31-08-20,Under Control,"Cases reported from Village Shirdoli, PHC"
Maharashtra,Wardha,Dengue,06,00,07-08-20,02-09-20,Under Control,Cases reported from Hinganghat Burkoni
Madhya Pradesh,Damoh,Leptospirosis,01,01,20-08-20,04-09-20,Under Control,"Case reported from Village Podi, SHC Vardha"
Madhya Pradesh,Jabalpur,Leptospirosis,04,00,31-08-20,04-09-20,Under Control,"Cases reported from Bargi, Deori Barela ,Naya"
Madhya Pradesh,Jabalpur,Scrub Typhus,07,00,31-08-20,04-09-20,Under Control,"Cases reported from Bargi, Deori Barela,"
Madhya Pradesh,Katni,Scrub Typhus,02,00,24-08-20,02-09-20,Under Control,"Cases reported from Village Harduakala, CHC"
Madhya Pradesh,Shahdol,Leptospirosis,01,00,10-08-20,03-09-20,Under Control,"Case reported from Jaisinghnagar, Village Girui"
Madhya Pradesh,Umaria,Scrub Typhus,01,01,31-08-20,04-09-20,Under Control,"Case reported from Village Jaitpuri, SHC"
Puduchchery,Karikal,Japanese Encephalitis,01,00,02-09-20,02-09-20,Under Control,"Case reported from Thamizhselv 65/F No. 45, Northpet, Dharmapuram, Karaikal. District RRT investigated the outbreak. House to house survey conducted. A total of 03 samples collected and result 1 sample positive found positive for Japanese encephalitis. Case treated. Health education given."
Tamil Nadu,Kancheepuram,Food Poisoning,23,00,03-09-20,05-09-20,Under Control,"Cases reported from Village ‘Municipality & Block area, HSC Konerikuppam, PHC Chinna kancheepuram, Pillayar palayam, Nathapettai, Kooram, Kancheepuram Block & Municipality. District RRT investigated the outbreak. Food samples collected and sent to Lab Salem, result awaited. All cases treated. Health education given."
Haryana,Palwal,Suspected Diphtheria,03,03,07-09-20,,,08-09-20 Under Control 2 Cases of fever with throat pain were reported
Jharkhand,Godda,Japanese Encephalitis,10,00,03-09-20,,,"12-09-20 Under Control Cases reported from Godda Urban, St. Lukes"
Karnataka,Hassan,Food Poisoning,13,00,12-09-20,,,"13-09-20 Under Control Cases reported from Village Bandiganalu,"
Odisha,Balasore,Acute Diarrheal Disease,06,00,10-09-20,,,"13-09-20 Under Control Cases reported from Village Nalkuli, SC"
,Assam,Lakhimpur,Fever,43,00,31-08-20,,"Under Cases reported from Village Joyhing TE, BPHC Boginodi,"
Assam,Barpeta,Food Poisoning,106,0,02-10-20,03-10-20,Under Control,"Cases reported from Village Kardoiguri, Bijni Chupa, PHC Dhemsa, BPHC Nityananda. District RRT investigated the outbreak. Cases consumed food in social ceremony and presented with symptoms of vomiting and loose motion. 02 water and 1 stool samples collected and sent to FAAMCH Barpeta. Cases treated symptomatically. ORS packets distributed in the affected area. Health education given regarding food hygiene and sanitation."
Maharashtra,Amravati,Dengue,05,0,24-09-20,29-09-20,Under Control,"Cases reported from Jalgaon Arvi, PHC Talegaon Dah, Block Dhamangao rly. District RRT investigated the outbreak. State and District NVBDCP officials were informed. House to house survey done. Out of 13 serum samples collected; 5 samples were positive for Dengue (IgM ELISA). All cases treated symptomatically. Source reduction activity and fogging done in the affected area. Health education given."
Assam,Darrang (Mangaldoi),Japanese Encephalitis,13,4,05-07-20,,Under Control,"Cases reported from several SC Hazarika Para, Mathanga, Dhula, Tengera, Turai, several PHC/Block Sipajhar, Jaljali, Kharupetia. District RRT investigated the outbreak. State and District NVBDCP officials were informed. House to house survey done. Paddy fields and pig rearing practices were observed in the community. 13 csf samples were sent to GMCH Guwahati: were found positive for JE (IgM ELISA). All cases treated symptomatically. Entomological survey done. Source reduction activity and fogging done in the affected area. Health education given."
Uttar Pradesh,Bareilly,Diphtheria,10,3,17-09-20,,Under Control,"Cases of fever with throat pain reported from Village Shabdalpur, Block Kuadanda. District RRT investigated the outbreak. Active case search done. Age group No of cases <5yrs 2 5-15yrs 6 >15yrs 2 Out of 5 throat samples collected; 1 sample was positive for Diphtheria. DPT and TD vaccination given to all eligible children in the affected area. ADS stock were made available at the District. All cases were treated symptomatically. Health education given."
Assam,Dima Hasao,Food Poisoning,60,0,11-10-20,11-10-20,Under Control,Cases reported from Village Borolangtheng. PHC Umrangso BPHC Gunjung. District RRT investigated the outbreak. House to house survey conducted. Cases presented with vomiting and loose stools after consuming pork. Veterinary department was informed about the event. All cases treated. Health education given.
Jammu and Kashmir,Kupwara,Acute Diarrhoeal Disease,20,0,01-10-20,06-10-20,Under Control,"Cases reported from Bongam, Langate. District RRT investigated the outbreak. House to house survey conducted. A total of 02 water samples collected and sent to DPHL Kupwara and both found unsatisfactory for consumption. All cases treated. Health education given on personal hygiene. Cases reported from Village Nasheniya, CHC"
Uttar Pradesh,Fatehpur,Dengue,05,0,06-10-20,08-10-20,Under Surveillance,"Amauli Block Amauli Fatehpur. District RRT investigated the outbreak. State and District NVBDCP officials were informed. House to house survey conducted. Cases presented with fever and headache. A total of 12 blood samples collected and sent to KGMU, Lucknow and 05 were found to be positive for Dengue by IgM ELISA. All cases treated. Fogging done. Source reduction activities undertaken. Health education given."
Jammu and Kashmir,Kupwara,Hepatitis,E 10,0,23-09-20,,Under Control,"Cases reported from Poshpora Trehgam. District RRT investigated the outbreak. House to house survey conducted. A total of 05 blood samples and 02 water sample was collected and sent to DPHL, Kupwara. All 05 blood samples were found positive for Hepatitis E by IgM ELISA and both water sample was found to be unsatisfactory for human consumption by MPN test. All cases treated. Health education given on food and water hygiene."
Tamil Nadu,Vellore-Ranipet,Food Poisoning,38,0,12-10-20,19-10-20,Under Control,"Cases reported from Village/HSC Guruvarajapet & Sembedu, PHC Guruvarajapet, Block Kaveripakkam. District RRT investigated the outbreak. Cases consumed food in religious ceremony and presented with symptoms of vomiting and loose motion. 02 water and 1 stool samples collected and sent to DPHL Vellore. 1 water sample was potable and stool sample was negative for cholera. Cases treated symptomatically. ORS packets distributed in the affected area. Health education given regarding food hygiene and sanitation."
Assam,Kokrajhar,Japanese Encephalitis,04,2,06-07-20,,Under Control,"Cases reported from several BPHC, Pratapkhata, Serfanguri, Balajan, Kachugaon. District RRT investigated the outbreak. State and District NVBDCP officials were informed. House to house survey done. Paddy fields and pig rearing practices were observed in the community. 04 csf samples were sent to DPHL Bongaigaon: were found positive for JE (IgM ELISA). All cases treated symptomatically. Entomological survey done. Source reduction activity and fogging done in the affected area. Health education given."
Maharashtra,Ahmednagar,Food Poisoning,45,0,17-10-20,19-10-20,Under Control,"Cases reported from Village Chinchvihire, Mhaisgaon, Shetewadi, Gangapur, Rahuri Factory, Kolewadi, Dardgaon, Musalwadi Taluk Rahuri. District RRT investigated the outbreak. Food and Drug Administration Department informed. House to house survey conducted. Cases presented with nausea, vomiting, diarrhea and pain abdomen after consuming Bhagar flour at home. Food samples collected by FDA department, result awaited. Raw food material adulteration is the possible reason for occurrence of the event. All cases treated. Health education given"
Tamil Nadu,Ramanathapur am- Paramakudi,Dengue,21,0,15-10-20,26-10-20,Under Control,"Cases reported from Village Urakudi Colony, HSC Pudukudi, PHC Pambur, Block Paramakudi. District RRT investigated the outbreak. State and District NVBDCP officials were informed. House to house survey conducted. Poor sanitary conditions observed in the locality. Cases presented with continuous fever, most cases were above 14 years of age. A total of 21 samples collected and sent to DPHL Ramanathapuram of these 07 samples were found positive for Dengue, 05 for NS1 and 02 by IgM ELISA. All cases treated. Water leakages rectified. Fogging done, Medical camp organized in the affected area. Health education given"
Assam,Kamrup Metro,Acute Diarrhoeal Disease,21,0,25-10-20,28-10-20,Under Control,"Cases reported from Village Sankargog, Bidyanagar, PHC Khetri, BPHC Sonapur. District RRT investigated the outbreak. House to house survey done. 5 stool sample collected and sent to DPHL Sonapur showed growth of normal commensal. Water samples collected and sent to DPHL Sonapur; were found non potable. All cases treated symptomatically. Halogen tablets and ORS packets were distributed in the community. IEC done regarding safe drinking water and personal hygiene."
Assam,Nagaon,Acute Diarrhoeal Disease,21,2,28-10-20,30-10-20,Under Control,"Cases reported from Village Salona Tea Estate, BPHC/PHC Simonabasti. District RRT investigated the outbreak. House to house survey done. 1 stool sample collected and sent to DPHL, Nagaon showed growth of normal commensal. Water samples (well water & tube well water) collected and sent to DPHL Sonapur; were found non potable. All cases treated symptomatically. Halogen tablets and ORS packets were distributed in the community. IEC done regarding safe"
Jammu & Kashmir,Srinagar,Acute Diarrheal Disease,35,0,28-10-20,29-10-20,Under Control,"drinking water and personal hygiene. Cases reported from Alamdar colony Nowpora Srinagar, CHC Gousia Hospital. District RRT investigated the outbreak. House to house survey done. 5 water samples collected and sent to DPHL Srinagar. All cases treated symptomatically. Halogen tablets and ORS packets were distributed in the community. IEC done regarding safe drinking water and personal hygiene."
Kerala,Trivandrum,Food Poisoning,06,0,27-10-20,30-10-20,Under Control,"and sanitation. Cases reported from Village/HSC/PHC Nagaroor, Block Kesavapuram. Cases consumed food (mushroom) in social ceremony and presented with symptoms of vomiting and loose motion. Cases treated symptomatically. Health education given regarding food hygiene and sanitation."
Karnataka,Dharwad,Dengue,08,0,30-10-20,30-10-20,Under Control,"Cases reported from Village Yadawad, PHC U. Betageri, Taluk Dharwad. District RRT investigated the outbreak. State and District NVBDCP officials were informed. House to house survey done. Blood samples collected; 1 sample was found positive for Dengue (IgM ELISA). All cases treated symptomatically. Entomological survey done. Source reduction activity and fogging done in the affected area. Health education given."
Karnataka,Mandya,Food Poisoning,72,0,26-10-20,29-10-20,Under Control,"Cases reported from Village Lingapatna, PHC Nittur, Taluk Malavalli. District RRT investigated the outbreak. Cases consumed food in religious ceremony and presented with symptoms of vomiting and loose motion. 05 water and 3 stool samples collected and sent to Mysore Medical College. 2 food samples collected and sent to PHFI, Bangalore. Cases treated symptomatically. ORS packets distributed in the affected area. Health education given regarding food hygiene"
Maharashtra,Chandrapur,Food Poisoning,11,0,27-09-20,29-10-20,Under Control,"Cases reported from Village Rudrapur, SC Kawadi, PHC Jibgaon, Block Saoli. Cases consumed food in social ceremony and presented with symptoms of vomiting and loose motion. Water samples collected and sent to RH Saoli. Cases treated symptomatically. Health education given regarding food hygiene and sanitation."
Maharashtra,Gadchiroli,Malaria,08,1,23-10-20,26-10-20,Under Control,"Cases reported from Village Ampayali, SC Pannemara, PHC Murumgaon, Block Dhanora. District RRT investigated the outbreak. State and District NVBDCP officials were informed. House to house fever survey done. 8 blood smears samples collected. Death occurred in 11yr old female. Health education given."
Nagaland,Mon,Malaria,03,0,28-10-20,28-10-20,Under Control,"Cases reported from village Tobu. District RRT investigated the outbreak. State and District NVBDCP officials were informed. House to house fever survey done. 3 blood smears samples collected; 02 samples were positive for Malaria (Pf & P.v) and 1 sample was positive for Malaria (P.f). Health education given. Cases reported from Village Pinchabatia, SC"
Odisha,Kendrapara,Food Poisoning,87,0,25-10-20,25-10-20,Under Control,"Krushnanagar, PHC Dangamala, CHC Rajnagar. District RRT investigated the outbreak. Active search of cases done. All the cases consumed Prasad (chiwda, gud, apple juice) in a religious ceremony and presented symptoms with loose motion and vomiting. 02 stool samples and 1 water sample were collected. All cases treated symptomatically. Health camp organized. Health education given regarding food hygiene and sanitation."
Uttarakhand,Haridwar,Food Poisoning,35,0,17-10-20,,Under Control,"Cases reported from areas of Manawli, Matlabpur, Chwmani, Mangalore Roorkee, Haridwar. District RRT investigated the outbreak. Active search of cases done. All the cases consumed food (buckwheat chapattis) and presented with symptoms of loose motion and vomiting. 17 food samples were collected. All cases treated symptomatically. Health education given regarding food hygiene and sanitation."
Assam,Nalbari,Food Poisoning,36,0,02-11-20,05-11-20,Under Control,"Cases reported from Village Dolgobindapur, PHC Harimandir, Block Kamarkuchi. District RRT investigated the outbreak. House to house survey conducted. Cases presented after consuming food in a religious gathering. A total of 03 Stool, 03 water and food samples collected and sent to DPHL Nalbari. All 03 stool sample showed growth of Shigella species, all 03 water samples were found to be suspicious on MPN test. All cases treated. Health education given."
Nagaland,Longleng,Scrub Typhus,65,1,01-11-20,09-11-20,Under Surveillance,"Cases reported from several villages. District RRT investigated the outbreak. State and District NVVBDCP officials were informed. House to house survey conducted. The deceased was a 27y/M. Cases presented with high fever, headache and myalgia. Serum samples collected and result awaited. All cases treated. Health education given Cases reported from Chamarpur, PO-Digsara, PS-"
Odisha,Mayurbhanj,Food Poisoning,26,0,06-11-20,06-11-20,Under Control,treated. Halogen tablets distributed in the affected area. Health education given on hand hygiene. Cases reported from Sethi Sahi (Solagadia) Block Under Kaptipada. District RRT investigated the outbreak. House to house survey conducted. All cases treated. Health education given.
Odisha,Subarnapur,Hepatitis A,04,0,01-11-20,05-11-20,Under Control,Dunguripali. District RRT investigated the outbreak. House to house survey conducted. Cases presented with yellowish discoloration of eyes and mild fever. A total of 03 serum and 03 water samples were collected. All three serum samples were found positive for Hepatitis A by IgM ELISA and all 03 water samples were found satisfactory for human consumption. All cases
Maharashtra,Kolhapur,Chikungunya,11,0,20-07-20,,Under Control,"Cases reported from Ichalkaranji. District RRT investigated the outbreak. State and District NVBDCP officials were informed. House to house survey conducted. Breeding sites identified in the area. A total of 14 blood samples collected and sent to SSH, CPRH, Kolhapur of these 11 were found to be positive for Chikungunya by IgM ELISA. All cases treated. Source reduction activities undertaken. Fogging done. Personal protective and environmental measures for vector control adopted. Health education given"
Madhya Pradesh,Khargon,Dengue,22,0,24-10-20,,Under Surveillance,"Cases reported from Khargone, Block Kharode, Kasrawad and Maheshwar. District RRT investigated the outbreak. State and District NVBDCP officials were informed. House to house survey conducted. A total of 14 male and 8 female affected, most cases belonged to the age group 11-30 years. A total of 56 blood samples collected and sent to District Sentinel Site Lab District Hospital Khargon and 22 samples were found to be positive for Dengue by IgM ELISA. All cases treated. Fogging done. Health Education given"
Assam,Lakhimpur,Food Poisoning,31,0,11-11-20,12-11-20,Under Control,"Cases reported from Korokoni, SC Goroimari, BPHC Boginodi. District RRT investigated the outbreak. Cases consumed food in social ceremony and presented with symptoms of vomiting and loose motion. 02 stool and 1 water samples collected. Stool samples were found negative for enteropathogens. Cases treated symptomatically. ORS packets distributed in the affected area. Health education given regarding food hygiene and sanitation."
Chandigarh,Chandigarh,Dengue,11,0,15-11-20,15-11-20,Under Control,"Cases reported from Manimajra, Maulijagran, Dhanas. District RRT investigated the outbreak. State and District NVBDCP officials were informed. House to house survey done. All 11 serum samples collected were positive for Dengue (IgM ELISA). All cases treated symptomatically. Source reduction activity and fogging done in the affected area. Health education given."
Karnataka,Chickaballapura,Chikungunya,15,0,12-11-20,12-11-20,Under Control,"Cases reported from Village Alasathimmanahalli, PHC/CHC Manchenahalli, Taluk Gowribidanur. District RRT investigated the outbreak. District NVBDCP officials were informed. House to house fever survey done. 2 blood samples collected and tested at DPHL Chickaballapura. Source reduction and fogging undertaken in the affected area. Health education given."
Karnataka,Haveri,Food Poisoning,41,0,13-11-20,15-11-20,Under Control,"Cases reported from Village Maruthipur, GP Yalvagi, Taluk Savanur. District RRT investigated the outbreak. Active search of cases done. All the cases consumed food in a social ceremony and presented symptoms with loose motion and vomiting. 2 stool and 4 water samples collected and sent to DPHL Haveri. All cases treated symptomatically. Health education given regarding food hygiene and sanitation."
Tamil Nadu,Virudhunagar,Dengue,15,0,11-11-20,11-11-20,Under Control,"Cases reported from Village Muthaneri, SC Kuraiyaravasithan, PHC/Block Narikudi. District RRT investigated the outbreak. State and District NVBDCP officials were informed. House to house survey done. Out of 7 serum samples collected; 4 samples were positive for Dengue (IgM ELISA). All cases treated symptomatically. Source reduction activity and fogging done in the affected area. Health education given."
Assam,Kokrajhar,Malaria,08,0,03-11-20,,Under Control,"Cases reported from Village/SC Haldibari & Longabasti, BPHC Dotma Athiabari. District RRT investigated the outbreak. State and District NVBDCP officials were informed. Active search of cases done. Out of 8 blood samples collected; 5 samples were positive for P.falaciparum malaria and 3 samples were positive for P.vivax malaria. Source reduction activities undertaken. Health education regarding prevention and control of vector borne disease were carried out in the affected areas."
Karnataka,Hassan,Cholera,37,0,02-11-20,,Under Control,"Cases reported from urban areas of Ambedkara Nagar & Gandhi Nagar, Holenarasipura Urban, Block Holenarasipura. District RRT investigated the outbreak. 07 stool samples collected were found positive for cholera culture. 4 water samples collected were non potable for drinking purpose. Cases treated symptomatically. ORS packets distributed in the affected area. Health education given regarding food hygiene and sanitation."
Maharashtra,Ahmednagar,Chikungunya,40,0,03-11-20,,Under Control,"Cases reported from Village Pimpalgaon Turk, Taluk Parner. District RRT investigated the outbreak. State and District NVBDCP officials were informed. House to house survey done. 5 blood samples collected were positive for Chikungunya (IgM ELISA). All cases treated symptomatically. Entomological survey done. Source reduction activity and fogging done in the affected area. Health education given."
Maharashtra,Ahmednagar,Chikungunya,25,0,03-11-20,,Under Control,"Cases reported from Village Bande wasti, Takali Dhokeshawar, Taluka Parner. District RRT investigated the outbreak. State and District NVBDCP officials were informed. House to house survey done. Out of 13 blood samples collected; 12 samples were positive for Chikungunya (IgM ELISA). All cases treated symptomatically. Entomological survey done. Source reduction activity and fogging done in the affected area. Health education given."
Maharashtra,Sindhudurg (Kudal),Leptospirosis,17,1,02-11-20,,Under Control,"Cases reported from Village Bhutwad, SC Jambhavade, PHC Kadaval, Taluk Kudal. District RRT investigated the outbreak. House to house survey done. Out of 25 blood samples collected and sent to DH Sindhudurg; 16 sample were positive for Leptospirosis (IgM ELISA). All cases treated. Health education given."
Kerala,Kannur,Visceral Leishmaniasis,01,0,25-10-20,18-11-20,Under Surveillance,"One case was reported from Village Aralam, HSC Aralam, PHC Aralam Farm, Block Keezhpally. Bone marrow aspiration done at Govt Medical College, Kannur shows amastigote forms of L.donovani and LD bodies, suggestive of Visceral Leishmaniasis. The patient was admitted in GMC, Kannur with the history of fever, headache, myalgia, pallor, mild icterus, bipedal edema and hepatosplenomegaly. District RRT investigated the outbreak and reviewed the situation. Entomological study was doneo sandflies were detected from the area. Insecticide residual spray conducted in dwelling houses and cattle sheds using Lamda cyhalothrin. Door to door IPC and IEC activities conducted."
Kerala,Kozhikode,Food Poisoning,300,0,18-11-20,19-11-20,Under Control,"Cases reported from Village Pashukadavu, Maruthomkara, Koyhod, Adukkath, HSC Maruthomkara, PHC/Block Pashukadavu. 438 persons reported with the symptoms of vomiting, abdominal pain and diarrhea. All affected cases were treated symptomatically at various hospitals with antibiotics and ORS. Date of onset of last case was 20/11/2020. As per the investigation suspected source was found to be chicken distributed in the Biryani Food fest event. District RRT investigated the outbreak. The RRT provided medical support by distributing medicines to symptomatic cases."
Maharashtra,Sindhudurg (Kudal),Leptospirosis,01,1,09-11-20,19-11-20,Under Surveillance,"One Case reported from Kankavli Madhaliwadi, SC Kankavli No.1, Taluk Kankavli. The patient was a Male, 22yrs who expired on 15/11/2020 due to Leptospirosis. One blood sample collected and found positive for Leptospirosis. District RRT investigated the outbreak. Rapid survey, container survey, use of larvicides, Health education, distribution of Cap Doxycycline as chemoprophyl;axis was done."
Madhya Pradesh,Sidhi,Food Poisoning,08,1,17-11-20 Date of,18-11-20,Under Surveillance,"8 Cases were reported from Village Ladbad, Block Sihawal, Distt- Sidhi. District RRT investigated the outbreak. Administration and Health team have visited the affected area and active surveillance has been going on. The deceased patient was a male 10 years of age.Food samples collected and sent to Lab, result awaited. Health education given. No new cases were detected so far."
Meghalaya,East Khasi Hills,Scrub Typhus,19,2,07-11-20,,Under Surveillance,"Cases reported from Village Shilliang Jashar, CHC Pyursla. Block Pynursla. Both genders are affected with females being affected more (60%). All age groups affected (youngest being 8 years of age and oldest being 50 years of age) The most common symptoms exhibited by all cases are fever of unknown origin. An eschar mark was found in one case. There were two deaths, One 50 year, female with symptoms of fever, chills and nausea who expired on 9/11/2020 and a 11 year old male with symptoms of fever, chills and nausea who"
Maharashtra,Sindhudurg (Kudal),Leptospirosis,01,1,10-11-20,,Under Surveillance,"One Case was reported from Humarmala Domblewadi, SC Oros Br. Taluk Kudal, Dist- Sindhudurg. Patient was a 22yrs old male, date of death was 16/11/2020. One blood sample collected and One sample was positive for Leptospirosis. 18 blood samples were collected and the result is awaited. District RRT investigated the outbreak. Rapid survey, Container survey, use of larvicides, Health education and distribution of Cap Doxycycline as a chemoprophylaxis measure was done."
Karnataka,Tumkur,Chikungunya,30,0,22-11-20,26-11-20,Under Control,"Cases reported from Village H Kaval, PHC/CHC Bukkapatna, Taluk Sira. District RRT investigated the outbreak. State and District NVBDCP officials were informed. House to house survey done. 03 blood samples collected were positive for Chikungunya (IgM ELISA). All cases treated symptomatically. Entomological survey done. Source reduction activity and fogging done in the affected area. Health education given."
Maharashtra,Ratnagiri,Cholera,65,0,23-11-20,24-11-20,Under Control,"Cases reported from Village Pacheri Agar, SC Shivane, PHC Kolawali. District RRT investigated the outbreak. 04 stool samples collected were found positive for cholera culture. Out of 17 water samples collected; 5 samples were non potable for drinking purpose. Cases treated symptomatically. ORS packets distributed in the affected area. Health education given regarding food hygiene"
Madhya Pradesh,Mandsaur,Food Poisoning,108,0,27-11-20,28-11-20,Under Control,"Cases reported from Village Dodiya Meena, SHC- Mundedi, PHC Budha Block Malhargarh. District RRT investigated the outbreak. Active search for cases done. Cases consumed food (stale chicken dish) and presented with symptoms of vomiting and loose motion. Food samples collected. All cases treated symptomatically. Health education given regarding food hygiene and sanitation."
Madhya Pradesh,Seoni,Acute Diarrheal Disease,120,0,21-11-20,25-11-20,Under Control,"Cases reported from Village Jhagra, PHC Dhutera, Block Keolari. District RRT investigated the outbreak. House to house survey done. Pipe line leakage were observed in the community. Stool sample and vomitus sample collected and sent to ICMR Jabalpur. All cases treated symptomatically. IEC done regarding safe drinking water and personal hygiene."
Odisha,Subarnapur,Chickenpox,11,0,21-11-20,29-11-20,Under Control,"and sanitation. Cases reported from Gobindpur, SC Subalara, CHC Birmaharajpur. Cases presented symptoms of fever with rash. District RRT investigated the outbreak. House to house survey done. All cases treated symptomatically. Health education given."
Maharashtra,Nashik,Chikungunya,32,0,06-11-20,,Under Surveillance,"Cases reported from several blocks namely Yeola, Nashik, Sinnar and Niphad. District RRT investigated the outbreak. District NVBDCP officials were informed. House to house fever survey done. Out of 32 blood samples collected and tested at DPHL Nashik; 14 samples were found positive for Chikungunya (IgM ELISA). Entomological survey done. Source reduction and fogging undertaken in the affected area. Health education given."
Maharashtra,Osmanabad,Dengue,09,0,11-11-20,,Under Surveillance,"Cases reported from Village Nagur, SC Kanegaon, PHC Bhatagali, Block Lohara. District RRT investigated the outbreak. District NVBDCP officials were informed. House to house fever survey done. Out of 09 blood samples collected and tested at DPHL Beed; 03 samples were found positive for Dengue (IgM ELISA). Entomological survey done. Source reduction and fogging undertaken in the affected area. Health education given."
Maharashtra,Osmanabad,Dengue & Chikungunya,07,0,31-10-20,,Under Control,"Cases reported from Village Lohara Sc Kanegaon, PHC Hipparga Rao, Block Lohara. District RRT investigated the outbreak. District NVBDCP officials were informed. House to house fever survey done. Out of 07 blood samples collected and tested at DPHL Beed; 02 samples were found positive for Dengue (IgM ELISA) and 01 sample was positive for Chikungunya (IgM ELISA). Entomological survey done. Source reduction and fogging undertaken in the affected area. Health education given."
Maharashtra,Pune,Dengue,16,1,18-11-20,,Under Surveillance,"Cases reported from several PHC Mandavgan, Palasdev, Rajgurunagar, Karanjawane. District RRT investigated the outbreak. District NVBDCP officials were informed. House to house fever survey done. Out of 16 blood samples collected and tested at NIV Pune; 14 samples were found positive for Dengue (IgM ELISA). Entomological survey done. Source reduction and fogging undertaken in the affected area. Health education given."
Maharashtra,Pune,Chikungunya,07,0,27-10-20,,Under Control,"Cases reported from Village Dhumewadi, SC Dive, PHC Malshiras, Block Purandar and Village Indapur, PHC Bijawdi, block Yadavvadi. District RRT investigated the outbreak. District NVBDCP officials were informed. House to house fever survey done. All 12 blood samples collected and tested at NIV Pune; were found positive for Chikungunya (IgM ELISA). Entomological survey done. Source reduction and fogging undertaken in the affected area. Health education"
Maharashtra,Sindhudurg (Kudal),Leptospirosis,01,1,12-11-20,,Under Surveillance,"given. Cases reported from Village Vaibhavwadi Gopalnagar, SC Kokisare, Taluk Vaibhavwadi. District RRT investigated the outbreak. House to house survey done. Blood sample collected and sent to DH Sindhudurg was positive for Leptospirosis (IgM ELISA). One death occurred in 38yr old male. Health education given."
Maharashtra,Satara,Dengue,30,0,04-11-20,,Under Surveillance,"Cases reported from several Blocks Karad, Khatav. District RRT investigated the outbreak. District NVBDCP officials were informed. House to house fever survey done. Out of 30 blood samples collected and tested at Sentinel Lab; 09 samples were found positive for Dengue (IgM ELISA). Entomological survey done. Source reduction and fogging undertaken in the affected area. Health education given."
Maharashtra,Satara,Chikungunya,05,0,09-11-20,,Under Control,"Cases reported from Village Masur, SC Nigadi, PHC Masur, Block Karad. District RRT investigated the outbreak. District NVBDCP officials were informed. House to house fever survey done. Out of 05 blood samples collected and tested at Sentinel Lab; 4 samples were found positive for Chikungunya (IgM ELISA). Entomological survey done. Source reduction and fogging undertaken in the affected area. Health education given."
Maharashtra,Wardha,Dengue,04,0,22-10-20,,Under Control,"Cases reported from Village Kalamna, SC Bhosa, PHC Mandgaon, Block Samudrapur. District RRT investigated the outbreak. District NVBDCP officials were informed. House to house fever survey done. Out of 04 blood samples collected and tested at Sentinel Lab; 3 samples were found positive for Dengue (IgM ELISA). Entomological survey done (HI-7.36, BI-11.57 CI- 4.6). Source reduction and fogging undertaken in the affected area. Health education given."
Assam,Dibrugarh,Food Poisoning,03,3,30-11-20,04-12-20,Under Surveillance,"Cases were reported from Village Kalyanpur Gaon, 2 No Chapatoli, SC Bhadoi, PHC/Block Tengakhat. All patients developed symptoms of fever, abdominal pain and vomiting. All three cases expired. They had history of consuming roti with chicken curry and chulai on 29.11.2020. It was found that two empty insecticide containers were used to carry chulai. Local police recovered both the containers which were still half filled from the nearby tea plantation area. District RRT investigated the outbreak."
Chandigarh,Chandigarh,Dengue,13,0,07-12-20,09-12-20,Under Surveillance,"Cases were reported from Manimajra, Ramdarbar, Dhanas, Sec-30, Sec-40, Sec-26, Sec- 25, Sec-7, DMC, Maulijagran. All the cases were tested positive by IgM ELISA and were treated. Intensification of Anti Larval work was done in these areas. Anti-Adult mosquito measure augmentation was being done. IEC activities regarding dengue prevention measures were being carried out in the form of Mega phone announcements, Hand bill distribution etc. The Anti Dengue activities had been clubbed along"
Maharashtra,Akola,Suspected Dengue,40,0,02-12-20,03-12-20,Under Surveillance,"Cases were reported from Barshitakli, Pinjar Januna Nihida. 24 blood samples were taken and all were found negative for malaria for peripheral blood smears. 16 serum samples were collected and sent to GMC Microbiology laboratory Akola and 15 were negative and 1 positive for Dengue (IgM), 56 samples were taken for Covid RT-PCR and all tested negative. Surveillance activity was performed. . District RRT investigated the outbreak. Preventive measures were carried out that included emptying containers, clearing drainage system, temifos activity and health education. Wide spread control measures were undertaken and along with public awareness IEC activities were conducted"
Maharashtra,Satara,Chikungunya,07,0,24-11-20,03-12-20,Under Control,"Cases reported from Village Dhangarwadi, SC Kodoli, PHC Chinchner, Block Satara. District RRT investigated the outbreak. MIDC Areas, Uncovered water storing practices leading to increased density of mosquito larva. 05 serum samples werecollected and sent to NIV Pune, result positive. HI=15.48, CI: 4.59, BI:18.64. 10 serum samples were sent to NIV, Pune on 25.11.2020. Out of which all 5 tested positive for Chikungunya, House to house container survey was carried out. Fogging was not done but advised. People were promoted to use protective measures against mosquito bites. Health education was given."
Madhya Pradesh,Chhatarpur,Chickenpox,11,0,17-11-20,02-12-20,Under Surveillance,Cases were reported from District Jail Chhatarpur. Any carrier or low symptomatic of chickenpox might have been the probable cause of this spread. District RRT investigated the outbreak. Health education regarding hygiene and sanitization was given. Awareness regarding prevention of diseases in jail was imparted.
Maharashtra,Pune,Dengue,05,0,01-06-20,,Under Control,"Cases were reported from Khed, Rajgurunagar, Urban, Rajgurunagar. All 05 serum samples tested positive for Dengue by IgM ELISA. Container survey, Fogging, counselling to patients was done."
Maharashtra,Satara,Dengue,27,0,13-11-20,,Under Surveillance,"Cases reported from Village Belade Bk, SC Belavade, PHC Rethare, Block Karad. Uncovered water storing practices leading to increased density of mosquito larva. 12 serum samples were collected and sent to Civil Lab, out of which 3 were positive for Dengue by IgM ELISA.. House to house survey was done."
Maharashtra,Nashik,Chikungunya,08,0,04-12-20,11-12-20,Under Control,"Cases reported from Village Bajrangwadi, SC Vilholi, PHC Jategaon, Block Nashik. District RRT investigated the outbreak. District NVBDCP officials were informed. House to house fever survey done. Out of 08 blood samples collected and tested at DPHL Nashik; 5 samples were found positive for Chikungunya (IgM ELISA). Entomological survey done. Source reduction and fogging undertaken in the affected area. Health"
Madhya Pradesh,Santna,Leptospirosis,11,0,08-12-20,09-12-20,Under Control,"education given. Cases reported from Unchehra, Kulgarhi, Atra. District RRT investigated the outbreak. House to house survey done. 11 blood sample collected and sent to ICMR, Jabalpur Lab; 2 samples were positive for Leptospirosis (IgM ELISA). Health education given. Cases reported from Village/SC Perali, PHC"
Tamil Nadu,Perambalur,Food Poisoning,08,0,09-12-20,09-12-20,Under Control,"Maruvathur, Block Veppur. District RRT investigated the outbreak. Active search for cases done. Cases consumed food and presented with symptoms of vomiting and loose motion. All 8 stool samples collected were negative for salmonella, shigella & vibrio cholera. All 5 water samples collected were not potable Food sample sent to Food Lab Trichy. All cases treated symptomatically. Health education given"
Uttar Pradesh,Ballia,Food Poisoning,10,2,03-12-20,11-12-20,Under Surveillance,"regarding food hygiene and sanitation. Cases reported from Village Narahi, CHC Narahi, Block Sohaon. District RRT investigated the outbreak. Active search for cases done. Cases consumed food in a social gathering (mela) and presented with symptoms of vomiting and loose motion. All cases treated symptomatically. Health education given regarding food hygiene and sanitation."
Bihar,Rohtas,Malaria,112,0,06-12-20,,Under Control,"Cases reported from Village Chunhatta, Block Nauhatta, Panchayat- Pipardih. District RRT investigated the outbreak. State and District NVBDCP officials were informed. House to house survey done. All 36 blood sample collected were found positive Malaria by rapid kit. All cases treated as per the programme guidelines. Source reduction and fogging activities undertaken. Health education given."
Assam,Dhemaji,Leptospirosis and Scrub Typhus,01,0,15-11-20,22-12-20,Under Surveillance,"symptoms. Cases reported from Village Kodomtola, SC Jalkiasuti, PHC Silapathar, BPHC Sissiborgaon. The case, a 66 years male started developing symptom such as Fever and Cough. Leptospira, sample was positive for Scrub Typhus by IgM Elisa."
Assam,Tinsukia,Chickenpox,15,0,14-12-20,16-12-20,Under Surveillance,"Cases reported from Village Himoluguri gaon, SC Langkashi, BPHC Hapjan. Cases presented with fever, headache and vesicular eruption. House to house survey was done. IEC regarding maintenance of proper health and hygiene along with proper isolation of affected household members was done. District RRT investigated the outbreak. Follow up of the affected individuals was done for 21 days from the onset of"
Kerala,Kozhikode,Shigella sonnei,50,1,06-12-20,15-12-20,Under Surveillance,"HSC UHC Chelavoor, PHC Division 18- Kottaparamb, Block Corporation. District RRT investigated the outbreak. Cases presented with fever, vomiting, abdominal pain and loose stools. The deceased was a 11 year child with similar symptoms, cause of death was found to be sepsis. Water samples collected and sent to Regional Analytical Lab. Shigella and coliform bacteria were found and the sample was found to be unfit for drinking purpose."
Karnataka,Raichur,Dengue,29,0,16-12-20,17-12-20,Under Control,"Cases reported from Village Gonwatla Tanda, PHC/CHC Echnal, Taluk Lingsugur. High mosquito density was found and huge number of breeding sites was observed in the area. House to house survey done. 29 blood serum samples collected and sent to DSU, Raichur, result 01 sample positive for Dengue by IgM ELISA. All cases treated. Health education given. Cases reported from Village Corp/Chelavoor,"
West Bengal,Purba Medinipur,Scrub Typhus,23,0,11-02-20,15-11-20,Under Surveillance,"Cases reported from Village Paikpari, Saira, Mahisda, Panchberia, Par Alinan. PO Nonakuri Bazar, Saira, Demarihat, Ballukhat, Alinan. Block Sahid Matangini. Cases presented with Fever, Body aches, muscles pain and dark scab. House to house survey done. 15 samples were collected and 5 were reactive. All the rest were negative for scrub typhus and malaria."
Assam,Tinsukia,Leptospirosis,01,0,06-12-20,,Under Surveillance,"Cases reported from Ketetong, Kujupather, Village/SC Kujupather. District RRT investigated the outbreak. Cases presented with high-fever, diarrhea and vomiting. Blood samples collected and sent to AMCH, and result positive for Leptospira."
Jharkhand,Pakaur,Fever with Rash,12,0,01-12-20,,Under Surveillance,"Cases reported from Village Randanga, HSC Sangrampur, CHC Pakur. District RRT investigated the outbreak. House to house survey done. Two blood samples collected and sent to Institute of Serology Kolkata with the help of WHO Pakur, and both tested negative for Rubella and Measles."
Kerala,Trivandrum,Chikungunya,11,0,06-12-20,,Under Surveillance,"Cases reported from Village/HSC Pangode, PHC Thrikkannapuram, Block Trivandrum Corporation. Vector breeding sites were found in money plant holding containers, flower vases, plastic containers and tyres. 13 Blood samples collected and sent to PH Lab and all samples were found positive."
Jharkhand,Hazaribagh,Chickenpox,06,0,19-12-20,21-12-20,Under Control,"Cases reported from Village Barwa, SC Allunja, Block Ichak Hazaribagh. District RRT investigated the outbreak. House to house survey done. All cases treated symptomatically. Health education given. Cases reported from Village/SC Golegaon, Taluk"
Maharashtra,Ahmednagar,Chikungunya,14,0,18-12-20,21-12-20,Under Control,Shivgaon. District RRT investigated the outbreak. District NVBDCP officials were informed. House to house fever survey done. Out of 14 blood samples collected; 5 samples were found positive for Chikungunya (IgM ELISA). Entomological survey done. Source reduction and fogging undertaken in the affected area. Health education given.
Maharashtra,Nashik,Chikungunya,09,0,18-12-20,21-12-20,Under Control,"Cases reported from Village/SC Rue, PHC Devgaon, Block Niphad. District RRT investigated the outbreak. State and District NVBDCP officials were informed. House to house survey done. Out of 9 serum samples collected; 4 samples were positive for Chikungunya (IgM ELISA). All cases treated symptomatically. Source reduction activities undertaken. Health education given."
Mizoram,Lunglei,Food Poisoning,34,0,26-12-20,26-12-20,Under Control,"Cases reported from Village Ramlaitui, PHC Haulawng. District RRT investigated the outbreak. Active search for cases done. Cases consumed food in social ceremony and presented with symptoms of vomiting and loose motion. Cases treated symptomatically. ORS packets distributed in the affected area. Health education given regarding food hygiene and sanitation."
Tamil Nadu,Kallakuirichi,Acute Diarrheal Disease,21,0,21-12-20,23-12-20,Under Control,"Cases reported from Village Thimmalai-Colony, SC Thimmalai, PHC/Block Thiyagadurgam. District RRT investigated the outbreak. House to house survey done. 3 water sample sent and tested at DPHL, Kallakuruchi; were not potable. Stool sample collected was negative for cholera culture. All cases treated symptomatically. Health education given."
Tamil Nadu,Virudhunagar- Sivakasi,Dengue,08,0,23-12-20,23-12-20,Under Control,"Cases reported from Village Devathanam, SC Devathanam, PHC Chockanathanputhur, Block Sivakasi. District RRT investigated the outbreak. State and District NVBDCP officials were informed. House to house survey done. Out of 4 blood samples, sent to DPHL, Virudhunagar; 1 sample was positive for Dengue. All cases treated symptomatically. Source reduction activities undertaken. Health education given."
Jharkhand,Pakur,Measles,05,0,08-12-20,,Under Control,"Cases reported from Ballabhpur (Ward 21 Maulana Chauk) Urban Area, CHC Pakur. District RRT investigated the outbreak. House to house survey done. 4 Blood sample collected and sent to Institute of Serology, Kolkata. All cases treated symptomatically. Vitamin A supplementation provided. Health education given regarding isolation of cases."
Kerala,Kannur,Acute Diarrheal Disease,16,0,09-12-20,,Under Control,"Cases reported from Villages Kunnothuparamba and Thripangottur, SC Kallikandy and Cheruparamba, PHC Thripangottur and PHC Kunnothuparamba. District RRT investigated the outbreak. House to house survey done. Stool samples collected and sent to GMC Calicut. All cases treated symptomatically. Super chlorination of water sources done. ORS packets were distributed in the community. IEC done regarding safe drinking water and personal hygiene."
Maharashtra,Kolhapur,Acute Diarrheal Disease,72,0,07-12-20,,Under Control,"Cases reported from Boriwade, SC Boriwade, PHC Borpadale, Block Panhala. District RRT investigated the outbreak. House to house survey done. Out of 18 water sample collected; 5 samples were not potable. Stool sample collected was negative for cholera culture. All cases treated symptomatically. Health education given."
Maharashtra,Satara,Acute Diarrheal Disease,116,0,07-12-20,,Under Control,"Cases reported from Village/SC Vihe, PHC Malharpeth, Block Patan. District RRT investigated the outbreak. House to house survey done. 5 stool sample collected sent to Civil Lab (sentinel) was negative for cholera culture. All cases treated symptomatically. Health education given."
Andhra Pradesh,Anantapur,Food Poisoning,13,0,03-01-21,05-01-21,Under Control,"Cases reported from Mandly, Village/SC Mandal, PHC Somandepalli, Somadepalli (M).All cases had history of consumption of food in a ceremony. 07 water samples were collected & sent to Regional Public Health Lab, Kurnool and 06 stool samples were collected and sent to Dept. Of Microbiology, Govt. General Hospital, Anantapur. No pathogenic bacteria was grown"
Meghalaya,East Jaintia Hills,Chickenpox,10,0,02-01-21,04-01-21,Under Surveillance,"Cases reported from Moolamylliang Village/SC, Saipung Block, Sutnga CHC, presented with fever with polymorphic rashes all over body & face. District RRT investigated the outbreak. Health Education was given."
Maharashtra,Amravati,Acute Diarrheal Disease,53,0,28-12-20,31-12-20,Under Surveillance,"after 48 hours of aerobic incubation. Cases reported from Village Shingnapur, PHC Chandrapur, Block Daryapur. District RRT investigated the outbreak. Health Education was given regarding cleanliness and hygiene in the village."
Madhya Pradesh,Morena,Food Poisoning,07,0,27-12-20,02-01-21,Under Surveillance,"Cases reported from Village Talkapura, SHC Shithri, CHC Pahadgarh, presented with loose motion and vomiting. 07 children were affected (02-M & 05-F). District RRT investigated the outbreak. Health Education was given regarding regular hand washing."
Mizoram,Serchhip,Acute Diarrheal Disease,36,0,26-12-20,30-12-20,Under Surveillance,"Cases reported from Chhiahtlang, Block Serchhip. 36 people having Acute diarrheal disease were inspected. District RRT investigated the outbreak. Health Education was given regarding pre-boiling of water for drinking."
Odisha,Rayagada,Acute Diarrheal Disease,31,0,03-01-21,05-01-21,Under Control,"Cases reported from Village M Pitesu (Adibasi Sahi), SC S Pitesu, CHC/Block Kolanara. District RRT investigated the outbreak. Health Education was given regarding personal cleanliness was done."
Tamil Nadu,Thanjavur,Food Borne Illness,05,0,29-12-20,29-12-20,Under Surveillance,"Cases reported from Village Anoor, HSC Athiyur, PHC Kothangudi, Block Kumbakonam. District RRT investigated the outbreak. Health Education was given regarding personal hygiene."
Assam,Tinsukia,Leptospirosis,01,0,14-12-20,,31-12-20,"A 43 year old female from Village Hijuguri, SC Dhekiajuri, BPHC Hapjan. presented with high fever with headache followed by myalgia. Blood sample tested positive for Leptospira by IgM ELISA. District RRT investigated the outbreak. Health Education was given regarding leptospirosis."
Maharashtra,Beed,Chikungunya,10,0,16-10-20,,31-12-20,"Cases were reported from Ananadwadi PHC Yelambghat. 05 blood samples were collected for Dengue & Chikungunya test, out of which 02 samples tested positive for Chikungunya by IgM ELISA. Breeding sites of aedes mosquito were observed. District RRT investigated the outbreak. Health Education was given."
Maharashtra,Beed,Fever,41,0,07-12-20,,31-12-20,"Cases reported from Babhuldara tanda PHC Chaklamba Tq Georai. 10 blood samples were taken, all were found negative for Dengue & Chikungunya. District RRT investigated the outbreak. Health Education was given."
Maharashtra,Beed,Chikungunya,15,0,16-09-20,,31-12-20,"Cases reported from Mochipimpalgaon, PHC Nalwandi Tq Beed. 15 samples were collected for Dengue & Chikungunya test, out of which 07 samples were found positive for Chikungunya by IgM ELISA. District RRT investigated the outbreak. Health Education was given regarding Chikungunya."
Maharashtra,Parbhani,Acute Diarrheal Disease,66,0,05-10-20,,31-12-20,"Cases reported from Village Nandgaon, PHC Walur, Block Selu.12 water samples sent for test; 07 samples found contaminated. District RRT investigated the outbreak. Health Education was given regarding purification of water."
Maharashtra,Parbhani,Fever,30,1,27-10-20,,31-12-20,"Cases reported from Village & PHC Pedgaon, Block Parbhani. 29 blood samples were collected; serum sample collected was negative for Dengue. Out of 1260 (houses) and 3780 (containers), 175 containers had confirmed breeding sites of Aedes Mosquito Larva. District RRT investigated the outbreak. Health Education was given regarding fogging and abating measures. The deceased was a 55 year old female. Multiple cases were reported from Village Mhatrepada, SC"
Maharashtra,Thane,Leptospirosis,04,1,12-11-20,,29-12-20,"Hedutane, PHC Nilje; Village Kalambad, SC Palu, PHC Dhasai, Taluka Murbad; Village & SC Sapgaon, PHC Shenva, Taluka Shahapur; Village Indirawadi, SC & PHC Saralgaon, Taluka Murbad. The cases presented with fever, headache and muscle pain. On RDK testing, 87 samples tested for Leptospirosis, 133 for Dengue, 121 for Malaria; out of which 05 Leptospirosis positive, 25 NS-1, 10-IGg, 5-IG M- Dengue, 3-PF Malaria, 01 mix Malaria positive. District RRT investigated the outbreak. Rapid fever survey done. Doxycycline chemoprophylaxis was given."
Andhra Pradesh,Nandamuri Taraka Rama Rao (NTR),Acute Diarrheal Disease,30,0,30-12-2023,2024-03-01 00:00:00,Under Control,Cases from UPHC Durgapuram. Loose motion. Klebsiella in tank water sample. RRT investigated.
Assam,Charaideo,Leptospirosis,1,1,2024-02-01 00:00:00,2024-02-01 00:00:00,Under Surveillance,Sapekhati BPHC. Seizures. Positive for Leptospirosis IgM ELISA. 52-year-old female expired.
Assam,Darrang,Chickenpox,6,0,30-12-2023,2024-02-01 00:00:00,Under Surveillance,Khokjani Village. Fever with rash. Age 8-15 years. All 3 samples positive for Varicella Zoster IgM ELISA.
Bihar,Jehanabad,Chickenpox,8,0,2024-06-01 00:00:00,2024-06-01 00:00:00,Under Surveillance,Village Painditpur. Fever with rash. Age 3-12 years. All 3 samples positive for Chicken Pox IgM ELISA.
Gujarat,Ahmedabad,Acute Diarrheal Disease,16,0,2023-01-12 00:00:00,2024-01-01 00:00:00,Under Surveillance,Kubernagar UPHC. Pain abdomen and vomiting. Age 6-10 years. One water sample unfit for drinking.
Karnataka,Shivamogga,Kyasanur Forest Disease,81,1,2024-06-01 00:00:00,2024-06-01 00:00:00,Under Surveillance,Bappamane Village. Fever. 5 samples positive for KFDV IgM ELISA. 18-year-old female expired at KMC Manipal.
Karnataka,Vijayanagar,Cholera,97,1,2024-06-01 00:00:00,2024-06-01 00:00:00,Under Surveillance,"Kariganur village. Loose stool, vomiting, dehydration. 5 stool samples positive for Vibrio Cholera. 66-year-old female expired."
Kerala,Palakkad,Dog Bite,9,0,2024-03-01 00:00:00,2024-03-01 00:00:00,Under Surveillance,PHC Pattithara. 9 cases from dog bite on 1-1-2024. All received IDRV. House-to-house survey done.
Kerala,Thrissur,Chickenpox,28,0,28-12-2023,2024-04-01 00:00:00,Under Surveillance,"Divine Care Center, Meloor Village. Fever with rashes. All isolated. RRT investigated."
Kerala,Thrissur,Monkey Pox,2,0,28-12-2023,2024-04-01 00:00:00,Under Surveillance,CHC Vadakkekad. Fever with painful pus-filled lesions. Both samples positive for Monkey Pox by RTPCR.
Madhya Pradesh,Barwani,Chickenpox,9,0,23-12-2023,2024-02-01 00:00:00,Under Control,"PHC Khetia, PHC Bokrata. Fever with rash. One sample positive for Varicella Zoster IgM ELISA."
Madhya Pradesh,Chhatarpur,Chickenpox,6,0,2024-03-01 00:00:00,2024-04-01 00:00:00,Under Surveillance,CHC Lovkush Nagar. Fever with rash. All cases diagnosed clinically. All isolated.
Madhya Pradesh,Chhindwara,Chickenpox,15,0,2023-05-12 00:00:00,2024-05-01 00:00:00,Under Surveillance,PHC Khamarpani. Fever with rash. Negative for measles & rubella. Clinically diagnosed as Chickenpox.
Madhya Pradesh,Narsinghpur,Fever with Rash,8,0,2024-04-01 00:00:00,2024-04-01 00:00:00,Under Surveillance,"PHC Singhpur Bada, Village Naktuwa. Fever with rash. RRT investigated."
Maharashtra,Gadchiroli,Malaria,191,1,2024-04-01 00:00:00,2024-04-01 00:00:00,Under Control,Village Botlacheru. High grade fever with unconsciousness. Age 4-30 years. 2 samples positive for P. Falciparum. 30-year-old female expired.
Maharashtra,Gadchiroli,Malaria,385,1,27-12-2023,2024-01-01 00:00:00,Under Control,Village Katezari. High grade fever with unconsciousness. Age 2-60 years. 6 samples positive for P. Falciparum. 2-year-old female expired.
Maharashtra,Gondia,Malaria,28,0,29-12-2023,2024-01-01 00:00:00,Under Control,"Bhajepar, Block Tiroda. Fever with chills. Age 10-60 years. 1 sample positive. 15-year-old female expired."
Maharashtra,Kolhapur,Hepatitis A,9,0,2024-05-01 00:00:00,2024-05-01 00:00:00,Under Surveillance,"Village Dindanerli. Fever, loss of appetite. Age 15-65 years. All 6 blood samples positive for Anti-HAV IgM ELISA."
Maharashtra,Kolhapur,Food Poisoning,106,0,2024-03-01 00:00:00,2024-03-01 00:00:00,Under Control,"Village Parite. Fever, loose motion, vomiting after food at religious ceremony. Age 10-65 years."
Maharashtra,Nagpur,Scrub Typhus,9,1,2024-02-01 00:00:00,2024-04-01 00:00:00,Under Control,Village Khairi Mondha. Fever & icterus. Age 10-50 years. 1 sample positive for scrub typhus IgM ELISA. 37-year-old female expired.
Maharashtra,Palghar,Dengue & Chikungunya,9,0,2024-07-01 00:00:00,2024-07-01 00:00:00,Under Surveillance,"Hiradpada Ashramshala. Fever & cough. Age 9-15 years. 5 positive for Dengue IgM, 3 for Chikungunya IgM."
Odisha,Cuttack,Acute Diarrheal Disease,22,0,2024-04-01 00:00:00,2024-04-01 00:00:00,Under Control,"Village Bishnupur. Loose motion, vomiting, abdominal pain. Water H2S positive. Contaminated drinking water source."
Odisha,Sundargarh,Food Poisoning,25,0,2024-01-01 00:00:00,2024-01-01 00:00:00,Under Surveillance,"Village Luhuren Berni. Loose motion, vomiting after marriage party. Contaminated food likely."
Tamil Nadu,Thiruvallur,Acute Diarrheal Disease,11,0,2024-03-01 00:00:00,2024-03-01 00:00:00,Under Control,Village Thomur. Vomiting and loose stools. Age >14 years. All stool samples negative. Pipe leakage likely cause.
Tamil Nadu,Tiruvannamalai,Cholera,2,0,2024-03-01 00:00:00,2024-04-01 00:00:00,Under Control,"Village Nachamalai. Loose stools, vomiting. Stool samples positive for Vibrio Cholera."
Uttarakhand,Haridwar,Mumps,51,0,2024-01-01 00:00:00,2024-03-01 00:00:00,Under Control,Village Dargahapur. Fever with swelling in neck. Age 4-14 years. Diagnosed clinically. RRT investigated.
Assam,Hojai,Human Rabies,1,1,2024-12-01 00:00:00,13-01-2024,Under Control,"Village Jugijan. 16-year-old male with hydrophobia, fever. Dog bite 3 months prior, no ARV taken. Expired 13-01-2024."
Assam,Sonitpur,Mumps,4,0,2024-11-01 00:00:00,2024-12-01 00:00:00,Under Control,Sub-District Tezpur. Fever with parotid swelling. Age 6-9 years. All 3 samples positive for Mumps Virus IgM ELISA.
Bihar,Pashchim Champaran,Measles,17,0,2024-06-01 00:00:00,2024-11-01 00:00:00,Under Surveillance,Village Sirarahi. Fever with rash. Age 1-10 years. 5 samples positive for Measles IgM ELISA. Not immunized with MR vaccine.
Bihar,Pashchim Champaran,Measles,32,0,2024-05-01 00:00:00,2024-10-01 00:00:00,Under Surveillance,Village Gokhula. Fever with rash. Age 1-21 years. 2 samples positive for Measles IgM ELISA. Not immunized with MR vaccine.
Chhattisgarh,Raigarh,Acute Diarrheal Disease,9,0,2024-05-01 00:00:00,2024-08-01 00:00:00,Under Control,Village Rodopali. Loose motion and vomiting. All 4 water samples unfit for potable purposes.
Gujarat,Surendranagar,Chikungunya,52,0,2024-11-01 00:00:00,2024-11-01 00:00:00,Under Surveillance,Village Sontha. Fever with joint pain. 1 sample positive for Chikungunya IgM ELISA.
Jharkhand,East Singhbum,Chickenpox,10,0,2024-12-01 00:00:00,2024-12-01 00:00:00,Under Surveillance,Village Jagarnathpur. Fever with rash. Age 3-45 years. 1 sample positive for Varicella Zoster IgM ELISA.
Karnataka,Belagavi,Food Poisoning,92,0,2024-11-01 00:00:00,2024-12-01 00:00:00,Under Surveillance,"Government School, Ukhanapur. Vomiting, pain abdomen after consuming milk. Dead lizard found in milk (Ksheer Bhagya program)."
Karnataka,Chamarajanagar,Acute Diarrheal Disease,19,0,2024-05-01 00:00:00,2024-08-01 00:00:00,Under Surveillance,"Village Gumballi. Pain abdomen, loose stools, vomiting. Klebsiella in stool samples. 2 water samples unfit."
Karnataka,Vijayanagar,Acute Diarrheal Disease,34,0,2024-09-01 00:00:00,2024-09-01 00:00:00,Under Surveillance,"Ranipete 5th ward. Pain abdomen, loose stools, vomiting. No pathogenic organism. All water samples fit."
Kerala,Alappuzha,Mumps,18,0,2024-12-01 00:00:00,2024-12-01 00:00:00,Under Surveillance,"Georgean Public School, Edathua. Fever with parotid swelling. Age 0-6 years. 4 samples positive for Mumps Virus IgM ELISA."
Kerala,Kannur,Food Poisoning,83,0,2024-09-01 00:00:00,2024-10-01 00:00:00,Under Surveillance,"Village Mokeri. Fever, loose stools, pain abdomen after marriage function. Majority >30 years. Water sample unfit."
Kerala,Kasaragod,Acute Diarrheal Disease,43,0,2024-08-01 00:00:00,2024-10-01 00:00:00,Under Control,"MKSHS Thimiri and ALPS Thimiri. Abdominal discomfort, vomiting. Both water samples fit for drinking."
Kerala,Palakkad,Hepatitis A,9,0,2024-11-01 00:00:00,2024-12-01 00:00:00,Under Surveillance,Village Kottoppadam-I. Vomiting and tiredness. Both blood samples positive for Hepatitis A IgM ELISA. Water unfit.
Kerala,Palakkad,Food Poisoning,41,0,2024-12-01 00:00:00,2024-12-01 00:00:00,Under Surveillance,"Village Akathethara. Fever, chills, vomiting, loose stools after food from restaurant."
Kerala,Thiruvananthapuram,Food Poisoning,16,0,2024-08-01 00:00:00,2024-09-01 00:00:00,Under Control,"Village Perumpazhuthur. Vomiting, pain abdomen, loose stools after food in a ceremony."
Madhya Pradesh,Dhar,Animal Bite - Dog Bite,13,0,2024-11-01 00:00:00,2024-12-01 00:00:00,Under Surveillance,Sub-District Kukshi. Dog bite by stray dog in Block Bagh. Age 5-74 years. ARV given to all.
Madhya Pradesh,Guna,Measles,12,0,2024-06-01 00:00:00,2024-12-01 00:00:00,Under Surveillance,"Village Tuman Khedi. Fever, rash, cough, coryza. Age 3-14 years. Sample positive for Measles IgM ELISA."
Maharashtra,Kolhapur,Hepatitis A,42,0,2024-12-01 00:00:00,2024-12-01 00:00:00,Under Surveillance,"Village Nindhori and Kurni. Fever, loss of appetite. Age 10-60 years. 6 samples positive for Hepatitis A IgM ELISA."
Odisha,Deogarh,Food Poisoning,250,0,2024-08-01 00:00:00,2024-08-01 00:00:00,Under Control,Village Kangreshpur. Loose motion after food at religious function on 07-01-2024.
Tamil Nadu,Thanjavur,Cholera,41,0,2024-12-01 00:00:00,13-01-2024,Under Control,Village Mariamman Kovil. Vomiting and loose stools. 2 of 7 stool samples positive for Cholera.
Tamil Nadu,Virudhunagar,Mumps,15,0,2024-12-01 00:00:00,2024-12-01 00:00:00,Under Surveillance,Village Subburaj Cotton Mill Colony. Fever with parotid swelling. Age >14 years. RRT investigated.
Uttar Pradesh,Jalaun,Measles,5,0,2024-08-01 00:00:00,2024-10-01 00:00:00,Under Surveillance,"Village Mohana. Fever with rash, headache. Age 4-8 years. All 5 samples positive for Measles IgM ELISA. Only 1 of 5 vaccinated for MMR."
West Bengal,Purba Bardhaman,Food Poisoning,164,0,2024-06-01 00:00:00,2024-09-01 00:00:00,Under Control,"Sub-District Raina-II. Vomiting, fever, pain abdomen after food in religious ceremony. Age 25-50 years."
West Bengal,Purba Bardhaman,Food Poisoning,72,0,2024-03-01 00:00:00,,Under Control,"Village Gantey, Memari-II. Vomiting and nausea after food in funeral ceremony. Age 16-68 years. (Late report)"
Arunachal Pradesh,East Kameng,Human Rabies,1,1,13-01-2024,19-01-2024,Under Control,"Meorang Village. Dog bite Nov 2023, no ARV. 9-year-old female expired 14-01-2024 at TRIHMS Naharlagun."
Gujarat,Amreli,Acute Diarrheal Disease,68,0,18-01-2024,18-01-2024,Under Control,Village Taivadar. Diarrhea and vomiting. Age >12 years. E.coli isolated in all 3 stool samples.
Gujarat,Morbi,Hepatitis A,22,0,16-01-2024,17-01-2024,Under Surveillance,"Village Targa. Fever, vomiting, weakness, lack of appetite. Age 7-15 years. 2 samples positive for Hepatitis A ELISA."
Jharkhand,Simdega,Chickenpox,23,0,17-01-2024,17-01-2024,Under Surveillance,Village Targa. Fever with rash. Age 2-46 years. All 6 samples positive for Varicella Zoster IgM ELISA.
Karnataka,Chitradurga,Acute Diarrheal Disease,5,0,14-01-2024,17-01-2024,Under Control,"Kodagavalli Village. Loose stool, vomiting after consumption of Rice, Green Peas and Sambar. Age 21-50 years."
Karnataka,Shivamogga,Kyasanur Forest Disease,297,0,18-01-2024,20-01-2024,Under Surveillance,"60 villages & 7 PHCs, Beetabasavani PHC, Tirthahalli Taluk. Fever with myalgia. 6 positive for KFDV by RT-PCR."
Karnataka,Shivamogga,Kyasanur Forest Disease,53,0,18-01-2024,20-01-2024,Under Surveillance,"6 villages & 1 PHC, Kagodu PHC, Sagar Taluk. Fever with myalgia. 2 positive for KFDV by RT-PCR."
Karnataka,Uttar Kannad,Kyasanur Forest Disease,310,0,18-01-2024,19-01-2024,Under Surveillance,"5 PHCs, 8 villages, Siddapur Taluk. Fever with myalgia. 40 positive for KFDV by RT-PCR. 16 monkey deaths reported."
Kerala,Kasaragod,Food Poisoning,141,0,18-01-2024,18-01-2024,Under Control,"Village West Eleri. Vomiting, abdominal pain, fever, loose stools after food from common place. 200 ORS packets distributed."
Kerala,Kottayam,Dengue,39,0,2024-12-01 00:00:00,19-01-2024,Under Surveillance,"Village Changanassery. Fever, headache, body pain, joint pain. Age 12-60 years. 39 samples positive for dengue by Rapid NS1."
Kerala,Kottayam,Hepatitis A,6,0,2024-12-01 00:00:00,16-01-2024,Under Surveillance,"FHC Athirampuzha, school. Fever, vomiting, yellowish discoloration of eyes. Age 21-22 years. 3 samples positive for Hepatitis A IgM ELISA."
Madhya Pradesh,Bhopal,Mumps,18,0,2024-12-01 00:00:00,17-01-2024,Under Surveillance,CH Bairagarh. Fever with swelling in neck. All 5 samples positive for mumps IgM ELISA.
Madhya Pradesh,Burhanpur,Mumps,33,0,18-01-2024,19-01-2024,Under Surveillance,Village Amba. Fever with swelling in neck. Age 5-10 years. All 10 samples positive for mumps IgM ELISA.
Madhya Pradesh,Gwalior,Mumps,31,0,20-01-2024,20-01-2024,Under Surveillance,"CH Dabra. Fever, cough, sore throat. Samples sent to AIIMS Bhopal for investigation."
Madhya Pradesh,Sheopur,Fever with Rash,23,0,20-01-2024,20-01-2024,Under Surveillance,Village Baddan. Fever with rash. RRT investigated.
Madhya Pradesh,Shivpuri,Measles,18,2,13-01-2024,15-01-2024,Under Surveillance,"Village Dhakrora. Fever with rash, cough, runny nose. 7 of 9 samples positive for measles IgM ELISA. 3-year and 4-year-old females expired."
Maharashtra,Thane,Dengue,5,1,2024-12-01 00:00:00,16-01-2024,Under Surveillance,"Kalambhe, SC Asangaon, PHC Vashind. Fever, weakness. Age 10-40 years. 2 samples positive for dengue IgM ELISA. 22-year-old female expired."
Odisha,Balangir,Acute Diarrheal Disease,39,0,16-01-2024,16-01-2024,Under Control,"Village Desil, school. Loose motion. Age 10-14 years. Water H2S positive."
Odisha,Boudh,Acute Diarrheal Disease,42,0,19-01-2024,20-01-2024,Under Control,Village Bishnupur. Loose motion after food at ceremony. Age 25-75 years. Water H2S positive.
Odisha,Cuttack,Acute Diarrheal Disease,7,0,14-01-2024,15-01-2024,Under Control,Village Megha. Loose motion & vomiting. Age 15-60 years. No entero-pathogenic bacteria found.
Odisha,Ganjam,Fever with Rash,18,0,16-01-2024,18-01-2024,Under Control,Village Vajrachaunde. Fever with rash. Age 5-19 years. RRT investigated.
Odisha,Koraput,Acute Diarrheal Disease,30,0,20-01-2024,20-01-2024,Under Surveillance,Village Ampaballi. Loose motion after social gathering. Age 10-64 years. Water H2S positive.
Odisha,Puri,Acute Diarrheal Disease,16,0,16-01-2024,16-01-2024,Under Control,"Village Barag Hariasahi. Fever, vomiting, loose motion. Age 12-56 years. Water H2S positive, OT 0 PPM."
Puducherry,Pondicherry,Chikungunya,18,0,19-01-2024,19-01-2024,Under Surveillance,Village Thimmanaickenpalayam. Joint pain with fever. Age 20-65 years. 9 of 16 samples positive for Chikungunya IgM ELISA.
Tamil Nadu,Perambalur,Mumps,9,0,19-01-2024,19-01-2024,Under Control,Village Thirumandurai. Parotid swelling with fever. Age 2-14 years. All blood samples positive for mumps IgM ELISA.
Uttar Pradesh,Chandauli,Measles,43,0,2024-01-01 00:00:00,19-01-2024,Under Control,Village Awti. Fever with rash. Age 3-7 years. 4 of 6 samples positive for Measles IgM ELISA.
Kerala,Wayanad,Acute Diarrheal Disease,18,0,2024-09-01 00:00:00,,Under Surveillance,"Ladies hostel, PHC Sugandhagiri. Loose stool, nausea, vomiting. E. coli and coliform in well water. (Late report)"
Madhya Pradesh,Guna,Measles,12,0,2024-10-01 00:00:00,,Under Control,"Village Murela. Fever with rash, cough, coryza. 1 sample positive for Anti-Measles IgM ELISA. (Late report)"
Madhya Pradesh,Guna,Measles,12,0,2024-08-01 00:00:00,,Under Control,"Village Panchora. Fever with rash, cough, coryza. 1 sample positive for Anti-Measles IgM ELISA. (Late report)"
Maharashtra,Bhandara,Acute Diarrheal Disease,29,0,2024-09-01 00:00:00,,Under Surveillance,"Village Asgaon. Abdominal pain, nausea, dysentery. Age 6-70 years. Food samples sent for investigation. (Late report)"
Maharashtra,Thane,Dengue,13,0,29-12-2023,,Under Surveillance,"Village Mhadas, PHC Narivali. Fever, weakness. Age 15-50 years. 2 of 6 samples positive for dengue IgM ELISA. (Late report)"
Arunachal Pradesh,East Kameng,Measles,11,0,25-01-2024,25-01-2024,Under Surveillance,"Kid's Care School, Seppa town. Fever with rash. Age 3-6 years. All 5 blood samples positive for Measles IgM ELISA."
D&N Haveli And Daman And Diu,Daman,Food Poisoning,24,0,23-01-2024,23-01-2024,Under Control,"Village Mohan. Vomiting, pain abdomen, loose stools after marriage ceremony. Age 24-58 years."
Gujarat,Gandhinagar,Acute Diarrheal Disease,117,0,23-01-2024,24-01-2024,Under Control,"Village Mohan, Kalol. Vomiting, loose stools, pain abdomen. All water samples fit."
Gujarat,Valsad,Acute Diarrheal Disease,73,0,22-01-2024,23-01-2024,Under Control,"Village Mohan, Umbergaon. Vomiting and loose stools after marriage function. Age 15-65 years. Water samples unfit."
Jammu and Kashmir,Badgam,Jaundice,46,0,24-01-2024,25-01-2024,Under Surveillance,"Village Gurweth Kalan. Fever, fatigue, yellowish discoloration of eyes. Age 3-13 years. All blood negative for Hepatitis A and E. 2 water samples unfit."
Jharkhand,Khunti,Measles,3,0,26-01-2024,27-01-2024,Under Surveillance,"Sub-District Khunti. Fever with rash. Age 10 months, 6 years, 13 years. All 3 samples positive for Measles IgM ELISA."
Karnataka,Haveri,Acute Diarrheal Disease,54,0,22-01-2024,24-01-2024,Under Control,"Devraj Arasu Girls Hostel, Anur. Loose motions, vomiting, pain abdomen after hostel food. Age 11-20 years. One water sample unfit."
Karnataka,Raichur,Chikungunya,9,0,25-01-2024,26-01-2024,Under Surveillance,Village Kapgal. Fever with body and joint pain. 6 of 9 samples positive for Chikungunya IgM ELISA.
Kerala,Alappuzha,Mumps,9,0,28-01-2024,28-01-2024,Under Surveillance,"MTLPS School, Village Thalavady. Fever with toothache. Age 4-7 years. Positive for Mumps by RT-PCR."
Kerala,Ernakulam,Acute Diarrheal Disease,123,0,23-01-2024,28-01-2024,Under Surveillance,"MBMM College of Dental Science. Fever, loose motions, pain abdomen, vomiting. Age 18-24 years."
Kerala,Kannur,Melioidosis,1,0,25-01-2024,27-01-2024,Under Surveillance,"Munderi gram Panchayat. Fever, cough, breathing difficulty. Positive for Burkholderia pseudomallei on culture."
Kerala,Kannur,Melioidosis,1,0,22-01-2024,23-01-2024,Under Surveillance,"Division 32 of Kannur Corporation. Fever, cough, breathing difficulty. Positive for Burkholderia pseudomallei on culture."
Kerala,Kozhikode,Hepatitis A,27,0,24-01-2024,24-01-2024,Under Surveillance,"Sub-District Koyilandi. Fever, pain abdomen, fatigue. Both blood samples positive for Hepatitis A IgM ELISA. All water samples unfit."
Kerala,Palakkad,Chicken Pox,28,0,23-01-2024,23-01-2024,Under Surveillance,Ongallur Madarssa. Fever with rash. Age 7-11 years. RRT investigated.
Madhya Pradesh,Rewa,Food Poisoning,64,0,26-01-2024,27-01-2024,Under Surveillance,Village Padari. Pain abdomen and vomiting after food on 26th January. No pathogenic organism in stool.
Maharashtra,Buldhana,Mumps,5,0,25-01-2024,25-01-2024,Under Surveillance,Ashram School Chinchala. Fever with parotid swelling. Age 5-9 years.
Maharashtra,Palghar,Dengue,16,0,24-01-2024,24-01-2024,Under Surveillance,Village Khadkhad. Fever with joint pain. 5 of 16 samples positive for Dengue IgM ELISA.
Odisha,Cuttack,Food Poisoning,34,0,25-01-2024,25-01-2024,Under Control,Village Kantapada. Loose motion after food at party. Age 18-80 years. Water samples fit.
Odisha,Ganjam,Acute Diarrheal Disease,19,0,23-01-2024,23-01-2024,Under Control,Village Baradaballi. Loose motion. Age 16-80 years. All water samples fit.
Odisha,Sundargarh,Food Poisoning,27,0,27-01-2024,28-01-2024,Under Surveillance,Village Baidpali. Loose motion and vomiting after food in religious function. Age 10-40 years. Water samples fit.
Punjab,Firozepur,Measles,4,0,25-01-2024,26-01-2024,Under Surveillance,Sub-District Firozpur. Fever with rash. Age 3-8 years. All 4 samples positive for Measles IgM ELISA.
Tamil Nadu,Thanjavur,Mumps,17,0,24-01-2024,26-01-2024,Under Surveillance,Puthukudi Primary School. Fever with parotid swelling. Age 5-14 years. Samples negative for Mumps IgM ELISA.
Tamil Nadu,Thiruvallur,Chickenpox,14,0,22-01-2024,22-01-2024,Under Surveillance,JJ Nagar. Fever with rash. Age 1-14 years. RRT investigated.
Assam,Lakhimpur,Leptospirosis,4,0,22-12-2023,,Under Surveillance,"Village Kakotitup. Fever, headache, nausea, weakness. 1 sample positive for Leptospira IgM ELISA. (Late report)"
Kerala,Thrissur,Chickenpox,23,0,15-01-2024,,Under Surveillance,"Vilwadri Tuition Centre, Kuthampully. Fever with rash. Age 13-15 years. (Late report)"
Meghalaya,East Khasi Hills,Measles,66,1,2024-08-01 00:00:00,,Under Surveillance,"Villages Kenmynsaw and Kenbah. Fever with rash, cough, coryza. Poor immunization history. 6-year-old male expired 8-01-2024. (Late report)"
Meghalaya,West Jaintia Hills,Measles,24,0,15-01-2024,,Under Surveillance,Maskut Village. Fever with rash. Age 1-24 years. All 5 samples positive for Measles IgM ELISA. (Late report)
Meghalaya,West Jaintia Hills,Human Rabies,1,1,17-01-2024,,Under Control,"Sub-District Laskein. 6-year-old female, hydrophobia, dog bite Dec 2023. Expired 12 January 2024. (Late report)"
Uttar Pradesh,Bhadohi,Measles,6,0,2024-09-01 00:00:00,,Under Surveillance,Village Mailauna. Fever with rash. Age 8-12 years. 3 of 5 samples positive for Measles IgM ELISA. Not immunized. (Late report)
Bihar,Begusarai,Fever with Rash,11,0,31-01-2024,2024-02-02 00:00:00,Under Surveillance,Village Goura. Fever with maculopapular rash. Age 1-41 years. 5 blood and 2 throat swab samples sent to AIIMS Patna.
Gujarat,Ahmedabad,Cholera,129,0,2024-03-02 00:00:00,2024-03-02 00:00:00,Under Control,UPHC Dholka. Diarrhea and vomiting. Age 7 months to 85 years. 2 samples positive for Cholera. Cross contamination of water.
Gujarat,Anand,Mumps,19,0,31-01-2024,31-01-2024,Under Control,"Village Indranaj. Swelling and pain in parotid region, low grade fever. Age <15 years. Diagnosed clinically."
Gujarat,Vadodara,Acute Diarrheal Disease,86,0,2024-02-02 00:00:00,2024-02-02 00:00:00,Under Surveillance,"Village Anti, CHC Padra. Pain abdomen and loose watery stool. All age groups. Water samples unsatisfactory. Pipeline leakage likely."
Jammu and Kashmir,Anantnag,Acute Diarrheal Disease,87,0,29-01-2024,30-01-2024,Under Surveillance,"Villages Waguzarpora and Palpora. Vomiting, diarrhea, fever. Age 3-68 years. One water sample unsatisfactory."
Jammu and Kashmir,Shopian,Hepatitis A,10,0,2024-02-02 00:00:00,2024-03-02 00:00:00,Under Surveillance,"Village Nadigam. Fever, fatigue, yellow discoloration of eyes. Age 6-19 years. 5 blood samples positive for HAV IgM."
Jammu and Kashmir,Shopian,Hepatitis A,19,0,2024-02-02 00:00:00,2024-02-02 00:00:00,Under Surveillance,"Village Tranz, Pinjora. Fever, fatigue, yellow discoloration. Age 6-18 years. All 5 blood samples positive for HAV IgM."
Jammu and Kashmir,Shopian,Hepatitis A,10,0,31-01-2024,2024-01-02 00:00:00,Under Surveillance,"Village Khurampora Barbugh. Fever, fatigue, yellow discoloration. Age 7-18 years. 6 of 10 blood samples positive for HAV IgM."
Jammu and Kashmir,Shopian,Hepatitis A,15,0,31-01-2024,31-01-2024,Under Surveillance,"Village Molu Chitragam. Fever, fatigue, yellow discoloration. Age 7-18 years. All 15 blood samples positive for HAV IgM."
Jammu and Kashmir,Shopian,Hepatitis A,5,0,30-01-2024,31-01-2024,Under Surveillance,"Village Pahnoo. Fever, fatigue, yellow discoloration. 5 blood samples positive for HAV IgM. All 4 water samples unsatisfactory."
Jharkhand,East Singhbum,Chickenpox,13,0,2024-02-02 00:00:00,2024-02-02 00:00:00,Under Surveillance,Village Darisai. Fever with maculopapular rash. Age 1-75 years. 3 of 5 samples positive for Varicella Zoster IgM ELISA.
Karnataka,Chamarajanagar,Diphtheria,1,1,30-01-2024,2024-01-02 00:00:00,Under Surveillance,Vanakanapura Village. Stomach pain & throat infection. Positive for Corynebacterium Diphtheria. 65-year-old female expired 30-01-2024 at DH Mysuru.
Karnataka,Chikkamagaluru,Kyasanur Forest Disease,60,0,2024-01-02 00:00:00,2024-01-02 00:00:00,Under Surveillance,"Multiple villages, Koppa Taluk. Fever, headache, mild weakness. 25 of 60 blood samples positive for KFDV by RT-PCR."
Karnataka,Chikkamagaluru,Kyasanur Forest Disease,13,1,30-01-2024,2024-01-02 00:00:00,Under Surveillance,"Melukoppa Village, Sringeri Taluk. Fever and body ache. 1 blood sample positive for KFDV by RT-PCR. 79-year-old male expired."
Kerala,Palakkad,Dengue,18,0,2024-02-02 00:00:00,2024-03-02 00:00:00,Under Surveillance,"CHC Agali, Attappadi. Fever from police station. 3 positive for Dengue Rapid NS1, 2 positive for dengue IgM ELISA."
Kerala,Palakkad,Chickenpox,5,0,2024-02-02 00:00:00,2024-02-02 00:00:00,Under Surveillance,UPHC Diara Street office. Fever with rash. All cases clinically diagnosed.
Kerala,Palakkad,Mumps,16,0,31-01-2024,31-01-2024,Under Surveillance,"PHC Kulukkallur school. Parotid swelling, mild fever. Age 4-5 years. 2 of 3 throat swab samples positive for Mumps by PCR. School closed."
Kerala,Palakkad,Fever with Rash,6,0,31-01-2024,31-01-2024,Under Surveillance,CHC Pazhambalakode school. Fever and rashes. One sample positive for ASO (Group A Streptococcus).
Madhya Pradesh,Alirajpur,Mumps,27,0,2024-01-02 00:00:00,2024-01-02 00:00:00,Under Surveillance,"Village Nani Badoi. Pain and swelling over jaw, fever. 4 of 5 samples positive for Mumps IgM ELISA."
Madhya Pradesh,Dhar,Mumps,39,0,2024-01-02 00:00:00,2024-02-02 00:00:00,Under Surveillance,Village Nalcha. Discomfort in salivary glands. 4 of 5 samples positive for Mumps IgM ELISA.
Madhya Pradesh,Guna,Chickenpox,8,0,31-01-2024,31-01-2024,Under Surveillance,"Village Nalcha. Fever, loss of appetite, headache, fluid-filled blisters. All diagnosed clinically."
Madhya Pradesh,Gwalior,Mumps,7,0,2024-04-02 00:00:00,2024-04-02 00:00:00,Under Surveillance,"UPHC Pintopark. Fever, cough, sore throat. 6 of 7 samples positive for Mumps IgM ELISA."
Madhya Pradesh,Narsinghpur,Chickenpox,7,0,31-01-2024,31-01-2024,Under Surveillance,"UPHC Narsinghpur. Fever, rashes, headache, weakness. RRT investigated."
Maharashtra,Kolhapur,Hepatitis A&E,101,0,2024-03-02 00:00:00,2024-03-02 00:00:00,Under Surveillance,"PHC Tipkurli. Fever, anorexia, pain abdomen, vomiting. Age 10-60 years. HAV and HEV both isolated. Pipeline leakage likely."
Maharashtra,Thane,Acute Diarrheal Disease,110,0,31-01-2024,31-01-2024,Under Surveillance,Bhatsai Village school. Vomiting and dysentery. Age 10-40 years. Two food samples sent to BMC lab.
Odisha,Bargarh,Food Poisoning,347,0,31-01-2024,31-01-2024,Under Control,"Village S Dumerpali. Abdominal pain, loose watery stools after food at feast. Water H2S positive. Contaminated food likely."
Odisha,Deogarh,Food Poisoning,42,0,30-01-2024,31-01-2024,Under Control,Village Tuhilamal. Loose motion and vomiting after marriage celebration. Contaminated food likely.
Odisha,Deogarh,Chickenpox,15,0,29-01-2024,29-01-2024,Under Control,DHH Deogarh. Fever with rash. Age 6-15 years. 1 of 5 samples positive for Varicella Zoster IgM ELISA. All isolated.
Odisha,Jharsuguda,Food Poisoning,42,0,2024-02-02 00:00:00,2024-02-02 00:00:00,Under Control,Village Banjari. Loose stools after food from canteen. Age 15-35 years. Water H2S positive. Contaminated food likely.
Odisha,Koraput,Acute Diarrheal Disease,18,0,2024-02-02 00:00:00,2024-02-02 00:00:00,Under Control,Village Pipalpadar. Loose stools. Age 4-54 years. Multiple pathogens in rectal samples. Water H2S positive.
Odisha,Mayurbhanj,Acute Diarrheal Disease,12,0,2024-02-02 00:00:00,2024-02-02 00:00:00,Under Control,"School hostel, Debendrapur UPHC. Loose stools. Age 10-15 years. Water H2S negative, OT<0.1 PPM."
Odisha,Sundargarh,Acute Diarrheal Disease,7,0,28-01-2024,2024-02-02 00:00:00,Under Control,Village Sirukad Ambur. Loose stools. Age 10-16 years. RRT investigated.
Punjab,Shahid Bhagat Singh Nagar,Mumps,13,0,2024-01-02 00:00:00,2024-01-02 00:00:00,Under Control,School Palli Unchi. Parotid swelling & fever. Age 0-15 years. All 13 samples positive for mumps IgM ELISA. All isolated.
Tamil Nadu,Ariyalur,Food Poisoning,6,0,29-01-2024,30-01-2024,Under Control,Village Chozhankurichi school. Vomiting after food. Age 5-10 years. 2 water samples showed Coliforms.
Tamil Nadu,Tiruppur,Fever,7,0,31-01-2024,31-01-2024,Under Surveillance,"Village Karatholuvu. Fever, cold, myalgia. All 7 samples negative for Dengue, Typhoid, Leptospirosis, Scrub typhus, Hepatitis A&B."
Tripura,Unakoti,Acute Diarrheal Disease,8,0,30-01-2024,30-01-2024,Under Control,Village Jamtailbari. Loose stools. Age 4 months to 5 years. Stool samples positive for E. coli on culture.
Uttar Pradesh,Farrukhabad,Measles,8,0,2024-02-02 00:00:00,2024-04-02 00:00:00,Under Surveillance,Civil Hospital Linziganj area. Fever with rash. Age 2-60 years. 1 of 5 samples positive for Measles IgM ELISA. All unvaccinated.
Uttar Pradesh,Jhansi,Measles,61,0,29-12-2023,29-01-2024,Under Surveillance,Villages Sijari Bugurg & Bamhauri. Age 2-24 years. All 5 blood samples positive for Measles IgM ELISA.
West Bengal,Birbhum,Acute Diarrheal Disease,122,0,2024-01-02 00:00:00,2024-01-02 00:00:00,Under Control,"Village Kota, Dubrajpur. Loose motion after religious ceremony on 31-01-2024. Contaminated khichdi bhog suspected."
West Bengal,Howrah,Acute Diarrheal Disease,67,0,30-01-2024,30-01-2024,Under Control,Village Ajangachi. Loose motion after marriage ceremony. Age 16-45 years. Staphylococcus sp. in food samples.
Arunachal Pradesh,Leparada,Measles & Rubella,19,0,22-01-2024,,Under Surveillance,"Basar Township. Fever with rash. Age 10 months to 6 years. 1 positive for Rubella, 1 for Measles IgM ELISA. (Late report)"
Kerala,Thrissur,Fever with Rash,85,1,24-01-2024,,Under Surveillance,PHC Kuthampully school. Fever with rash. Streptococcus Pyogenes in throat culture. 1 death. (Late report)
Madhya Pradesh,Indore,Chickenpox,5,0,2024-01-01 00:00:00,,Under Surveillance,PHC Hatod. Fever and rash. All cases diagnosed clinically. (Late report)
Madhya Pradesh,Jhabua,Fever with Rash,15,0,20-01-2024,,Under Surveillance,"CH Petlawad. Fever with rash, cough, watery eye. 6 of 7 samples positive for Anti-Measles IgM ELISA. (Late report)"
Manipur,Thoubal,Measles,21,0,2024-12-01 00:00:00,,Under Surveillance,Village Lumkseh. Fever and rash. Age 1-14 years. All 5 samples positive for measles IgM ELISA. (Late report)
Manipur,Thoubal,Fever with Rash,34,0,2024-12-01 00:00:00,,Under Control,PHC Sangaiyumpham. Fever and rash. Age 11 months to 11 years. 7 of 10 samples positive for measles IgM ELISA. (Late report)
Meghalaya,East Khasi Hills,Fever with Rash,29,0,22-01-2024,,Under Surveillance,"Diengpasoh PHC, Village Lumkseh. Fever with rash, cough, coryza. Majority unvaccinated against MR. (Late report)"
Meghalaya,West Garo Hills,Human Rabies,1,1,23-01-2024,,Under Surveillance,"Charbatapara II, Phulbari PHC. Stray dog bite. 14-year-old male expired. Did not take ARV. (Late report)"
Bihar,Madhubani,Measles,16,0,2024-10-02 00:00:00,2024-10-02 00:00:00,Under Surveillance,"Cases from Village Kaithania Mushahri, Sub-district Lakhnaur. Cases with fever with rash. 5 blood samples sent to AIIMS Patna; 4 positive for Measles IgM by ELISA. Age group 1-12 years. Treated symptomatically. Vitamin A given. Community awareness on vaccination, hygiene and sanitation."
Bihar,Purbi Champaran,Fever with Rash,14,0,2024-01-02 00:00:00,2024-05-02 00:00:00,Under Surveillance,"Cases from Village Phulwaria, Sub-district Sugauli. 14 blood samples sent to AIIMS Patna; 9 positive for Measles IgM by ELISA. Age group 1-6 years. Treated symptomatically. Vitamin A given."
Chhattisgarh,Bijapur,Dengue,24,0,2024-08-02 00:00:00,2024-08-02 00:00:00,Under Surveillance,"Cases from Village Bhairamgarh, Sub-district Bijapur. 24 blood samples sent to Medical College Jagdalpur; 2 positive for Dengue NS1 by ELISA. Treated symptomatically. Community awareness on vector control."
Chhattisgarh,Gariyaband,Acute Diarrheal Disease,41,0,2024-09-02 00:00:00,2024-09-02 00:00:00,Under Control,"Cases from Village Sarnabahal, Sub-district Mainpur. Loose motions, vomiting and weakness. 4 stool samples - no pathogenic organism growth. All cases had street food during religious ceremony. No deaths."
Chhattisgarh,Sukma,Measles,40,0,2024-04-02 00:00:00,2024-08-02 00:00:00,Under Control,"Cases from Village Gadiras, Sub-district Gadiras. 5 blood samples sent to Medical College Jagdalpur; 3 positive for Measles IgM by ELISA. Vitamin A given."
Gujarat,Valsad,Acute Diarrheal Disease,73,0,2024-07-02 00:00:00,2024-07-02 00:00:00,Under Control,"Cases from Village Vapi, Sub-district Vapi. 12 blood samples, 2 water samples sent to GMERS Valsad. No pathogenic organism. All cases attended a marriage function. Age group 15-65 years."
Jharkhand,Dumka,Chickenpox,13,0,2024-06-02 00:00:00,2024-06-02 00:00:00,Under Surveillance,"Cases from Village Sugapahari, Sub-district Masalia. 5 blood samples sent to DPHL Dumka; all positive for Chickenpox IgM by ELISA. Age group 2-40 years. Vitamin A given."
Karnataka,Dakshin Kannad,Shigellosis,39,0,2024-07-02 00:00:00,2024-07-02 00:00:00,Under Control,"Cases from Village Adyar, Sub-district Mangaluru. One stool sample positive for Shigella on culture; one water sample unfit for potable purpose. Age group 11-30 years."
Karnataka,Koppal,Chikungunya,53,0,2024-09-02 00:00:00,2024-09-02 00:00:00,Under Control,"Cases from Village Nerebenchi, Sub-district Kushtagi. 2 blood samples sent to DPHL Koppal; 1 positive for Chikungunya IgM by ELISA. Community awareness on vector control."
Karnataka,Tumakuru,Acute Diarrheal Disease,60,0,2024-08-02 00:00:00,2024-09-02 00:00:00,Under Surveillance,"Cases from Ambabhavani Anudanita High School, Seenappanahalli. One water sample unfit (E.Coli growth). All cases had Curd rice. Age group 11-20 years."
Kerala,Kasaragod,Food Poisoning,78,0,2024-04-02 00:00:00,2024-05-02 00:00:00,Under Control,"Cases from Village Kilayikode, Sub-district Hosdurg. Vomiting, pain abdomen and loose stools. All cases consumed food in a religious function on 2nd February. Treated symptomatically."
Kerala,Kozhikode,Hepatitis A,13,0,2024-03-02 00:00:00,2024-05-02 00:00:00,Under Surveillance,"Cases from ward-9, Village Velom, Sub-district Vatakara. 2 blood samples positive for Hepatitis A IgM; water sample unfit for potable purpose (Coliform detected). Treated symptomatically."
Kerala,Malappuram,Acute Diarrheal Disease,10,0,2024-09-02 00:00:00,2024-09-02 00:00:00,Under Surveillance,"Cases from Village Panakkad, Sub-district Ernad. Vomiting and loose stools. All cases consumed food in a marriage function. No deaths."
Kerala,Malappuram,Hepatitis A,47,0,2024-08-02 00:00:00,2024-08-02 00:00:00,Under Surveillance,"Cases from Calicut International Airport area, Village Kuruva. 3 blood samples positive for Hepatitis A IgM; 3 water samples unfit for potable purpose. Most cases had food in airport canteen."
Kerala,Malappuram,Hepatitis A,11,0,2024-05-02 00:00:00,2024-06-02 00:00:00,Under Surveillance,"Cases from Village Anakkayam, Sub-district Ernad. 2 blood samples positive for Hepatitis A IgM. Most cases were relatives and close contacts of index case."
Kerala,Malappuram,Hepatitis A,7,0,2024-05-02 00:00:00,2024-05-02 00:00:00,Under Surveillance,"Cases from Village Panakkad, Sub-district Ernad. 1 blood sample positive for Hepatitis A IgM. Most cases were close contacts of index case."
Kerala,Palakkad,Mumps,19,0,2024-09-02 00:00:00,2024-09-02 00:00:00,Under Surveillance,"Cases from Viswabharathy School, Village Kottayi-II, Sub-district Alathur. 1 blood sample positive for Mumps by RT-PCR. Age group 5-12 years."
Kerala,Thrissur,Food Poisoning,65,0,2024-02-02 00:00:00,2024-05-02 00:00:00,Under Surveillance,"Cases from RMVHSS, Village Perinjanam, Sub-district Kodungallur. 1 water sample unfit for potable purpose. All cases consumed food in a farewell party in school on 30-01-2024."
Madhya Pradesh,Alirajpur,Mumps,38,0,2024-02-02 00:00:00,2024-06-02 00:00:00,Under Surveillance,"Cases from Village Girdha, Sub-district Bhavra. 5 blood samples; 4 positive for Mumps IgM by ELISA. Age group 1-35 years."
Madhya Pradesh,Alirajpur,Mumps,15,0,2024-02-02 00:00:00,2024-06-02 00:00:00,Under Surveillance,"Cases from Village Bori, Sub-district Jobat. 4 blood samples; all positive for Mumps IgM by ELISA."
Madhya Pradesh,Alirajpur,Mumps,25,0,2024-02-02 00:00:00,2024-06-02 00:00:00,Under Surveillance,"Cases from Village Lakhan Kot, Sub-district Alirajpur. 10 blood samples; 9 positive for Mumps IgM by ELISA."
Madhya Pradesh,Betul,Mumps,13,0,2024-08-02 00:00:00,2024-09-02 00:00:00,Under Surveillance,"Cases from Village Gehunras, Sub-district Betul. 2 blood samples; 1 positive for Mumps IgM by ELISA. Age group 8-12 years."
Madhya Pradesh,Guna,Measles,9,0,2024-06-02 00:00:00,2024-06-02 00:00:00,Under Surveillance,"Cases from Village Hinotiya, Sub-district Bhadora. 1 blood sample positive for Measles IgM by ELISA. Vitamin A given."
Maharashtra,Nanded,Acute Diarrheal Disease,1000,0,2024-07-02 00:00:00,2024-07-02 00:00:00,Under Control,"Cases from Village Sawargaon Nasarat, Sub-district Loha. Nausea, vomiting and giddiness. All cases developed symptoms after having food in a religious function. Age group 10-60 years."
Maharashtra,Osmanabad,Dengue,9,0,2024-07-02 00:00:00,2024-07-02 00:00:00,Under Surveillance,"Cases from Village Pangardarwadi, Sub-district Tuljapur. 5 blood samples; 1 positive for Dengue IgM by ELISA. Community awareness on vector control."
Maharashtra,Osmanabad,Acute Diarrheal Disease,27,0,2024-07-02 00:00:00,2024-07-02 00:00:00,Under Control,"Cases from Village Partapur, Sub-district Kalamb. Nausea, vomiting and headache. No deaths."
Maharashtra,Parbhani,Food Poisoning,19,0,2024-07-02 00:00:00,2024-09-02 00:00:00,Under Control,"Cases from Village Ambarwadi, Sub-district Jintur. All cases had food in a religious function. Age group 20-65 years. No deaths."
Maharashtra,Parbhani,Food Poisoning,629,0,2024-07-02 00:00:00,2024-09-02 00:00:00,Under Control,"Cases from Village Sonna, Sub-district Parbhani. All cases had food in a religious function. Age group 20-65 years. No deaths."
Maharashtra,Parbhani,Food Poisoning,335,0,2024-07-02 00:00:00,2024-09-02 00:00:00,Under Control,"Cases from Village Naratwadi, Sub-district Palam. All cases had food in a function. Age group 30-65 years. No deaths."
Odisha,Koraput,Food Poisoning,17,0,2024-04-02 00:00:00,2024-05-02 00:00:00,Under Control,"Cases from Kasturba Gandhi Girls High School Hostel, Village Lamataput. 3 water samples all unfit for potable purpose. All cases had dinner in hostel mess. Age group 10-13 years."
Odisha,Rayagada,Food Poisoning,9,1,2024-07-02 00:00:00,2024-09-02 00:00:00,Under Control,"Cases from Village Dunduli, Sub-district Rayagada. All samples unfit for potable purpose. All family members developed symptoms after having leftover food from birthday celebration. Age group 4-60 years. 5 year old male child died on 07-02-2024."
Tamil Nadu,Madurai,Leptospirosis,14,0,2024-05-02 00:00:00,2024-08-02 00:00:00,Under Control,"Cases from Village Mokkathanparai, Sub-district Peraiyur. 6 blood samples; 4 positive for Leptospirosis IgM by ELISA. Community awareness on vector control."
Tamil Nadu,Thanjavur,Mumps,22,0,2024-06-02 00:00:00,2024-07-02 00:00:00,Under Surveillance,"Cases from Village Seruvaviduthi south, Sub-district Peruvurani. 4 serum samples positive for Mumps IgM by ELISA. Age group 1-10 years."
Tamil Nadu,Thanjavur,Chickenpox,25,0,2024-06-02 00:00:00,2024-07-02 00:00:00,Under Surveillance,"Cases from Village Keela Kallur, Sub-district Kumbakonam. Fever with rash. Community awareness on hygiene and sanitation."
Tamil Nadu,Thiruvallur,Acute Diarrheal Disease,131,0,2024-08-02 00:00:00,2024-08-02 00:00:00,Under Control,"Cases from Ammayappar Textiles Pvt. Company, Village Velankandigai. 2 vomitus samples positive for E.Coli and Klebsiella pneumoniae; all 5 water samples unfit. Age group >14 years."
Telangana,Peddapalli,Acute Diarrheal Disease,33,2,2024-10-02 00:00:00,2024-11-02 00:00:00,Under Control,"Cases from Village Gowreddipeta, Sub-district Peddapalli. Samples did not show pathogenic organism growth. Both water samples fit for potable purpose. Age group 25-40 years. 54 year old male and 26 year old female expired."
Bihar,Gaya,Measles,6,0,22-12-2023,,Under Surveillance,(Late report) Cases from Sub-district Wazirganj. 6 blood samples; all positive for Measles IgM by ELISA. Age group 2-5 years. Vitamin A given.
Chhattisgarh,Surajpur,Mumps,37,0,29-01-2024,,Under Surveillance,"(Late report) Cases from Mission Hostel, Village Karkoti, Sub-district Bhaiyathan. All 7 blood samples positive for Mumps IgM; 2 throat samples positive for Mumps RT-PCR. Age group 6-13 years."
Jharkhand,West Singhbhum,Measles,5,0,2024-09-01 00:00:00,,Under Surveillance,"(Late report) Cases from Village Kumbia, Sub-district Manoharpur. All 5 blood samples positive for Measles IgM by ELISA. Age group 11-13 years. Vitamin A given."
Assam,Dhemaji,Chickenpox,8,0,17-02-2024,17-02-2024,Under Surveillance,"Cases from Namkir HWC, Jonai BPHC. 5 blood samples; all positive for Varicella Zoster IGM. Community awareness on hygiene and sanitation."
Bihar,Arwal,Acute Diarrheal Disease,15,0,2024-10-02 00:00:00,15-02-2024,Under Control,"Cases from Village Doniala, Sub-District Sonbhadra Banshi Suryapur. Vomiting and pain abdomen after Filaria Programme medicine in school. Age group 4-19 years. No deaths."
Bihar,Begusarai,Fever with Rash,9,0,2024-11-02 00:00:00,13-02-2024,Under Surveillance,"Cases from Village Mehpatol, Sub-District Dandari. Fever with maculo-papulo vesicular rash. 6 blood and 2 throat swab samples; all negative for measles. Age group 1-22 years."
Bihar,Jehanabad,Measles,8,0,13-02-2024,15-02-2024,Under Surveillance,"Cases from Village Nawabganj, Sub-District Makhdumpur. 6 blood samples; all positive for Measles IgM by ELISA. Age group 4-17 years. Vitamin A given."
Chhattisgarh,Sukma,Measles,6,0,2024-10-02 00:00:00,2024-12-02 00:00:00,Under Control,"Cases from Village Murtonda, Sub-District Sukma. 2 out of 6 serum samples positive for measles on culture. Contact tracing done."
Gujarat,Ahmedabad,Food Poisoning,16,0,13-02-2024,13-02-2024,Under Control,"Cases from Village Vaghodia, Sub-District Vaghodia. Diarrhea and vomiting after attending a marriage function. Age group 0-5 years. Contaminated food suspected."
Gujarat,Jamnagar,Chikungunya,9,0,2024-08-02 00:00:00,2024-12-02 00:00:00,Under Surveillance,"Cases from Village Jashapar, Sub-District Kalavad. 5 out of 9 blood samples positive for Chikungunya IgM by ELISA. Age group 46-60 years. Fogging and anti-larval activity done."
Gujarat,Mahisagar,Acute Diarrheal Disease,9,0,14-02-2024,14-02-2024,Under Surveillance,"Cases from Village Hindoliya, Sub-District Lunawada. Loose motions and abdominal pain. Age group 25-40 years. Stool and water sample sent for testing."
Haryana,Nuh,Food Poisoning,15,0,2024-09-02 00:00:00,2024-12-02 00:00:00,Under Control,"Cases from Booraka Village, Ujina. Vomiting, diarrhea, and abdominal pain after consuming food from a common kitchen. Contaminated food suspected."
Himachal Pradesh,Mandi,Acute Diarrheal Disease,26,0,14-02-2024,15-02-2024,Under Control,"Cases from Village Fangyar, Gram panchayat Noun, Tehsil Chachiyot. Loose stools. All age groups affected. Water samples found satisfactory."
Karnataka,Bidar,Chikungunya,10,0,2024-08-02 00:00:00,2024-12-02 00:00:00,Under Surveillance,"Cases from Govind Thanda, Nirna PHC, Homnabad Taluk. 6 out of 10 blood samples positive for Chikungunya IgM by ELISA. Age group 31-50 years. Fogging and source reduction done."
Karnataka,Dakshin Kannad,Acute Diarrheal Disease,46,0,2024-12-02 00:00:00,13-02-2024,Under Control,"Cases from a girl's hostel, Kadri Padav Village. Both blood samples negative; water samples not suitable for potable purpose (MPN test). Age group 11-30 years. Hostel authority advised on hygiene measures."
Karnataka,Mysuru,Human Rabies,1,1,16-02-2024,16-02-2024,Under Control,"Case from Hegganduru Village, Vadambalu Sub-center. Category III street dog bite on 04.01.2024. ARV schedule was incomplete. 47 year old female died on 14.02.2024. Animal Husbandry informed for stray dog rabies immunization."
Karnataka,Raichur,Mumps,15,0,2024-09-02 00:00:00,2024-12-02 00:00:00,Under Surveillance,"Cases from a school in Neeralkera Village, Echnal PHC, Lingsugur Taluk. 11 out of 15 blood samples positive for Mumps IgM by ELISA. Age group 0-20 years. Suspected cases isolated."
Kerala,Kozhikode,Typhoid,57,0,16-02-2024,16-02-2024,Under Surveillance,"Cases from PHC Kunduthode, Village Kavilumpara, Sub-District Vatakara. 3 stool samples; all positive for S. Typhi on culture. Cases attended a wedding on 20.01.2024."
Kerala,Palakkad,Mumps,14,0,16-02-2024,16-02-2024,Under Surveillance,"Cases from a school under PHC Mathur, Village Vandazhi-I, Sub-District Alathur. 1 out of 3 samples positive for Mumps by RTPCR. Suspected cases isolated."
Kerala,Palakkad,Mumps,19,0,2024-12-02 00:00:00,16-02-2024,Under Surveillance,"Cases from a school under TH Elapully, Village Elappully-I, Sub-District Palakkad. 1 out of 2 samples positive for Mumps by PCR. Suspected cases isolated."
Kerala,Palakkad,Mumps,11,0,15-02-2024,15-02-2024,Under Surveillance,"Cases from a school under CHC Ambalapara, Village Ambalapara-II, Sub-District Ottappalam. All cases clinically diagnosed. Age group 5-6 years. Health education given to students and parents."
Madhya Pradesh,Bhopal,Human Rabies,1,1,2024-12-02 00:00:00,2024-12-02 00:00:00,Under Control,Case from AIIMS Bhopal. Dog bite on 06.01.24. Patient received ARV & RIG but developed hydrophobia on 16.01.24. 4 year old male died on 23.01.24 in AIIMS Bhopal.
Madhya Pradesh,Gwalior,Measles,10,0,13-02-2024,14-02-2024,Under Surveillance,"Cases from PHC Shuklahari, Village Mehagaon, Sub-District Pichhore. 4 out of 5 blood samples positive for measles IgM by ELISA. Age group 16 months to 13 years."
Madhya Pradesh,Indore,Mumps,17,0,2024-10-02 00:00:00,13-02-2024,Under Surveillance,Cases from Dudhia Sub-Centre under PHC Piwday. 2 out of 3 blood samples positive for Mumps IgM by ELISA. Age group 0-30 years. Isolation of cases done.
Madhya Pradesh,Jhabua,Measles,5,0,13-02-2024,13-02-2024,Under Surveillance,"Cases from CHC Rama, Village Kakadkua, Sub-District Rama. 3 out of 5 samples positive for Measles IgM by ELISA. Fever with rash, cough, and watery eye."
Madhya Pradesh,Mandla,Scrub Typhus,5,0,15-02-2024,15-02-2024,Under Surveillance,"Cases from NIRTH Jabalpur, CHC Bamhani Banjar, Village Semarkhapa. 1 out of 5 blood samples positive for Scrub Typhus IgM by ELISA. Fever and black eschar. Insecticide spray done."
Madhya Pradesh,Morena,Measles,5,0,14-02-2024,14-02-2024,Under Surveillance,Cases from CH Banmore. Age group 2 to 6 years. All cases fully vaccinated. All 5 samples positive for Measles IgM by ELISA.
Madhya Pradesh,Narsinghpur,Fever with Rash,5,0,14-02-2024,15-02-2024,Under Surveillance,"Cases from PHC Chawarpatha, Sub-District Tendukheda. 5 blood and throat swab samples; all negative for measles."
Madhya Pradesh,Rewa,Scrub Typhus,35,0,15-02-2024,15-02-2024,Under Control,"Cases from SS Medical College Rewa, Village Rausar-Sagara. 33 out of 35 blood samples positive for Scrub Typhus IgM by ELISA. All age groups affected."
Madhya Pradesh,Satna,Measles,54,1,15-02-2024,15-02-2024,Under Surveillance,"Cases from Village Budhagar, SHC Matwara, Block Maihar. All 17 samples positive for Measles by PCR. Age group 2-14 years. Death of an 8 year old male occurred."
Maharashtra,Osmanabad,Malaria,9,0,15-02-2024,15-02-2024,Under Control,"Cases from Chirkhadwasti, PHC Para. 2 out of 53 blood smears positive for malaria (P.Vivax). Age group 20-65 years. Fogging and source reduction done."
Maharashtra,Raigad,Dengue,6,1,14-02-2024,18-02-2024,Under Surveillance,"Cases from Kumayat Building, Kamothe Sector-14 Panvel Municipal Corporation. 1 out of 7 blood samples positive for Dengue IgM by ELISA. Age group 10-55 years. Death of a 25 year old female occurred due to dengue."
Maharashtra,Thane,Malaria,5,1,2024-08-02 00:00:00,14-02-2024,Under Surveillance,"Cases from TMC Kharegaon Health Centre, Thane Municipal Corporation. 1 positive for P. Falciparum. Death of a 57 year old female due to Septic shock with DIC with Falciparum malaria with CKD, HTN on 08/02/2024."
Meghalaya,East Garo Hills,Chickenpox,8,0,13-02-2024,14-02-2024,Under Surveillance,"Cases from Rongap Songgitcham, Sub-District Songsak. Fever and maculopapular rashes. Cases clinically diagnosed. Active case search conducted."
Odisha,Balangir,Acute Diarrheal Disease,18,0,2024-12-02 00:00:00,14-02-2024,Under Control,Cases from Village Landapathar under Rugudipali Sub-Center. Loose motion. Coliform bacteria found in 2 water samples. Age group 6-63 years.
Odisha,Cuttack,Food Poisoning,38,0,15-02-2024,15-02-2024,Under Control,"Cases from Village Ghantikhal, Sabarsahi, CHC Berhampur. Loose motion and vomiting after consumption of a Public Feast (Astaprahari). Age group 5-61 years. Contaminated food suspected."
Odisha,Koraput,Fever with Rash,20,0,16-02-2024,16-02-2024,Under Surveillance,"Cases from Village Kantapadar, Sub-District Kundura. 5 blood and urine samples; all negative for Measles. Age group 5-71 years."
Odisha,Koraput,Acute Diarrheal Disease,13,0,2024-12-02 00:00:00,13-02-2024,Under Control,"Cases from SLNMCH, Koraput, Sub-District Koraput Town. All rectal samples positive for E.coli. Water samples H2S positive. Age group 7 to 18 months."
Odisha,Nabarangpur,Chickenpox,12,0,16-02-2024,17-02-2024,Under Control,"Cases from Village Kandha Badiguda, Sub-District Tentulikhunti. Fever with pustular vesicular rashes. All 6 blood samples negative for Scrub Typhus, Leptospirosis, and Dengue. Clinically diagnosed as Chickenpox. Age group 3-33 years."
Odisha,Nuapada,Acute Diarrheal Disease,5,0,2024-12-02 00:00:00,2024-12-02 00:00:00,Under Control,"Cases from Village Kalyanpur, Sub-District Jonk. Loose motion. 1 out of 2 water samples positive for fecal contamination. Age group 16-36 years."
Odisha,Sambalpur,Acute Diarrheal Disease,13,0,16-02-2024,17-02-2024,Under Control,"Cases from PHC Keseibahal, Salohi, Sub-District Mahulpalli. Loose motion and vomiting. Water samples H2S negative. Age group 7-12 years."
Punjab,Fatehgarh Sahib,Mumps,81,0,2024-12-02 00:00:00,17-02-2024,Under Surveillance,"Cases from a school under Sanghol PHC, Sub-District Khamanon. 70 out of 81 samples positive for Mumps IgG by ELISA. Classes suspended. Positive students isolated. Masks and sanitizers made mandatory."
Tamil Nadu,Ariyalur,Food Poisoning,4,1,2024-12-02 00:00:00,2024-12-02 00:00:00,Under Control,"Cases from a family in HUD Ariyalur, Village Koozhaattukuppam. 1 food sample positive for Salmonella Enterica Weltevreden on culture. Death of a 12 year old female occurred. Contaminated food suspected."
Uttar Pradesh,Ballia,Measles,5,0,13-02-2024,14-02-2024,Under Surveillance,"Cases from Village Ratshar Kalan, PHC Ratsar. 2 out of 5 serum samples positive for Measles (IgM ELISA). Age group 1-39 years. All cases unvaccinated."
Uttar Pradesh,Ballia,Fever with Rash,5,0,14-02-2024,14-02-2024,Under Surveillance,"Cases from Village Rajouli, CHC Sahtwar. All 6 serum samples negative for Measles (IgM). Clinically diagnosed. Age group 5-50 years."
West Bengal,Purulia,Acute Diarrheal Disease,6,0,18-02-2024,18-02-2024,Under Control,Cases from Laksmanpur Village under Hura Block. Loose watery stool and vomiting. Growth of normal commensals of GI tract seen on culture. All age groups affected.
Assam,Bongaigaon,Animal Bite - Dog Bite,1,1,21-02-2024,22-02-2024,Under Control,"Case from Village Balarchar, Sub-District Boitamari. 14 year old girl with aerophobia and hydrophobia. History of dog bite on 11th November 2023. Did not receive ARV. Expired on 20-02-2024."
Assam,Goalpara,Chickenpox,10,0,22-02-2024,23-02-2024,Under Surveillance,"Cases from Village Mornai, Sub-District Matia. 3 out of 4 blood samples positive for varicella zoster IgM by ELISA. Age group 30-35 years. Treated symptomatically."
Assam,Sonitpur,Fever,14,0,22-01-2024,22-02-2024,Under Control,"Cases from Village Tarajuli Tea Estate, Sub-District Chariduar. All 13 blood samples negative for malaria, dengue, Hepatitis, Japanese Encephalitis and Leptospirosis. Treated symptomatically."
Assam,Udalguri,Human Rabies,1,1,22-02-2024,22-02-2024,Under Surveillance,"Case from Village No.1 Goraimari, Sub-District Udalguri. 76 year old male. History of dog bite on 27 January 2024. Received 2 doses of ARV but could not complete course. Expired on 22-02-2024."
Bihar,Begusarai,Fever with Rash,9,0,19-02-2024,21-02-2024,Under Surveillance,"Cases from Village Bhagwatpur, Sub-District Balia. 6 blood and 3 throat swab samples; all negative for Measles IgM by ELISA. Age group 1-37 years. Treated symptomatically."
Bihar,Samastipur,Measles,11,0,19-02-2024,20-02-2024,Under Surveillance,"Cases from Village Raghopur, Sub-District Bibhutpur. 2 out of 5 blood samples positive for Measles IgM by ELISA. Age group 4-28 years. Treated symptomatically."
Chhattisgarh,Bemetara,Food Poisoning,80,0,23-02-2024,24-02-2024,Under Surveillance,"Cases from Village Danganiya, Sub-District Thanakhamria. Vomiting and loose stools. 5 stool samples - no pathogenic organism growth. All cases consumed food at a religious function."
Jharkhand,West Singhbhum,Measles,11,0,20-02-2024,20-02-2024,Under Surveillance,Cases from Villages Pusalota and Roro. 8 out of 11 blood samples positive for Measles IgM; 1 positive for Rubella IgM. Age group 4-5 years. Vitamin A given.
Karnataka,Bagalkot,Mumps,20,0,22-02-2024,23-02-2024,Under Surveillance,"Cases from Village Neerabudihal, Sub-District Badami. 4 out of 8 blood samples positive for Mumps IgM by ELISA. Age group below 13 years. Treated symptomatically."
Karnataka,Haveri,Food Poisoning,24,0,19-02-2024,19-02-2024,Under Control,"Cases from Village Hiremadapur-Malagi, Sub-District Rattihalli. 1 water sample unfit (E.Coli detected). All cases had food in a social gathering. No deaths."
Karnataka,Udupi,Kyasanur Forest Disease,1,0,24-02-2024,25-02-2024,Under Surveillance,"Case from Village Kenchanoor, Sub-District Kundapura. 1 blood sample positive for KFD Virus by RT-PCR. Case treated at KMC Manipal."
Karnataka,Vijayapura,Human Rabies,1,1,21-02-2024,22-02-2024,Under Surveillance,"Case from Village Byakod, Sub-District Basavana Bagevadi. 45 year old male. Dog bite two months back. Did not take post exposure prophylaxis. Dog died on day of incident. Expired on 21st February 2024."
Kerala,Kannur,Mumps,11,0,15-02-2024,19-02-2024,Under Surveillance,"Cases from Mounathul Islam Madrasa LP School, Village Aralam, Sub-District Iritty. 1 blood sample positive for Mumps by RT-PCR. Age group 1-15 years."
Kerala,Kollam,Food Poisoning,22,0,22-02-2024,22-02-2024,Under Surveillance,"Cases from Holy Cross Nursing College, Village Adichanalloor, Sub-District Kollam. Fever, loose motions, vomiting and pain abdomen after having food in hostel mess. 1 water sample collected."
Kerala,Kozhikode,Hepatitis A,15,0,19-02-2024,19-02-2024,Under Surveillance,"Cases from Village Cheruvannur, Sub-District Kozhikode. 1 blood sample positive for Hepatitis A IgM; water from open well unfit (Coliforms). All cases had food during a family function."
Kerala,Thrissur,Food Poisoning,60,0,21-02-2024,23-02-2024,Under Surveillance,"Cases from Village Kallur Thekkummuri, Sub-District Chalakkudy. 1 water sample unfit (Coliforms). All cases had food in a religious function."
Madhya Pradesh,Jhabua,Measles,13,1,19-02-2024,19-02-2024,Under Surveillance,"Cases from Village Paldaghati, Sub-District Rama. 3 out of 5 blood samples positive for Measles IgM by ELISA. Most cases not vaccinated. 8 months old male child expired on 17-02-2024 at Dahod Medical College."
Madhya Pradesh,Satna,Chickenpox,21,0,17-02-2024,19-02-2024,Under Surveillance,"Cases from Village Kherwa Sani, Sub-District Maihar. 1 blood sample positive for varicella zoster IgM by ELISA. Fever with vesicular rash."
Madhya Pradesh,Shivpuri,Measles,2,0,18-02-2024,20-02-2024,Under Surveillance,Cases from Sub-District Pohri. Both samples positive for Measles IgM by ELISA. Age group 3 and 6 years. Vitamin A given.
Madhya Pradesh,Umaria,Fever with Rash,6,0,20-02-2024,20-02-2024,Under Surveillance,"Cases from Village Amarpur, Sub-District Manpur. All 5 blood samples negative for Measles and Rubella IgM by ELISA. Age group 5-15 years."
Maharashtra,Buldhana,Food Poisoning,208,0,20-02-2024,22-02-2024,Under Control,"Cases from Village Somthana, Sub-District Lonar. Vomiting and pain abdomen. All cases had food in a function. No deaths."
Maharashtra,Nandurbar,Acute Diarrheal Disease,193,0,21-02-2024,23-02-2024,Under Surveillance,"Cases from Village Ranale, Sub-District Lonar. Nausea, vomiting and pain abdomen. Both water samples unfit for potable purpose."
Maharashtra,Yavatmal,Food Poisoning,68,0,20-02-2024,20-02-2024,Under Control,"Cases from Village Chikani, Sub-District Darwha. Loose stools and pain abdomen. All cases had food in a village function. 5 food samples collected and sent to FDI lab."
Meghalaya,West Jaintia Hills,Measles,23,0,22-02-2024,23-02-2024,Under Surveillance,"Cases from Village Umladang, Sub-District Thadlaskein. 3 out of 7 blood samples positive for Measles IgM by ELISA. Age group 1-10 years. Most cases had not taken any MR vaccine."
Meghalaya,West Jaintia Hills,Human Rabies,1,1,17-02-2024,23-02-2024,Under Surveillance,"Case from Khliehtyrshi, Sub-District Thadlaskein. 22 year old male. Dog bite 2 years back. Did not receive post exposure prophylaxis. Expired on 17-02-2024."
Odisha,Balangir,Acute Diarrheal Disease,20,0,20-02-2024,20-02-2024,Under Control,Cases from Sub-District Patnagarh. Loose motions and vomiting. 1 water sample unfit (Coliform detected). All cases had food in hostel mess. Age group 10-13 years.
Odisha,Bhadrak,Acute Diarrheal Disease,29,0,23-02-2024,25-02-2024,Under Surveillance,Cases from Sub-District Chandabali. Rectal swabs showed E.Coli and Staphylococcus; 1 water sample unfit. All cases had food in hostel mess. Age group 10-13 years.
Odisha,Dhenkanal,Acute Diarrheal Disease,22,0,20-02-2024,21-02-2024,Under Control,Cases from Sub-District Hindol. Loose motions and vomiting. Rectal swab - no pathogenic organism growth. Water sample fit for potable purposes.
Puducherry,Pondicherry,Chickenpox,17,0,20-02-2024,22-02-2024,Under Surveillance,"Cases from Govt. Primary school Koonichempet, Village Manalipet. Fever with vesicular rash. Age group 2-13 years. Treated symptomatically."
Punjab,Fazilka,Mumps,7,0,21-02-2024,21-02-2024,Under Control,"Cases from Sri Guru Hargobind Singh Public School, Village Arniwala Sheikh Shubham. All 5 blood samples positive for Mumps IgM ELISA. Age group 1-15 years."
Tamil Nadu,Coimbatore,Chickenpox,12,0,21-02-2024,22-02-2024,Under Surveillance,"Cases from Mahajana Elementary School, Sub-District Mettupalayam. Fever with rash. Age group 5-10 years. Treated symptomatically."
Tamil Nadu,Coimbatore,Mumps,40,0,20-02-2024,20-02-2024,Under Surveillance,"Cases from Mahajana higher secondary school, Sub-District Mettupalayam. All 5 blood samples positive for Mumps IgM ELISA. Age group 1-15 years."
Tamil Nadu,Kallakurichi,Chickenpox,18,0,23-02-2024,23-02-2024,Under Surveillance,"Cases from Village Madur, Sub-District Kallakkurichi. Fever with rash, red spots ulcer. Age group 1-14 years. Treated symptomatically."
Uttar Pradesh,Faizabad,Fever with rash,12,0,16-02-2024,25-02-2024,Under Surveillance,"Cases from Village Katiyar Ka Purwa, Sub-District Rudauli, District Ayodhya. All 12 blood samples negative for Measles IgM by ELISA. Age group 1-12 years. Cases were dropouts during routine immunization."
Uttarakhand,Nainital,Food Poisoning,23,0,16-02-2024,21-02-2024,Under Control,"Cases from Village Kwarab, Sub-District Kosya Kutauli. Vomiting and diarrhea after attending a marriage function. Stool and water samples negative for cholera. Age group 6-20 years."
West Bengal,Murshidabad,Cholera,20,0,16-02-2024,20-02-2024,Under Control,"Cases from Village Rukunpur, Sub-District Hariharpara. All 5 stool samples positive for Vibrio cholera on culture. All cases had food in a village gathering."
West Bengal,Purba Bardhaman,Food Poisoning,32,0,16-02-2024,23-02-2024,Under Control,"Cases from Sub-District Manteswar. Vomiting, loose stools and pain abdomen. Rectal swab - no pathogenic organism growth. All cases had food in a religious function."
Andhra Pradesh,Konaseema,Food Poisoning,52,0,2024-12-02 00:00:00,,Under Control,"(Late report) Cases from Dr B R Ambedkar Residential School Aadivarapupeta, Village Draksharama. Samples - no pathogenic organism growth. All cases had dinner in hostel mess. No deaths."
Arunachal Pradesh,Changlang,Chickenpox,29,0,15-02-2024,,Under Control,"(Late report) Cases from village Thamiyang, Sub-District Khimiyang EAC. Fever with rash. Age group 0-5 years. Treated symptomatically."
Gujarat,Tapi,Measles,6,0,13-02-2024,,Under Control,"(Late report) Cases from Village Pati, Sub-District Dolvan. 1 out of 3 blood samples positive for Measles IgM by ELISA. Age group 1-7 years. Vaccination status poor. Vitamin A given."
Kerala,Ernakulam,Hepatitis A,9,1,2024-11-02 00:00:00,,Under Surveillance,(Late report) Cases from Sub-District Aluva. 2 out of 8 blood samples positive for Hepatitis A IgM by ELISA. 41 year old female died on 8-02-2024 due to Fulminant Hepatic failure.
Madhya Pradesh,Ratlam,Mumps,3,0,2024-12-02 00:00:00,,Under Surveillance,"(Late report) Cases from UPHC TIT Road, District Ratlam. All 3 blood samples positive for Mumps by RT-PCR. Age group 10-15 years."
Meghalaya,West Jaintia Hills,Human Rabies,1,1,2024-09-02 00:00:00,,Under Surveillance,"(Late report) Case from Nangbah, Sub-District Thadlaskein. 68 year old female. Dog bite in June 2023. Did not receive ARV. The dog died 2 weeks after the bite. Expired on 09-02-2024."
Meghalaya,West Khasi Hills,Human Rabies,1,1,14-02-2024,,Under Control,"(Late report) Case from Village Riangdo, Sub-District Mawshynrut. 33 year old male. Dog bite 23 years back. Did not receive post exposure prophylaxis. Expired on 15-02-2024."
Andhra Pradesh,Y.S.R.,Acute Diarrheal Disease,22,0,22-02-2024,26-02-2024,Under Surveillance,"Cases from a hostel in Pendli Marri, Village Veluru Padu. All females aged 20-25 years. Drinking water sample negative for bacterial contamination. Food handlers and sanitation workers instructed."
Arunachal Pradesh,Upper Subansiri,Mushroom Poisoning,7,1,27-02-2024,28-02-2024,Under Control,"Cases from DH Daporijo, Village Tigri Colony. Abdominal pain, nausea, vomiting and diarrhea after consuming wild mushroom. Death of a 38 year old female. Community educated on food safety."
Assam,Darrang,Food Poisoning,9,0,26-02-2024,28-02-2024,Under Control,"Cases from Sipajhar BPHC, Village Byas Para. Pain abdomen and vomiting after attending a marriage ceremony. Age group 6-15 years. Water sample satisfactory."
Assam,Goalpara,Human Rabies,1,1,24-02-2024,26-02-2024,Under Control,"Case from Village Harimura, Sub-District Matia. Dog scratch on hand on 12.01.2024. Did not receive ARV. Death of a 36 year old male on 26.02.2024."
Assam,Jorhat,Acute Diarrheal Disease,13,0,28-02-2024,28-02-2024,Under Surveillance,"Cases from a hostel, Sipahikhola under Kakojan BPHC. All female aged 18-23 years. Stool samples showed Entero-toxigenic E.coli (ETEC). Water samples unfit for drinking."
Bihar,Bhojpur,Acute Diarrheal Disease,40,0,27-02-2024,27-02-2024,Under Surveillance,"Cases from Village Itwa, Sub-District Behea. All cases consumed food at a marriage party. Nausea, vomiting and loose stools. No deaths."
Bihar,Saharsa,Measles,14,0,29-02-2024,29-02-2024,Under Surveillance,"Cases from Village Patorri, Sub-District Sattar-Kattaiya. 2 out of 5 blood samples positive for Measles IgM by ELISA. Age group 12-28 years."
Chhattisgarh,Raigarh,Acute Diarrhoeal Disease,24,0,28-02-2024,28-02-2024,Under Control,"Cases from Village Baisy Colony, Sub-District Udaipur. Stool sample negative for enteric pathogen. Health camp organized."
Chhattisgarh,Sukma,Measles,7,0,28-02-2024,29-02-2024,Under Control,"Cases from Village Maroki, Health Facility Gadiras. 2 out of 6 blood samples positive for Measles IgM by ELISA. Age group 1-7 years."
Chhattisgarh,Sukma,Measles,31,0,27-02-2024,28-02-2024,Under Control,"Cases from Village Gondpalli, Sub-District Sukma. 5 out of 17 blood samples positive for Measles IgM by ELISA. Age group 2-11 years."
Gujarat,Gandhinagar,Cholera,216,0,27-02-2024,28-02-2024,Under Surveillance,"Cases from Kalol UPHC-1, CHC Kalol, Village Kalol, Sub-District Kalol. 1 out of 9 stool samples positive for Vibrio Cholera. 6 out of 20 water samples not potable. Diarrhea and vomiting."
Gujarat,Gir Somnath,Acute Diarrheal Disease,7,0,2024-01-03 00:00:00,2024-01-03 00:00:00,Under Surveillance,"Cases from Village Sidokar, Sub-District Patan-Veraval. Vomiting and diarrhea. Stool sample negative. Age group 20-50 years."
Gujarat,Gir Somnath,Acute Diarrheal Disease,47,0,26-02-2024,26-02-2024,Under Control,"Cases from Village Fareda, CHC Girgadhda. Abdominal pain, loose stools, nausea and vomiting after attending a wedding ceremony. Age group 5-15 years. ORS and chlorine tablets distributed."
Gujarat,Junagadh,Food Poisoning,17,0,28-02-2024,29-02-2024,Under Control,"Cases from Village Mahobatpur, Sub-District Vanthali. Diarrhea, vomiting and abdominal pain after attending a marriage ceremony. Water samples potable. Contaminated food suspected."
Jharkhand,Chatra,Chickenpox,7,0,25-02-2024,28-02-2024,Under Control,"Cases from Village Aunrwa, Sub-District Hunterganj. Fever with rash. Age group 4-26 years. Treated symptomatically."
Jharkhand,Deoghar,Acute Diarrheal Disease,67,0,26-02-2024,27-02-2024,Under Control,"Cases from Village Bangora, Sub-District Devipur. Nausea, vomiting, loose stools and pain abdomen. All cases consumed street food at a local vendor. No deaths."
Jharkhand,Dumka,Chickenpox,5,0,26-02-2024,27-02-2024,Under Surveillance,"Cases from Village Ghatrasikpur Loot Para, Sub-District Dumka. All 5 vesicle samples positive for Chickenpox IgM by ELISA. Age group 5-25 years."
Karnataka,Uttar Kannad,Kyasanur Forest Disease,139,1,2024-01-03 00:00:00,2024-01-03 00:00:00,Under Surveillance,"Cases from Kasegadae Navilgar Village & Hattargi Village, Revankatt PHC, Sirsi Taluk. 5 out of 139 samples positive for KFDV by RT-PCR. 3 tick pool samples negative. Death of a 66 year old male (positive for KFD). IEC activities done."
Karnataka,Uttar Kannad,Kyasanur Forest Disease,133,0,27-02-2024,29-02-2024,Under Surveillance,"Cases from Hattikeri Village, PHC Hattikeri, Ankola Taluk, Uttrakannada. 1 out of 133 samples positive for KFDV by RT-PCR. IEC activities done. Fever survey initiated."
Kerala,Alappuzha,Acute Diarrheal Disease,22,0,2024-02-03 00:00:00,2024-03-03 00:00:00,Under Surveillance,"Cases from a school under CHC Veliyanad, Village Veliyanad, Sub-District Kuttanad. Loose stools. 2 water samples - Coliforms detected. 1 stool sample negative for Entero, Noro, and Rota virus. Age group 5-9 years."
Kerala,Ernakulam,Dengue,16,0,29-02-2024,2024-02-03 00:00:00,Under Surveillance,"Cases from FHC Kunnukara, Sub-District Paravur. Fever, myalgia, nausea and vomiting. All 5 samples positive for dengue IgM by ELISA. Community awareness on vector control."
Kerala,Idukki,Mumps,6,0,28-02-2024,28-02-2024,Under Surveillance,"Cases from a school under PHC K P Colony, Sub-District Udumbanchola. Fever and swelling in salivary glands. All cases fully vaccinated. Age group 4-6 years. Isolation done."
Kerala,Kannur,Mumps,10,0,27-02-2024,29-02-2024,Under Surveillance,"Cases from a school under PHC Pariyaram, Village Kuttiyeri, Sub-District Taliparamba. 2 out of 10 children unimmunized. Age group 1-10 years. Immunization drive done on 05.03.24."
Kerala,Kasaragod,Hepatitis A,41,0,28-02-2024,2024-01-03 00:00:00,Under Surveillance,"Cases from FWC Alampady, FHC Chengala, Sub-District Kasaragod. All 9 blood samples positive for Viral Hepatitis-A IgM. All victims had intake of welcome drink during a marriage function on 04.02.2024."
Kerala,Kottayam,Chickenpox,28,0,28-02-2024,28-02-2024,Under Surveillance,"Cases from FHC Ramapuram, Village Ramapuram, Sub-District Meenachil. Age group 29-75 years, males. Clinically confirmed chickenpox. Isolation of cases and contacts done."
Kerala,Kozhikode,Mumps,16,0,2024-01-03 00:00:00,2024-01-03 00:00:00,Under Surveillance,"Cases from a school under FHC Kunnamanngalam, Sub-District Kozhikode. Age group 4-7 years. All cases clinically diagnosed as mumps. Fever, headache and enlargement of parotid glands."
Kerala,Malappuram,Acute Hepatitis-A,409,3,26-02-2024,27-02-2024,Under Surveillance,"Cases from PHC Pothukal, Village Pothukallu, Sub-District Nilambur. All 100 blood samples IgM positive for Hepatitis A. 34 out of 43 water samples not satisfactory. Deaths of 47 year old male, 59 year old male and 37 year old male occurred."
Kerala,Palakkad,Hepatitis A,18,0,26-02-2024,27-02-2024,Under Surveillance,"Cases from PHC Pirayiri, Sub-District Palakkad. Both samples positive for Hepatitis-A. 9 water samples positive for Hepatitis-A. Super chlorination of water sources done. Door-to-door active case search."
Kerala,Thiruvananthapuram,Acute Diarrheal Disease,199,0,2024-02-03 00:00:00,2024-02-03 00:00:00,Under Control,"Cases from UPHC Varkala, Sub-District Varkala. Fever, abdominal pain, diarrhea and vomiting after consumption of food from a common place on 29/2/24. 5 stool samples negative for any entero-pathogen. Contaminated food suspected."
Kerala,Thiruvananthapuram,Acute Diarrheal Disease,27,0,2024-02-03 00:00:00,2024-02-03 00:00:00,Under Surveillance,"Cases from a school under CHC Perumakadavila, Sub-District Neyyattinkara. Abdominal pain, headache, nausea, vomiting and diarrhea after consuming mid-day meal on 1/03/2024. Contaminated food suspected."
Kerala,Thiruvananthapuram,Acute Diarrheal Disease,10,1,28-02-2024,29-02-2024,Under Surveillance,"Cases from UPHC Kannamoola, UPHC Nanthancode. Salmonella typhimurium found in 3 cases. Hotel closed in collaboration with corporation health team. 21 year old male expired (positive for S.typhi)."
Kerala,Wayanad,Food Poisoning,90,0,27-02-2024,28-02-2024,Under Surveillance,"Cases from PHC Valad, FHC Thondernad, Village Thondernad-Valat. Loose stools and vomiting after consuming food during a temple festival. Water sample from well positive for coliform bacteria. ORS and Zinc distributed."
Madhya Pradesh,Bhind,Measles,5,0,26-02-2024,27-02-2024,Under Surveillance,"Cases from CHC Gohad, Block Gohad. Fever with rash. Age group 1-15 years. Incomplete vaccination. All 5 blood samples positive for Anti-Measles IgM by ELISA. Vitamin A supplementation given."
Madhya Pradesh,Dewas,Mumps,5,0,29-02-2024,2024-01-03 00:00:00,Under Surveillance,Cases from a school under CHC Bagli. Salivary gland swelling. Age group 8-10 years. 5 blood samples sent to AIIMS Bhopal. Isolation of diagnosed cases. Immunization of due beneficiaries coordinated.
Madhya Pradesh,Dewas,Fever with Rash,6,0,29-02-2024,29-02-2024,Under Surveillance,Cases from CH Kannod (Urban). Fever with rash. Age group 3-25 years. All 6 samples negative for Measles IgM ELISA and Rubella IgM ELISA. Vitamin A supplementation given.
Madhya Pradesh,Dewas,Fever with Rash,8,0,27-02-2024,29-02-2024,Under Surveillance,"Cases from CHC Tonk Khurd, Village Dhutkheda. Fever with rash. All 8 samples negative for Measles IgM ELISA and Rubella IgM ELISA. Extra immunization session conducted."
Madhya Pradesh,Neemuch,Measles,6,0,27-02-2024,27-02-2024,Under Surveillance,Cases from Sub-District Neemuch Nagar. Fever with rash. Age group 6 months to 11 years. All 5 blood samples positive for Measles IgM ELISA. Vitamin A supplementation given.
Madhya Pradesh,Rewa,Chickenpox,10,0,2024-01-03 00:00:00,2024-01-03 00:00:00,Under Surveillance,"Cases from CHC Gangeo, Village Dharabibha, Sub-District Mangawan. Both blood samples positive for chickenpox IgM by ELISA. All infected were isolated."
Madhya Pradesh,Rewa,Chickenpox,8,0,29-02-2024,29-02-2024,Under Surveillance,"Cases from SHC Gadh, Block Gangeo. Fever with rash. Age group 1-31 years. All cases clinically diagnosed."
Madhya Pradesh,Shivpuri,Leptospirosis,1,1,28-02-2024,2024-01-03 00:00:00,Under Surveillance,"Case from Urban District Shivpuri. High grade fever, abdominal pain, headache, red eyes. 1 sample positive for Leptospirosis IgM by ELISA. Death of a 39 year old male on 29-2-2024."
Maharashtra,Ahmednagar,Acute Diarrheal Disease,122,0,29-02-2024,29-02-2024,Under Surveillance,"Cases from Maveshi Kohane, Sub-District Akole. Abdominal pain, loose motion, weakness. Age group 15-65 years. RRT visited and investigated."
Maharashtra,Akola,Acute Diarrheal Disease,10,0,27-02-2024,28-02-2024,Under Surveillance,"Cases from Akola Corporation Area, Sub-District Akola. Abdominal pain, loose motion, weakness. Age group 10-70 years."
Maharashtra,Palghar,Acute Diarrheal Disease,15,0,2024-01-03 00:00:00,2024-01-03 00:00:00,Under Surveillance,"Cases from Village Gorthan, Sub-District Jawhar. 3 out of 6 water samples unfit for drinking. Stool samples showed E Coli. Age group 10-65 years."
Meghalaya,Eastern West Khasi Hills,Acute Diarrheal Disease,11,1,27-02-2024,29-02-2024,Under Control,"Cases from Markasa PHC, Village Laitkseh, Sub-District Mawthadraishan. Loose stools, vomiting and fatigue after consuming leftover food from a social gathering on February 25, 2024. Death of a 9 year old male on February 27, 2024. Contaminated food suspected."
Odisha,Malkangiri,Acute Diarrheal Disease,6,0,25-02-2024,26-02-2024,Under Control,"Cases from Village Saradhaput, Sub-District Mathili. Loose motion and vomiting after attending a marriage function. Water samples H2S negative, OT<0.1 PPM. Age group 8-43 years."
Tamil Nadu,Coimbatore,Mumps,22,0,23-02-2024,2024-01-03 00:00:00,Under Surveillance,"Cases from Block Thondamuthur, PHC Semmedu, Village Mathvarayapuram. 1 serum sample positive for Mumps IgM by PCR. Age group 5-14 years."
Tamil Nadu,Karur,Acute Diarrheal Disease,15,0,25-02-2024,26-02-2024,Under Control,Cases from a college in Block Thanthoni. Vomiting and loose stools. All affected >14 years. Blood samples showed no growth; food samples normal; water potable. Fever camp organized and Chlorination done.
Tamil Nadu,Salem,Mumps,12,0,28-02-2024,29-02-2024,Under Control,"Cases from Block Chithoor, Village Ottapatty. All 4 serum samples and 1 buccal swab positive for mumps IgM by PCR. Age group 5-10 years."
Tamil Nadu,The Nilgiris,Mumps,10,0,2024-01-03 00:00:00,2024-02-03 00:00:00,Under Surveillance,"Cases from Block Gudalur, Village Chembala. 2 serum and 2 buccal swabs positive for Mumps by RT-PCR and serology. Age group 1-14 years."
Tamil Nadu,Tiruchirappalli,Acute Diarrheal Disease,8,0,27-02-2024,27-02-2024,Under Control,"Cases from Block Zone 3, Thiruverumbur UPHC, Village Goodshed Road. Loose stools. Stool sample negative; water potable."
Tamil Nadu,Tiruchirappalli,Acute Diarrheal Disease,14,0,26-02-2024,26-02-2024,Under Surveillance,"Cases from Block T.Pet. PHC Mettupalayam, Village Peruganur. Loose stools and vomiting. All samples negative; water potable."
Tamil Nadu,Tirupathur,Measles,17,0,26-02-2024,28-02-2024,Under Control,"Cases from Block Kandhili, Village Kumarampatti. Fever with rash. 9 out of 12 samples positive for measles IgM by PCR. Age group 1-14 years."
Uttar Pradesh,Jalaun,Measles,8,0,23-02-2024,26-02-2024,Under Surveillance,"Cases from Village Gandhi Nagar, CHC Konch. 1 out of 5 blood samples positive for Measles (IgM ELISA). Age group 1-14 years. 2 out of 8 cases vaccinated."
Uttar Pradesh,Kushinagar,Food Poisoning,28,0,23-02-2024,28-02-2024,Under Surveillance,"Cases from a Primary School in Village Shivdutt Chhapra, CHC Nebua Naurangia. Children consumed Daal Peetha in school lunch. Age group 7-12 years."
Bihar,Samastipur,Fever with Rash,9,0,20-02-2024,,Under Surveillance,"(Late report) Cases from Village Chak Salem, Sub-District Patori. All samples negative for Measles IgM by ELISA. Age group 6-28 years."
Gujarat,Mahesana,Fever with Rash,7,0,2024-02-02 00:00:00,,Under Control,"(Late report) Cases from Visnagar UPHC, Village Savala, Sub-District Visnagar. Age group below 10 years. All cases vaccinated. All samples negative for measles. Vitamin A given. Extra vaccination session planned."
Kerala,Thrissur,Mumps,14,0,24-01-2024,,Under Surveillance,"(Late report) Cases from a school in Vadakkethara, Pazhayannur. All cases clinically diagnosed. Active case search done. School authority instructed for continued surveillance."
Meghalaya,East Garo Hills,Chickenpox,17,0,19-02-2024,,Under Surveillance,"(Late report) Cases from Bone Songma Village, Songsak Block. Fever and maculopapular rashes. Age group 2-23 years. Clinically diagnosed. Active case search conducted."
Tamil Nadu,Coimbatore,Mumps,24,0,20-02-2024,,Under Surveillance,"(Late report) Cases from Block Madukkarai, PHC Chettipalayam, Village Samathuvapuram. 3 serum samples positive for Mumps IgM by PCR. Age group 1-10 years."
Uttar Pradesh,Auraiya,Food Poisoning,18,1,2024-09-02 00:00:00,,Under Control,"(Late report) Cases from Village Har Chandpur, CHC Bidhuna. Loose motion, vomiting and abdominal spasm after stale food. Age group 5-50 years. 1 death of a 12 year old girl."
Uttar Pradesh,Bahraich,Food Poisoning,60,0,14-02-2024,,Under Control,"(Late report) Cases from Village Bhaukaha, Sub District Mahasi. Loose motion and vomiting. Cases consumed stale food. Treated at District Male Hospital."
Arunachal Pradesh,Papumpare,Human Rabies,1,1,2024-04-03 00:00:00,2024-04-03 00:00:00,Under Surveillance,"Case from Village Chandanagar, Sub-District Itanagar EAC. 38 year old male. Dog bite 5-6 months back. Did not receive ARV. Expired on 04-03-2024 at TRIHMS, Naharlagun."
Assam,Biswanath,Hepatitis A,25,2,2024-02-03 00:00:00,2024-04-03 00:00:00,Under Surveillance,"Cases from village Tinigharia, Sub-District Gohpur. 12 out of 35 blood samples positive for Hepatitis A IgM. 16 out of 46 water samples not suitable for potable purpose. 27 year old male died on 16-02-24 due to Sepsis with MODS; 35 year old male died on 29-02-24 due to Acute Liver failure."
Assam,Goalpara,Hepatitis A,28,0,2024-05-03 00:00:00,2024-07-03 00:00:00,Under Surveillance,"Cases from many villages in Sub-District Balijana. 28 out of 426 blood samples positive for Hepatitis A IgM by ELISA. Yellowish discoloration of eyes, myalgia and fever."
Assam,Udalguri,Food Poisoning,17,0,2024-06-03 00:00:00,2024-08-03 00:00:00,Under Surveillance,"Cases from village Chabukdhara, Sub-District Khoirabari. Loose motions, vomiting. All cases developed symptoms after having food in a marriage function."
Bihar,Saharsa,Measles,11,0,2024-05-03 00:00:00,2024-05-03 00:00:00,Under Surveillance,"Cases from Village Kasimpur, Sub-District Nauhatta. 1 out of 4 blood samples positive for Measles IgM by ELISA. Most cases not vaccinated. Vitamin A given."
Chhattisgarh,Sukma,Measles,93,0,2024-01-03 00:00:00,2024-04-03 00:00:00,Under Surveillance,"Cases from Villages Sunnamguda, Chintagupha and Polampalli, Sub-District Konta. 6 out of 18 blood samples positive for Measles IgM by ELISA. Most cases not vaccinated. Vitamin A given."
Chhattisgarh,Sukma,Fever with rash,13,0,2024-01-03 00:00:00,2024-04-03 00:00:00,Under Surveillance,"Cases from Village Kundanpal, Sub-District Chhindgarh. All 13 blood samples negative for Measles IgM by ELISA. Most cases not vaccinated. Vitamin A given."
Gujarat,Anand,Acute Diarrheal Disease,39,0,2024-06-03 00:00:00,2024-06-03 00:00:00,Under Control,"Cases from Village Bharel, Sub-District Petlad. Loose motions, vomiting and pain abdomen. Stool samples - no pathogenic organism growth; water sample unfit (E.Coli). No deaths."
Gujarat,Arvalli,Acute Diarrheal Disease,17,0,2024-05-03 00:00:00,2024-05-03 00:00:00,Under Control,"Cases from Village Sarsoli, Sub-District Bayad. Vomiting and pain abdomen. Stool samples - no pathogenic organism; water sample fit for potable purposes."
Himachal Pradesh,Mandi,Hepatitis A,11,0,2024-05-03 00:00:00,2024-06-03 00:00:00,Under Control,"Cases from Village Bah, Sub-District Chachyot. Fever with jaundice. 4 out of 7 blood samples positive for Hepatitis A IgM by ELISA. Age group 5-23 years."
Karnataka,Uttar Kannad,Kyasanur Forest Disease,2,0,2024-09-03 00:00:00,2024-09-03 00:00:00,Under Surveillance,"Cases from Village Ambolli, Sub-District Supa. 2 out of 202 blood samples positive for KFD Virus by RT-PCR. Community awareness on vector control."
Kerala,Malappuram,Hepatitis A,36,0,2024-06-03 00:00:00,2024-07-03 00:00:00,Under Surveillance,"Cases from Sub-District Asika. 4 out of 5 blood samples positive for Hepatitis A IgM by ELISA. Water sample unfit (Coliforms). Fever, nausea and vomiting."
Madhya Pradesh,Sagar,Measles,44,0,24-01-2024,2024-06-03 00:00:00,Under Surveillance,"Cases from CHC Banda, District Sagar. 6 out of 10 blood samples positive for Measles IgM by ELISA. Most cases not vaccinated. Vitamin A given."
Maharashtra,Dhule,Food Poisoning,25,0,2024-09-03 00:00:00,2024-09-03 00:00:00,Under Surveillance,"Cases from Village Amalthe, Dhamane PHC. Nausea, vomiting, loose motion and abdominal pain. 4 food samples collected. All cases had food in a function."
Maharashtra,Hingoli,Acute Diarrheal Disease,21,0,2024-08-03 00:00:00,2024-10-03 00:00:00,Under Surveillance,"Cases from Village Khudaj, Sakhra PHC. Nausea, vomiting and abdominal pain."
Maharashtra,Kolhapur,Hepatitis A,22,0,2024-05-03 00:00:00,2024-06-03 00:00:00,Under Surveillance,"Cases from Village Vengrul, Sub-District Bhudargad. 5 out of 22 blood samples positive for Hepatitis A IgM by ELISA. All 4 water samples not suitable for potable purpose."
Maharashtra,Latur,Food Poisoning,48,0,2024-08-03 00:00:00,2024-10-03 00:00:00,Under Control,"Cases from Village Kharabwadi and Wagnalwadi, Sub-District Deoni. Nausea, vomiting, loose motion. Both food samples negative. All cases had food in a religious function."
Maharashtra,Nandurbar,Acute Diarrheal Disease,18,0,2024-09-03 00:00:00,2024-09-03 00:00:00,Under Surveillance,"Cases from Village Mhasavad, Sub-District Shahade. Loose stools, nausea and vomiting. Age group 10-65 years."
Maharashtra,Nandurbar,Acute Diarrheal Disease,76,0,2024-08-03 00:00:00,2024-08-03 00:00:00,Under Surveillance,"Cases from Village Ghotane, Sub-District Nandurbar. Giddiness, nausea and vomiting. Age group 10-65 years."
Maharashtra,Sindhudurg,Acute Diarrheal Disease,146,0,2024-08-03 00:00:00,2024-08-03 00:00:00,Under Surveillance,"Cases from Jawahar Navoday Vidyalay, Village Sangeli, Sub-District Sawantwadi. Vomiting, loose motion, abdominal pain and weakness. 1 vomitus sample - negative. All cases had food in their mess."
Odisha,Ganjam,Cholera,72,0,2024-06-03 00:00:00,2024-07-03 00:00:00,Under Control,"Cases from Village Lalsingi, Sub-District Bhanjanagar. Rectal swabs positive for Vibrio Cholera. Water samples unfit for potable purpose. All cases had food in a religious function."
Odisha,Jharsuguda,Food Poisoning,53,0,2024-04-03 00:00:00,2024-04-03 00:00:00,Under Control,"Cases from Village Bhimjor, Sub-District Laikera. Vomiting and loose motion. Rectal swabs - no pathogenic organism; water fit for potable purpose. All cases had food in a wedding function."
Odisha,Malkangiri,Food Poisoning,28,1,2024-06-03 00:00:00,2024-06-03 00:00:00,Under Surveillance,"Cases from Village Bandhaguda, Sub-District Mathili. Food samples unfit for consumption (E. Coli); water samples fit. All cases had food in a wedding function. 6 year girl child expired 06-03-24."
Odisha,Sambalpur,Acute Diarrheal Disease,42,0,2024-07-03 00:00:00,2024-07-03 00:00:00,Under Surveillance,"Cases from Village Talaba, Sub-District Sasan. Loose motion and abdominal pain. 11 water samples unfit for potable purpose. All cases had food in a wedding function."
Odisha,Sundargarh,Acute Diarrheal Disease,16,0,2024-09-03 00:00:00,2024-10-03 00:00:00,Under Control,"Cases from Village Kantiamura, Sub-District Bargaoan. Vomiting and loose motion. Rectal swab - no pathogenic organism; water samples fit. Treated symptomatically."
Rajasthan,Kota,Food Poisoning,104,0,2024-06-03 00:00:00,2024-07-03 00:00:00,Under Surveillance,"Cases from Chittora farm House, Kota City. 2 food samples substandard; 1 water sample unfit. All cases had dinner in a marriage ceremony on 04-03-2024. Vomiting, loose stools and pain abdomen."
Tamil Nadu,Krishnagiri,Mumps,6,0,2024-06-03 00:00:00,2024-07-03 00:00:00,Under Surveillance,"Cases from Parvathyagar, Kalekunda, Sub-District Hosur. All 5 blood samples positive for Mumps IgM by ELISA; 1 buccal sample positive. Age group 1-10 years."
Tamil Nadu,Perambalur,Dengue,88,0,2024-07-03 00:00:00,2024-07-03 00:00:00,Under Surveillance,"Cases from Village V. Kalathur, Sub-District Veppanthattai. 22 out of 88 blood samples positive for Dengue (6 IgM, 16 NS1 by ELISA). 2 water samples unfit. Community awareness on vector control."
Tamil Nadu,Tiruchirappalli,Mumps,17,0,2024-04-03 00:00:00,2024-06-03 00:00:00,Under Surveillance,"Cases from Village Koodalur, Sub-District Srirangam. All 7 blood samples positive for Mumps IgM by ELISA; 3 buccal samples positive. Age group 1-10 years."
Tamil Nadu,Tiruchirappalli,Chickenpox,64,0,2024-05-03 00:00:00,2024-06-03 00:00:00,Under Surveillance,"Cases from Village Keela Chithirai Street, Sub-District Srirangam. Fever with rash. Age group 5-14 years. Treated symptomatically."
Tamil Nadu,Tiruvannamalai,Mumps,8,0,2024-05-03 00:00:00,2024-06-03 00:00:00,Under Surveillance,"Cases from Village Maruthuvambady, Sub-District Chetpet. All 3 blood samples positive for Mumps IgM by ELISA; 2 buccal samples positive. Age group 1-10 years."
Dadra And Nagar Haveli And Daman And Diu,Dadra And Nagar Haveli,Mumps,6,0,2024-05-03 00:00:00,2024-06-03 00:00:00,Under Surveillance,"Cases from Piety Nursery Father Agnelo School, Silvassa. Fever with parotid gland swelling and pain. Age group 4-5 years."
Uttar Pradesh,Ballia,Leptospirosis,3,0,2024-01-03 00:00:00,2024-04-03 00:00:00,Under Surveillance,"Cases from Village Hanumanganj, Sub-District Ballia. 1 out of 3 blood samples positive for Leptospira IgM by ELISA. Fever with bodyache. Community awareness on vector control."
Arunachal Pradesh,East Kameng,Human Rabies,2,2,16-02-2024,,Under Control,"(Late report) Cases from Village Wessang, Sub-District Seppa HQ. Dog bite 5-6 months back. Did not receive ARV. 37 year old male expired on 16th February; 52 year old male expired on 24th February 2024."
Chhattisgarh,Rajnandgaon,Chickenpox,20,0,23-02-2024,,Under Control,(Late report) Cases from Sub-District Rajnandgaon. Fever with maculo-papular rash. Treated symptomatically.
Goa,North Goa,Kyasanur Forest Disease,6,0,28-02-2024,,Under Surveillance,"(Late report) Cases from Hivrem and Golaulim, Sub-District Satari. 6 out of 65 blood samples positive for KFD Virus by RT-PCR. Age group 35-50 years. Community awareness on vector control."
Kerala,Malappuram,Food Poisoning,20,0,29-02-2024,,Under Control,(Late report) Cases from Sub-District Tirurangadi. Children from 9 schools developed symptoms after school lunch. 2 out of 9 food samples unsatisfactory; water sample fit. Treated symptomatically.
Tamil Nadu,Krishnagiri,Measles,14,0,21-02-2024,,Under Surveillance,"(Late report) Cases from Village Kodagarai, Sub-District Anchetty. 3 out of 10 blood samples positive for Measles IgM by ELISA. Age group 1-14 years."
Uttar Pradesh,Fatehpur,Fever with rash,5,0,23-02-2024,,Under Surveillance,"(Late report) Cases from Village Akilabad, Sub-District Bindki. All 4 blood samples negative for Measles IgM by ELISA. All cases unvaccinated. Vitamin A given."
Arunachal Pradesh,Papumpare,Mumps,115,0,14-03-2024,15-03-2024,Under Surveillance,Cases from various health facilities under ICR. Fever and parotid swelling. 6 buccal swabs positive for Mumps by RT-PCR. RRT investigated. Age 3-55 yrs. Symptomatic treatment. Community awareness on hygiene.
Assam,Biswanath,Chickenpox,10,0,14-03-2024,14-03-2024,Under Surveillance,"Cases from Monabari TE. Fever, vesicular rash, weakness, body pain, headache. All age groups. Clinically diagnosed. RRT investigated. Community awareness on hygiene."
Assam,Dhubri,Measles,15,0,16-03-2024,16-03-2024,Under Surveillance,"Cases from Salkocha SHC, Sreegram Pt.V. Fever with rash. Age 8 months to 12 yrs. 3/5 samples positive for Anti-Measles IgM ELISA. Vitamin A given. RRT investigated."
Assam,Dibrugarh,Measles,14,0,2024-11-03 00:00:00,2024-11-03 00:00:00,Under Surveillance,"Cases from Sepon Chah Bagicha. Fever, blister rash, body pain, cough. Age 6-15 yrs. 1 sample positive Measles IgM ELISA. Vitamin A given. RRT investigated."
Assam,Goalpara,Measles,17,0,2024-11-03 00:00:00,2024-12-03 00:00:00,Under Control,Cases from Bhelterghat village. Fever with vesicular rash. Age 0-5 yrs. 1/5 samples positive Measles IgM ELISA. Vitamin A given. RRT investigated.
Assam,Jorhat,Human Rabies,1,1,2024-11-03 00:00:00,2024-11-03 00:00:00,Under Control,"Case from Narayanpur TE. Hydrophobia, breathlessness, vomiting. Dog bite 12.1.2024. Did not take ARV. Death of 30 yr male on 8.3.24. RRT investigated. AH&V Dept informed."
Assam,Sivasagar,Acute Diarrheal Disease,8,0,14-03-2024,15-03-2024,Under Control,"Cases from Mout Gaon, Khelua BPHC. Abdominal pain, loose stool. Age <15 and >60 yrs. Rectal swabs showed E.coli. RRT investigated. Community awareness."
Bihar,Sheohar,Fever with Rash,7,0,15-03-2024,17-03-2024,Under Surveillance,Cases from Tariani Chowk. Fever with rash. All age groups. 3 samples negative Measles IgM ELISA. Vitamin A given. Symptomatic treatment. RRT investigated.
Bihar,Vaishali,Measles,18,0,15-03-2024,16-03-2024,Under Surveillance,"Cases from Madhopur, Jandaha. Fever with rash. Age 1-19 yrs. 4/6 samples positive Measles IgM ELISA. Vitamin A given. RRT investigated."
Chhattisgarh,Bilaspur,Measles,19,0,13-03-2024,14-03-2024,Under Control,"Cases from Bilha, Bilaspur. Cough with fever. Age 0-10 yrs. 6/8 samples positive Measles IgM ELISA. Vitamin A given. Home isolation advised. RRT investigated."
Chhattisgarh,Bilaspur,Chickenpox,5,0,13-03-2024,13-03-2024,Under Control,"Cases from PHC Sagar, Takhatpur. Fever with rash. All <10 yrs. Clinically diagnosed. Home isolation advised. RRT investigated."
Chhattisgarh,Durg,Measles,23,0,14-03-2024,15-03-2024,Under Control,"Cases from Jheet, Mahuda, Patan. Fever with rash. 8/23 samples positive Measles IgM ELISA. Vitamin A given. Home isolation advised. RRT investigated."
Gujarat,Ahmedabad,Acute Diarrheal Disease,17,0,2024-08-03 00:00:00,2024-11-03 00:00:00,Under Control,"Cases from Motaharipura, Viramgam. Diarrhea, abdominal pain after religious ceremony food. Age 18-40 yrs. 3 stool samples negative. RRT investigated."
Gujarat,Bharuch,Typhoid,59,0,2024-12-03 00:00:00,13-03-2024,Under Surveillance,"Cases from Jambusar. High-grade fever, abdominal pain. Age 10-40 yrs. 59 samples positive Widal. Water samples fit for drinking. RRT investigated."
Gujarat,Jamnagar,Measles,10,0,2024-11-03 00:00:00,15-03-2024,Under Surveillance,"Cases from PHC Samana, Bagadhara. Fever with rash. Age 1-30 yrs. Only 3/10 vaccinated. 8/10 samples positive Measles IgM ELISA. RRT investigated."
Gujarat,Kheda,Jaundice,6,0,2024-11-03 00:00:00,13-03-2024,Under Control,Cases from UHC Kapadwanj. Jaundice. Age 18-60 yrs. Samples negative for HEV/HAV/HBsAG/HCV. Pipeline leakage repaired. Contaminated water suspected. RRT investigated.
Gujarat,Kheda,Food Poisoning,22,0,2024-10-03 00:00:00,2024-11-03 00:00:00,Under Control,"Cases from Sandhana, Matar. Diarrhea, vomiting after marriage function. All age groups. Stool negative V.Cholera. Contaminated food suspected. RRT investigated."
Himachal Pradesh,Hamirpur,Acute Diarrheal Disease,290,0,2024-11-03 00:00:00,2024-12-03 00:00:00,Under Control,"Cases from Sai Hospital, Tauni Devi Bamson. Loose stools. Age 21-70 yrs. 1 water sample unsatisfactory. RRT investigated. Community awareness."
Himachal Pradesh,Kangra,Acute Diarrheal Disease,105,0,2024-11-03 00:00:00,13-03-2024,Under Control,"Cases from Ward No.2, Old Kangra. Loose stools. All age groups. Well water unfit for consumption. Likely caused by sewerage leakage. RRT investigated."
Jammu and Kashmir,Pulwama,Hepatitis A,27,0,2024-12-03 00:00:00,2024-12-03 00:00:00,Under Surveillance,"Cases from Village Bellow, Rajpora. Fever, fatigue, yellow eyes. Age 7-12 yrs. 1/10 samples positive IgM HAV. RRT investigated."
Jharkhand,Dumka,Chickenpox,10,0,2024-10-03 00:00:00,2024-11-03 00:00:00,Under Surveillance,Cases from Kurwa Harizan Tola. Fever with rash. Age 1-18 yrs. All 5 samples positive Chickenpox IgM ELISA. Symptomatic treatment. RRT investigated.
Karnataka,Davangere,Acute Diarrheal Disease,19,1,15-03-2024,16-03-2024,Under Surveillance,"Cases from CHC Malebennur. Loose motions, vomiting, fever after roadside vendor food. Age 6-18 yrs. 2/4 water samples suspicious. Death of 6 yr old male. RRT investigated."
Karnataka,Udupi,Acute Diarrheal Disease,20,0,2024-11-03 00:00:00,2024-12-03 00:00:00,Under Surveillance,"Cases from school, Neere, Karkala. Vomiting, diarrhea. Age 8-11 yrs. Stool culture negative. 3/4 water samples NSPP. RRT investigated."
Kerala,Ernakulam,Hepatitis A,13,0,13-03-2024,14-03-2024,Under Surveillance,"Cases from PHC Okkal, CHC Kalady. Fever, tiredness, jaundice, nausea, vomiting, myalgia. 3/7 samples positive Hepatitis A IgM ELISA. Contaminated well water suspected. RRT investigated."
Kerala,Idukki,Food Poisoning,11,0,2024-12-03 00:00:00,2024-12-03 00:00:00,Under Surveillance,"Cases from school, CHC Vandiperiyar, Manjumala. Loose stools, nausea, vomiting, headache after common food. Contaminated food suspected. RRT investigated."
Kerala,Kannur,Food Poisoning,133,0,2024-12-03 00:00:00,14-03-2024,Under Surveillance,"Cases from construction site, PHC Cheruthazham, Payyannur. Vomiting, diarrhea, fever, abdominal pain. Stool samples negative by PCR. RRT investigated."
Kerala,Kasaragod,Mumps,200,0,14-03-2024,15-03-2024,Under Surveillance,"Cases from BFHC Manjeshwar, Mangalpady. Fever with neck swelling. Age 0-10 yrs. 1/10 samples positive Mumps RT-PCR. RRT investigated."
Kerala,Kozhikode,Hepatitis A,57,1,16-03-2024,16-03-2024,Under Surveillance,"Cases from PHC Kizhakkoth. Fever, headache, vomiting, fatigue, jaundice after wedding on 10.02.2024. 4 samples positive Anti-HAV IgM ELISA. Death of 52 yr male on 26.03.2024. RRT investigated."
Kerala,Malappuram,Hepatitis A,6,0,2024-05-03 00:00:00,14-03-2024,Under Surveillance,"Cases from PHC Porur, Nilambur. Jaundice after social gathering. Water satisfactory. Both blood samples positive Hepatitis-A IgM ELISA. RRT investigated."
Kerala,Malappuram,Acute Diarrheal Disease,10,0,2024-08-03 00:00:00,13-03-2024,Under Surveillance,"Cases from PHC Cheriyamundam, Tirur. Loose stools, vomiting after religious gathering food on 08/03/24. Rectal swabs positive for Noro virus. RRT investigated."
Kerala,Malappuram,Dengue,10,0,2024-07-03 00:00:00,2024-12-03 00:00:00,Under Surveillance,"Cases from SC Odakkayam, CHC Urngattiri. Fever. All 10 samples positive Dengue IgM ELISA. Vector control measures taken. RRT investigated."
Kerala,Palakkad,Hepatitis A,15,0,17-03-2024,17-03-2024,Under Surveillance,"Cases from PHC Kumaramputhur, Mannarkad. Fever, vomiting, tiredness. 3/4 samples positive Hepatitis-A IgM ELISA. RRT investigated."
Madhya Pradesh,Ashoknagar,Food Poisoning,7,0,15-03-2024,15-03-2024,Under Surveillance,"Cases from Jatoli, Mungaoli. Abdominal pain, loose stools after Mid-Day Meal in school. Age 6-9 yrs. Food sample sent for testing. RRT investigated."
Madhya Pradesh,Barwani,Food Poisoning,11,0,2024-09-03 00:00:00,2024-11-03 00:00:00,Under Surveillance,"Cases from PHC Khetia, Pansemal. Loose stools after eating mordhan on Shivaratri. All age groups. Food & water samples sent for testing. RRT investigated."
Madhya Pradesh,Chhindwara,Chickenpox,18,0,14-03-2024,15-03-2024,Under Surveillance,"Cases from Amarwara, Latgaon. Fever, blisters. Age 1-35 yrs. Clinically diagnosed. Infected isolated. RRT investigated."
Madhya Pradesh,Guna,Measles,6,0,2024-11-03 00:00:00,2024-11-03 00:00:00,Under Surveillance,"Cases from CHC Bamori. Fever with rash, cough, coryza. Age 3-9 yrs. 1 sample positive Measles IgM ELISA. RRT investigated."
Madhya Pradesh,Guna,Measles,6,0,2024-11-03 00:00:00,2024-11-03 00:00:00,Under Surveillance,"Cases from CHC Bamori. Fever with rash, cough, coryza. Age 4-11 yrs. 1 sample positive Measles IgM ELISA. RRT investigated."
Madhya Pradesh,Indore,Acute Diarrheal Disease,10,0,2024-11-03 00:00:00,2024-12-03 00:00:00,Under Control,"Cases from CHC Banganga. Stomach ache, vomiting after common food place. Age 19-21 yrs. Contaminated food suspected. RRT investigated."
Madhya Pradesh,Shivpuri,Acute Diarrheal Disease,7,0,14-03-2024,15-03-2024,Under Control,"Cases from DH Shivpuri, Rator. Loose stools. RRT investigated. Community awareness on hygiene."
Madhya Pradesh,Ujjain,Mumps,5,0,2024-11-03 00:00:00,2024-11-03 00:00:00,Under Surveillance,Cases from DH Ujjain. Fever with rash. Age 5-8 yrs. All 5 samples positive Mumps IgM ELISA. RRT investigated.
Maharashtra,Amravati,Malaria,64,0,2024-12-03 00:00:00,13-03-2024,Under Surveillance,"Cases from Village Butida, PHC Katkumbh. Fever, chills, nausea, headache, fatigue. 2/64 samples positive P.falciparum RDT. Fogging, source reduction. RRT investigated."
Maharashtra,Dhule,Acute Diarrheal Disease,118,0,14-03-2024,15-03-2024,Under Surveillance,"Cases from Training Centre, Shivtirth, UPHC Raulwadi. Pain abdomen, nausea, vomiting, loose motion. Age 22-26 yrs. Food samples sent for testing. Contaminated food suspected. RRT investigated."
Maharashtra,Gadchiroli,Malaria,34,1,13-03-2024,13-03-2024,Under Control,"Cases from Awalmari, PHC Jimalgatta. High fever, breathlessness, unconsciousness. 3/34 samples positive P.falciparum RDK. Death of 27 yr female. Fogging, source reduction. RRT investigated."
Maharashtra,Gadchiroli,Malaria,249,1,2024-09-03 00:00:00,2024-11-03 00:00:00,Under Control,"Cases from Godari, PHC Kotgul. High fever, breathlessness, unconsciousness. 3/249 samples positive P.falciparum RDK. Death of 6 yr female. Fogging, source reduction. RRT investigated."
Maharashtra,Jalna,Acute Diarrheal Disease,33,0,2024-09-03 00:00:00,2024-12-03 00:00:00,Under Control,"Cases from Bhogaon, PHC Tirthpuri. Nausea, vomiting, abdominal pain. Age 40-60 yrs. Food and water samples sent to FDA and DPHL. RRT investigated."
Maharashtra,Kolhapur,Acute Diarrheal Disease,41,0,14-03-2024,14-03-2024,Under Surveillance,"Cases from SC Honyali, PHC Uttur, Ajara. Loose motion, abdominal pain. All age groups. Water samples contaminated. Valve leakages repaired. Contaminated well water suspected. RRT investigated."
Maharashtra,Latur,Dengue,5,0,15-03-2024,15-03-2024,Under Surveillance,"Cases from Shedol Village, PHC Panchincholi, Nilanga. Fever. Age 20-55 yrs. 1/5 samples positive Dengue IgM ELISA. Fogging, source reduction. RRT investigated."
Maharashtra,Nagpur,Acute Diarrheal Disease,22,0,2024-10-03 00:00:00,2024-11-03 00:00:00,Under Control,"Cases from Yerkheda, PHC Gumthala, Kamptee. Loose stools. All age groups. RRT investigated. Community awareness."
Maharashtra,Nagpur,Acute Diarrheal Disease,13,0,2024-10-03 00:00:00,2024-11-03 00:00:00,Under Control,"Cases from Hingana Urban, Wanadongri, Raipur, PHC Raipur, Hingna. Vomiting, loose stools. RRT investigated. Community awareness."
Maharashtra,Osmanabad,Chikungunya,10,0,16-03-2024,16-03-2024,Under Surveillance,"Cases from SC Khamgao, PHC Dhoki, Dharashiv. Fever. Age 15-65 yrs. 7/10 samples positive Chikungunya IgM ELISA. Fogging, source reduction. RRT investigated."
Maharashtra,Osmanabad,Chikungunya & Dengue,7,0,13-03-2024,13-03-2024,Under Surveillance,"Cases from Narsinh Tanda, PHC Sawargao, Dharashiv. Fever, weakness. Age 25-60 yrs. 4 positive Chikungunya, 2 positive Dengue IgM ELISA. Fogging, source reduction. RRT investigated."
Manipur,Bishnupur,Animal Bite - Dog Bite,1,1,14-03-2024,14-03-2024,Under Control,"Case from PHC Ningthoukhong. Fever, muscle spasm, hydrophobia. Dog bite 1.02.2024. No ARV. Pet dog unvaccinated. Death of 63 yr male on 17.03.2024. RRT investigated."
Meghalaya,East Jaintia Hills,Food Poisoning,3,1,15-03-2024,16-03-2024,Under Surveillance,"Cases from Bataw PHC, Ummat, Khliehriat. Loose watery stool, bloody diarrhea, vomiting after mushrooms. Mushrooms identified as edible. Death of 38 yr female on 15.03.2024. RRT investigated."
Meghalaya,South West Khasi Hills,Measles,30,0,2024-08-03 00:00:00,2024-11-03 00:00:00,Under Surveillance,"Cases from Nongsynrieh, Domruah, Mawsaw. Fever, rash, coryza. Age 9 months to 18 yrs. All 6 samples positive Measles IgM ELISA. 25/30 cases had no MCV dose. Vitamin A given. RRT investigated."
Mizoram,Aizawl,Typhoid,11,1,14-03-2024,15-03-2024,Under Control,"Cases from TNT Zuangtui, Zemabawk UPHC. Fever, stomach pain, diarrhea. Age 21-41 yrs. Water unfit for drinking. 11/39 samples reactive typhoid. Death of 24 yr male on 17.3.2024. RRT investigated."
Mizoram,Aizawl,Acute Diarrheal Disease,59,1,2024-10-03 00:00:00,2024-11-03 00:00:00,Under Control,"Cases from Thingsulthliah PHC, Khumtung. Fever, diarrhea, vomiting, abdominal pain after fermented soya bean. All age groups. Bacillus Cereus detected in soya bean. Death of 1 yr 9 months female on 15.3.2024. RRT investigated."
Odisha,Balangir,Acute Diarrheal Disease,15,0,2024-12-03 00:00:00,13-03-2024,Under Control,"Cases from Damkipali, CHC Ghasian, Patnagarh. Loose motion, vomiting. Age 2-40 yrs. Coliform bacteria found in water samples. RRT investigated."
Odisha,Bhadrak,Acute Diarrheal Disease,26,0,2024-02-03 00:00:00,13-03-2024,Under Control,"Cases from Sathagoan, Bhandari Pokhari. Loose motion, vomiting after social gathering. Age 16-56 yrs. E.Coli found in rectal swabs. Water satisfactory. RRT investigated."
Odisha,Ganjam,Measles,6,0,13-03-2024,14-03-2024,Under Control,"Cases from Nuapentho, Jarada. Fever with rashes. Age 1-11 yrs. 1/3 samples positive Measles IgM ELISA. Vitamin A given. House-to-house survey done. RRT investigated."
Odisha,Jagatsinghapur,Acute Diarrheal Disease,27,0,2024-12-03 00:00:00,2024-12-03 00:00:00,Under Control,Cases from Paradip UPHC. Loose motion. Age 3-60 yrs. No entero-pathogenic bacteria in rectal swabs. Water satisfactory. RRT investigated.
Odisha,Kendrapara,Food Poisoning,39,0,15-03-2024,16-03-2024,Under Control,"Cases from Bilikana, Pattamundai. Abdominal pain, loose motion after social gathering. Age 5-75 yrs. No entero-pathogenic bacteria. Water satisfactory. Contaminated food suspected. RRT investigated."
Odisha,Koraput,Acute Diarrheal Disease,20,0,2024-11-03 00:00:00,2024-11-03 00:00:00,Under Control,"Cases from Kurkuti, Boipariguda. Loose motion after social gathering. All age groups. No entero-pathogenic bacteria. Water satisfactory. Drinking water disinfected/chlorinated. RRT investigated."
Odisha,Mayurbhanj,Acute Diarrheal Disease,20,0,16-03-2024,16-03-2024,Under Control,"Cases from Sukruli CHC, Jethama, Raruan. Loose motion. Age 15-56 yrs. No entero-pathogenic bacteria. Water satisfactory. RRT investigated."
Tamil Nadu,Namakkal,Mumps,8,0,2024-11-03 00:00:00,2024-11-03 00:00:00,Under Control,"Cases from school, Kuppuchipalayam, Paramathi. Neck swelling, fever. Age 5-14 yrs. 4/5 serum and 3/3 swabs positive Mumps IgM by PCR. Isolation advised. RRT investigated."
Tamil Nadu,Sivaganga,Acute Diarrheal Disease,3,1,2024-09-03 00:00:00,2024-09-03 00:00:00,Under Control,"Cases from HUD Sivaganga, Thamarakki. Vomiting. Age 10-14 yrs. Water substandard, food unsafe (FSSAI). Death of 13 yr female. RRT investigated."
Tamil Nadu,Thiruvallur,Mumps,22,0,13-03-2024,13-03-2024,Under Control,"Cases from school, Kadambathur, Koppur. Cheek swelling, fever. Age 6-10 yrs. 6/7 samples positive Mumps IgM by PCR. Suspected cases isolated. RRT investigated."
Tamil Nadu,Thiruvarur,Acute Diarrheal Disease,27,0,2024-12-03 00:00:00,2024-12-03 00:00:00,Under Control,"Cases from Thiruthuraipoondi, Kottur blocks. Vomiting, pain abdomen, loose stool after social gathering. Water culture negative. RRT investigated."
Uttar Pradesh,Amroha,Food Poisoning,26,0,2024-09-03 00:00:00,2024-11-03 00:00:00,Under Control,"Cases from CHC Hasanpur. Vomiting, abdominal pain after common food place. Contaminated food suspected. Treated at CHC. RRT investigated."
West Bengal,Howrah,Acute Diarrheal Disease,40,0,2024-11-03 00:00:00,2024-12-03 00:00:00,Under Control,"Cases from Joypur BPHC, Sital Chak, Amta-II. Loose stools, abdominal pain after religious gathering food on 10.03.24. All age groups. Contaminated food suspected. RRT investigated."
Andhra Pradesh,Alluri Sitharama Raju,Acute Diarrheal Disease,11,0,2024-07-02 00:00:00,,Under Control,"Cases from R.V. Nagar, Gudem Kotha Veedhi. Loose stools after social gathering food. All age groups. Contaminated/improperly cooked spoiled meat suspected. ORS distributed. RRT investigated."
Andhra Pradesh,Guntur,Acute Diarrheal Disease,205,1,20-02-2024,,Under Control,"Cases from Sarada Colony, IPD Colony, Lanchester Road. Loose stools, vomiting. 2/150 stool samples positive cholera. Death of 18 yr female on 10.02.2024 (cholera positive). Protected water supply provided. RRT investigated."
Andhra Pradesh,Guntur,Cholera,150,0,2024-10-02 00:00:00,,Under Control,"Cases from Sarada Colony, Rajiv Gandhi Nagar, Perecharla II. Loose stools. 2/150 stool samples positive cholera. People advised boiled water. Sanitation measures done. RRT investigated."
Chhattisgarh,Dantewada,Mumps,29,0,20-02-2024,,Under Surveillance,"Cases from Chhindnar, Kasoli, Gidam. Fever with rash. All <10 yrs. 16/28 samples positive Mumps IgM ELISA. Vitamin A given. Home isolation advised. RRT investigated."
Madhya Pradesh,Bhopal,Leptospirosis,1,1,29-02-2024,,Under Surveillance,"Case from UPHC Kolua, Huzur. Fever, positive Leptospirosis IgM ELISA. Death of 61 yr male. Active fever surveillance done. RRT investigated."
Madhya Pradesh,Bhopal,Leptospirosis,1,1,26-02-2024,,Under Surveillance,"Case from UPHC Kolua. Fever, jaundice, positive Leptospirosis IgM ELISA. Death of 40 yr male. Active fever surveillance done. RRT investigated."
Tamil Nadu,Theni,Measles,26,1,2024-09-02 00:00:00,,Under Surveillance,"Cases from M.Subbulapuram, Okkaraipatti. Fever with rash, diarrhea, vomiting. Age 5-10 yrs. 4/6 samples positive Anti-Measles IgM ELISA. Death of 6 yr female on 08-02-2024. RRT investigated."
Assam,Goalpara,Hepatitis A,40,0,21-03-2024,22-03-2024,Under Surveillance,"Cases from Barali, Hatigaon, Khaksipara, Gendabari, Bardak. Yellow eyes, myalgia, fever. 6/40 samples positive Hepatitis A IgM ELISA. Water samples non-potable. Symptomatic treatment. RRT investigated."
Assam,Kamrup,Human Rabies,1,1,18-03-2024,19-03-2024,Under Control,"Case from Lotoridia, Boko. Hydrophobia, aerophobia, fever, weakness. History of dog bite 6 years ago. No ARV received. Death on 16-03-2024. Community awareness on vaccination. RRT investigated."
Assam,Kamrup,Chickenpox,8,0,18-03-2024,19-03-2024,Under Control,"Cases from Garbhanga F.V, Palasbari. Fever with rash, nausea, headache. All 4 samples positive Varicella Zoster IgM ELISA. Symptomatic treatment. RRT investigated."
Assam,Lakhimpur,Chickenpox,6,0,19-03-2024,19-03-2024,Under Control,"Cases from Sonari Gaon, Bihpuria. Fever with maculopapulovesicular rash. 2/4 samples positive Varicella Zoster IgM ELISA. Symptomatic treatment. RRT investigated."
Bihar,Gaya,Measles,5,0,20-03-2024,20-03-2024,Under Control,"Cases from Harli Khurd, Bodh Gaya. Fever with rash. 4/5 samples positive Measles IgM ELISA. Vitamin A given. Symptomatic treatment. RRT investigated."
Bihar,Madhubani,Measles,12,0,21-03-2024,21-03-2024,Under Surveillance,"Cases from Bokaha, Madhwapur. Fever with rash. 1/5 samples positive Measles IgM ELISA. Vitamin A given. Symptomatic treatment. RRT investigated."
Bihar,Samastipur,Fever with Rash,28,0,21-03-2024,21-03-2024,Under Control,Cases from Khanpur. Fever with rash. All 5 samples negative Measles IgM ELISA. Vitamin A given. Symptomatic treatment. RRT investigated.
Chhattisgarh,Raipur,Acute Diarrheal Disease,14,0,21-03-2024,21-03-2024,Under Control,"Cases from Village Jora, UPHC Labhandi. Diarrhoea, vomiting. 1 water sample unsatisfactory. 3 stool samples negative. Health camp organized. RRT investigated."
Chhattisgarh,Sukma,Measles,15,0,19-03-2024,19-03-2024,Under Control,"Cases from Burdi, Kerlapal, Ponga Bheji. Fever with maculo-papular rash. Age 6-13 yrs. 1/5 samples positive Measles virus on culture. RRT investigated."
Gujarat,Ahmedabad,Acute Diarrheal Disease,9,0,21-03-2024,21-03-2024,Under Control,"Cases from Thakkarnagar UPHC, Ganganagar. Diarrhea, vomiting. Age 0-4 and 50-60 yrs. 5/20 water samples unfit for drinking. RRT investigated."
Gujarat,Devbhumi Dwarka,Food Poisoning,50,0,21-03-2024,21-03-2024,Under Control,"Cases from GH Jam Khambhali. Diarrhea, vomiting after religious event. Age 0-49 yrs. All 4 stool samples negative. RRT investigated."
Gujarat,Rajkot,Acute Diarrheal Disease,222,0,20-03-2024,21-03-2024,Under Control,"Cases from hostel, UPHC Bhagvatpara, Gondal. Abdominal pain, vomiting, diarrhea. Age 12-50 yrs. Food and vomitus samples negative. RRT investigated."
Himachal Pradesh,Mandi,Hepatitis A,88,0,20-03-2024,22-03-2024,Under Control,"Cases from Gohar Area, CH Gohar, Bagsaid. Jaundice. All age groups. 5/10 samples positive Hepatitis-A. Water chlorinated. RRT visited for curative/preventive measures."
Jammu and Kashmir,Jammu,Hepatitis A,5,0,23-03-2024,23-03-2024,Under Control,"Cases from Sheikh Nagar Bahu Fort. Fever, abdominal pain. 2/5 blood samples positive Hepatitis A IgM ELISA. Water samples unsatisfactory. Symptomatic treatment. RRT investigated."
Jharkhand,East Singhbum,Chickenpox,22,0,20-03-2024,20-03-2024,Under Control,"Cases from Tola-Tila Basti, Ghorabandha. Fever with rash. All age groups. 1/3 samples positive Varicella Zoster IgM ELISA. Symptomatic treatment. RRT investigated."
Jharkhand,West Singhbhum,Fever with Rash,12,0,21-03-2024,22-03-2024,Under Surveillance,"Cases from Chitimiti, Tantnagar. Fever with rash. All 12 samples negative Measles IgM ELISA. Symptomatic treatment. RRT investigated."
Karnataka,Chikballapur,Chikungunya,17,0,21-03-2024,21-03-2024,Under Control,"Cases from Settigere, Chikkaballapura. Fever with joint pain. 1/3 samples positive Chikungunya IgM ELISA. Vector control measures. RRT investigated."
Karnataka,Gadag,Dengue,45,0,22-03-2024,22-03-2024,Under Surveillance,"Cases from Hanganakatti, Gadag. Fever, weakness. 2/6 samples positive Dengue IgM ELISA. Vector control measures. RRT investigated."
Karnataka,Raichur,Food Poisoning,69,0,19-03-2024,19-03-2024,Under Control,"Cases from Prematric Girl Hostel, Arakera, Devadurga. Vomiting, loose stools, pain abdomen. Stool negative, water fit. Symptoms developed after dinner in mess. RRT investigated."
Kerala,Ernakulam,Hepatitis A,7,0,15-03-2024,22-03-2024,Under Surveillance,"Cases from Kitex Company, Kunnathunad. Fever, nausea, vomiting. All 7 samples positive Hepatitis A IgM ELISA. Water unfit (E.Coli growth). RRT investigated."
Kerala,Ernakulam,Hepatitis A,10,0,14-03-2024,22-03-2024,Under Surveillance,"Cases from Aluva. Fever, tiredness, nausea, vomiting. 3/7 samples positive Hepatitis A IgM ELISA. Symptomatic treatment. RRT investigated."
Kerala,Ernakulam,Hepatitis A,13,0,18-03-2024,19-03-2024,Under Surveillance,"Cases from Muvattupuzha. Fever, nausea, vomiting. All 3 samples positive Hepatitis A IgM ELISA. Symptomatic treatment. RRT investigated."
Kerala,Kottayam,Chickenpox,8,0,18-03-2024,20-03-2024,Under Control,"Cases from HDFC Bank, Kottayam. Fever with rash. Age 30-45 yrs. Symptomatic treatment. RRT investigated."
Kerala,Palakkad,Acute Diarrheal Disease,25,0,20-03-2024,20-03-2024,Under Control,"Cases from Kuthannur-I, Alathur. Vomiting, loose motion. Stool samples positive Sapo virus and Adeno virus. Water unfit. Symptomatic treatment. RRT investigated."
Kerala,Palakkad,Dengue,26,0,20-03-2024,20-03-2024,Under Surveillance,"Cases from Pirayiri, Palakkad. Fever, generalized body ache. 6/27 samples positive Dengue IgM ELISA. Vector control measures. RRT investigated."
Kerala,Palakkad,Acute Diarrheal Disease,19,0,19-03-2024,19-03-2024,Under Control,"Cases from Peringottukurissi-I, Alathur. Vomiting, loose motion. Stool negative. Water unfit (Coliform). Symptomatic treatment. RRT investigated."
Kerala,Palakkad,Mumps,42,0,19-03-2024,19-03-2024,Under Control,"Cases from Kizhakkencheri-II, Alathur. Parotid gland swelling, fever. Age 4-12 yrs. Symptomatic treatment. RRT investigated."
Madhya Pradesh,Khargone,Cholera,44,0,21-03-2024,21-03-2024,Under Surveillance,"Cases from Khaskhas Wadi, Khargone. Vomiting, loose motion. Age 1-10 yrs. All 6 stool samples positive Cholera. Water unfit for drinking. Symptomatic treatment. RRT investigated."
Madhya Pradesh,Khargone,Measles,6,0,20-03-2024,20-03-2024,Under Control,"Cases from ward 3, Khargone urban. Fever with rash, headache, runny nose. Age 1-10 yrs. All 6 samples positive Measles IgM ELISA. Vitamin A given. RRT investigated."
Madhya Pradesh,Umaria,Leptospirosis & Scrub Typhus,23,2,18-03-2024,19-03-2024,Under Control,"Cases from Naugawan Khas, Semra, Manpur. Fever, vomiting. 3/20 samples positive Leptospira and Scrub typhus IgM ELISA. Deaths of 3 yr girl (14-02-2024) and 13 yr female (21-02-2024) both Leptospira positive. RRT investigated."
Maharashtra,Akola,Dengue,26,0,23-03-2024,23-03-2024,Under Control,"Cases from Wagha, Barshitakli. Fever. 2/8 samples positive Dengue IgM ELISA. Vector control measures. Symptomatic treatment. RRT investigated."
Maharashtra,Amravati,Dengue,64,0,20-03-2024,20-03-2024,Under Control,"Cases from Dadapur, Nandgaon-Khandeshwar. Fever, headache, nausea, fatigue. 10/64 samples positive Dengue IgM ELISA. Vector control measures. RRT investigated."
Maharashtra,Osmanabad,Dengue,6,1,22-03-2024,23-03-2024,Under Control,"Cases from Fatimanagar, Lohara. Fever. 3/6 samples positive Dengue IgM ELISA. 18 yr female expired due to multi-organ failure (dengue positive). Vector control measures. RRT investigated."
Maharashtra,Osmanabad,Dengue & Chikungunya,15,0,19-03-2024,20-03-2024,Under Control,"Cases from Hivarda, Bhum. Fever. 1 sample positive Dengue IgM, 1 sample positive Chikungunya IgM ELISA. Vector control measures. RRT investigated."
Meghalaya,East Khasi Hills,Acute Diarrheal Disease,35,0,20-03-2024,22-03-2024,Under Control,"Cases from Nongjri Village, Pynursla, Mawkliaw PHC. Vomiting, loose stools. Age 8 months to 6 yrs. 3/4 stool samples positive Rota virus RT-PCR. RRT investigated."
Mizoram,Champhai,Measles,12,0,21-03-2024,21-03-2024,Under Surveillance,"Cases from Theiva and Nisapui refugee camp, Zokhawthar. Fever with rash. Age 1-13 yrs. All vaccinated for MR vaccine. 1/12 samples positive Anti-Measles IgM ELISA. Vitamin A given. RRT investigated."
Odisha,Dhenkanal,Acute Diarrheal Disease,44,0,17-03-2024,20-03-2024,Under Control,"Cases from Meramundali, Motunga. Loose motion, vomiting. All age groups. No entero-pathogenic organism in rectal swabs. Suspected water contamination. RRT investigated."
Odisha,Sambalpur,Acute Diarrheal Disease,290,0,21-03-2024,21-03-2024,Under Control,"Cases from UCHC Hirakud, Debeipali CHC. Loose stools, vomiting. All age groups. Klebsiella, Aeromonas, Salmonella, E.Coli found in rectal swabs. Water H2S positive. Contaminated water cause. RRT investigated."
Rajasthan,Pratapgarh,Mumps,15,0,20-03-2024,20-03-2024,Under Control,"Cases from Amlavad, PHC Siddapura. Throat swelling, fever, body pain. Age 0-9 yrs. Clinically diagnosed. Isolation advised. RRT investigated."
Tamil Nadu,Coimbatore,Mumps,17,0,21-03-2024,21-03-2024,Under Control,"Cases from school, Ashokapuram, PHC Dhaliyur. Fever with neck swelling. Age 1-14 yrs. 2/5 buccal swabs and all 5 serum samples positive Mumps by PCR/ELISA. Isolation advised. RRT investigated."
Tamil Nadu,Namakkal,Mumps,8,0,21-03-2024,21-03-2024,Under Control,"Cases from anganwadi, Palayapalyam. Neck swelling, fever. Age 1-5 yrs. 3/8 serum and 6/8 swabs positive Mumps IgM ELISA/PCR. Isolation advised. RRT investigated."
Tamil Nadu,Namakkal,Mumps,13,0,21-03-2024,21-03-2024,Under Control,"Cases from school, Anna Nagar, Reddipatti. Neck swelling, fever. Age 5-10 yrs. 2/4 serum and 4/4 swabs positive Mumps IgM ELISA/PCR. Isolation advised. RRT investigated."
Tamil Nadu,Thanjavur,Chickenpox,18,0,23-03-2024,23-03-2024,Under Control,"Cases from school hostel, Vellamperambur, Thiruvaiyaru. Fever with rash. Age 5-14 yrs. Clinically diagnosed. Isolation advised. RRT investigated."
Tamil Nadu,The Nilgiris,Mumps,11,0,19-03-2024,20-03-2024,Under Control,"Cases from school, Thoraijada, Kerada PHC, Coonoor. Neck swelling, fever. Age 1-14 yrs. Clinically diagnosed. Isolation advised. RRT investigated."
Tamil Nadu,Tiruchirappalli,Mumps,27,0,20-03-2024,21-03-2024,Under Control,"Cases from school, Ammankudi, Thottiyam. Parotid swelling with fever. Age 5-10 yrs. 9/10 samples positive Mumps IgM ELISA. RRT investigated."
Tamil Nadu,Tirupathur,Measles,12,0,22-03-2024,23-03-2024,Under Control,"Cases from Rangasamuthiram, Pungampattu Nadu. Fever with rash. Age 1-10 yrs. 4/6 samples positive Anti-Measles IgM ELISA. RRT investigated."
Uttar Pradesh,Ambedkar Nagar,Fever with Rash,12,0,18-03-2024,22-03-2024,Under Control,"Cases from Lodhipur Sultanpur, Akbarpur. Fever with rash. Age 7-35 yrs. Both samples negative Measles IgM ELISA. Symptomatic treatment. RRT investigated."
Uttar Pradesh,Ballia,Fever with Rash,12,0,20-03-2024,23-03-2024,Under Surveillance,"Cases from Bhaluhi, Ballia. Fever with rash. All age groups. Symptomatic treatment. RRT investigated."
West Bengal,Birbhum,Acute Diarrheal Disease,130,0,17-03-2024,18-03-2024,Under Control,"Cases from Juita, Sainthia. Vomiting, loose motion, abdominal pain after obsequial ceremony. All age groups. All 4 rectal swabs negative on culture. RRT investigated."
Chhattisgarh,Balod,Chickenpox,20,0,14-03-2024,,Under Control,"Cases from Arjunda, Balod. Fever with rash. Age 3-12 yrs. Clinically diagnosed. Symptomatic treatment. Isolation advised. RRT investigated."
Chhattisgarh,Raipur,Acute Diarrheal Disease,118,0,21-01-2024,,Under Control,Cases from UPHC Labhandi. Loose stools. Age 17-50 yrs. V.cholerae found in 3/8 stool samples. Water unsatisfactory. Door-to-door survey done. RRT investigated.
Gujarat,Jamnagar,Measles,11,0,2024-07-03 00:00:00,,Under Surveillance,Cases from CHC/UHC Jamjodhpur. Fever with rash. Age 28 days to 1 yr. All unvaccinated. 3/5 samples positive Anti-Measles IgM ELISA. RRT investigated.
Kerala,Ernakulam,Hepatitis A,7,0,22-02-2024,,Under Surveillance,"Cases from Kochi, same family. Fever, nausea, vomiting. All 4 samples positive Hepatitis A IgM ELISA. Water fit for drinking. Symptomatic treatment. RRT investigated."
Kerala,Ernakulam,Hepatitis A,6,0,18-02-2024,,Under Surveillance,"Cases from Aluva. Fever, tiredness, jaundice, nausea, vomiting. 3/7 samples positive Hepatitis A IgM ELISA. Symptomatic treatment. RRT investigated."
Manipur,Imphal West,Human Rabies,1,1,2024-01-03 00:00:00,,Under Control,"Case from Haorangsabal, Lamsang. Breathing difficulty, hydrophobia, aerophobia. Dog bite 19.02.2024. No ARV. Expired 03.03.2024 at RIMS Hospital. Community awareness. RRT investigated."
Tamil Nadu,Theni,Dengue,11,0,13-03-2024,,Under Control,"Cases from Poomalaikundu, Jangalpatti PHC. Fever. Age 5-14 yrs. 6/11 samples positive Dengue IgM ELISA. Vector control measures. RRT investigated."
Andhra Pradesh,Bapatla,Acute Diarrheal Disease,23,0,26-01-2024,28-03-2024,Under Control,"Cases from Appikatla, Peda Pinniboinavaripalem, Bapatla. Vomiting, loose motions. All age groups. 3/7 water samples positive Klebsiella spp. Contaminated water from hand pumps suspected. RRT investigated."
Andhra Pradesh,Tirupati,Food Poisoning,12,0,25-03-2024,28-03-2024,Under Control,"Cases from Empedu, Srikalahasti. Stomach pain, loose motions after social gathering. All age groups. Community awareness. RRT investigated."
Assam,Darrang,Human Rabies,1,1,28-03-2024,28-03-2024,Under Control,"Case from Khokjani, Kharupetia BPHC. Fever, hydrophobia. Dog bite 2.3.2024. ARV started. Death of 9 yr male on 28.3.2024. AH&V Dept informed. House-to-house survey. RRT investigated."
Assam,Kamrup,Food Poisoning,66,0,28-03-2024,30-03-2024,Under Control,"Cases from Dakhin Sekhadari, Boko BPHC. Vomiting, watery stools, abdominal pain, fever after social gathering. Stool culture normal gut flora. Water unsatisfactory (MPN). RRT investigated."
Assam,Karbi Anglong,Acute Diarrheal Disease,27,0,27-03-2024,28-03-2024,Under Control,"Cases from Nilapur gaon, Langsolet HWC. Loose watery stools, fever, vomiting, nausea. Stool culture no growth. Water fit for drinking. RRT investigated."
Assam,Kokrajhar,Measles,9,0,27-03-2024,28-03-2024,Under Surveillance,"Cases from Bhakuamari, Gossagaon BPHC. Fever with maculopapular rash, cough. 2/3 samples positive Measles IgM ELISA. RRT investigated."
Assam,Majuli,Food Poisoning,52,0,30-03-2024,31-03-2024,Under Control,"Cases from Jaroni Sonowal, Kamalabari BPHC. Diarrhea, vomiting, headache, fever after Prasad at religious gathering on 29.03.24. Bacillus cereus in 4 rectal swab cultures. Water negative. RRT investigated."
Bihar,Khagaria,Measles,5,0,20-03-2024,27-03-2024,Under Surveillance,"Cases from Dumri, Beldaur. Fever with rash. Age 4-7 yrs. All 5 samples positive Measles IgM ELISA. Vitamin A given. Immunization, hygiene education. RRT investigated."
Gujarat,Chhotaudepur,Acute Diarrheal Disease,50,0,27-03-2024,28-03-2024,Under Control,"Cases from Bhatpur, Sankheda. Diarrhea. Age 20-60 yrs. Water sample potable. Community awareness. RRT investigated."
Gujarat,Devbhumi Dwarka,Measles,8,0,30-03-2024,30-03-2024,Under Control,"Cases from UPHC Khambhaliya, Kamarji. Fever with rash. 1/5 samples positive Measles IgM ELISA. Community awareness. RRT investigated."
Gujarat,Surat,Cholera,60,0,29-03-2024,30-03-2024,Under Control,"Cases from Kanav, Baleshvar, Palsana. Loose stools. All age groups. 2/16 stool samples positive Vibrio Cholera. All water samples potable. Chlorination done. Contaminated drinking water pipeline with sewer line suspected. RRT investigated."
Jammu and Kashmir,Jammu,Mumps,5,0,30-03-2024,30-03-2024,Under Control,"Cases from children's hostel, CHC Marh, Sangrampur. Fever with cheek/neck pain and swelling. Age 6-12 yrs. Clinically diagnosed. Community awareness. RRT investigated."
Jammu and Kashmir,Kathua,Mumps,8,0,27-03-2024,28-03-2024,Under Surveillance,"Cases from MGH Kathua urban. Fever, fatigue, unilateral cheek/jaw pain and swelling. Age 5-10 yrs. Clinically diagnosed. Community awareness. RRT investigated."
Jharkhand,East Singhbum,Acute Diarrheal Disease,25,0,26-03-2024,26-03-2024,Under Control,"Cases from Damudih, Dumaria. Loose stools, nausea, abdominal pain. 3 water samples unfit (Enterococcus faecalis, E.faecalis). Symptomatic treatment. RRT investigated."
Karnataka,Bengaluru Urban,Acute Diarrheal Disease,5,0,28-03-2024,28-03-2024,Under Control,"Cases from Kadugondanhalli CHC, BBMP. Diarrhea. 1/3 water samples not suitable for potable purpose. Community awareness. RRT investigated."
Karnataka,Chikkamagaluru,Acute Diarrheal Disease,65,0,28-03-2024,28-03-2024,Under Surveillance,"Cases from Hulikere, Shirabadige. Vomiting, loose stools, fever after marriage function on 26.03.2024. All age groups. Water suitable. Stool/blood negative for HAV, typhoid, cholera. Temporary clinic set up, ORS distributed. RRT investigated."
Karnataka,Haveri,Acute Diarrheal Disease,24,0,30-03-2024,30-03-2024,Under Control,"Cases from Kashambi, Kaginale PHC, Byadgi. Loose stools, vomiting, abdominal pain. All age groups. 1 water sample (overhead tank) showed E.coli growth. Stool and blood culture negative. RRT investigated."
Kerala,Malappuram,Hepatitis A,254,0,26-03-2024,25-03-2024,Under Surveillance,"Cases from school, Peruvallur, CHC Peruvallur. Fever, abdominal pain, headache, vomiting. Age 5-42 yrs. All 3 samples positive Hepatitis A IgM ELISA. School well water had fecal contamination. RRT investigated."
Kerala,Palakkad,Acute Diarrheal Disease,29,0,26-03-2024,27-03-2024,Under Control,"Cases from PHC Kollengode. Diarrhea, abdominal pain. Bore well samples showed coliforms (Kerala Water Authority). Community awareness. RRT investigated."
Madhya Pradesh,Narsinghpur,Chickenpox,5,0,30-03-2024,30-03-2024,Under Surveillance,"Cases from PHC Dhamna, Budhan Rampur. Rashes, fever, itching. Clinically diagnosed. Community awareness. RRT investigated."
Madhya Pradesh,Umaria,Chickenpox,5,0,27-03-2024,28-03-2024,Under Control,"Cases from Burhan Rampur, Jarha SHC, PHC Ghulghuli, Karkeli. Fever with rash. Age 8 months to 32 yrs. Blood samples negative for Measles. Clinically diagnosed as Chickenpox. RRT investigated."
Maharashtra,Akola,Hepatitis A,96,0,30-03-2024,30-03-2024,Under Control,"Cases from Training Centre, Dabki Road, Akola Corp. Fever, nausea, abdominal pain, loss of appetite. Age 10-30 yrs. 6/96 samples positive Anti-HAV IgM ELISA. 8/25 water samples unfit. Pipeline leakage cause suspected. RRT investigated."
Odisha,Anugul,Acute Diarrheal Disease,20,0,30-03-2024,31-03-2024,Under Control,"Cases from Talcher Sadar. Loose motion, vomiting after marriage ceremony on 27-28.03.2024. Water H2S positive, E.coli detected. No entero-pathogenic bacteria in rectal swabs. RRT investigated."
Odisha,Balangir,Acute Gastroenteritis,15,0,27-03-2024,27-03-2024,Under Control,"Cases from college hostel, Gaintala. Loose motion, vomiting. Age 1-42 yrs. Coliform and H2S bacteria in water samples. No entero-pathogenic bacteria in rectal swab. RRT investigated."
Odisha,Koraput,Fever with Rash,8,0,27-03-2024,28-03-2024,Under Control,"Cases from Kandulbeda, Boipariguda. Fever with rash. All 5 samples negative for Measles. Age 2-43 yrs. Community awareness. RRT investigated."
Puducherry,Pondicherry,Cholera,28,0,27-03-2024,28-03-2024,Under Surveillance,"Cases from Meenatchi Amman Koil Street, Thondmanatham. Loose stools, severe dehydration. All age groups. 8/18 stool samples positive Vibrio Cholera. All 12 water samples unsatisfactory. Water supplied via tankers. Chlorine tablets distributed. RRT investigated."
Tamil Nadu,Pudukkottai,Mumps,17,0,25-03-2024,25-03-2024,Under Control,"Cases from school, Keelapulavankadu, Varappur PHC. Fever with neck swelling. Age 1-14 yrs. 2/3 serum samples positive mumps IgM ELISA. Community awareness. RRT investigated."
Tamil Nadu,Thiruvarur,Fever,10,0,25-03-2024,25-03-2024,Under Control,"Cases from Appargudi, Katchanam HSC. Fever. 3/5 serum samples positive Leptospirosis IgM ELISA. Active fever surveillance done. Community awareness. RRT investigated."
Bihar,Bhojpur,Measles,6,0,15-03-2024,,Under Surveillance,"Cases from Piro, Bhojpur. Fever with rash. Age 3-8 yrs. 3/4 samples positive Measles IgM ELISA. Vitamin A given. Immunization education. RRT investigated."
Kerala,Malappuram,West Nile Fever,1,0,19-01-2024,,Under Surveillance,"Case from GMCH Manjeri. 2 yr female with headache, fever with chills. CSF sample positive WNF IgM ELISA on 16/03/24. Vector control measures. RRT investigated."
Kerala,Malappuram,Hepatitis A,19,0,18-03-2024,,Under Surveillance,"Cases from school, PHC Iringallur, Tirurangadi. Fever, abdominal pain, headache, vomiting. Age 5-30 yrs. History of food fest one month ago. Both samples positive HAV IgM ELISA. Water showed coliforms. RRT investigated."
Kerala,Pathanamthitta,Chickenpox,26,0,23-03-2024,,Under Surveillance,"Cases from TMM Thiruvalla, Adoor. Fever with rash. 1 swab positive Varicella by PCR. Community awareness. RRT investigated."
Madhya Pradesh,Chhindwara,Jaundice,8,0,29-02-2024,,Under Surveillance,"Cases from Khedikala, PHC Siratha, Pandhurna. Weakness, loss of appetite, jaundice. Community awareness. RRT investigated."
Maharashtra,Pune,Chikungunya,9,0,23-03-2024,,Under Control,"Cases from Bare Budruk, PHC Nere, Bhor. Body ache, fever, joint pain. 12/23 samples positive Anti-Chikungunya IgM ELISA. Fogging, source reduction. RRT investigated."
Tamil Nadu,Villupuram,Chickenpox,19,0,23-03-2024,,Under Control,"Cases from school, T.Kumaramangalam, PHC Iruvelpattu. Fever with rash. All age groups. Clinically diagnosed. Infected isolated. Community awareness. RRT investigated."
Andhra Pradesh,Palnadu,Fever,58,0,28-03-2024,2024-03-04 00:00:00,Under Surveillance,Cases from Veldurthi. Fever with body/joint pain. 58 blood samples negative for Malaria and Dengue by RDT. Symptomatic treatment. Vector control measures. RRT investigated.
Assam,Charaideo,Mushroom Poisoning,5,2,2024-04-04 00:00:00,2024-04-04 00:00:00,Under Surveillance,"Cases from Mothurapur, Sonari. Vomiting, loose stools after consuming food at home. Deaths of 45 yr male (06-04-2024) and 49 yr male (10-04-2024). Altered mental status before death. RRT investigated."
Assam,Goalpara,Measles,11,0,2024-02-04 00:00:00,2024-03-04 00:00:00,Under Surveillance,"Cases from Jaybhum, Lakhipur. Fever with rash. Age 1-20 yrs. 1/4 samples positive Measles IgM ELISA. Vitamin A given. Symptomatic treatment. RRT investigated."
Bihar,Patna,Fever with Rash,9,0,2024-03-04 00:00:00,2024-03-04 00:00:00,Under Surveillance,"Cases from Modahi, Bihta. Fever with rash. Age 1-27 yrs. Sample negative Measles IgM ELISA. Vitamin A given (1-5 yrs). Symptomatic treatment. RRT investigated."
Bihar,Samastipur,Fever with Rash,12,0,2024-06-04 00:00:00,2024-06-04 00:00:00,Under Surveillance,"Cases from Harpur Ailoth, Samastipur. Fever with rash. Age 3-42 yrs. All 5 samples negative Measles IgM ELISA. Symptomatic treatment. RRT investigated."
Bihar,Samastipur,Fever with Rash,12,0,2024-06-04 00:00:00,2024-06-04 00:00:00,Under Surveillance,"Cases from Kalyanpur Basti, Mohiuddinagar. Fever with rash. Age 2-49 yrs. All 7 samples negative Measles IgM ELISA. Symptomatic treatment. RRT investigated."
Bihar,Samastipur,Measles,5,0,2024-01-04 00:00:00,2024-04-04 00:00:00,Under Surveillance,"Cases from Bazidpur Meari, Sarairanjan. Fever with rash. Age 1-8 yrs. 3/5 samples positive Measles IgM ELISA. Vitamin A given. Symptomatic treatment. RRT investigated."
Chhattisgarh,Bilaspur,Acute Diarrheal Disease,10,0,2024-02-04 00:00:00,2024-03-04 00:00:00,Under Control,"Cases from Bilha, Bilaspur. Vomiting, loose stools. 2/3 water samples unfit for drinking. Symptomatic treatment. RRT investigated."
Chhattisgarh,Janjgir-Champa,Acute Diarrheal Disease,37,0,2024-06-04 00:00:00,2024-06-04 00:00:00,Under Control,"Cases from Mehanda, Nawagarh. Vomiting, loose stools. Stool sample negative for Cholera. Symptomatic treatment. RRT investigated."
Chhattisgarh,Rajnandgaon,Acute Diarrheal Disease,14,0,30-03-2024,2024-01-04 00:00:00,Under Control,"Cases from Chikhli, ward 5, Shankarpur. Vomiting, loose stools. Symptomatic treatment. RRT investigated."
Chhattisgarh,Sarangarh Bilaigarh,Food Poisoning,72,0,2024-03-04 00:00:00,2024-04-04 00:00:00,Under Surveillance,"Cases from Chhuiha, Bilaigarh. Vomiting, loose stools. All 6 water samples fit for potable purpose. Symptoms after village function food. Symptomatic treatment. RRT investigated."
Gujarat,Navsari,Cholera,3,1,2024-02-04 00:00:00,2024-02-04 00:00:00,Under Control,"Cases from Saneshvar Society, Ramnagar, Vijalpore. Loose stools, vomiting, abdominal pain. Stool samples positive vibrio cholera. Death of 3 yr girl on 07-04-2024 at Surat Civil Hospital. RRT investigated."
Haryana,Fatehabad,Measles,6,0,2024-03-04 00:00:00,2024-03-04 00:00:00,Under Surveillance,"Cases from Bhodia Khera, Fatehabad. Fever with rash. Age 3-8 yrs. 3/5 samples positive Measles IgM ELISA. Vitamin A given. Symptomatic treatment. RRT investigated."
Jharkhand,East Singhbum,Measles,8,0,26-03-2024,2024-03-04 00:00:00,Under Surveillance,"Cases from Chhota Gobindpur, Golmuri-Cum-Jugsalai. Fever with rash. Age 4-35 yrs. 3/8 samples positive Measles IgM ELISA. Vitamin A given (under 5 yrs). RRT investigated."
Jharkhand,Garhwa,Measles,9,0,2024-06-04 00:00:00,2024-06-04 00:00:00,Under Surveillance,"Cases from Deodih, Kandi. Fever with rash. Age 1-12 yrs. 1/9 samples positive Measles IgM ELISA. Vitamin A given (1-5 yrs). RRT investigated."
Jharkhand,Jamtara,Chickenpox,5,0,2024-03-04 00:00:00,2024-03-04 00:00:00,Under Surveillance,"Cases from Koridih-2, Narayanpur. Fever with rash. Age 4-14 yrs. 3/4 samples positive Chickenpox IgM ELISA. Symptomatic treatment. RRT investigated."
Jharkhand,Jamtara,Chickenpox,9,0,30-03-2024,2024-01-04 00:00:00,Under Surveillance,"Cases from Bandarnacha, Fatehpur. Fever with rash. Age 6-64 yrs. 3/4 samples positive Chickenpox IgM ELISA. Symptomatic treatment. RRT investigated."
Jharkhand,Khunti,Mumps,23,0,2024-01-04 00:00:00,2024-03-04 00:00:00,Under Surveillance,"Cases from Khunti. Fever, parotid gland pain and swelling. All 5 samples positive Mumps Virus IgM ELISA. Not vaccinated with MR vaccine. Symptomatic treatment. RRT investigated."
Karnataka,Bengaluru Urban,Cholera,47,0,2024-06-04 00:00:00,2024-06-04 00:00:00,Under Surveillance,"Cases from BMCRI Ladies hostel. Loose motions, vomiting, abdominal pain. 2/15 stool samples positive Cholera (hanging drop). Age 18-26 yrs. Symptomatic treatment. RRT investigated."
Karnataka,Chikkamagaluru,Food Poisoning,47,0,2024-06-04 00:00:00,2024-06-04 00:00:00,Under Surveillance,"Cases from Yaradakere.G, Kadur. Loose motions, vomiting, abdominal pain. 1 water sample unfit. Food samples substandard. Symptoms after village function food. Symptomatic treatment. RRT investigated."
Karnataka,Chitradurga,Food Poisoning,43,0,2024-05-04 00:00:00,2024-06-04 00:00:00,Under Control,"Cases from Halekunduru, Hosdurga. Loose motions, vomiting, abdominal pain. 6 water samples fit for drinking. Age 11-20 yrs. Symptoms after family function food. No deaths. RRT investigated."
Kerala,Ernakulam,Hepatitis A,20,0,2024-04-04 00:00:00,2024-05-04 00:00:00,Under Surveillance,"Cases from Kothamangalam, Ernakulam. Fever, vomiting, jaundice. All 8 samples positive Hepatitis A IgM ELISA. Symptomatic treatment. RRT investigated."
Kerala,Idukki,Dengue,23,0,30-03-2024,2024-06-04 00:00:00,Under Surveillance,Cases from Udumbanchola. Fever with body pain. All 6 samples positive Dengue IgM ELISA. Vector control measures. Symptomatic treatment. RRT investigated.
Kerala,Kasaragod,Food Poisoning,171,0,2024-04-04 00:00:00,2024-04-04 00:00:00,Under Control,"Cases from Perole, Hosdurg. Loose stools, abdominal pain, vomiting. Blood sterile, stool negative. All cases consumed food during festival. No deaths. RRT investigated."
Kerala,Kottayam,Dengue,10,0,2024-04-04 00:00:00,2024-05-04 00:00:00,Under Surveillance,"Cases from Chirakkadavu, Kanjirappally. Fever. All 10 samples positive Dengue NS1 by RDT. Vector control measures. Symptomatic treatment. RRT investigated."
Kerala,Kozhikode,Hepatitis A,38,1,2024-04-03 00:00:00,2024-04-04 00:00:00,Under Surveillance,"Cases from Chekkiad, Vatakara. Fever with jaundice. 1 sample positive Hepatitis A IgM ELISA. 3 water samples showed coliforms. Death of 34 yr male on 05-04-2024. Symptomatic treatment. RRT investigated."
Kerala,Thrissur,Dengue,19,0,2024-01-04 00:00:00,2024-01-04 00:00:00,Under Surveillance,"Cases from Excise Office, Irinjalakuda. Fever with body ache. All 19 samples positive Dengue NS1 by RDT. Vector control measures. Symptomatic treatment. RRT investigated."
Madhya Pradesh,Katni,Scrub Typhus,2,1,2024-05-04 00:00:00,2024-05-04 00:00:00,Under Surveillance,Cases from Vijayraghavgarh. 16 yr female died 21-02-2024 (scrub typhus and leptospirosis). Fever survey: 1/40 samples positive Scrub typhus IgM ELISA. Vector control measures. RRT investigated.
Madhya Pradesh,Shivpuri,Measles,47,0,2024-02-04 00:00:00,2024-02-04 00:00:00,Under Surveillance,"Cases from ward 11 and 12, Bairad. Fever with rash, cough. Age 1-10 yrs. 5/7 samples positive Measles IgM ELISA. Vitamin A given. Vaccination education. RRT investigated."
Maharashtra,Raigad,Dengue,5,1,2024-03-04 00:00:00,2024-05-04 00:00:00,Under Surveillance,"Cases from Tadgaon, Murud. 1 patient died 03-04-2024 (dengue NS1 positive). Further samples negative Dengue IgM ELISA. Vector control measures. Symptomatic treatment. RRT investigated."
Meghalaya,Ri Bhoi,Acute Gastroenteritis,15,0,2024-02-04 00:00:00,2024-02-04 00:00:00,Under Surveillance,"Cases from Mawsyntai, Umling. Vomiting, loose stools. 5 stool samples positive Enteroinvasive E.Coli and Shigella. Symptomatic treatment. RRT investigated."
Odisha,Cuttack,Hepatitis A,101,0,2024-06-04 00:00:00,2024-07-04 00:00:00,Under Surveillance,"Cases from Rajendra Nagar Ward 52, Cuttack Corp. Yellow urine, yellow eyes. 17/47 samples positive Hepatitis A IgM ELISA. No deaths. Symptomatic treatment. RRT investigated."
Odisha,Koraput,Fever with Rash,11,0,2024-04-04 00:00:00,2024-05-04 00:00:00,Under Surveillance,"Cases from Ambaguda-Timajhola, Lakshmipur. Fever with rash. Age 8-13 yrs. All 5 samples negative Measles and Rubella ELISA. Symptomatic treatment. RRT investigated."
Odisha,Rayagada,Food Poisoning,19,0,2024-04-04 00:00:00,2024-05-04 00:00:00,Under Control,"Cases from Bahupadara Ashram School, Padmapur. Fever, vomiting, loose stools. Rectal swabs negative. Water fit for drinking. No deaths. Symptomatic treatment. RRT investigated."
Odisha,Sundargarh,Acute Gastroenteritis,73,0,2024-04-04 00:00:00,2024-04-04 00:00:00,Under Control,"Cases from Kanya Ashram Telendihi High School, Tangarapali. Fever, vomiting, loose stools. All 4 water samples fit for drinking. Symptomatic treatment. RRT investigated."
Punjab,Ludhiana,Mumps,6,0,2024-02-04 00:00:00,2024-03-04 00:00:00,Under Surveillance,"Cases from Bal Bhawan, Sarabha Nagar. Fever, parotid gland swelling. Age 1-10 yrs. 5/6 samples positive Mumps IgM ELISA. Symptomatic treatment. RRT investigated."
Rajasthan,Sikar,Mumps,76,0,2024-01-04 00:00:00,2024-01-04 00:00:00,Under Surveillance,"Cases from Neem Ka Thana, Sikar. Fever, swollen salivary glands, pain while chewing. Age 1-18 yrs. 3/5 samples positive Mumps RT-PCR. Symptomatic treatment. RRT investigated."
Tamil Nadu,Dindigul,Acute Diarrheal Disease,57,0,2024-02-04 00:00:00,2024-02-04 00:00:00,Under Control,"Cases from Agaram, Dindigul West. Loose motions, vomiting, giddiness, abdominal pain. All 3 water samples fit for drinking. Symptomatic treatment. RRT investigated."
Tamil Nadu,Salem,Acute Diarrheal Disease,106,0,2024-03-04 00:00:00,2024-03-04 00:00:00,Under Control,"Cases from Palayam, Ethapur, Panaimadal, Edapattipudhur, Pethanaikanpalayam. Loose motions, vomiting, abdominal pain. Stool negative. Water fit for drinking. Symptomatic treatment. RRT investigated."
Tamil Nadu,Sivaganga,Chickenpox,40,0,2024-04-04 00:00:00,2024-05-04 00:00:00,Under Surveillance,"Cases from ITBP training centre, Iluppaikkudi, Sivagangai. Fever with rash. Symptomatic treatment. RRT investigated."
Telangana,Nirmal,Acute Diarrheal Disease,50,0,2024-04-04 00:00:00,2024-04-04 00:00:00,Under Control,"Cases from KGBV Girls Hostel, Narsapur, Nirmal. Vomiting, loose stools, abdominal pain. Stool samples showed Salmonella typhimurium. Water fit. Age 12-14 yrs. No deaths. Symptomatic treatment. RRT investigated."
Uttar Pradesh,Unnao,Food Poisoning,61,0,2024-06-04 00:00:00,2024-06-04 00:00:00,Under Surveillance,"Cases from Lonari, Bangarmau. Loose stools, vomiting. All consumed food at community function. Symptomatic treatment. RRT investigated."
West Bengal,24 Paraganas South,Acute Diarrheal Disease,19,0,2024-03-04 00:00:00,2024-04-04 00:00:00,Under Surveillance,"Cases from Amjhara, Basanti. Loose motions, vomiting. 2/5 water samples unfit for drinking. Symptomatic treatment. RRT investigated."
West Bengal,Nadia,Acute Diarrheal Disease,10,0,2024-02-04 00:00:00,2024-03-04 00:00:00,Under Control,"Cases from Ranaghat-I. Loose motions, weakness, abdominal pain. 3 rectal swab samples collected and sent. Symptomatic treatment. RRT investigated."
Bihar,Gaya,Chickenpox,5,0,16-03-2024,,Under Surveillance,"Cases from Central jail, Gaya Town. Fever with rash. Age 19-34 yrs. All 5 samples positive Chickenpox IgM ELISA. Symptomatic treatment. RRT investigated."
Madhya Pradesh,Bhopal,Measles,9,0,21-03-2024,,Under Surveillance,Cases from Bhopal. Fever with rash. Age 1-5 yrs. 2/8 samples positive Measles IgM ELISA. Vaccination education. Symptomatic treatment. RRT investigated.
Andhra Pradesh,Sri Sathya Sai,Acute Diarrheal Disease,230,0,13-04-2024,13-04-2024,Under Control,"Cases from Kurlapalli Village, Kanganapalli Mandal. After religious ceremony. Water samples satisfactory. Medical camp conducted."
Arunachal Pradesh,Longding,Cholera,47,1,2024-08-04 00:00:00,2024-10-04 00:00:00,Under Surveillance,Cases from Mintong village. Water samples non-potable. Stool positive for Rota virus & Vibrio cholerae. Death of 5 year old male on 6th April 2024.
Assam,Dibrugarh,Food Poisoning,2,1,2024-09-04 00:00:00,2024-10-04 00:00:00,Under Control,Cases from Fatikacua Ahom Gaon after consumption of wild mushrooms. Death of 10 year old female at AMCH on 8/04/2024.
Assam,Goalpara,Acute Diarrheal Disease,20,0,2024-09-04 00:00:00,2024-10-04 00:00:00,Under Control,Cases from Moijonga TE. Rectal swab positive for Klebsiella. Affected age group 18-55 years.
Assam,Karbi Anglong,Food Poisoning,10,6,2024-05-04 00:00:00,2024-10-04 00:00:00,Under Control,"Cases after wild mushroom consumption. Six deaths (3 males: 14, 19, 50 yrs; 3 females: 12, 18, 20 yrs)."
Assam,Marigaon,Chickenpox,8,0,2024-09-04 00:00:00,2024-10-04 00:00:00,Under Control,Cases from Bheduati Garmari. Serum positive for Chickenpox virus IgM by ELISA.
Assam,Nagaon,Fever with Rash,10,0,2024-10-04 00:00:00,2024-11-04 00:00:00,Under Control,Cases from Bhomoraguri. Serum samples negative for Measles and Rubella IgM.
Assam,Tinsukia,Food Poisoning,7,0,2024-11-04 00:00:00,2024-12-04 00:00:00,Under Control,"Cases from Sonowal Gaon, Ambikapur. Vomiting and abdominal pain."
Assam,Tinsukia,Diphtheria,1,1,2024-09-04 00:00:00,2024-10-04 00:00:00,Under Control,Cases from Duwarmara Balijan Gaon. Gram stain showed Klebs-Loffler like bacilli. Death of 10 year old female. Case had received DPT doses.
Bihar,Begusarai,Fever with Rash,20,0,2024-06-04 00:00:00,2024-08-04 00:00:00,Under Control,Cases from Village Panhas. Age group 2-24 years. Samples sent to AIIMS Patna.
Bihar,Jehanabad,Chickenpox,5,0,2024-10-04 00:00:00,2024-10-04 00:00:00,Under Control,Cases from Village Nisrapura. All 3 samples positive for Chickenpox IgM by ELISA. Age 2-12 years.
Bihar,Jehanabad,Measles,4,0,2024-08-04 00:00:00,2024-08-04 00:00:00,Under Surveillance,Cases from Village Charh. One sample positive for Measles IgM. Age 1-4 years. Vitamin A given.
Bihar,Kishanganj,Fever with Rash,9,0,2024-08-04 00:00:00,13-04-2024,Under Control,Cases from Sub-District Terhagachh. All samples negative for Measles IgM. Age 9-32 years.
Bihar,Madhepura,Fever with Rash,18,0,2024-08-04 00:00:00,2024-09-04 00:00:00,Under Control,Cases from Village Chausa Amanat Sarkar. All samples negative for Chickenpox. Age 2-35 years.
Chhattisgarh,Baloda Bazar,Acute Diarrheal Disease,16,0,2024-12-04 00:00:00,2024-12-04 00:00:00,Under Control,"Cases from Village Dhurrabandha. Loose motion, vomiting and fever."
Gujarat,Ahmedabad,Food Poisoning,6,1,2024-08-04 00:00:00,2024-08-04 00:00:00,Under Control,Cases from Village Zekda after homemade food. Age 2-10 years. Death of 7 year old female.
Gujarat,Anand,Acute Diarrheal Disease,48,0,13-04-2024,13-04-2024,Under Control,Cases from Village Boriavi. Water samples showed E.coli growth.
Jharkhand,Chatra,Fever with Rash,10,0,2024-08-04 00:00:00,2024-10-04 00:00:00,Under Surveillance,Cases from Kasturba School Mayurhand. All samples negative for Measles. Age 11-13 years.
Jharkhand,Giridih,Acute Diarrheal Disease,16,0,2024-12-04 00:00:00,13-04-2024,Under Control,Cases from Village Gardih. Vomiting and loose stools.
Jharkhand,Saraikela Kharsawan,Chickenpox,15,0,2024-09-04 00:00:00,2024-09-04 00:00:00,Under Surveillance,Cases from Village Donda. 3 of 4 samples positive for Chickenpox IgM. Age 6-40 years.
Karnataka,Ballari,Measles,34,0,2024-06-04 00:00:00,2024-08-04 00:00:00,Under Control,Cases from Village Kallukamba. All 5 samples positive for Anti-Measles IgM. All vaccinated with 2 doses.
Karnataka,Chamarajanagar,Food Poisoning,82,0,2024-10-04 00:00:00,2024-12-04 00:00:00,Under Control,Cases after Ugadi festival. Stool samples negative for enteric pathogens.
Karnataka,Chitradurga,Food Poisoning,14,0,2024-09-04 00:00:00,2024-10-04 00:00:00,Under Control,Cases after consumption of food from common place. Age 18-20 years.
Karnataka,Dakshin Kannad,Acute Diarrheal Disease,144,0,2024-11-04 00:00:00,2024-12-04 00:00:00,Under Control,Cases from Village Thumbe after coconut juice. 2 of 4 water samples not suitable for potable purpose.
Karnataka,Tumakuru,Acute Diarrheal Disease,78,0,2024-10-04 00:00:00,2024-11-04 00:00:00,Under Control,Cases after religious ceremony. One stool sample showed Candida species growth.
Karnataka,Vijayanagar,Acute Diarrheal Disease,63,0,2024-10-04 00:00:00,2024-10-04 00:00:00,Under Control,Cases after consumption of Neem water during Ugadi festival. Age 21-30 years.
Kerala,Idukki,Food Poisoning,6,0,2024-12-04 00:00:00,2024-12-04 00:00:00,Under Control,"Cases from construction site after food consumption on 11/04/2024. Nausea, vomiting, headache."
Kerala,Kannur,Hepatitis A,15,0,2024-11-04 00:00:00,2024-12-04 00:00:00,Under Surveillance,Cases from Pariyaram. 4 samples positive for Anti-HAV IgM. After temple festival.
Kerala,Kozhikode,Jaundice,37,0,2024-09-04 00:00:00,2024-09-04 00:00:00,Under Surveillance,Cases from Village Unnikulam. Contaminated public well suspected. No coliforms in water samples.
Kerala,Palakkad,Food Poisoning,15,0,2024-12-04 00:00:00,2024-12-04 00:00:00,Under Control,"Cases after consumption of food from a hotel. Fever, vomiting, diarrhea, abdominal pain."
Kerala,Pathanamthitta,Food Poisoning,12,0,2024-08-04 00:00:00,2024-09-04 00:00:00,Under Control,Cases from Malayalapuzha. Loose stools after food from common place.
Madhya Pradesh,Chhatarpur,Chickenpox,5,0,2024-08-04 00:00:00,2024-08-04 00:00:00,Under Surveillance,Cases from Chandpura Village. Age 2-32 years. Isolation of cases done.
Madhya Pradesh,Datia,Chickenpox,8,0,13-04-2024,14-04-2024,Under Surveillance,Cases from Village Naikora. Age 4-40 years. Isolation done.
Madhya Pradesh,Katni,Leptospirosis,58,1,2024-11-04 00:00:00,2024-11-04 00:00:00,Under Surveillance,Cases from PHC Kanhwara. 1 positive for Leptospirosis. Death of 9 year old male on 17.03.2024.
Madhya Pradesh,Satna,Chickenpox,9,0,2024-07-04 00:00:00,2024-08-04 00:00:00,Under Surveillance,Cases from Hanuman Nagar. Serum positive for Varicella Zoster IgM by ELISA.
Madhya Pradesh,Umaria,Leptospirosis,10,0,2024-10-04 00:00:00,2024-10-04 00:00:00,Under Surveillance,Cases from CHC Chandia. 2 positive for Leptospirosis IgM by ELISA. Age 10-20 years.
Maharashtra,Chandrapur,Food Poisoning,258,1,14-04-2024,14-04-2024,Under Control,Cases from Village Majari Collary. Water samples potable. Food samples sent for testing. Death of 80 year old male.
Maharashtra,Chandrapur,Malaria,25,0,2024-12-04 00:00:00,2024-12-04 00:00:00,Under Surveillance,Cases from Nanakpathar. 25 positive for Malaria falciparum on microscopy. Age 15-60 years.
Maharashtra,Jalna,Acute Diarrheal Disease,25,0,2024-06-04 00:00:00,2024-09-04 00:00:00,Under Control,Cases from Sondev. Age 20-60 years. All samples negative for enteric pathogen.
Maharashtra,Kolhapur,Chikungunya,6,0,2024-12-04 00:00:00,2024-12-04 00:00:00,Under Control,Cases from Village Jatharwadi. 5 of 6 samples positive for Chikungunya IgM. Age 15-65 years.
Maharashtra,Osmanabad,Dengue & Chikungunya,22,0,2024-04-04 00:00:00,2024-08-04 00:00:00,Under Control,Cases from Village Padoli. 2 positive for Dengue IgM & 1 for Chikungunya IgM.
Maharashtra,Pune,Acute Diarrheal Disease,24,0,28-03-2024,2024-12-04 00:00:00,Under Control,Cases from Wakad. Age 10-55 years. Both water samples found potable.
Maharashtra,Satara,Acute Diarrheal Disease,68,0,2024-09-04 00:00:00,2024-10-04 00:00:00,Under Control,Cases from Village Angapur. Age 10-65 years. All stool samples negative.
Maharashtra,Wardha,Dengue,36,1,2024-08-04 00:00:00,2024-10-04 00:00:00,Under Control,Cases from Chincholi Dange. 3 of 19 samples positive for Dengue IgM. Death of 11 year old female.
Meghalaya,West Khasi Hills,Acute Gastroenteritis,71,0,2024-03-04 00:00:00,2024-08-04 00:00:00,Under Control,Cases from Nongpyndeng-Mawkhlam. Water samples unsafe. 2 of 7 stools positive for Shigella.
Odisha,Koraput,Fever with Rash,7,0,2024-12-04 00:00:00,13-04-2024,Under Control,Cases from Damguda. Age 11-40 years. Partially vaccinated for MMR. Serum negative for Measles and Rubella.
Odisha,Rayagada,Acute Diarrheal Disease,35,0,2024-10-04 00:00:00,2024-10-04 00:00:00,Under Control,Cases from school. Age 10-15 years. No entero-pathogenic organism found in rectal swabs.
Punjab,Fazilka,Food Poisoning,60,0,2024-10-04 00:00:00,2024-11-04 00:00:00,Under Control,Cases after Prasad at Navratri festival. Water samples non-potable. Food samples satisfactory.
Punjab,Firozepur,Food Poisoning,73,0,2024-10-04 00:00:00,2024-12-04 00:00:00,Under Control,Cases from Panj Ke Uttar. Water samples non-potable. Abdominal pain and vomiting after food.
Rajasthan,Kota,Acute Diarrheal Disease,24,0,2024-05-04 00:00:00,2024-05-04 00:00:00,Under Surveillance,Cases from hostel in Kota City. Stool samples showed E.coli growth. Age 18-25 years.
Tamil Nadu,Kallakurichi,Acute Diarrheal Disease,97,0,2024-08-04 00:00:00,2024-08-04 00:00:00,Under Control,Cases from Village Pugaipatti. Water samples showed fecal coliform. Stool samples negative.
Uttar Pradesh,Bhadohi,Measles,9,0,2024-08-04 00:00:00,2024-09-04 00:00:00,Under Control,Cases from Village Arai Uparwar. 1 of 5 serum samples positive for Measles. Age 6-15 years.
West Bengal,24 Paraganas North,Chickenpox,14,0,2024-06-04 00:00:00,2024-08-04 00:00:00,Under Control,"Cases from Sandeshkhali. Vesicular lesions, fluid filled blisters. Age 5-14 years."
West Bengal,Hooghly,Acute Diarrheal Disease,5,0,2024-09-04 00:00:00,2024-11-04 00:00:00,Under Control,Cases from Village Mallick Gheri. All samples negative for entero-pathogen. Age 5-38 years.
Assam,Goalpara,Chickenpox,11,0,2024-11-03 00:00:00,,Under Control,"Cases from Harimura, Udaypur. Both samples positive for Chickenpox IgM. Age 12-40 years. (Late report)"
Jharkhand,Khunti,Fever with Rash,7,0,2024-04-04 00:00:00,,Under Control,Cases from Village Ulihatu. All samples negative for measles IgM. Age 8-15 years. (Late report)
Jharkhand,Lohardaga,Malaria,3,0,2024-01-04 00:00:00,,Under Control,Cases from Village Nigni. 3 of 32 samples positive for Plasmodium vivax by RDT. (Late report)
Maharashtra,Satara,Dengue,5,0,2024-03-04 00:00:00,,Under Control,Cases from Rahimatpur. 3 of 4 samples positive for Dengue IgM. Age 15-60 years. (Late report)
Tripura,Unakoti,Acute Diarrheal Disease,8,0,2024-11-03 00:00:00,,Under Control,Cases from Halaichara. 4 of 7 stool samples showed E.coli growth. Age 20-70 years. (Late report)
Arunachal Pradesh,Longding,Measles,9,0,2024-11-04 00:00:00,16-04-2024,Under Surveillance,Cases from Village Kaimoi. 1 of 9 samples positive for Measles IgM. Age 1-3 years. Vitamin A given.
Assam,Biswanath,Food Poisoning,51,0,16-04-2024,16-04-2024,Under Surveillance,Cases from Village Bijoypur. 3 rectal swabs positive for Klebsiella. After religious function.
Assam,Jorhat,Acute Diarrheal Disease,12,0,17-04-2024,17-04-2024,Under Surveillance,Cases from Village Doklongia T.E. 2 stool samples showed Enterotoxigenic E.Coli.
Assam,Jorhat,Acute Diarrheal Disease,11,0,17-04-2024,17-04-2024,Under Surveillance,Cases from Village Cinnamara. Both stool samples showed Enterotoxigenic E. Coli.
Assam,Kokrajhar,Human Rabies,1,1,15-04-2024,15-04-2024,Under Surveillance,50-year-old male with history of dog bite. Expired on 14-04-2024.
Assam,Udalguri,Human Rabies,1,1,16-04-2024,17-04-2024,Under Surveillance,11-year-old male with dog bite history in January. Expired on 15-04-2024.
Bihar,Begusarai,Fever with Rash,13,0,16-01-2024,18-04-2024,Under Surveillance,Cases from Village Sirsi. Samples negative for Measles IgM. Age 1-10 years. Vitamin A given.
Bihar,Samastipur,Fever with Rash,27,0,2024-11-04 00:00:00,18-04-2024,Under Surveillance,Cases from Village Kaji Dumra. Negative for Measles IgM. Age 1-49 years.
Chhattisgarh,Baloda Bazar,Food Poisoning,16,0,16-04-2024,17-04-2024,Under Control,Cases from Village Bharuwadih. Water sample fit for potable purposes. After religious function.
Chhattisgarh,Bilaspur,Food Poisoning,19,0,18-04-2024,19-04-2024,Under Control,Cases from Jairamnagar. Loose motion and vomiting. After marriage function.
Chhattisgarh,Kabirdham,Food Poisoning,16,0,19-04-2024,19-04-2024,Under Control,Cases from Village Khadaudha Khurd. After marriage ceremony.
Chhattisgarh,Sukma,Measles,5,0,16-04-2024,16-04-2024,Under Surveillance,Cases from Village Sukma. 3 of 5 samples positive for Measles IgM. Age below 10 years.
Gujarat,Gir Somnath,Food Poisoning,81,0,19-04-2024,19-04-2024,Under Control,Cases from Village Mathasuriya. After marriage function. No deaths reported.
Gujarat,Junagadh,Acute Diarrheal Disease,19,0,19-04-2024,19-04-2024,Under Control,Cases from Village Ladudi - Gir. Loose stools and vomiting. No deaths reported.
Gujarat,Navsari,Acute Diarrheal Disease,64,0,20-04-2024,20-04-2024,Under Control,Cases from Village Anklachh. Stool samples showed no pathogenic organism. Water samples fit.
Gujarat,Patan,Typhoid,5,0,19-04-2024,19-04-2024,Under Surveillance,Cases from Sub-District Patan. 3 blood samples positive for Salmonella typhi. All water samples unfit.
Haryana,Panchkula,Acute Diarrheal Disease,141,0,16-04-2024,16-04-2024,Under Control,Cases from MDC-5 Group Housing Society. Stool negative for Vibrio Cholerae. Water samples fit.
Jammu and Kashmir,Pulwama,Hepatitis A,27,0,18-04-2024,18-04-2024,Under Surveillance,Cases from Village Arigam Chirath. 1 blood sample positive for Hepatitis A IgM. Both water samples unfit. Age 8-14 years.
Karnataka,Hassan,Acute Diarrheal Disease,33,0,19-04-2024,20-04-2024,Under Surveillance,Cases from Village Basavanahlli. Stool samples negative for Vibrio Cholera. After wedding function.
Karnataka,Kodagu,Food Poisoning,46,0,17-04-2024,18-04-2024,Under Control,Cases from Village Hebbale. Stool samples negative. After wedding function on 14th April.
Karnataka,Tumakuru,Food Poisoning,27,0,19-04-2024,19-04-2024,Under Surveillance,Cases from Bhyralinganahalli. Water unfit for potable purpose. After Prasad in religious function.
Karnataka,Tumakuru,Food Poisoning,67,0,18-04-2024,18-04-2024,Under Surveillance,Cases from Village Kodavathi. Water unfit for potable purpose. After Prasad in religious function.
Karnataka,Vijayanagar,Cholera,16,0,15-04-2024,15-04-2024,Under Surveillance,Cases from Village Guledahalu. 1 stool positive for Vibrio Cholera. 7 of 12 water samples unfit. After social gathering.
Kerala,Ernakulam,Hepatitis A,132,0,18-04-2024,19-04-2024,Under Surveillance,Cases from Kunnathunad. All 15 blood samples positive for Hepatitis A IgM. One water sample unfit (Klebsiella).
Kerala,Ernakulam,Hepatitis A,15,1,2024-09-04 00:00:00,17-04-2024,Under Surveillance,Cases from Sruthinilayam lodge. All water samples fit. 30-year-old male expired on 17-04-2024 due to Hepatitis A infection.
Kerala,Kannur,Hepatitis A,12,0,18-04-2024,19-04-2024,Under Surveillance,Cases from Village Thrippangottur. Water samples fit. Age 3-57 years.
Kerala,Kollam,Food Poisoning,49,0,17-04-2024,18-04-2024,Under Surveillance,Cases from Village Mylom. All 4 water samples unfit (Coliforms and E.coli). After religious function.
Kerala,Kollam,Food Poisoning,114,0,16-04-2024,17-04-2024,Under Surveillance,Cases from Village Anchal. One water sample unfit. After religious function.
Kerala,Kottayam,Dengue,7,0,18-04-2024,20-04-2024,Under Surveillance,Cases from Kottayam Municipality Ward 29. All 13 blood samples positive for Dengue NS1 antigen by RDT.
Madhya Pradesh,Ashoknagar,Measles,5,0,16-04-2024,17-04-2024,Under Surveillance,Cases from Village Vikrampur. 3 of 5 samples positive for Measles IgM. Age 2-7 years.
Madhya Pradesh,Barwani,Acute Diarrheal Disease,8,1,20-04-2024,21-04-2024,Under Surveillance,Cases from Village Gudi. Stool showed Salmonella typhimurium. A 7-year-old female expired.
Madhya Pradesh,Khargone,Acute Diarrheal Disease,60,0,15-04-2024,15-04-2024,Under Surveillance,Cases from Village Siptan. After religious function. Stool samples showed no pathogenic organism.
Madhya Pradesh,Sehore,Measles,5,0,19-04-2024,20-04-2024,Under Surveillance,Cases from Village Khuraniya-Bilkisganj. 3 of 4 samples positive for Measles IgM. Age 1-9 years.
Maharashtra,Ahmednagar,Scrub Typhus,14,0,16-04-2024,16-04-2024,Under Surveillance,Cases from Village Padali. Both samples positive for Scrub typhus IgM by ELISA.
Maharashtra,Akola,Dengue,24,0,20-04-2024,20-04-2024,Under Surveillance,Cases from Village Ujaleshwar. 3 of 9 samples positive for Dengue IgM by ELISA.
Maharashtra,Bhandara,Acute Diarrheal Disease,39,0,18-04-2024,18-04-2024,Under Surveillance,Cases from Village Ganeshpur. Loose motion and pain abdomen.
Maharashtra,Kolhapur,Hepatitis A,12,0,17-04-2024,17-04-2024,Under Surveillance,Cases from Village Valave Kh. 8 of 12 samples positive for Hepatitis A IgM. All water samples unfit. Age 8-40 years.
Maharashtra,Kolhapur,Hepatitis A,48,0,17-04-2024,17-04-2024,Under Surveillance,Cases from Village Anaje. 5 blood samples positive for Hepatitis A IgM. All water samples unfit. Age 5-48 years.
Maharashtra,Pune,Food Poisoning,59,0,20-04-2024,21-04-2024,Under Surveillance,Cases from Village Kadus. Vomitus positive for E.coli and Shigella. Water samples unfit.
Maharashtra,Raigad,Hepatitis A,11,1,19-04-2024,19-04-2024,Under Surveillance,Cases from Village Wadhav. 1 sample positive for Hepatitis A IgM. 13-year-old female expired at hospital.
Manipur,Senapati,Human Rabies,1,1,18-04-2024,18-04-2024,Under Surveillance,59-year-old female with dog bite history 6 months back. Did not take ARV. Expired on 22-04-2024.
Nagaland,Dimapur,Human Rabies,1,1,17-04-2024,18-04-2024,Under Surveillance,13-year-old female with dog bite on 10th March 2024. Did not take rabies vaccine. Expired on 17-04-2024.
Odisha,Cuttack,Acute Diarrheal Disease,26,0,14-04-2024,15-04-2024,Under Control,Cases from Village Tulasipur. After village feast. Rectal swabs and water samples negative.
Odisha,Sundargarh,Acute Diarrheal Disease,27,0,19-04-2024,20-04-2024,Under Surveillance,Cases from Village Jharbeda. Water samples fit for potable purpose.
Rajasthan,Kota,Chickenpox,15,0,13-04-2024,16-04-2024,Under Surveillance,Cases from Village Dhansuri. Fever with maculo-papulo vesicular rashes. Age 2-32 years.
Tamil Nadu,Coimbatore,Food Poisoning,9,2,15-04-2024,15-04-2024,Under Surveillance,Cases from Village Anamalai I after food in a church. 2 of 5 food samples substandard. 4 water samples unfit. Two females expired.
Telangana,Yadadri Bhuvanagiri,Food Poisoning,25,1,14-04-2024,15-04-2024,Under Control,"Cases from TSWRS Hostel, Village Bhongir. Some food samples substandard. 11-year-old boy expired."
Uttar Pradesh,Barabanki,Food Poisoning,34,0,13-04-2024,15-04-2024,Under Surveillance,Cases from Village Sadullapur. After birthday function. No deaths reported.
Uttar Pradesh,Jhansi,Measles,16,0,15-04-2024,18-04-2024,Under Surveillance,Cases from Village Dhikoli. 2 of 5 samples positive for Measles IgM. Age 3-59 years.
West Bengal,24 Paraganas North,Food Poisoning,105,0,19-04-2024,20-04-2024,Under Surveillance,Cases from Hingalganj. One rectal swab positive for vibrio cholera. Staph aureus positive in food. After Prasad in religious function.
West Bengal,Hooghly,Cholera,25,0,20-04-2024,20-04-2024,Under Surveillance,Cases from Village Pandugram. One rectal swab positive for Vibrio cholera. 2 water samples unfit.
Andhra Pradesh,Eluru,Acute Diarrheal Disease,46,0,19-02-2024,,Under Control,Cases from APTWR Boys School. 2 of 3 water samples unfit (Klebsiella spp.). (Late report)
Arunachal Pradesh,Lower Subansiri,Mumps,18,0,2024-05-04 00:00:00,,Under Surveillance,"Cases from Village Yazali. Fever, headache with swelling of parotid gland. (Late report)"
Kerala,Kollam,Mumps,13,0,2024-10-04 00:00:00,,Under Surveillance,Cases from Village Thodiyoor. Fever with throat pain. Age 4-8 years. (Late report)
Madhya Pradesh,Datia,Mumps,5,0,30-03-2024,,Under Surveillance,Cases from Village Dangra Kuwan. Blood sample negative. Age 2-30 years. (Late report)
Punjab,S.A.S Nagar,Acute Diarrheal Disease,24,0,19-03-2024,,Under Control,Cases from Madanpura Chowk. Blood and stool samples negative. Water samples fit. (Late report)
Uttar Pradesh,Mathura,Food Poisoning,37,0,2024-09-04 00:00:00,,Under Control,Cases from Sub-District Mathura. After consumption of Kuttu flour food. (Late report)
Assam,Bajali,Fever with Rash,3,0,26-04-2024,26-04-2024,Under Control,"Cases from Kaljira Para, Ratanpur. All vaccinated. Three serum samples negative for Measles. Vit A given. Age 1-25 years."
Assam,Charaideo,Food Poisoning,5,0,26-04-2024,28-04-2024,Under Control,Cases from UjankuriGaon after mushroom consumption. Age 1-30 years.
Assam,Dibrugarh,Mumps,7,0,23-04-2024,23-04-2024,Under Control,Cases from Maijan Hindu Kodomoni. 4 of 7 buccal swabs positive for Mumps by RT-PCR. Age below 15 years.
Assam,Karbi Anglong,Food Poisoning,5,0,23-04-2024,23-04-2024,Under Control,Cases from Rongkangthir Village after wild mushroom consumption. Awareness drive on wild mushroom poisoning.
Assam,Karimganj,Malaria,5,0,22-04-2024,23-04-2024,Under Control,Cases from Civil Hospital Karimganj. 1 of 5 samples positive for Malaria (P.vivax).
Assam,Sonitpur,Fever,14,0,22-04-2024,22-04-2024,Under Control,"Cases from Betguri Village. All samples negative for Malaria, Typhoid, Dengue, and Leptospirosis."
Bihar,Gopalganj,Chickenpox,5,0,23-04-2024,25-04-2024,Under Control,Cases from Village Jamunha. 3 of 5 samples positive for Varicella Zoster Virus IgM. All age groups.
Bihar,Jamui,Fever with Rash,8,0,22-04-2024,22-04-2024,Under Surveillance,Cases from CHC Khaira. Age 1-14 years. Treated symptomatically.
Bihar,Madhubani,Fever with Rash,11,0,22-04-2024,24-04-2024,Under Control,Cases from area under CHC Madhepur. Age 4-40 years. Treated symptomatically.
Bihar,Purbi Champaran,Fever with Rash,8,0,22-04-2024,25-04-2024,Under Control,"Cases from Ward 7, Village Sonwal. All samples negative for Measles. Age 6-43 years. Vitamin A given."
Gujarat,Ahmadabad,Cholera,33,0,26-04-2024,26-04-2024,Under Control,Cases from Village Danilimda. All 3 stool samples positive for Cholera. 2 of 4 water samples unfit. Age 10-14 years.
Gujarat,Ahmedabad,Food Poisoning,67,0,21-04-2024,22-04-2024,Under Control,Cases from Village Devdi after wedding dinner. Stool samples negative. Age 15-45 years.
Gujarat,Navsari,Food Poisoning,37,0,23-04-2024,24-04-2024,Under Control,Cases from Village Mohanpur after wedding ceremony. Stool samples negative. Water samples potable.
Gujarat,Panchmahals,Measles & Rubella,12,0,23-04-2024,23-04-2024,Under Surveillance,Cases from UHC Satpul. 9 positive for Anti-Measles IgM & 1 for Rubella IgM. Age 5 months to 10 years. 8 un-immunized.
Gujarat,Rajkot,Measles,8,0,22-04-2024,22-04-2024,Under Control,Cases from Jasdan UPHC. 4 of 5 serum samples positive for Anti-Measles IgM. Age 5-12 years. All un-immunized.
Gujarat,Sabar Kantha,Measles,5,0,23-04-2024,24-04-2024,Under Control,Cases from Village Balvant Pura. 3 of 5 samples positive for Anti-Measles IgM. Age 3.5-11 years. All un-immunized.
Gujarat,Surendranagar,Food Poisoning,17,0,26-04-2024,26-04-2024,Under Control,"Cases from Village Patdi after food from common place. Vomiting, nausea and diarrhea."
Haryana,Karnal,Scrub Typhus,5,0,20-04-2024,22-04-2024,Under Control,Cases from Village Bir Bhadson. 5 of 42 samples positive for Scrub Typhus IgM by ELISA.
Jammu and Kashmir,Baramulla,Hepatitis A,18,0,24-04-2024,24-04-2024,Under Control,Cases from Village Laridora. 2 of 14 samples positive for Anti-HAV IgM. Age 4-16 years.
Jharkhand,Deoghar,Measles,8,0,19-04-2024,26-04-2024,Under Surveillance,Cases from Village Rampur. 1 of 4 samples positive for Measles IgM. Age 1-34 years. Vitamin A given.
Jharkhand,Dumka,Chickenpox,5,0,22-04-2024,23-04-2024,Under Control,Cases from Village Kumah Arpara. 4 of 5 samples positive for Varicella Zoster Virus IgM. Age 7-41 years.
Jharkhand,Dumka,Chickenpox,5,0,21-04-2024,22-04-2024,Under Control,Cases from Rasikpur UPHC. All 5 samples positive for Varicella Zoster Virus IgM. Age 7-38 years.
Jharkhand,East Singhbum,Chickenpox,7,0,22-04-2024,23-04-2024,Under Control,Cases from Village Ghoshda. 2 of 3 samples positive for Varicella Zoster Virus IgM. Age 4-32 years.
Jharkhand,Jamtara,Acute Diarrheal Disease,23,0,25-04-2024,26-04-2024,Under Surveillance,Cases from Village Mohanpur. Loose stools and vomiting. Water samples sent for testing.
Jharkhand,Saraikela Kharsawan,Chickenpox,9,0,24-04-2024,25-04-2024,Under Surveillance,Cases from Village Khokhro. All 5 samples positive for Varicella Zoster Virus IgM. Age 8-32 years.
Karnataka,Chitradurga,Food Poisoning,15,0,22-04-2024,24-04-2024,Under Control,Cases from Village Kantapura. After social gathering. Water samples suitable for potable purpose.
Karnataka,Kodagu,Cholera,5,0,20-04-2024,22-04-2024,Under Control,Cases from Village Hebbale. 1 stool showed Vibrio cholera (Serotype Hikojima). After marriage function.
Karnataka,Mysuru,Acute Gastroenteritis,79,0,25-04-2024,26-04-2024,Under Control,Cases from Village Koppa. After marriage function. Stool and water samples negative.
Karnataka,Raichur,Food Poisoning,7,2,27-04-2024,28-04-2024,Under Control,Cases from Village Chicksugur. 2 samples showed Salmonella paratyphi B. 7 of 24 water samples unfit. Deaths of 7 & 9 year old females.
Karnataka,Raichur,Food Poisoning,21,0,26-04-2024,26-04-2024,Under Control,Cases from Girls Hostel Sindhanur. Both stool samples negative. Both water samples fit. Age 18-22 years.
Karnataka,Tumakuru,Food Poisoning,26,0,26-04-2024,27-04-2024,Under Control,Cases from Village Madapura. After religious occasion. All 8 water samples unfit for drinking.
Karnataka,Vijayanagar,Food Poisoning,103,0,27-04-2024,28-04-2024,Under Surveillance,Cases from Village Singrihalli. After marriage function. All stool samples negative.
Kerala,Idukki,Dengue,10,0,20-04-2024,23-04-2024,Under Surveillance,Cases from CHC Vandiperiyar. All 10 samples positive for Dengue NS1 by rapid test.
Kerala,Kannur,Hepatitis A,40,0,24-04-2024,25-04-2024,Under Surveillance,"Cases from Madrasa, Ward 13 & 14. All 4 samples positive for Anti-HAV IgM. Coliforms & E.coli in water."
Kerala,Palakkad,Acute Diarrheal Disease,12,0,26-04-2024,28-04-2024,Under Control,Cases from CHC Katampazhipuram. After marriage function. Loose stool and vomiting.
Kerala,Pathanamthitta,Hepatitis A,22,0,27-04-2024,27-04-2024,Under Surveillance,Cases from Village Pramadom. All 5 blood samples positive for Anti-HAV IgM. Coliforms in well water.
Kerala,Pathanamthitta,Acute Diarrheal Disease,24,0,25-04-2024,25-04-2024,Under Control,Cases from Village Perumpetty. After temple function. E.coli and Coliforms in water.
Kerala,Thrissur,Food Poisoning,56,0,27-04-2024,27-04-2024,Under Surveillance,Cases from Village Kaniyarkode. After social gathering. Coliforms in bore well water.
Madhya Pradesh,Burhanpur,Cholera,326,0,25-04-2024,26-04-2024,Under Control,Cases from Urban Area Burhanpur. 3 of 12 stool samples positive for Vibrio cholera. Age 1-5 years.
Madhya Pradesh,Dewas,Dengue,28,0,24-04-2024,26-04-2024,Under Surveillance,Cases from Village Jiyagaon. 11 of 28 samples positive for Dengue NS1Ag by ELISA.
Madhya Pradesh,Guna,Measles,6,0,24-04-2024,24-04-2024,Under Control,Cases from Village Barkheda Hat. 1 serum sample positive for Measles IgM. Fever with rash and cough.
Madhya Pradesh,Guna,Fever with Rash,8,0,24-04-2024,24-04-2024,Under Control,Cases from HWC Todra Block Raghogarh. Blood sample positive for Measles IgM.
Madhya Pradesh,Jhabua,Measles,4,0,22-04-2024,24-04-2024,Under Surveillance,Cases from Dhebar Badi. Below 5 years. All fully immunized. 3 of 4 samples positive for Measles IgM.
Madhya Pradesh,Khargone,Food Poisoning,61,0,22-04-2024,22-04-2024,Under Surveillance,Cases from Village Bid. After religious feast. Age 1-10 years. No growth on blood culture.
Madhya Pradesh,Mandsaur,Rubella,4,0,21-04-2024,22-04-2024,Under Control,Cases from Palasiya Village. 1 of 4 samples positive for Rubella IgM. All fully immunized. Age 7-33 years.
Madhya Pradesh,Narsinghpur,Malaria,15,0,23-04-2024,25-04-2024,Under Control,Cases from Village Gotitoriya. 2 of 15 samples positive for P.vivax on RDT.
Madhya Pradesh,Rewa,Measles,6,0,24-04-2024,28-04-2024,Under Control,Cases from Village Akoni. 1 of 6 positive for measles IgM. 90% immunized. Extra immunization session conducted.
Madhya Pradesh,Satna,Measles,52,0,25-04-2024,25-04-2024,Under Surveillance,Cases from Village Guluwa Pawaiya. 12 of 16 samples positive for Measles. Age 1-6 years. Extra immunization conducted.
Madhya Pradesh,Ujjain,Chikungunya,24,0,23-04-2024,23-04-2024,Under Surveillance,Cases from PHC Rupakhedi. 19 of 24 samples positive for Chikungunya IgM. All age groups.
Maharashtra,Chandrapur,Dengue,6,0,23-04-2024,23-04-2024,Under Control,Cases from Village Salezari. 4 of 5 samples positive for Dengue IgM. All age groups.
Maharashtra,Kolhapur,Food Poisoning,34,0,28-04-2024,28-04-2024,Under Control,"Cases from residential school, Village Kurundwad. E.coli isolated. Age 13-40 years."
Maharashtra,Nagpur,Scrub Typhus,12,1,22-04-2024,23-04-2024,Under Control,Cases from Adaka Village. 1 of 11 positive for Orientia tsutsugamushi IgM. Death of 33 year old female (Scrub Typhus positive).
Maharashtra,Nanded,Dengue,6,0,25-04-2024,26-04-2024,Under Control,Cases from Village Dhamangaon. 2 of 6 samples positive for Dengue IgM.
Maharashtra,Raigad,Dengue,8,0,19-04-2024,23-04-2024,Under Control,"Cases from Village Khopte, Dhamane, Karal. All 8 samples positive for Dengue IgM."
Maharashtra,Washim,Dengue,11,0,24-04-2024,24-04-2024,Under Control,Cases from Village Belkheda. 2 of 11 samples positive for Dengue IgM. Age 25-55 years.
Meghalaya,East Khasi Hills,Fever with Rash,63,0,20-04-2024,22-04-2024,Under Surveillance,"Cases from Village Mawjatap. 85% unvaccinated for MR. Cough, coryza, conjunctivitis. Age 5 months to 19 years."
Meghalaya,West Garo Hills,Mumps,6,0,23-04-2024,25-04-2024,Under Surveillance,Cases from Darengre PHC. Swelling of salivary glands. Age 8-32 years. All unimmunized.
Odisha,Balangir,Acute Gastroenteritis,78,0,22-04-2024,23-04-2024,Under Control,Cases from Village Uparjhar. After Ram Leela Prasad. 2 water samples H2S positive. Rectal sample showed Klebsiella & Streptococcus.
Odisha,Jharsuguda,Acute Diarrheal Disease,7,0,22-04-2024,22-04-2024,Under Control,Cases from Village Dalgaon. After Prasad in religious festival. Rectal sample showed Enterococcus species.
Odisha,Rayagada,Malaria,77,0,18-04-2024,22-04-2024,Under Control,Cases from Village Khambesi. 3 of 77 positive for Malaria (1 P.falciparum & 2 P.vivax).
Odisha,Sonepur,Acute Diarrheal Disease,15,0,26-04-2024,26-04-2024,Under Control,Cases from Village Taraikeli. After local feast. Both water samples H2S negative.
Odisha,Sonepur,Acute Diarrheal Disease,15,0,25-04-2024,25-04-2024,Under Control,Cases from Village Hatalimunda. Three water samples H2S positive.
Punjab,Hoshiarpur,Hepatitis A,66,0,25-04-2024,26-04-2024,Under Control,Cases from Village Jallowal. 6 of 28 samples positive for Hepatitis-A. 2 of 10 water samples non-potable.
Tamil Nadu,Thanjavur,Acute Diarrheal Disease,47,0,27-04-2024,27-04-2024,Under Control,"Cases from Ward 36, PHC Kumbeshwaran South. 4 water samples showed Coliform. All stool samples negative."
Tamil Nadu,Theni,Mumps,10,0,22-04-2024,25-04-2024,Under Surveillance,Cases from Village Highways. All serum & 4 throat swabs positive for Mumps IgM & PCR. Age 1-5 years.
Tamil Nadu,Villupuram,Hepatitis A,12,0,22-04-2024,22-04-2024,Under Control,"Cases from Ward 29, Villupuram. All 12 blood samples positive for Anti-HAV IgM. All water samples positive for E.coli."
Uttar Pradesh,Ambedkar Nagar,Food Poisoning,69,0,24-04-2024,25-04-2024,Under Control,"Cases from Village Atangi. After marriage ceremony. 36 male, 33 female. All age groups."
Uttar Pradesh,Lalitpur,Fever with Rash,28,0,26-04-2024,26-04-2024,Under Surveillance,Cases from Village Ikona kala. All 5 samples negative for Measles & Rubella.
Uttar Pradesh,Lucknow,Chickenpox,6,0,26-04-2024,26-04-2024,Under Control,Cases from Village Ikona. 5 of 6 samples positive for Varicella Zoster Virus IgM. Age 14-17 years.
West Bengal,24 Paraganas North,Cholera,85,0,21-04-2024,22-04-2024,Under Control,Cases from Minakhan. 1 of 6 rectal swabs positive for V.cholerae. After funeral ceremony. 1 water sample non-potable.
Bihar,Vaishali,Fever with Rash,25,0,22-03-2024,,Under Surveillance,Cases from Village Bhakurahar Sital. Age 2-10 years. Vitamin A given. (Late report)
Himachal Pradesh,Solan,Acute Diarrheal Disease,776,0,2024-11-04 00:00:00,,Under Surveillance,Cases from Parwanoo ESI Hospital. Shigella species in stool. 38 of 100 water samples showed E.coli. Contaminated river water suspected. (Late report)
Jharkhand,Bokaro,Measles,6,0,17-04-2024,,Under Surveillance,Cases from Village Damudi. 3 of 6 samples positive for Measles IgM. Age 1-12 years. Vitamin A given. (Late report)
Jharkhand,Dhanbad,Mumps,14,0,18-04-2024,,Under Surveillance,"Cases from primary school, Madanpur. Parotid gland swelling. Age below 13 years. (Late report)"
Jharkhand,Giridih,Chickenpox,40,0,26-03-2024,,Under Surveillance,Cases from Village Ranitand. 3 of 4 samples positive for Varicella Zoster Virus IgM. (Late report)
Kerala,Thrissur,Hepatitis A,32,0,2024-11-04 00:00:00,,Under Surveillance,Cases from Village Thekkumkara. All 8 samples positive for Anti-HAV IgM. 19 cases epidemiologically linked. (Late report)
Madhya Pradesh,Bhopal,Leptospirosis,1,1,18-04-2024,,Under Surveillance,Case from Bansal Hospital. Positive for Leptospirosis. Death of 87 year old female. (Late report)
Meghalaya,South West Khasi Hills,Measles,15,0,2024-02-04 00:00:00,,Under Surveillance,Cases from Ranikor CHC. 5 of 6 samples positive for Measles IgM. Age 10 months to 13 years. Special immunization campaign held. (Late report)
Maharashtra,Yavatmal,Dengue,14,0,13-04-2024,,Under Surveillance,Cases from Village Amobada. 3 of 14 samples positive for Dengue by ELISA. (Late report)
Uttar Pradesh,Ambedkar Nagar,Measles,3,0,2024-01-04 00:00:00,,Under Control,Cases from Village Mathia. 2 of 3 samples positive for Measles by RT-PCR. Age 9-13 years. (Late report)
Andhra Pradesh,Nandyal,Acute Diarrheal Disease,15,0,29-04-2024,2024-03-05 00:00:00,Under Control,Cases from Village Thudicherla. 2 of 4 water samples positive for Klebsiella.
Assam,Cachar,Acute Encephalitic Syndrome,1,1,2024-03-05 00:00:00,2024-03-05 00:00:00,Under Control,Case from Village Rongpur Pt I. Death of 11 year old female in SMCH on 03-05-2024.
Assam,Charaideo,Human Rabies,1,1,30-04-2024,2024-01-05 00:00:00,Under Surveillance,Case from Tingalibam T.G. Dog bite history 3 months prior. No ARV received. Death of 34 year old male.
Assam,Dibrugarh,Acute Diarrheal Disease,28,0,2024-01-05 00:00:00,2024-02-05 00:00:00,Under Control,Cases from Maijan TE. 3 of 12 rectal swabs positive for E.coli.
Assam,Dibrugarh,Cholera,92,2,29-04-2024,29-04-2024,Under Control,Cases from multiple Tea Estates under Lahoal BPHC. 14 of 52 samples positive for Vibrio cholera. Deaths of 22 year old male & 48 year old female.
Assam,Golaghat,Food Poisoning,10,0,2024-05-05 00:00:00,2024-05-05 00:00:00,Under Control,Cases from Borholla Shyam Gaon. After marriage ceremony. Age 16-60 years. All samples negative.
Assam,Golaghat,Food Poisoning,12,0,2024-02-05 00:00:00,2024-02-05 00:00:00,Under Control,Cases from Village Kandhulimari. After marriage ceremony. All samples negative.
Assam,Lakhimpur,Dengue,10,0,2024-04-05 00:00:00,2024-04-05 00:00:00,Under Control,Cases from Karchan Village. 1 of 3 samples positive for Dengue IgM by ELISA.
Assam,Lakhimpur,Acute Hepatitis-A,8,0,29-04-2024,29-04-2024,Under Control,Cases from Dhunaguri Khanikar village. 1 of 3 samples positive for HAV IgM. Water sample non-suitable. Age 11-20 years.
Assam,Marigaon,Acute Diarrheal Disease,6,0,2024-03-05 00:00:00,2024-04-05 00:00:00,Under Control,"Cases from Village Bhalukaguri. Water samples unfit for drinking. Fever, vomiting, loose stools."
Assam,Nagaon,Food Poisoning,47,0,2024-04-05 00:00:00,2024-04-05 00:00:00,Under Control,Cases from Village Mikirpar Uriagaon. After marriage ceremony. Water samples unfit. Age above 15 years.
Bihar,Jehanabad,Measles,6,0,23-04-2024,30-04-2024,Under Surveillance,Cases from Village Irki Arazi. 4 of 5 samples positive for Measles IgM. Age below 10 years. Vitamin A given.
Bihar,Patna,Fever with Rash,13,0,29-04-2024,30-04-2024,Under Control,Cases from Village Faridpur. 13 blood samples sent to AIIMS Patna. Age 1-30 years.
Chhattisgarh,Bilaspur,Acute Diarrheal Disease,41,0,2024-01-05 00:00:00,2024-01-05 00:00:00,Under Control,Cases from Tarbahar area. All 4 water samples showed E.coli.
Chhattisgarh,Mahasamund,Chickenpox,8,0,2024-02-05 00:00:00,2024-02-05 00:00:00,Under Control,Cases from Village Birkoni. Fever and rashes. Age 1-20 years. All clinically diagnosed. Home isolation advised.
Chhattisgarh,Raipur,Acute Diarrheal Disease,8,0,2024-01-04 00:00:00,2024-01-05 00:00:00,Under Control,Cases from Village Sontara. All water and stool samples negative for entero-pathogen.
Gujarat,Botad,Chikungunya,5,0,2024-02-05 00:00:00,2024-03-05 00:00:00,Under Control,Cases from Village Rasnal. 4 of 5 samples positive for Chikungunya IgM. Age 31-60 years.
Gujarat,Devbhumi Dwarka,Measles,7,0,29-04-2024,29-04-2024,Under Surveillance,Cases from Village Shaktinagar. 1 of 5 samples positive for Measles IgM. Age 10 months to 11 years. All vaccinated for MR-1.
Gujarat,Kheda,Acute Diarrheal Disease,41,0,29-04-2024,30-04-2024,Under Control,Cases from Village Vina. Contaminated water due to pipeline leakages suspected. Age 15-30 years.
Gujarat,Rajkot,Food Poisoning,111,0,30-04-2024,30-04-2024,Under Control,Cases from Village Gokhalana. After social gathering. Water sample potable. Age 1-42 years.
Jharkhand,East Singhbum,Chickenpox,9,0,2024-03-05 00:00:00,2024-04-05 00:00:00,Under Control,Cases from Village Bara Bangurda. All 3 samples positive for Chickenpox IgM. Age 5-48 years.
Jharkhand,Godda,Chickenpox,23,0,25-04-2024,2024-02-05 00:00:00,Under Control,Cases from Sub-District Sundarpahari. 6 blood samples sent to RIMS Ranchi. Fever with rash.
Jharkhand,Saraikela Kharsawan,Food Poisoning,87,0,2024-02-05 00:00:00,2024-02-05 00:00:00,Under Surveillance,Cases from Sub-District Kharsawan. After a party. Pain abdomen and loose stools.
Karnataka,Hassan,Acute Diarrheal Disease,31,2,2024-02-05 00:00:00,2024-03-05 00:00:00,Under Control,Cases from Village Keralapura. All stool and water samples negative. Deaths of 34 year old female & 35 year old male.
Karnataka,Ramanagara,Cholera,6,0,2024-01-05 00:00:00,2024-04-05 00:00:00,Under Control,Cases from Hanumantanadoddi. 1 of 2 samples positive for Vibrio cholera. Water samples suitable.
Karnataka,Ramanagara,Cholera,5,0,26-04-2024,30-04-2024,Under Control,Cases from Village Lakshmipura. 1 stool sample showed Vibrio cholera growth. All cases above 40 years.
Karnataka,Tumkur,Acute Diarrheal Disease,19,0,26-04-2024,29-04-2024,Under Control,Cases from Village Lingaiahnapalya. 1 blood sample showed Citrobacter species. 3 water samples unfit.
Kerala,Ernakulam,Hepatitis-A,4,0,2024-02-05 00:00:00,2024-03-05 00:00:00,Under Surveillance,Cases from PHC Avoly. All 4 samples positive for Hepatitis A IgM. Contaminated common well suspected.
Kerala,Malappuram,Dengue,3,0,2024-03-05 00:00:00,2024-04-05 00:00:00,Under Surveillance,Cases from PHC Valancheri. All 3 samples positive for Dengue IgM by ELISA.
Kerala,Palakkad,Acute Diarrheal Disease,9,0,2024-02-05 00:00:00,2024-03-05 00:00:00,Under Control,Cases from CHC Nanniyode. After death ceremony. Both stool samples negative. Coliforms in well water.
Kerala,Palakkad,Acute Diarrheal Disease,17,0,2024-01-05 00:00:00,2024-01-05 00:00:00,Under Control,Cases from PHC Thenkara. After marriage event. Both stool samples negative.
Kerala,Thrissur,West Nile Fever,1,0,27-04-2024,2024-01-05 00:00:00,Under Surveillance,72 year old female with altered sensorium. Serum and CSF positive for West Nile virus IgM by ELISA.
Kerala,Wayanad,Food Poisoning,27,0,2024-02-05 00:00:00,2024-03-05 00:00:00,Under Control,Cases from PHC Pozhuthana. After housewarming ceremony. Loose stools.
Madhya Pradesh,Agar Malwa,Dengue,5,0,27-04-2024,30-04-2024,Under Control,Cases from Village Pipalya Nankar. All 5 samples positive for Dengue NS1 by ELISA.
Madhya Pradesh,Dhar,Measles & Rubella,2,0,30-04-2024,30-04-2024,Under Surveillance,Cases from CHC Gandhwani. 1 sample positive for both Measles IgM & Rubella IgM. 10 months old female.
Madhya Pradesh,Guna,Measles,7,0,2024-01-05 00:00:00,2024-01-05 00:00:00,Under Control,"Cases from Ward 10, Beenagnaj. Not vaccinated. 1 sample positive for Measles IgM."
Madhya Pradesh,Guna,Measles,5,0,2024-01-05 00:00:00,2024-01-05 00:00:00,Under Control,Cases from Village Rasulpur. Not vaccinated. 1 sample positive for Measles IgM.
Madhya Pradesh,Harda,Dengue,5,0,25-04-2024,29-04-2024,Under Control,Cases from Pratappura Village. All 3 serum samples positive for Dengue NS1 Ag by ELISA. Fogging done.
Madhya Pradesh,Jhabua,Food Poisoning,3,1,30-04-2024,2024-02-05 00:00:00,Under Control,Cases from Village Bawadi. Dehydration and loose stools. Death of 11 year old male.
Madhya Pradesh,Mandsaur,Dengue,11,0,2024-03-05 00:00:00,2024-04-05 00:00:00,Under Control,Cases from Village Chiplana. 11 of 41 samples positive for Dengue NS1 Ag by ELISA.
Madhya Pradesh,Seoni,Leptospirosis,1,1,30-04-2024,2024-03-05 00:00:00,Under Control,Cases from Village Chirchira. Positive for Leptospirosis IgM. Death of 24 year old female at Medical College Jabalpur on 12th May 2024.
Maharashtra,Akola,Dengue,22,0,2024-03-05 00:00:00,2024-03-05 00:00:00,Under Control,Cases from SC Malsur. 6 of 24 samples positive for Dengue IgM. All negative for Malaria. Age 15-65 years.
Maharashtra,Chandrapur,Leptospirosis,7,1,2024-02-05 00:00:00,2024-02-05 00:00:00,Under Control,Cases from Village Visapur. 1 of 8 samples positive for Leptospirosis IgM. Death of 31 year old female in AIIMS Nagpur on 27.04.24.
Maharashtra,Kolhapur,Suspected Acute Hepatitis,24,0,2024-02-05 00:00:00,2024-02-05 00:00:00,Under Surveillance,Cases from SC Nigave Khalsa. All 7 serum samples negative for HAV. After fair 10-15 days ago. Pipeline leakage suspected. Age 10-60 years.
Maharashtra,Parbhani,Chikungunya,11,0,2024-01-05 00:00:00,2024-03-05 00:00:00,Under Control,Cases from Village Jamb. 7 of 11 samples positive for Chikungunya IgM. Age 10-65 years.
Maharashtra,Pune,Acute Diarrheal Disease,20,0,29-04-2024,2024-03-05 00:00:00,Under Control,Cases from Ravade Village. 1 of 2 water samples contaminated.
Maharashtra,Satara,Dengue,10,0,2024-03-05 00:00:00,2024-03-05 00:00:00,Under Control,Cases from PHC Khatav. 4 of 10 samples positive for Dengue IgM. Age 10-65 years.
Maharashtra,Thane,Acute Diarrheal Disease,53,0,2024-03-05 00:00:00,2024-03-05 00:00:00,Under Surveillance,Cases from PHC Dhasai. Both stool samples showed no growth. Age 8-20 years.
Meghalaya,East Khasi Hills,Acute Diarrheal Disease,12,0,2024-02-05 00:00:00,2024-03-05 00:00:00,Under Surveillance,Cases from Village Nongspung. E.coli isolated in stool culture. Age 3-33 years.
Meghalaya,West Garo Hills,Measles,16,0,2024-04-04 00:00:00,30-04-2024,Under Surveillance,Cases from Purakhasia PHC. 4 of 9 samples positive for Measles IgM. 9 unvaccinated for MR. Age 1.1-14 years. 63% females.
Odisha,Balangir,Acute Gastroenteritis,25,0,2024-02-05 00:00:00,2024-02-05 00:00:00,Under Control,Cases from Village Malpara. After marriage feast. Water samples H2S negative. No entero-pathogenic bacteria in rectal samples.
Odisha,Deogarh,Chickenpox,19,0,29-04-2024,29-04-2024,Under Control,Cases from Village Surangipal. Skin lesions and fever. All clinically diagnosed.
Odisha,Koraput,Fever with Rash,12,0,2024-04-05 00:00:00,2024-04-05 00:00:00,Under Control,Cases from Village Rabanaguda. All samples negative for Measles & Rubella. Age 1-32 years.
Odisha,Mayurbhanj,Acute Diarrheal Disease,20,0,30-04-2024,30-04-2024,Under Control,Cases from Village Sathilo. After death ceremony. Water and rectal samples H2S negative. No entero-pathogenic bacteria.
Odisha,Nabarangpur,Fever with Rash,13,0,27-04-2024,29-04-2024,Under Control,"Cases from Village Padalguda. Both samples negative for Measles, Rubella, Scrub Typhus, Leptospirosis."
Odisha,Nabarangpur,Fever with Rash,13,0,27-04-2024,29-04-2024,Under Control,"Cases from Ashram School, Village Digi. Vesicular and pustular rash. Samples negative. Infected individuals isolated."
Odisha,Puri,Cholera,67,1,26-04-2024,29-04-2024,Under Control,Cases from Village Puri (M). 3 rectal samples positive for Cholera O1. Water H2S positive. Death of 52 year old male on 21.04.2024.
Odisha,Sambalpur,Acute Gastroenteritis,6,0,29-04-2024,29-04-2024,Under Control,"Cases from Village Pabpali. 2 water samples OT 0.0 PPM, H2S positive."
Odisha,Sambalpur,Acute Gastroenteritis,12,0,29-04-2024,29-04-2024,Under Control,Cases from Village Basantpur. 4 water samples H2S positive. All 4 rectal swabs positive for E.coli.
Rajasthan,Sikar,Hepatitis-A,8,0,30-04-2024,2024-02-05 00:00:00,Under Control,"Cases from Ward 19, Adarsh Colony. 3 blood samples positive for Hepatitis A, 1 for Hepatitis E. 8 of 10 water samples unsatisfactory. Age 20-29 years."
Tamil Nadu,Dindigul,Measles,3,0,29-04-2024,30-04-2024,Under Control,Cases from Village Ponnagaram. All 3 serum samples positive for Measles IgM. Age 1-14 years.
Tamil Nadu,Erode,Food Poisoning,5,0,2024-02-05 00:00:00,2024-03-05 00:00:00,Under Control,Cases from Village Santhaikattu Thottam. Water sample showed coliforms. Stool samples no growth.
Tamil Nadu,Theni,Mumps,8,0,2024-02-05 00:00:00,2024-02-05 00:00:00,Under Surveillance,Cases from Village Veerapandi. 2 serum samples positive for Mumps IgM. Age 1-10 years.
Uttar Pradesh,Lucknow,Food Poisoning,18,0,29-04-2024,2024-02-05 00:00:00,Under Control,Cases from Mohalla Mehdiganj. After family function consuming laddu. Treated at Balrampur Hospital.
Uttar Pradesh,Mathura,Food Poisoning,7,0,25-04-2024,2024-02-05 00:00:00,Under Control,Cases from an Ashram. After religious gathering food. Treated at CHC Vrindavan.
West Bengal,Jalpaiguri,Malaria,112,0,20-04-2024,2024-04-05 00:00:00,Under Control,"Cases from Dhumpara PHC. 112 positive for malaria (100 P.vivax, 12 mixed). Mass survey of 4402 population."
Assam,Nalbari,Chickenpox,5,0,24-04-2024,,Under Control,Cases from Kathora Village. 3 of 4 samples positive for Chickenpox IgM. (Late report)
Gujarat,Jamnagar,Measles,7,0,19-03-2024,,Under Surveillance,Cases from Village Rabarika. 2 of 7 samples positive for Anti-Measles IgM. Age 5-30 years. (Late report)
Madhya Pradesh,Harda,Suspected Mumps,7,0,24-04-2024,,Under Control,Cases from CHC Timarni. Both serum samples negative for Mumps. Swelling of parotids gland. (Late report)
Andhra Pradesh,Anantapur,Acute Diarrheal Disease,23,0,2024-06-05 00:00:00,2024-10-05 00:00:00,Under Surveillance,"Cases from Village Nelagonda, Sub-District Guntakal. Loose stools and vomiting. Water samples found fit. RRT investigated. Symptomatic treatment given."
Andhra Pradesh,Tirupati,Acute Diarrheal Disease,25,0,2024-05-05 00:00:00,2024-10-05 00:00:00,Under Surveillance,"Cases from Village Puduru, Sub-District Naidupet. Loose stools, vomiting, pain abdomen. Water samples unfit (Klebsiella). RRT investigated. Symptomatic treatment."
Assam,Dibrugarh,Hepatitis A,15,0,2024-07-05 00:00:00,2024-07-05 00:00:00,Under Surveillance,"Cases from Village Chalakataki No.1, Sub-District Tengakhat. Yellowish discoloration of eyes/urine, loss of appetite. All blood samples positive for Hepatitis A IgM. 5 water samples unfit."
Assam,Golaghat,Food Poisoning,76,0,2024-10-05 00:00:00,2024-10-05 00:00:00,Under Surveillance,"Cases from Bokakhat Town Ward. Loose stools, vomiting, pain abdomen after marriage function. Rectal swabs negative. RRT investigated."
Assam,Hojai,Acute Diarrheal Disease,4,1,2024-06-05 00:00:00,2024-07-05 00:00:00,Under Surveillance,"Cases from Village Borhawar, Sub-District Doboka. Loose stools and fever. 2 water samples unfit. 10-year-old female expired due to severe dehydration."
Bihar,Aurangabad,Fever of Unknown Origin,10,0,2024-03-05 00:00:00,2024-06-05 00:00:00,Under Surveillance,Cases from Sub-District Daudnagar. Fever with weakness. Age group 6-20 years. Blood samples sterile on culture.
Bihar,Saran,Measles,9,0,2024-04-05 00:00:00,2024-07-05 00:00:00,Under Surveillance,"Cases from Village Dhanauti, Sub-District Panapur. Fever with rash. Age group 2-29 years. 1 sample positive for Measles IgM, 1 for Rubella. Vitamin A given."
Chhattisgarh,Baloda Bazar,Acute Diarrheal Disease,26,0,2024-06-05 00:00:00,2024-06-05 00:00:00,Under Control,"Cases from Village Saloni. Loose stools, vomiting, pain abdomen. 1 water sample unfit (E.Coli). RRT investigated."
Chhattisgarh,Kabirdham,Acute Diarrheal Disease,67,0,2024-10-05 00:00:00,2024-10-05 00:00:00,Under Surveillance,"Cases from Village Koylari, Sub-District Sahaspur Lohara. Loose stools and vomiting. 2 water samples unfit (coliform)."
Chhattisgarh,Mahasamund,Cholera,62,0,2024-08-05 00:00:00,2024-09-05 00:00:00,Under Surveillance,Cases from Village Mudhena. Loose stools and vomiting. Stool sample showed Vibrio cholera. 2 water samples unfit (Vibrio cholera detected).
Chhattisgarh,Rajnandgaon,Measles,22,0,30-04-2024,2024-10-05 00:00:00,Under Surveillance,"Cases from Village Musara Kalan, Sub-District Dongargarh. Fever with rash. Age group below 10 years. 2 samples positive for Measles IgM. Vitamin A given."
Chhattisgarh,Sakti,Food Poisoning,107,0,2024-01-05 00:00:00,2024-06-05 00:00:00,Under Control,"Cases from Village Domanpur, Sub-District Dabhra. Loose motion and vomiting after food at public gathering."
Chhattisgarh,Surajpur,Acute Diarrheal Disease,14,0,2024-05-05 00:00:00,2024-08-05 00:00:00,Under Control,"Cases from Village Kewara, Sub-District Bhaiyathan. Loose stools, vomiting after food at marriage function. Water sample fit."
Gujarat,Junagadh,Food Poisoning,127,0,2024-11-05 00:00:00,2024-12-05 00:00:00,Under Control,Cases from Village Mendarda. Loose stools and vomiting after food at marriage function.
Gujarat,Surendranagar,Food Poisoning,38,0,2024-12-05 00:00:00,2024-12-05 00:00:00,Under Control,"Cases from Village Rojasar, Sub-District Limbdi. Loose stools and vomiting after food at marriage function."
Himachal Pradesh,Mandi,Acute Diarrheal Disease,45,0,2024-08-05 00:00:00,2024-08-05 00:00:00,Under Surveillance,"Cases from Maddhar and Kotmorse Villages. Loose stools. Stool sample negative, water samples fit. RRT investigated."
Jammu and Kashmir,Baramulla,Mumps,13,0,2024-10-05 00:00:00,2024-10-05 00:00:00,Under Surveillance,"Cases from Govt. Boys Middle School, Wari Pora. Fever and parotid gland swelling. Age group 5-10 years. All samples positive for Mumps IgM."
Jammu and Kashmir,Ganderbal,Hepatitis A,25,0,2024-08-05 00:00:00,2024-09-05 00:00:00,Under Surveillance,"Cases from Village Chunt Valiwar. Fever, fatigue, yellowish discoloration. Age group 5-16 years. 6 blood samples positive for Hepatitis A IgM. Water unfit."
Jammu and Kashmir,Kupwara,Human Rabies,1,1,2024-01-05 00:00:00,2024-11-05 00:00:00,Under Surveillance,"40-year-old male with fever, hydrophobia, aerophobia. Dog bite on 01-04-2024. Did not receive RIG. Expired on 01-05-2024."
Jharkhand,Dumka,Chickenpox,36,0,2024-04-05 00:00:00,2024-06-05 00:00:00,Under Surveillance,Cases from PGT Primary Residential School. Fever with rashes. Age group 1-12 years. 4 samples positive for Varicella Zoster IgM.
Jharkhand,East Singhbum,Chickenpox,7,0,2024-08-05 00:00:00,2024-09-05 00:00:00,Under Surveillance,Cases from Village Turamdih. Fever with rashes. Age group 6-45 years. All samples positive for Varicella Zoster IgM.
Karnataka,Ramanagara,Food Poisoning,111,0,2024-10-05 00:00:00,2024-11-05 00:00:00,Under Surveillance,Cases from Village Kannamagaladodi. Loose stools and vomiting after house warming function. Water samples suitable.
Karnataka,Ramanagara,Food Poisoning,135,0,2024-06-05 00:00:00,2024-06-05 00:00:00,Under Surveillance,"Cases from Village Mangipalya, Sub-District Magadi. Loose stools and vomiting after marriage function. Water samples suitable."
Kerala,Kollam,Food Poisoning,15,0,2024-09-05 00:00:00,2024-09-05 00:00:00,Under Surveillance,"Cases from Village Poruvazhy, Sub-District Kunnathur. Loose stools and vomiting after marriage ceremony. Water unfit (E.coli and coliforms)."
Kerala,Thiruvananthapuram,Food Poisoning,130,0,2024-08-05 00:00:00,2024-08-05 00:00:00,Under Surveillance,Cases from Village Kuttimoodu. Loose stools and vomiting after religious function. Water unfit (Coliforms).
Kerala,Thrissur,West Nile Fever,2,1,2024-03-05 00:00:00,2024-08-05 00:00:00,Under Surveillance,"Cases from Village Vadanappally, Sub-District Chavakkad. Fever with body ache. 2 samples positive for West Nile Virus IgM. 79-year-old male expired on 03-05-2024."
Madhya Pradesh,Dewas,Dengue,27,0,2024-03-05 00:00:00,2024-07-05 00:00:00,Under Surveillance,Cases from Village Madhopurkheda. Fever. 7 samples positive for Dengue NS1 antigen.
Maharashtra,Ahmednagar,Chikungunya,11,0,2024-09-05 00:00:00,2024-09-05 00:00:00,Under Surveillance,Cases from Village Jeur. Fever with weakness. 7 samples positive for Chikungunya IgM by RDT.
Manipur,Imphal West,Human Rabies,1,1,2024-06-05 00:00:00,2024-08-05 00:00:00,Under Surveillance,"68-year-old female with headache, vomiting, fever, localized weakness. Cat bite 1.5 months back. Did not take ARV. Expired on 06-05-2024."
Punjab,Gurdaspur,Chickenpox,54,0,2024-08-05 00:00:00,2024-09-05 00:00:00,Under Surveillance,"Cases from Holy Family Convent School, Village Dheerowal. Fever with rash. Age group 3-16 years."
Punjab,Pathankot,Mumps,6,0,2024-04-05 00:00:00,2024-06-05 00:00:00,Under Surveillance,"Cases from Village Kanwan. Fever, difficulty in swallowing. All samples positive for Mumps IgM."
Tamil Nadu,Cuddalore,Food Poisoning,49,1,2024-06-05 00:00:00,2024-07-05 00:00:00,Under Surveillance,"Cases from Village Puliyar, Sub-District Kurinjipadi. Loose stools, vomiting, abdominal pain after marriage function. Stool showed Yersinia Enterocolitica. Water unfit."
Tamil Nadu,Kanniyakumari,Acute Diarrheal Disease,21,0,2024-06-05 00:00:00,2024-07-05 00:00:00,Under Control,Cases from Village Thadikaranakonam. Loose stools with high grade fever after food from church. 6 stool samples showed Salmonella typhimurium.
Uttar Pradesh,Ghaziabad,Acute Diarrheal Disease,876,0,2024-01-05 00:00:00,2024-06-05 00:00:00,Under Surveillance,"Cases from Saya Gold Society, Indirapuram. Loose stools, vomiting, pain abdomen. 1 blood sample positive for Hepatitis E IgM. 15 water samples unfit. Pipeline leakage noticed."
Uttar Pradesh,Jalaun,Fever with Rash,11,0,2024-04-05 00:00:00,2024-09-05 00:00:00,Under Surveillance,"Cases from Village Jaisari Kalan, CHC Dakor. Fever with rash. Age group 0-10 years. All 3 samples negative for Measles IgM. Vitamin A given."
West Bengal,Purba Bardhaman,Acute Diarrheal Disease,17,0,2024-08-05 00:00:00,2024-09-05 00:00:00,Under Surveillance,"Cases from Village Potanoi, Sub-District Kalna-II. Loose stools. RRT investigated."
West Bengal,Purba Bardhaman,Food Poisoning,14,0,2024-06-05 00:00:00,2024-06-05 00:00:00,Under Control,"Cases from Village Usha, Sub-District Bhatar. Loose stools and vomiting after religious ceremony."
West Bengal,Purulia,Acute Diarrheal Disease,17,0,2024-07-05 00:00:00,2024-07-05 00:00:00,Under Control,"Cases from Village Gurda, Sub-District Hura. Loose stools. 2 water samples unfit. RRT investigated."
Assam,Lakhimpur,Measles,4,0,2024-12-04 00:00:00,,Under Surveillance,Cases from Village Khamanmukh. Fever with rash. Age group 1-10 years. 1 sample positive for Measles IgM. Vitamin A given. [Late report]
Bihar,Pashchim Champaran,Measles,6,0,22-04-2024,,Under Surveillance,Cases from Village Gondauli. Fever with rash. Age group 1-5 years. 3 samples positive for Measles IgM. Vitamin A given. [Late report]
Maharashtra,Wardha,Dengue,9,0,27-04-2024,,Under Surveillance,"Cases from Sub-District Wardha, PHC Anji. Fever. 2 samples positive for Dengue IgM. [Late report]"
Manipur,Imphal West,Human Rabies,1,1,29-04-2024,,Under Surveillance,"17-year-old male with difficulty breathing, hydrophobia, aerophobia. Dog bite history 1.5 months back. Expired on 4th May 2024. [Late report]"
Manipur,Thoubal,Leptospirosis,33,0,29-04-2024,,Under Surveillance,Cases from Tentha Khongbal. Fever with chills and cough. 16 samples positive for Leptospirosis IgM. [Late report]
Uttar Pradesh,Pilibhit,Malaria,166,0,23-04-2024,,Under Surveillance,Cases from multiple villages in Block Bilsanda. Fever with body ache. 166 blood samples positive for Plasmodium Vivax by RDT. [Late report]
Arunachal Pradesh,Papum Pare,Measles,5,0,13-05-2024,13-05-2024,Under Surveillance,"Cases from UPHC Karsingsa, Village Gohpur. Fever with rash. Age group 6-9 years. 2 samples positive for Measles IgM. Vitamin A given."
Arunachal Pradesh,Tawang,Measles,4,0,18-05-2024,18-05-2024,Under Control,"Cases from CHC Jang, Village Luguthang. Fever with rash. All cases unvaccinated. 2 samples positive for Measles IgM. Vitamin A given."
Assam,Bajali,Fever,15,0,18-05-2024,18-05-2024,Under Control,"Cases from Nityananda BPHC, Dolar Pathar. Fever. All 15 blood samples negative for Malaria. RRT investigated."
Assam,Biswanath,Chickenpox,10,0,15-05-2024,15-05-2024,Under Control,"Cases from Dakhinbhirgaon. Fever, body ache and blister-like rash. Age group 7-30 years. RRT investigated."
Assam,Bongaigaon,Animal Bite - Dog Bite,1,1,17-05-2024,17-05-2024,Under Control,"Case from Bhawlaguri UHC. Hydrophobia, confusion, malaise. Did not receive ARV & ARS. 40-year-old female expired on 18/05/2024."
Assam,Charaideo,Human Rabies,1,1,16-05-2024,16-05-2024,Under Surveillance,"Case from Village Chola Pothar Gaon, Sub-District Sonari. Hydrophobia. Did not receive post exposure prophylaxis. 8-year-old male expired."
Assam,Charaideo,Mushroom Poisoning,14,0,14-05-2024,14-05-2024,Under Surveillance,Cases from Borhat TE Hospital. Diarrhea and vomiting after consumption of mushroom. Age group 30-50 years. IEC and food safety education given.
Assam,Dhemaji,Acute Diarrheal Disease,15,0,2024-12-05 00:00:00,13-05-2024,Under Control,"Cases from Panabari, Bishnupur. Loose motion, vomiting, GI pain. Stool sample showed E.coli and Klebsiella. RRT investigated."
Assam,Dhubri,Chickenpox,21,0,17-05-2024,17-05-2024,Under Surveillance,"Cases from Golakganj PHC, Village Lakhimari Pt III. Fever with rash. Age group 4-17 years. 3 samples positive for Chickenpox IgM."
Assam,Dibrugarh,Hepatitis A,9,0,13-05-2024,14-05-2024,Under Surveillance,"Cases from 1 No. Duliagaon, Duliajan. Yellowish discoloration of urine and eyes. 6 blood samples positive for Hepatitis A. 7 water samples unsatisfactory."
Assam,Jorhat,Dengue,1,1,18-05-2024,18-05-2024,Under Control,"Case from Thengalbari. Fever, distension of abdomen. Positive for Dengue NS1. 35-year-old male expired on 28/05/2024 due to Dengue with chronic liver disease."
Assam,Jorhat,Japanese Encephalitis,1,1,15-05-2024,15-05-2024,Under Control,"Case from Gotonga TE. Fever, headache, joint and muscle pain. Serum and CSF positive for JE IgM. 18-year-old female expired on 15/05/2024 at JMCH."
Assam,Kokrajhar,Acute Encephalitic Syndrome,1,1,15-05-2024,16-05-2024,Under Surveillance,Case from Fuljhora Village. Fever and convulsion. CSF and blood negative for JE and Malaria. 5-year-old female expired on 16/05/24.
Assam,Marigaon,Chickenpox,5,0,16-05-2024,17-05-2024,Under Surveillance,Cases from school in Sonaruguri Village. Fever with vesicular rash. 2 samples positive for Chickenpox IgM.
Assam,Sonitpur,Acute Diarrheal Disease,14,0,17-05-2024,18-05-2024,Under Control,Cases from girls hostel in Garubandha. Loose motions and abdominal pain. Age group 14-16 years. All samples negative for entero-pathogen.
Assam,South Salmara Mancachar,Malaria,7,1,17-05-2024,17-05-2024,Under Surveillance,"Cases from District Hospital, Hatsingimari. Fever, body ache, jaundice. 2 positive for malaria (PF and PF+PV). 18-year-old male expired at GMCH."
Bihar,Katihar,Chickenpox,13,0,2024-11-05 00:00:00,14-05-2024,Under Surveillance,Cases from Village Gumti Tola Gorphar. Fever with rash. Age group 5-13 years. RRT investigated.
Chhattisgarh,Baloda Bazar,Acute Diarrheal Disease,31,0,13-05-2024,14-05-2024,Under Control,Cases from Village Karmada. Loose motion and vomiting. 1 water sample positive for E.coli.
Chhattisgarh,Durg,Acute Diarrheal Disease,56,0,15-05-2024,15-05-2024,Under Control,Cases from Village Bodegaon. Loose motion and vomiting. E.coli contamination in 1 water sample. Damaged pipeline repaired.
Chhattisgarh,Kabirdham,Acute Diarrheal Disease,80,0,15-05-2024,15-05-2024,Under Surveillance,Cases from Village Daihandeeh. Loose motion and vomiting. 2 water samples non-potable. Chlorination done.
Chhattisgarh,Rajnandgaon,Hepatitis E,11,0,2024-11-05 00:00:00,14-05-2024,Under Control,Cases from Village Khujji. Jaundice. 2 samples positive for Hepatitis E IgM. Chlorination done.
Chhattisgarh,Rajnandgaon,Food Poisoning,14,0,16-05-2024,16-05-2024,Under Control,Cases from Village Bijepar. Loose motion and vomiting after consumption of food in a public feast.
Gujarat,Amreli,Typhoid,4,0,15-05-2024,16-05-2024,Under Control,"Cases from CHC Jafarabad, Village Vadli. Fever. All 4 blood samples positive on Widal test."
Gujarat,Gandhinagar,Hepatitis A,29,0,17-05-2024,17-05-2024,Under Surveillance,"Cases from Sector 24 UPHC. Diarrhea, jaundice and vomiting. Age group 1-20 years. All 11 samples positive for Hepatitis A."
Gujarat,Gir Somnath,Food Poisoning,26,0,2024-12-05 00:00:00,13-05-2024,Under Surveillance,"Cases from Village Tulsishyam. Nausea, vomiting, abdominal pain after attending religious ceremony in temple. Age group 3-40 years."
Gujarat,Kheda,Acute Diarrheal Disease,58,0,2024-12-05 00:00:00,13-05-2024,Under Control,Cases from UHC Haridas. Diarrhea and vomiting due to contaminated water. Age group 15-30 years.
Gujarat,Morbi,Chikungunya,7,0,13-05-2024,18-05-2024,Under Control,Cases from Khakhrechi. Headache and joint pain. Age group 20-45 years. 2 samples positive for Chikungunya IgM.
Haryana,Fatehabad,Chickenpox,37,0,18-05-2024,17-05-2024,Under Surveillance,Cases from Village Baijalpur. Fever with rash. Age group 8 months to 36 years. Isolation of cases done.
Himachal Pradesh,Kangra,Hepatitis A,59,0,14-05-2024,15-05-2024,Under Control,"Cases from CH Baijnath, Village Baijnath. Fever, vomiting, jaundice. Age group 8-20 years. 3 samples positive for Anti-HAV IgM. Water samples unfit."
Jammu and Kashmir,Rajauri,Acute Diarrheal Disease,51,0,17-05-2024,18-05-2024,Under Control,"Cases from CHC Sunderbani. Vomiting, loose stools, fever. All 51 blood samples negative for typhoid. Water samples suitable."
Jharkhand,Chatra,Acute Diarrheal Disease,16,0,17-05-2024,18-05-2024,Under Surveillance,"Cases from police camp at school in Mayurhand. Loose motion, pain abdomen, vomiting."
Jharkhand,East Singhbum,Malaria,38,0,14-05-2024,14-05-2024,Under Surveillance,Cases from Village Saharjuri. Fever and weakness. All 38 samples positive for Malaria (Plasmodium falciparum) by RDT.
Jharkhand,Hazaribagh,Fever with Rash,6,0,14-05-2024,14-05-2024,Under Control,Cases from Village Rabodh. Fever with rash. Age group 3-12 years. All 6 samples negative for Measles IgM. Vitamin A given.
Karnataka,Chitradurga,Food Poisoning,43,0,2024-10-05 00:00:00,14-05-2024,Under Control,"Cases from Village Kalgere. Pain abdomen, mild fever, loose stools, vomiting after dinner on 9/5/24. 2 water samples unfit."
Karnataka,Mysuru,Cholera,225,0,13-05-2024,13-05-2024,Under Control,"Cases from CHC Tagadur N-Gud, Village Thagadooru. Diarrhea. 3 stool samples positive for Vibrio cholera. 4 water samples non-potable."
Karnataka,Mysuru,Acute Gastroenteritis,33,0,2024-12-05 00:00:00,13-05-2024,Under Control,"Cases from PHC Nerala Kuppe, Village Kademanuganahalli. Diarrhea. 10 water samples found non-potable."
Karnataka,Ramanagara,Acute Diarrheal Disease,36,0,2024-11-05 00:00:00,14-05-2024,Under Control,Cases from Village Vaderahalli. Diarrhea and vomiting after housewarming ceremony on 10/05/2024.
Karnataka,Tumakuru,Acute Diarrheal Disease,29,0,2024-11-05 00:00:00,13-05-2024,Under Control,Cases from old age home in Village Kyathasandra. Pain abdomen and loose stools after food on 11/5/2024. Age group 20+ years. 4 of 5 water samples unfit.
Karnataka,Udupi,Acute Diarrheal Disease,20,0,17-05-2024,18-05-2024,Under Control,"Cases from Ladies Hostel, Urban Health Centre Manipal. Loose motion. Age group 18-22 years. 1 water sample NSPP."
Kerala,Idukki,Dengue,25,0,2024-09-05 00:00:00,18-05-2024,Under Surveillance,Cases from CHC Vandiperiyar. Fever. 2 samples positive for Dengue IgM.
Kerala,Kozhikode,Hepatitis A,17,0,18-05-2024,18-05-2024,Under Surveillance,"Cases from FHC Atholy. Fever, abdominal pain, vomiting after death anniversary function on 10/04/2024. Age group 11-20 years. 2 samples positive for Anti-HAV IgM."
Kerala,Malappuram,Acute Encephalitic Syndrome,4,1,17-05-2024,18-05-2024,Under Surveillance,"Cases from FHC Moonniyur. High grade fever, altered sensorium, headache, vomiting. CSF showed amoeba on wet mount. 5-year-old girl expired."
Kerala,Palakkad,Hepatitis A,40,0,15-05-2024,15-05-2024,Under Surveillance,"Cases from Ward 13, Pazhancherry, PHC Ongalur. Fever, vomiting, jaundice. All 4 blood samples positive for Anti-HAV IgM."
Kerala,Thrissur,West Nile Fever,1,0,14-05-2024,16-05-2024,Under Surveillance,"Cases from Ward 29, FHC Methala. Tiredness and loss of consciousness. CSF and serum positive for West Nile Fever IgM."
Madhya Pradesh,Alirajpur,Acute Diarrheal Disease,5,0,15-05-2024,15-05-2024,Under Control,"Cases from DH Alirajpur, Village Akola. Vomiting, abdominal pain, nausea. Age group 17-46 years."
Madhya Pradesh,Sehore,Dengue,8,0,17-05-2024,17-05-2024,Under Surveillance,"Cases from CH Nasrullganj, Village Chhidgaonmouji. Fever. 1 sample positive for Dengue IgM."
Madhya Pradesh,Umaria,Leptospirosis,5,0,2024-11-05 00:00:00,14-05-2024,Under Surveillance,Cases from Village Pathari. Fever. 1 sample positive for Leptospirosis IgM.
Maharashtra,Kolhapur,Acute Diarrheal Disease,103,0,18-05-2024,18-05-2024,Under Control,"Cases from SC Nandwade, PHC Here. Loose motion and pain abdomen. All age groups affected. No growth on stool culture."
Maharashtra,Nanded,Dengue,7,0,16-05-2024,17-05-2024,Under Control,Cases from Village Shirad. Fever. 2 samples positive for Dengue IgM.
Maharashtra,Nanded,Food Poisoning,30,0,16-05-2024,16-05-2024,Under Control,"Cases from Village Lalwandi. Abdominal pain, vomiting, loose motions after religious gathering. Food samples contaminated with Staphylococcus."
Maharashtra,Raigad,Dengue,24,0,17-05-2024,18-05-2024,Under Surveillance,"Cases from Village Jite. Fever, weakness. 4 samples positive for Dengue NS1."
Maharashtra,Satara,Dengue,16,0,17-05-2024,17-05-2024,Under Surveillance,"Cases from Village Kinhayi. Fever, body ache, weakness. 2 samples positive for Dengue IgM."
Maharashtra,Washim,Dengue,6,0,16-05-2024,16-05-2024,Under Control,"Cases from Kajaleshwar, PHC Poha. Fever. Age group 1-15 years. 1 sample positive for Dengue IgM."
Meghalaya,East Khasi Hills,Mushroom Poisoning,5,1,16-05-2024,17-05-2024,Under Surveillance,"Cases from Jatah PHC, Village Jatah Lakadong. Nausea, vomiting, loose stool, abdominal pain after mushroom consumption. 26-year-old male expired on 17th June 2024."
Nagaland,Peren,Acute Diarrheal Disease,12,1,13-05-2024,13-05-2024,Under Control,Cases from New Chalkot Village. Loose watery stool. All age groups. 80-year-old female with diabetes mellitus expired.
Odisha,Bargarh,Food Poisoning,34,0,13-05-2024,14-05-2024,Under Control,Cases from Village Harasankri. Loose motion and vomiting after marriage ceremony. No growth on rectal samples.
Odisha,Ganjam,Acute Diarrheal Disease,20,0,15-05-2024,17-05-2024,Under Control,"Cases from CHC Sumandala, Village Mundula. Loose motion and vomiting. All age groups. No growth on rectal samples."
Odisha,Jharsuguda,Food Poisoning,14,0,17-05-2024,18-05-2024,Under Control,Cases from Village Hirma. Loose motion and vomiting after food from common place. Age group 25-40 years.
Odisha,Puri,Food Poisoning,23,0,15-05-2024,16-05-2024,Under Control,Cases from CHC Sakhigopal. Loose motion and vomiting after religious ceremony. Growth of Enterococcus and E.coli in samples.
Odisha,Sambalpur,Food Poisoning,19,0,16-05-2024,16-05-2024,Under Surveillance,"Cases from PHC Dhama, Village Chachanpali. Loose motion and vomiting after feast."
Uttar Pradesh,Chandauli,Chickenpox,9,0,2024-10-05 00:00:00,14-05-2024,Under Surveillance,Cases from Village/PHC Parahupur. Fever with rash. Age group 3-35 years. All 3 samples positive for Varicella Zoster virus IgM.
Uttar Pradesh,Gonda,Fever with Rash,8,0,2024-12-05 00:00:00,14-05-2024,Under Control,"Cases from Village Mada, CHC Chhapiya. Fever with rash. Age group 4-35 years. All 3 samples negative for Measles IgM."
West Bengal,Birbhum,Acute Diarrheal Disease,102,0,16-05-2024,17-05-2024,Under Control,"Cases from Nakrakonda BPHC, Village Barra. Loose motion and vomiting after religious ceremony. No growth on rectal swabs."
Assam,Kamrup,Acute Hepatitis B,6,0,2024-08-05 00:00:00,,Under Surveillance,"Cases from Village Bongaon, Rangia. HBV DNA detected in all 6 samples by PCR. Possibly genetic. Asymptomatic cases. [Late report]"
Bihar,Jehanabad,Measles,3,0,24-04-2024,,Under Surveillance,Cases from Village Naugarh. Fever with rash. Age group 2-4 years. 1 sample positive for Measles IgM. Vitamin A given. [Late report]
Gujarat,Kheda,Acute Diarrheal Disease,151,0,19-04-2024,,Under Control,Cases from UHC Lady of Pillar. Diarrhea and vomiting due to contaminated water. [Late report]
Maharashtra,Mumbai Suburban,Food Poisoning,17,1,2024-08-05 00:00:00,,Under Control,"Cases from Maharashtra Nagar Dispensary, Mankhurd. Loose motion, vomiting, fever after food from common place. 19-year-old male expired on 7th May 2024. [Late report]"
Uttar Pradesh,Jaunpur,Measles,6,0,2024-10-04 00:00:00,,Under Surveillance,Cases from Village Harakhpur. Fever with rash. Age group 6 months to 38 years. All vaccinated. 2 samples positive for Measles IgM. [Late report]
Uttar Pradesh,Jaunpur,Rubella,4,0,2024-02-04 00:00:00,,Under Surveillance,Cases from Village Gopalpur. Fever with rash. Age group 5 months to 25 years. 1 sample positive for Rubella IgM. [Late report]
Andhra Pradesh,Sri Sathya Sai,Suspected Food Poisoning,15,0,2026-01-01 00:00:00,2026-02-01 00:00:00,Under Surveillance,"Cases of loose motion, vomiting and abdominal pain. Students of Rural Self Employment Training Institute fell ill after consuming cake during new year celebration. All cases recovered. Community awareness given on safe food habits, hygiene and sanitation."
Andhra Pradesh,Sri Sathya Sai,Suspected Food Poisoning,17,0,2026-01-01 00:00:00,2026-02-01 00:00:00,Under Surveillance,"Cases of loose motion, vomiting and abdominal pain. Cases fell ill after consuming food distributed during New Year celebration. All cases treated at Sri Sathya Sai General Hospital. Community awareness given on safe food habits."
Assam,Jorhat,Suspected Food Poisoning,13,0,2026-04-01 00:00:00,2026-04-01 00:00:00,Under Surveillance,"Cases of nausea, vomiting and abdominal pain. Cases fell ill after consuming food at a birthday party. Age group 3-12 years. Community awareness on safe food habits, hygiene and sanitation."
Chhattisgarh,Balod,Chickenpox,8,0,2026-01-01 00:00:00,2026-01-01 00:00:00,Under Surveillance,"Cases of fever with rash from Village Akalwara. Age group 3-8 years. Cases treated symptomatically. Community awareness on isolation of cases, hygiene maintenance and proper nutrition."
Gujarat,Anand,Suspected Food Poisoning,11,0,2026-01-01 00:00:00,2026-01-01 00:00:00,Under Control,Cases fell ill after eating cabbage vegetable. Age group 15-44 years. Community awareness on safe drinking water and food habits.
Gujarat,Arvalli,Crimean-Congo Haemorrhagic Fever,1,1,30-12-2025,2026-01-01 00:00:00,Under Surveillance,"47-year-old male died. Tested positive for Nairo virus at NIV Pune. Tick eradication done. Alphacypermathrin spray on animals. 6 close contacts identified, all asymptomatic."
Gujarat,Banas Kantha,Measles,37,0,29-12-2025,29-12-2025,Under Surveillance,"Cases of fever with rash from multiple villages. Age group 9 months to 20 years. 9 out of 37 samples tested positive for Measles (IgM ELISA). Community awareness on isolation, hygiene and nutrition."
Gujarat,Gandhinagar,Acute Diarrhoeal Disease,29,0,2026-02-01 00:00:00,2026-04-01 00:00:00,Under Surveillance,Cases of loose watery stools. Age group 2-78 years. Pipeline leakages repaired. Chlorination of water sources done. Community awareness on safe drinking water.
Gujarat,Gandhinagar,Suspected Typhoid,189,0,29-12-2025,31-12-2025,Under Surveillance,"Cases of nausea, abdominal pain and fever. 189 out of 202 blood samples positive for S. typhi by Widal. 38 of 180 water samples non-potable. Chlorine tablets distributed. Community awareness given."
Gujarat,Narmada,Acute Diarrhoeal Disease,16,0,2026-03-01 00:00:00,2026-03-01 00:00:00,Under Surveillance,Cases of loose motion and vomiting. Age group 1-60 years. All 16 water samples negative for residual chlorine. Chlorine tablets distributed. Community awareness given.
Kerala,Ernakulam,Acute Gastroenteritis,19,0,31-12-2025,31-12-2025,Under Surveillance,"NSS camp students (age 16) developed vomiting, abdominal pain and nausea after consuming food. Super chlorination of well done. Community awareness on safe food and drinking water habits."
Kerala,Ernakulam,Acute Gastroenteritis,28,3,30-12-2025,31-12-2025,Under Surveillance,"Cases at Love Home Women Rehabilitation Center. 3 deaths reported (43F, 51F, 43F). Probable cause: contaminated beef. Chlorination done. Community awareness on safe drinking water and food habits."
Kerala,Palakkad,Acute Gastroenteritis,11,0,30-12-2025,2026-02-01 00:00:00,Under Surveillance,NSS camp students aged 15-17 developed symptoms after consuming food from private caterer. Chlorination of well done. Community awareness given.
Kerala,Thrissur,Suspected Food Poisoning,44,0,2026-01-01 00:00:00,2026-01-01 00:00:00,Under Surveillance,"44 of ~60 attendees at new year celebration fell ill 4-5 hours after consuming porotta, chapathi, and chicken curry. Age group 5-76 years. All recovered. Community awareness given."
Kerala,Thrissur,Dengue,19,0,2026-01-01 00:00:00,2026-01-01 00:00:00,Under Surveillance,Cases of fever with myalgia and fatigue. Age group 14-80 years. 5 of 19 samples positive for Dengue (NS1 Ag ELISA). Anti-larval activities and fogging done. Community awareness on vector control.
Madhya Pradesh,Indore,Acute Diarrhoeal Disease,227,0,29-12-2025,29-12-2025,Under Surveillance,Cases of loose motion and vomiting. 4 stool samples positive for V. cholerae. Pipeline leakages repaired. Chlorine tablets distributed. Medical camp established. Community awareness given.
Madhya Pradesh,Rajgarh,Acute Gastroenteritis,13,0,30-12-2025,30-12-2025,Under Surveillance,"Cases of nausea, vomiting and abdominal pain after consuming food at a religious gathering. Age group 6-25 years. No sample collected. Community awareness on safe food habits."
Madhya Pradesh,Ujjain,Fever,11,0,29-12-2025,2026-01-01 00:00:00,Under Surveillance,Cases of fever with joint pain. Age group 31-75 years. 11 serum samples tested negative for Chikungunya. Anti-larval activities and fogging done. Community awareness on vector control.
Maharashtra,Jalgaon,Suspected Food Poisoning,173,0,31-12-2025,31-12-2025,Under Surveillance,"Railway employees developed symptoms after eating food during training. Age group 23-58 years. All recovered. Community awareness on safe food habits, hygiene and sanitation."
Maharashtra,Parbhani,Measles,6,0,31-12-2025,2026-02-01 00:00:00,Under Surveillance,"Cases of fever with rash. Age group 3-7 years. 3 of 6 samples positive for Measles (IgM ELISA). Vitamin A solution given. Community awareness on isolation, hygiene and nutrition."
Odisha,Kalahandi,Suspected Food Poisoning,16,0,31-12-2025,31-12-2025,Under Control,"Cases fell ill after eating rice, dal, chicken and dahi baigan. Age group 6-64 years. 4 rectal swabs negative for cholera. Community awareness on safe food habits."
Odisha,Kendrapara,Suspected Food Poisoning,17,0,2026-02-01 00:00:00,2026-02-01 00:00:00,Under Surveillance,"Cases fell ill after consuming food at a community gathering. 1 water sample potable. Community awareness on safe food habits, hygiene and sanitation."
Odisha,Khordha,Hepatitis A,63,0,2026-04-01 00:00:00,2026-04-01 00:00:00,Under Surveillance,Cases of fever with yellowish discoloration of sclera. 5 of 20 samples positive for Hepatitis A (IgM ELISA). Chlorination done. Overhead tanks cleaned. Community awareness given.
Tamil Nadu,Coimbatore,Chickenpox,26,0,31-12-2025,31-12-2025,Under Surveillance,Cases from GCT college Ladies Hostel. Majority above 14 years. All treated with T. Acyclovir and symptomatic treatment. Home isolation advised. Community awareness on hygiene.
Tamil Nadu,Thiruvallur,Acute Diarrhoeal Disease,41,0,26-12-2025,29-12-2025,Under Surveillance,Cases of loose motion. Age group 5-83 years. 4 water samples bacteriologically unsatisfactory due to faecal coliform. Chlorination done. Community awareness on safe drinking water.
Tamil Nadu,Tiruchirappalli,Suspected Food Poisoning,41,0,31-12-2025,31-12-2025,Under Surveillance,Cases from YWCA Hostel after eating at hostel mess. Age group 6-83 years. 1 stool sample negative for cholera. Community awareness on safe food habits.
West Bengal,Jhargram,Fever with Rash,9,0,29-12-2025,31-12-2025,Under Surveillance,"Cases of fever with maculopapular rash. Age group 3-14 years. 4 serum samples tested negative for Measles and Rubella. Vitamin A solution given. Community awareness on isolation, hygiene."
Bihar,Purbi Champaran,Measles,5,0,2025-03-12 00:00:00,,Under Surveillance,"(Late report) Age group 1-9 years. All 5 serum samples positive for Measles (IgM ELISA) at AIIMS Patna. Vitamin A solution given. Community awareness on isolation, hygiene and nutrition."
Uttar Pradesh,Sambhal,Measles,5,0,15-11-2025,,Under Control,"(Late report) Cases of fever with rash. Age group not specified. All 5 blood samples positive for Measles (IgM ELISA). Community awareness on isolation, hygiene and nutrition."
Andaman & Nicobar Islands,South Andamans,Measles,73,0,2026-01-01 00:00:00,2026-06-01 00:00:00,Under Surveillance,"Cases of fever with rash. Majority age group 20-30 years. 11 of 73 samples positive for Measles by PCR. Vitamin A given. IPC practices strengthened. Community awareness on isolation, hygiene."
Andhra Pradesh,Visakhapatanam,Chickenpox,14,0,2026-05-01 00:00:00,2026-07-01 00:00:00,Under Surveillance,"Cases from Gangavaram Elementary school students aged 6-9 years. All treated symptomatically. Community awareness on isolation, hygiene and nutrition."
Assam,Jorhat,Acute Diarrheal Disease,25,0,2026-08-01 00:00:00,2026-09-01 00:00:00,Under Surveillance,"Camp students aged 18-26. Water samples unsatisfactory Class IV. Rectal swabs showed Klebsiella pneumoniae, K. oxytoca and enteropathogenic E. coli. Community awareness on safe drinking water."
Gujarat,Gandhinagar,Crimean-Congo Hemorrhagic Fever,1,0,2026-07-01 00:00:00,2026-07-01 00:00:00,Under Surveillance,"24-year-old male, returned positive on 6.01.2026 at NIV Pune. Discharged on 10.01.2026. 42 animals sprayed with Alphacypermethrin. Awareness on hygiene and cleanliness given."
Gujarat,Jamnagar,Suspected Food Poisoning,12,0,2026-09-01 00:00:00,2026-09-01 00:00:00,Under Surveillance,"Cases after consuming food in a community gathering. Age group 7-35 years. All recovered. Community awareness on safe food habits, hygiene and sanitation."
Gujarat,Navsari,Suspected Food Poisoning,36,0,2026-07-01 00:00:00,2026-07-01 00:00:00,Under Surveillance,Eklavya model school students fell ill after returning from school picnic. Age group 11-17 years. All recovered. 2 stool samples negative for cholera. Community awareness on safe food habits.
Jammu and Kashmir,Jammu,Acute Diarrheal Disease,170,0,2026-08-01 00:00:00,2026-09-01 00:00:00,Under Surveillance,Cases from Jagti Migrant township. Both children and adults affected. Drinking tap water and bore well samples unsatisfactory. Chlorination done. Community awareness on safe drinking water.
Jharkhand,Jamtara,Chickenpox,5,0,2026-07-01 00:00:00,2026-07-01 00:00:00,Under Surveillance,"Cases of fever with rash. Age group 12-65 years. All 5 serum samples positive for V. zoster (IgM ELISA) at RIMS Ranchi. Community awareness on isolation, hygiene and nutrition."
Jharkhand,Jamtara,Chickenpox,8,0,2026-06-01 00:00:00,2026-07-01 00:00:00,Under Surveillance,"Cases of fever with rash. Age group 4-45 years. 5 serum samples positive for V. zoster (IgM ELISA). Community awareness on isolation, hygiene and nutrition."
Karnataka,Koppal,Chickenpox,15,0,2026-05-01 00:00:00,2026-05-01 00:00:00,Under Surveillance,"Index case on 14 Dec 2025. School-based transmission. Age group 5-15 years. Cases treated symptomatically. Community awareness on isolation, hygiene and nutrition."
Kerala,Ernakulam,Chickenpox,8,0,2026-09-01 00:00:00,2026-10-01 00:00:00,Under Surveillance,"Cases from Government LPS school Kadayiruppu. Age group 6-9 years. Community awareness on isolation, hygiene and nutrition."
Kerala,Ernakulam,Acute Gastroenteritis,13,0,2026-03-01 00:00:00,2026-06-01 00:00:00,Under Surveillance,"Cases from Garden Court apartment, 16 families affected. Age group 2-74 years. Chlorination done. Community awareness on safe drinking water and food habits."
Kerala,Kottayam,Suspected Food Poisoning,37,0,2026-08-01 00:00:00,2026-08-01 00:00:00,Under Surveillance,School students aged 4-13 fell ill after consuming school lunch. Medicine and ORS given. 4 patients treated at health facilities. Community awareness on safe food habits.
Kerala,Kozhikode,Mpox (Clade I),1,0,2026-07-01 00:00:00,2026-08-01 00:00:00,Under Surveillance,"27-year-old male, travel history to Dubai. Tested positive for Mpox (RT-PCR) at VRDL Kozhikode. Clade I confirmed at NIV Pune. Under home isolation. 26 contacts identified, all asymptomatic."
Kerala,Palakkad,Chickenpox,20,0,2026-07-01 00:00:00,2026-07-01 00:00:00,Under Surveillance,"Cases from Chinmaya Vidyalaya. Age group 15-17 years. Treated symptomatically. Community awareness on isolation, hygiene and nutrition."
Kerala,Wayanad,Acute Gastroenteritis,25,0,2026-06-01 00:00:00,2026-07-01 00:00:00,Under Surveillance,"KVASU Ladies' Hostel students. Treated at PHC Sugandhagiri. Community awareness on safe food habits, hygiene and sanitation."
Maharashtra,Nagpur,Acute Diarrhoeal Disease,15,0,2026-07-01 00:00:00,2026-09-01 00:00:00,Under Surveillance,Cases of loose motion and vomiting. Age group 30-50 years. 5 stool samples showed normal gut flora. Chlorination done. Community awareness on safe drinking water.
Maharashtra,Satara,Acute Diarrhoeal Disease,82,0,2026-07-01 00:00:00,2026-07-01 00:00:00,Under Surveillance,Cases of loose motion and vomiting. Age group 1-72 years. 26 patients treated at health facilities. Chlorine tablets distributed. Community awareness on safe drinking water.
Odisha,Jagatsinghapur,Chickenpox,36,0,2026-07-01 00:00:00,2026-07-01 00:00:00,Under Surveillance,"Cases from Padmapur Ashram School. Age group 6-15 years. 4 of 9 blood samples positive for V. zoster (PCR). Community awareness on isolation, hygiene and nutrition."
Odisha,Kendrapara,Suspected Food Poisoning,25,0,2026-08-01 00:00:00,2026-08-01 00:00:00,Under Surveillance,~1000 attended marriage feast. 25 cases developed symptoms. Age group 6-72 years. Medical camp established. Community sensitization on safe food habits.
Punjab,Rupnagar,Chickenpox,5,0,2026-07-01 00:00:00,2026-07-01 00:00:00,Under Surveillance,"Cases from Government Institute of Nursing. All recovered. Students sent for 21 days home isolation. Community awareness on isolation, hygiene and nutrition."
Tamil Nadu,Coimbatore,Acute Diarrheal Disease,38,0,2026-05-01 00:00:00,2026-06-01 00:00:00,Under Control,Cases below 15 years. 2 stool samples no positive findings. Chlorination done. Community awareness on safe drinking water.
Tamil Nadu,Salem,Chickenpox,27,0,2026-10-01 00:00:00,2026-10-01 00:00:00,Under Surveillance,"Age group 3-35 years. 4 of 5 serum samples positive for V. Zoster (IgM ELISA). Community awareness on isolation, hygiene and sanitation."
Tamil Nadu,Tenkasi,Chikungunya,29,0,2026-06-01 00:00:00,2026-07-01 00:00:00,Under Surveillance,"Cases of fever, myalgia, edema of ankle and wrist. Age group 15-80 years. 3 of 12 samples positive for Chikungunya (IgM ELISA). Anti-larval activities and fogging done."
West Bengal,Howrah,Suspected Food Poisoning,185,0,2026-04-01 00:00:00,2026-06-01 00:00:00,Under Surveillance,~480 attended religious gathering. Cases developed symptoms 4-5 hours after consuming prasad. Age group 3-80 years. All recovered. Community awareness on safe food habits.
Madhya Pradesh,Shivpuri,Measles,5,0,28-12-2025,,Under Surveillance,"(Late report) Age group 4-15 years. 3 of 5 blood samples positive for Measles (IgM ELISA) at GMC Bhopal. Community awareness on isolation, hygiene and nutrition."
Arunachal Pradesh,Papum Pare,Measles,4,0,13-01-2026,13-01-2026,Under Control,"Age group 5-8 years. All 4 blood samples positive for Measles (IgM ELISA) at GMC Guwahati. MR vaccination not given to cases. Community awareness on infection spread, isolation, hygiene."
Assam,Biswanath,Dysentery,150,0,18-01-2026,18-01-2026,Under Surveillance,Cases of loose stools and headache after consuming meal at religious ceremony. Age group 12-72 years. 10 stool samples negative for cholera. 2 water samples satisfactory. Community awareness given.
Assam,Kokrajhar,Measles,30,0,2026-12-01 00:00:00,2026-12-01 00:00:00,Under Surveillance,"Cases with Koplik's spots, coryza and cough. Age group <9 months-30 years. 5 samples positive for Measles by IgM ELISA. 22 had received MR1, 17 had MR2. Community awareness on isolation."
Delhi,South East,Meningococcal Meningitis,1,0,15-01-2026,15-01-2026,Under Surveillance,71-year-old male with diabetes. Neisseria meningitidis isolated in blood. Chemoprophylaxis recommended for family and exposed healthcare staff. Strict biomedical waste management advised.
Jharkhand,Jamtara,Chickenpox,6,0,17-01-2026,17-01-2026,Under Surveillance,"Age group 8-60 years. 4 of all samples positive for V. zoster (IgM ELISA) at RIMS. Community awareness on infection spread, isolation, hygiene."
Karnataka,Hassan,Chickenpox,25,0,2026-12-01 00:00:00,13-01-2026,Under Surveillance,Age group 5-44 years. 7 of 11 samples positive for V. zoster (IgM ELISA) at NIV Bengaluru. Active fever and rash surveillance. Vitamin A supplementation given. Community awareness on isolation.
Kerala,Ernakulam,Chickenpox,5,0,15-01-2026,18-01-2026,Under Surveillance,"Cases from Sreesankaracharya University Hostel. Age group 19-20 years. Community awareness on infection spread, isolation, hygiene."
Kerala,Ernakulam,Acute Gastroenteritis,91,0,2026-12-01 00:00:00,14-01-2026,Under Surveillance,Cases after consuming food at marriage function. All age groups. 1 stool and 1 water sample both sterile. Chlorination done. Community awareness on safe water and food habits.
Kerala,Ernakulam,Acute Gastroenteritis,26,0,2026-12-01 00:00:00,2026-12-01 00:00:00,Under Control,Age group 3-44 years. Cases linked to ice candy from mobile shop. 1 water sample satisfactory. Community awareness on safe water and food habits.
Kerala,Palakkad,Hepatitis A,26,0,2026-12-01 00:00:00,14-01-2026,Under Surveillance,Age group 6-60 years. 5 of 7 cases positive for HAV ELISA. Water samples showed coliform bacteria. Super-chlorination conducted. Community awareness on safe water and food habits.
Kerala,Palakkad,Hepatitis A,12,0,2026-12-01 00:00:00,2026-12-01 00:00:00,Under Surveillance,"Cluster of 5 households, 28 residents. 12 symptomatic with fever, jaundice, nausea. Common well water source. Chlorination done. Community awareness on safe water and food habits."
Kerala,Thiruvananthapuram,Acute Gastroenteritis,27,0,2026-09-01 00:00:00,2026-12-01 00:00:00,Under Surveillance,Students of Swami Vivekananda Mission Central School. Age group 5-14 years. Stool culture positive for Shigella. Chlorination done. Community awareness on safe water and food habits.
Madhya Pradesh,Burhanpur,Measles,15,0,16-01-2026,16-01-2026,Under Control,"Age group 2-25 years. 5 blood samples positive for Measles at GMC Bhopal. All vaccinated. Vitamin A given. Community awareness on isolation, hygiene and nutrition."
Madhya Pradesh,Narsinghpur,Chickenpox,9,0,17-01-2026,17-01-2026,Under Surveillance,"Age group 2-38 years. 2 samples positive for V. zoster (IgM ELISA) at ICMR Jabalpur. Community awareness on isolation, hygiene and nutrition."
Maharashtra,Chandrapur,Acute Diarrhoeal Disease,19,0,2026-12-01 00:00:00,2026-12-01 00:00:00,Under Surveillance,Cases of loose watery stools. Both children and adults affected. 3 stool samples negative for cholera. Water samples potable. Chlorine tablets distributed. Community awareness given.
Maharashtra,Nanded,Acute Diarrhoeal Disease,17,0,14-01-2026,15-01-2026,Under Surveillance,Sugarcane farm workers. Treated at GMC Nanded. ORS given. Chlorination done. Community awareness on safe drinking water.
Odisha,Kalahandi,Acute Gastroenteritis,15,0,16-01-2026,17-01-2026,Under Control,Cases after consuming rice and dal in lunch. Age group 17-60 years. 3 stool samples negative for cholera. ORS given. Community awareness on safe water and food habits.
Odisha,Kendujhar,Suspected Food Poisoning,27,0,15-01-2026,16-01-2026,Under Surveillance,Cases after consuming food at death anniversary ceremony. Age group 4-70 years. All treated symptomatically. Community awareness on safe food habits and drinking water.
Tamil Nadu,Pudukkottai,Mumps,5,0,2026-12-01 00:00:00,2026-12-01 00:00:00,Under Surveillance,"Cases of fever from Kalkudiyirupu Primary School. Age group 6-15 years. 4 samples positive for Mumps (IgM ELISA). Community awareness on infection spread, isolation, hygiene."
West Bengal,24 Paraganas North,Acute Diarrhoeal Disease,83,0,17-01-2026,17-01-2026,Under Surveillance,Cases of loose watery stools. 3 rectal swabs showed normal gut flora. Chlorination done. Community awareness on safe water and food habits.
West Bengal,24 Paraganas North,Nipah Virus,2,1,13-01-2026,14-01-2026,Under Surveillance,Two 25-year-old patients. Male recovered; female died on 12.02.2026. Both tested positive at AIIMS Kalyani and confirmed at NIV Pune. 93 hospital contacts and 103 district contacts tested. Surveillance and contact tracing undertaken.
West Bengal,Alipurduar,Chickenpox,7,0,14-01-2026,14-01-2026,Under Control,"Age group 5-44 years. All 4 blood samples positive for Chickenpox (IgM assay) at NBMCH. Community awareness on infection spread, isolation, hygiene."
West Bengal,Purba Bardhaman,Suspected Food Poisoning,101,0,15-01-2026,15-01-2026,Under Surveillance,Age group 15-59 years. Cases had common meal at religious occasion. 1 stool sample showed no enteropathogens. Community awareness on safe water and food habits.
Himachal Pradesh,Hamirpur,Acute Diarrhoeal Disease,29,0,2026-08-01 00:00:00,,Under Control,(Late report) Age group 17-80 years. 2 of 4 water samples potable. Alternative safe water arranged. Chlorination done. Community awareness on safe drinking water.
Kerala,Malappuram,Hepatitis A,14,0,2026-05-01 00:00:00,,Under Surveillance,(Late report) Age group 0-40 years. Well water positive for fecal coliforms and E. coli. 2 blood samples positive for HAV IgM ELISA. Super-chlorination done. Community awareness given.
Madhya Pradesh,Alirajpur,Measles,6,0,13-12-2025,,Under Surveillance,"(Late report) Age group 9 months-13 years. 1 of 6 samples positive for Measles (IgM ELISA). Vitamin A solution given. Community awareness on isolation, hygiene and nutrition."
Madhya Pradesh,Datia,Measles,8,0,2026-05-01 00:00:00,,Under Surveillance,"(Late report) Age group 0-40 years. 3 of 8 samples positive for Measles (IgM ELISA). Vitamin A given. Community awareness on isolation, hygiene and nutrition."
Andhra Pradesh,Ananthapuramu,Acute Diarrhoeal Disease,22,0,24-01-2026,24-01-2026,Under Control,Cases of loose watery stools from elementary school. Age group 6-14 years. Chlorine tablets distributed. Medical camp conducted. Community awareness on safe water and food habits.
Bihar,Purbi Champaran,Measles,12,0,16-01-2026,22-01-2026,Under Surveillance,"Age group 3-6 years. All 5 samples positive for Measles (IgM ELISA) at AIIMS Patna. Vitamin A solution provided. Community awareness on infection spread, isolation, hygiene."
Bihar,Purbi Champaran,Measles,19,0,20-01-2026,21-01-2026,Under Surveillance,"Cases below 10 years. All 5 blood samples positive for Measles (IgM ELISA) at AIIMS Patna. Vitamin A solution provided. Community awareness on infection spread, isolation, hygiene."
Chhattisgarh,Janjgir-Champa,Acute Gastroenteritis,13,0,22-01-2026,23-01-2026,Under Surveillance,Aatmanand Middle School students aged 8-18. Consumed long-time preserved food as mid-day meal. Medical camp at school. Community awareness on safe water and food habits.
Gujarat,Ahmadabad,Acute Gastroenteritis,67,0,23-01-2026,24-01-2026,Under Control,Cases after consuming sweets at engagement ceremony. Age group 3-73 years. 5 vomitus samples negative by culture. Community awareness on safe water and food habits.
Jharkhand,Jamtara,Chickenpox,5,0,20-01-2026,21-01-2026,Under Surveillance,"Age group 7-30 years. All 5 blood samples positive for V. zoster (IgM ELISA) at RIMS Ranchi. Community awareness on isolation, hygiene and nutrition."
Jharkhand,Latehar,Suspected Typhoid,30,0,19-01-2026,19-01-2026,Under Surveillance,"Cases of fever, nausea, abdominal pain. Age group 1-66 years. 16 of 30 blood samples positive for S. typhi by Widal. Chlorination done. Health education on safe water and food habits."
Jharkhand,West Singhbhum,Chickenpox,13,0,22-01-2026,22-01-2026,Under Surveillance,"Age group 22-33 years. All 5 blood samples negative for chickenpox by IgM ELISA. Clinically diagnosed. Community awareness on isolation, hygiene and nutrition."
Jharkhand,West Singhbhum,Chickenpox,10,0,21-01-2026,21-01-2026,Under Surveillance,"Age group 25-30 years. All 6 blood samples negative by IgM ELISA. Clinically diagnosed. Community awareness on isolation, hygiene and nutrition."
Jharkhand,West Singhbhum,Chickenpox,22,0,21-01-2026,21-01-2026,Under Surveillance,"Age group 9-34 years. All 17 blood samples negative for V. zoster (IgM ELISA). Clinically diagnosed. Community awareness on isolation, hygiene and nutrition."
Karnataka,Bidar,Chickenpox,20,0,21-01-2026,22-01-2026,Under Control,"Age group 2-37 years. All 4 samples negative for chickenpox by IgM ELISA. Clinically diagnosed. Temporary clinic established. Community awareness on isolation, hygiene and nutrition."
Karnataka,Gadag,Chikungunya,47,0,20-01-2026,21-01-2026,Under Surveillance,"Cases of fever with joint pain. Age group 2-70 years. All 3 Chikungunya IgM ELISA samples positive. Dengue samples negative. House Index 10, Container Index 0.7. Source reduction and fogging done."
Karnataka,Hassan,Chickenpox,8,0,22-01-2026,23-01-2026,Under Surveillance,"Age group 5-14 years from Maranayakanahalli Government School. 2 vesicular swabs positive for chickenpox (VZV PCR). Vitamin A given. Community awareness on isolation, hygiene and nutrition."
Kerala,Ernakulam,Acute Gastroenteritis,14,0,22-01-2026,22-01-2026,Under Surveillance,Cardinal LP School students aged 5-7. Probable contact spread through index case and vomitus. Classroom cleaned and disinfected. Community awareness on safe water and food habits.
Kerala,Idukki,Chickenpox,17,0,20-01-2026,24-01-2026,Under Surveillance,"Age group 16-17 years. All clinically diagnosed. Symptomatic treatment provided. Community awareness on isolation, hygiene and nutrition."
Kerala,Kannur,Jaundice,18,0,21-01-2026,22-01-2026,Under Surveillance,Cluster at Athaskiya Islamic Model Academy Madrasa hostel. Age group 8-48 years. Well water showed E. coli (faecal contamination). Liver enzymes elevated. Superchlorination done. Community awareness given.
Kerala,Kottayam,Mumps,17,0,20-01-2026,21-01-2026,Under Surveillance,"St John's school students aged 4-6 years (play school, UKG, LKG). Clinically diagnosed. All recovered. Community awareness on isolation, hygiene and nutrition."
Kerala,Kozhikode,Mpox (Clade I),1,0,22-01-2026,22-01-2026,Under Surveillance,"46-year-old male returned from Dammam, Saudi Arabia. Clade I confirmed at NIV Pune on 26.01.2026. Under home isolation. 25 contacts identified (3 family, 22 flight). All asymptomatic."
Kerala,Kozhikode,Suspected Food Poisoning,55,0,21-01-2026,21-01-2026,Under Surveillance,Cases at marriage function. Symptoms 4-5 hours after consuming food. All recovered. Both children and adults. Community awareness on safe food habits.
Kerala,Malappuram,Hepatitis A,45,0,17-01-2026,19-01-2026,Under Surveillance,Both children and adults. 2 blood samples positive for HAV IgM ELISA. 2 well water samples positive for fecal coliform. Chlorination done. Community awareness on safe drinking water.
Madhya Pradesh,Ashoknagar,Measles,8,0,23-01-2026,23-01-2026,Under Control,Age group 3-10 years. 4 of 7 samples positive for Measles (IgM ELISA). 5 were vaccinated against MR. Immunization and vitamin A supplement conducted. Community awareness on infection spread.
Madhya Pradesh,Morena,Measles,9,0,20-01-2026,20-01-2026,Under Surveillance,"Age group 5-14 years. 2 of 9 samples positive for Measles (IgM ELISA). Community awareness on isolation, hygiene and nutrition."
Maharashtra,Thane,Suspected Food Poisoning,80,0,19-01-2026,23-01-2026,Under Surveillance,Cases after eating food at mehendi ceremony. Age group 13-83 years. All recovered. Community awareness on hygiene and sanitation.
Odisha,Sundargarh,Chickenpox,6,0,19-01-2026,19-01-2026,Under Surveillance,"Age group 7-10 years. Cases treated symptomatically. Community awareness on isolation, hygiene and nutrition."
Punjab,Ludhiana,Suspected Food Poisoning,124,0,14-01-2026,14-01-2026,Under Control,Cases after consuming food in Langer at Gurudwara Sahib. Age group 2.3-87 years. All water and food samples fit. Medical camp organized. Community awareness on safe water and food habits.
Tamil Nadu,Mayiladuthurai,Chickenpox,14,0,21-01-2026,21-01-2026,Under Control,"Age group 4-40 years. 2 of 3 samples positive for Varicella zoster (IgM ELISA). Community awareness on infection spread, isolation, hygiene."
Tamil Nadu,Namakkal,Acute Gastroenteritis,34,0,20-01-2026,20-01-2026,Under Control,"Cases of headache, giddiness, loose stools. Age group 12-45 years. 1 water sample had E. coli. Community awareness on safe water and food habits."
Tamil Nadu,Salem,Chickenpox,9,0,18-01-2026,20-01-2026,Under Surveillance,"Age group 6-35 years. All 3 samples positive for Varicella zoster (VZV IgM ELISA). Community awareness on infection spread, isolation, hygiene."
Tamil Nadu,Villupuram,Chickenpox,13,0,24-01-2026,24-01-2026,Under Surveillance,"Age group 6-11 years. 4 of 12 serum samples positive for Chickenpox (VZV IgG ELISA). Community awareness on infection spread, isolation, hygiene."
Tamil Nadu,Villupuram,Chickenpox,16,0,20-01-2026,22-01-2026,Under Surveillance,"Age group 6-13 years. 8 of 9 serum samples positive for Chickenpox (VZV IgG ELISA). Community awareness on infection spread, isolation, hygiene."
Tamil Nadu,Villupuram,Hepatitis A,24,0,20-01-2026,22-01-2026,Under Surveillance,Age group 3-13 years. 8 of 24 samples positive for Hepatitis A. Community awareness on safe water and food habits.
Uttar Pradesh,Gautam Buddha Nagar,Acute Diarrhoeal Disease,63,0,2026-09-01 00:00:00,20-01-2026,Under Surveillance,"Cases from Greater Noida. 70 houses surveyed (population 22,000). Chlorination done. Residents advised to boil water. Community awareness on safe drinking water."
Uttar Pradesh,Ghaziabad,Acute Gastroenteritis,13,0,19-01-2026,21-01-2026,Under Surveillance,Cases from J P Girls Inter College hostel mess. Age group 13-18 years. Community awareness on safe food habits.
Uttar Pradesh,Lucknow,Acute Gastroenteritis,21,0,22-01-2026,23-01-2026,Under Surveillance,Cases after consuming food at MC Saxena College canteen. Treated at Balrampur Hospital. Community awareness on safe food habits.
Chhattisgarh,Baloda Bazar,Measles,8,0,2026-07-01 00:00:00,,Under Surveillance,"(Late report) Age group 9 months-14 years. 4 of 7 samples positive for Measles (IgM ELISA) at NIRTH Jabalpur. Community awareness on infection spread, isolation, hygiene."
Gujarat,Panch Mahals,Measles,53,0,24-12-2025,,Under Surveillance,(Late report) Age group 7 months-9 years. All 6 samples positive for Measles (BJ Medical College). House-to-house survey done. Vitamin A supplementation given. Community awareness given.
Kerala,Idukki,Chickenpox,10,0,2026-08-01 00:00:00,,Under Surveillance,"(Late report) Government Engineering College Hostel students aged 19-20. Clinically diagnosed. Community awareness on isolation, hygiene and nutrition."
Kerala,Malappuram,Hepatitis A,31,0,13-01-2026,,Under Surveillance,(Late report) Children below 15 years. 1 blood sample positive for HAV IgM ELISA. Chlorine tablets distributed. Community awareness on safe drinking water.
Kerala,Palakkad,Hepatitis A,81,0,19-12-2025,,Under Surveillance,(Late report) Age group 1-48 years. 15 of 32 samples positive for Hepatitis A (IgM ELISA). Chlorination done. Community awareness on safe drinking water.
Madhya Pradesh,Jhabua,Measles,7,0,2026-04-01 00:00:00,,Under Surveillance,(Late report) Cases below 10 years. 4 of 5 samples positive for Measles (IgM ELISA). House-to-house survey done. Isolation and symptomatic management done. Community awareness given.
Andhra Pradesh,Prakasam,Chickenpox,18,0,26-01-2026,29-01-2026,Under Surveillance,Gurukul Boys High School students aged 11-17. 3 blood samples negative for V. zoster by IgM ELISA. Clinically diagnosed. Dormitory cleaned and disinfected. Community awareness on infection spread.
Assam,Kamrup,Acute Gastroenteritis,137,0,27-01-2026,29-01-2026,Under Surveillance,"Cases after marriage ceremony, all age groups. 4 rectal swabs showed gram negative bacilli. 2 water samples non-potable. Community awareness on safe water and food habits."
Bihar,Begusarai,Measles,13,0,29-01-2026,30-01-2026,Under Surveillance,"Age group 2-13 years. 4 serum samples positive for Measles by IgM ELISA. Throat swabs negative by PCR. Community awareness on infection spread, isolation, hygiene."
Bihar,Purnia,Fever with Rash,19,0,28-01-2026,29-01-2026,Under Surveillance,"Age group 7 months-30 years. Cases treated symptomatically. Community awareness on infection spread, isolation, hygiene."
Chhattisgarh,Raigarh,Chickenpox,12,0,23-01-2026,28-01-2026,Under Surveillance,"Age group 8-12 years. Cases treated symptomatically. Community awareness on infection spread, isolation, hygiene."
Chhattisgarh,Rajnandgaon,Acute Diarrhoeal Disease,10,0,23-01-2026,27-01-2026,Under Surveillance,Cases of loose stools and vomiting. 5 stool samples negative for Cholera. 4 patients treated at CHC. Chlorine tablets distributed. Community awareness on safe water and food habits.
Gujarat,Bhavnagar,Measles,6,0,28-01-2026,29-01-2026,Under Surveillance,Age group 3-13 years. All 3 serum samples positive for Measles (IgM ELISA). Vaccination round and Vitamin A supplementation done. Community awareness on infection spread.
Gujarat,Panch Mahals,Measles,13,0,24-01-2026,27-01-2026,Under Surveillance,"Age group 9 months-8 years. 2 blood samples positive for Measles (IgM ELISA). Symptomatic treatment given. Community awareness on infection spread, isolation, hygiene."
Gujarat,Rajkot,Measles,7,0,24-01-2026,27-01-2026,Under Surveillance,Age group 2-15 years. All 7 samples positive for Measles. 6 of 7 were vaccinated. Vitamin A given. Special MR vaccination drive initiated. Community awareness on infection spread.
Jammu and Kashmir,Baramulla,Chickenpox,21,0,29-01-2026,30-01-2026,Under Surveillance,"Age group 7-51 years. Medicines given. Community awareness on infection spread, isolation, hygiene."
Kerala,Ernakulam,Hepatitis A,22,0,31-01-2026,31-01-2026,Under Surveillance,Age group 8-47 years. 2 of 6 samples positive for Hepatitis A (IgM ELISA). 2 household water samples positive for E. coli. Superchlorination done. Community awareness on safe water.
Kerala,Idukki,Hepatitis A,22,0,30-01-2026,31-01-2026,Under Surveillance,Age group 6-63 years. All 19 blood samples positive for HAV IgM ELISA. Well water showed coliform. Chlorine tablets distributed. Community awareness on safe drinking water.
Kerala,Idukki,Suspected Food Poisoning,52,0,27-01-2026,29-01-2026,Under Surveillance,"Cases after consuming food at community gathering. Both children and adults. All treated at PHC. Community awareness on safe food habits, hygiene and sanitation."
Kerala,Kottayam,Mumps,6,0,28-01-2026,30-01-2026,Under Surveillance,Little Flower Vidyanikethan School students aged 5-7 years. Clinically diagnosed. School authorities and parents informed. Home isolation for 7 days. Community awareness on hygiene.
Kerala,Kozhikode,Suspected Food Poisoning,182,0,31-01-2026,31-01-2026,Under Surveillance,Cases after consuming food at religious gathering. Age group 3-78 years. All recovered. Nearby house water sample had E. coli and coliform. Community awareness on safe food habits.
Kerala,Kozhikode,Chickenpox,30,0,31-01-2026,31-01-2026,Under Surveillance,"Al-Hudha School students aged 8-12. Symptomatic treatment given. Community awareness on isolation, hygiene and nutrition."
Kerala,Kozhikode,Mpox (Clade I),1,0,27-01-2026,27-01-2026,Under Surveillance,"24-year-old male returned from Dubai. Mpox RT-PCR positive on 24.01.2026. Clade I confirmed at NIV Pune on 29.01.2026. Patient recovered and discharged from home isolation. 21 contacts (1 family, 20 flight), all asymptomatic."
Kerala,Palakkad,Chickenpox,35,0,30-01-2026,31-01-2026,Under Surveillance,"Age group 6-56 years. Cases treated symptomatically. Community awareness on isolation, hygiene and nutrition."
Kerala,Palakkad,Chickenpox,12,0,27-01-2026,27-01-2026,Under Surveillance,"Good Shepherd School 5th standard students. Treated symptomatically. Community awareness on isolation, hygiene and nutrition."
Kerala,Thrissur,Mumps,34,0,26-01-2026,26-01-2026,Under Surveillance,First standard students aged 6-8 years. All treated symptomatically. Home isolation of 7 days instructed. Community awareness on hygiene and nutrition.
Kerala,Thiruvananthapuram,Suspected Food Poisoning,29,0,27-01-2026,27-01-2026,Under Surveillance,"Cases after consuming food at a hotel. Age group 2-51 years. Community awareness on safe food habits, hygiene and sanitation."
Madhya Pradesh,Dewas,Chickenpox,7,0,27-01-2026,27-01-2026,Under Surveillance,"DPS School students aged 6-40. 4 serum samples negative for V. zoster (IgM ELISA). Clinically diagnosed. Community awareness on isolation, hygiene and nutrition."
Madhya Pradesh,East Nimar,Chickenpox,10,0,28-01-2026,28-01-2026,Under Surveillance,"Government Primary School students aged 7-12. All 12 blood samples negative for V. zoster (IgM ELISA). Clinically diagnosed. Community awareness on isolation, hygiene and nutrition."
Madhya Pradesh,Gwalior,Measles,9,0,28-01-2026,28-01-2026,Under Surveillance,"Age group 4-10 years. 1 of 5 serum samples positive for Measles (IgM ELISA). Community awareness on isolation, hygiene and nutrition."
Madhya Pradesh,Umaria,Acute Diarrhoeal Disease,41,0,28-01-2026,29-01-2026,Under Surveillance,Cases of loose motion from Primary School. 8 children treated at District Hospital. Chlorination done. Community awareness on safe drinking water.
Maharashtra,Dharashiv,Measles,6,0,30-01-2026,30-01-2026,Under Surveillance,"Age group 2-13 years. 4 of 6 samples positive for Measles (IgM ELISA). Community awareness on isolation, hygiene and nutrition."
Maharashtra,Gadchiroli,Suspected Food Poisoning,107,0,28-01-2026,29-01-2026,Under Surveillance,Government Ashram School students aged 6-17. Consumed food from school kitchen. 55 patients at Rural Hospital Bhamragad. All recovered. Community awareness on safe food habits.
Nagaland,Noklak,Malaria,6,0,29-12-2025,29-01-2026,Under Control,Age group 20-30 years. 6 of 30 samples positive for Malaria (PV) by RDT and Slide. Screening conducted. Fogging done. Community awareness on vector control.
Odisha,Jharsuguda,Suspected Food Poisoning,55,0,28-01-2026,28-01-2026,Under Surveillance,Cases after consuming Gupchup (street food). Age group 6-52 years. All recovered. 1 patient treated at District Hospital. Community awareness on safe food habits.
Odisha,Nabarangpur,Measles,8,0,25-01-2026,26-01-2026,Under Surveillance,"Dhodra Ashram School students aged 7-13. Clinically diagnosed. Community awareness on isolation, hygiene and nutrition."
Tamil Nadu,Coimbatore,Suspected Food Poisoning,83,0,26-01-2026,26-01-2026,Under Surveillance,"Ganga Nursing College hostel girls aged 18-23 developed symptoms after dinner. Food safety officer informed, kitchen inspected. Medical camp at hostel. Community awareness on safe food habits."
Tamil Nadu,Perambalur,Suspected Food Poisoning,81,0,28-01-2026,28-01-2026,Under Surveillance,Cases after consuming food at community gathering. Age group 2-70 years. All treated at Krishnapur SDH Hospital. Community awareness on safe food habits.
Telangana,Suryapet,Acute Diarrhoeal Disease,104,0,30-01-2026,30-01-2026,Under Surveillance,"Cases of loose motion. Population 4,293. Age group 8-75 years. 8 stool samples negative for cholera. Chlorination done. IEC activities and sanitation measures undertaken. Community awareness given."
Uttar Pradesh,Farrukhabad,Measles,15,0,25-01-2026,29-01-2026,Under Surveillance,"Age group 2-7 years. All 5 blood samples positive for Measles (IgM ELISA) at SGPGI Lucknow. Vitamin A (2 doses) given. Community awareness on isolation, hygiene and nutrition."
Uttarakhand,Chamoli,Jaundice,101,0,28-01-2026,29-01-2026,Under Surveillance,Age group 3-68 years. All 23 blood samples negative for Hepatitis A (IgM ELISA). Chlorine tablets distributed. Community awareness on safe water and food habits.
West Bengal,Purba Bardhaman,Suspected Food Poisoning,53,0,29-01-2026,29-01-2026,Under Surveillance,"Cases after consuming food at community meal. Age group 11-70 years. All treated at RH Madhabdihi. Community awareness on safe food habits, hygiene and sanitation."
Andaman & Nicobar Islands,Nicobars,Dengue,10,0,26-12-2025,,Under Surveillance,(Late report) School students from PM Shri JNV. 2 of 10 samples positive for Dengue (IgM ELISA). Fogging done. Community awareness on vector control measures.
Bihar,Katihar,Measles,7,0,20-01-2026,,Under Surveillance,"(Late report) Age group 5 months-38 years. 1 of 5 samples positive for Measles (IgM ELISA). Community awareness on infection spread, isolation, hygiene."
Himachal Pradesh,Mandi,Hepatitis A,180,0,19-01-2026,,Under Surveillance,(Late report) Cases from Villages Dari and Bassa. 3 of 10 samples positive for Hepatitis A (IgM ELISA). All 6 water samples unsatisfactory. Chlorination done. Pipeline leakages repaired.
Odisha,Ganjam,Chickenpox,28,0,28-01-2026,,Under Surveillance,"(Late report) Age group 2-13 years from multiple villages. All given symptomatic treatment. Community awareness on isolation, hygiene and nutrition."
Assam,Nagaon,Human Rabies,1,1,2026-06-02 00:00:00,2026-07-02 00:00:00,Under Surveillance,"15-year-old female bitten by dog on 01.01.2026, did not take ARV. Died on 07.02.2026. 10 contacts identified and put under ARV vaccination. Community sensitization conducted."
Bihar,Begusarai,Fever with Rash,15,0,30-01-2026,2026-02-02 00:00:00,Under Surveillance,"Cases from Village Pabra, age 9 months-18 years. 3 throat samples by PCR and 4 serum samples by Anti-Measles IgM ELISA at AIIMS Patna - no positive findings. Community awareness given."
Bihar,Gopalganj,Measles,5,0,29-01-2026,2026-06-02 00:00:00,Under Surveillance,"Cases from Village Bhagwanpur, age 2-20 years. All 5 blood samples tested negative for measles at AIIMS Patna. Clinically diagnosed with Measles. Community awareness given."
Bihar,Gopalganj,Measles,5,0,28-01-2026,2026-06-02 00:00:00,Under Surveillance,"Cases from Village Bheria, age 4-39 years. 1 out of 5 blood samples tested positive for Measles (IgM ELISA) at AIIMS Patna. Community awareness given."
Bihar,Gopalganj,Chickenpox,5,0,29-01-2026,2026-05-02 00:00:00,Under Surveillance,"Cases from Village Bhagwanpur, age 2-20 years. All 5 blood samples tested positive for V. zoster (IgM ELISA) at AIIMS Patna. Community awareness given."
Bihar,Gopalganj,Chickenpox,5,0,28-01-2026,2026-05-02 00:00:00,Under Surveillance,"Cases from Village Bheria, age 4-39 years. All 5 blood samples tested positive for V. zoster (IgM ELISA) at AIIMS Patna. Community awareness given."
Bihar,Jehanabad,Chickenpox,5,0,30-01-2026,2026-03-02 00:00:00,Under Surveillance,"Cases from Village Dakra, age not specified. 3 blood samples tested positive for V. zoster (IgM ELISA) at AIIMS Patna. Community awareness given."
Bihar,Vaishali,Chickenpox,11,0,2026-01-02 00:00:00,2026-07-02 00:00:00,Under Surveillance,"Cases from Village Sair Chak, age 3-35 years. 1 out of 5 blood samples tested positive for V. zoster (IgM ELISA) at AIIMS Patna. Community awareness given."
Chhattisgarh,Rajnandgaon,Chickenpox,5,0,2026-03-02 00:00:00,2026-03-02 00:00:00,Under Surveillance,"Cases from Village Dongargaon, age 5-10 years. 6 serum samples tested negative for V. zoster at NIRTH Jabalpur. Clinically diagnosed. Community awareness given."
Gujarat,Mahisagar,Measles,12,0,2026-06-02 00:00:00,2026-06-02 00:00:00,Under Surveillance,"Cases from Nurani Colony, age below 15 years. 5 blood samples tested positive for Measles (IgM ELISA) at B.J. Medical College, Ahmedabad. Community awareness given."
Gujarat,Navsari,Measles,8,0,2026-04-02 00:00:00,2026-04-02 00:00:00,Under Surveillance,"Cases from Village Vansda, age 1-5 years. 2 out of 3 blood samples tested positive for measles (IgM ELISA). Community awareness given."
Gujarat,Valsad,Measles,22,0,2026-02-02 00:00:00,2026-02-02 00:00:00,Under Surveillance,"Cases from Village Dungara, age 9 months to 5 years. All cases vaccinated (MR1 and MR2). 2 blood samples tested positive for Measles (IgM ELISA). Community awareness given."
Jharkhand,Chatra,Chickenpox,5,0,2026-02-02 00:00:00,2026-02-02 00:00:00,Under Surveillance,"Cases from Village Bandiadin, age 6-16 years. 4 out of 5 blood samples tested positive for V. zoster (IgM ELISA) at ICMR-VRDL Ranchi. Community awareness given."
Jharkhand,West Singhbhum,Malaria (P. falciparum & P. vivax),97,0,31-01-2026,2026-02-02 00:00:00,Under Surveillance,"Cases from Village Goilkera, age 5-15 years. 97 out of 186 blood samples positive (P. falciparum-68, P. vivax-16, Mixed-13). Fogging done. Community awareness given."
Karnataka,Chikballapur,Measles,38,0,2026-03-02 00:00:00,2026-03-02 00:00:00,Under Surveillance,Cases from Village Gowdagere. 3 samples then 7 of 11 samples tested positive for Measles (IgM ELISA) at NIV Bengaluru. Three children fully immunized. All cases recovered.
Karnataka,Haveri,Acute Diarrhoeal Disease,13,0,2026-06-02 00:00:00,2026-06-02 00:00:00,Under Control,"Cases from Village Abalur, age 30-80 years. 5 stool, 1 blood, 2 water samples collected. All negative. Chlorination done. All cases recovered."
Karnataka,Mandya,Chickenpox & Rubella,37,0,31-01-2026,2026-05-02 00:00:00,Under Surveillance,"Cases from Village Kikkeri (school), age 5-14 years. 3 blood samples positive for V. zoster; 1 of 2 samples positive for Rubella at NIV Bangalore. Community awareness given."
Kerala,Ernakulam,Mumps,24,0,2026-03-02 00:00:00,2026-04-02 00:00:00,Under Surveillance,"Cases from Guardian Angel Public School, Mannur. UKG, LKG and LP students affected. Classroom disinfection done. Community awareness given."
Kerala,Ernakulam,Acute Gastroenteritis,51,0,2026-03-02 00:00:00,2026-04-02 00:00:00,Under Surveillance,Cases from Bhavan's Adarsha Vidhyalaya. LKG students with vomiting and loose stools. Treated at FHC Kakkanad. All cases recovered.
Kerala,Ernakulam,Chickenpox,8,0,2026-02-02 00:00:00,2026-03-02 00:00:00,Under Surveillance,"Cases from Sreenarayana Law College, age 22-23 years. Symptomatic treatment. Classrooms cleaned and disinfected. Community awareness given."
Kerala,Idukki,Chickenpox,6,0,2026-02-02 00:00:00,2026-02-02 00:00:00,Under Surveillance,"Cases from Pre metric hostel Thodupuzha, age 11-15 years. All cases treated symptomatically. Community awareness given."
Kerala,Kannur,Suspected Food Poisoning,131,0,2026-03-02 00:00:00,2026-04-02 00:00:00,Under Surveillance,"Cases from Village Mokeri after consuming food at Thira Utsavam community festival, age 3-76 years. All cases recovered. Community awareness given."
Kerala,Kannur,Suspected Food Poisoning,47,0,31-01-2026,2026-02-02 00:00:00,Under Surveillance,"Cases from Village Payyavoor after consuming food at a wedding reception (~850 attendees), age 8-78 years. All treated at PHC Chandanakkampara. Community awareness given."
Kerala,Kottayam,Acute Diarrhoeal Disease,67,0,2026-06-02 00:00:00,2026-08-02 00:00:00,Under Surveillance,"Cases from Village Panachepally, age 18-22 years. Rota virus detected in stool sample. 6 water samples showed coliforms. Superchlorination done. Community awareness given."
Kerala,Wayanad,Suspected Food Poisoning,23,0,2026-02-02 00:00:00,2026-03-02 00:00:00,Under Surveillance,"Cases from Village Vengappally after food at St. Antony's Church Madakunnu Festival, age 8-69 years. All cases treated. Community awareness given."
Madhya Pradesh,Shivpuri,Measles,5,0,2026-09-01 00:00:00,2026-02-02 00:00:00,Under Surveillance,"Cases from Village Mungawali, age 3-7 years. 4 out of 5 blood samples positive for Measles (IgM ELISA). Community awareness given."
Madhya Pradesh,Singrauli,Chickenpox,9,0,2026-04-02 00:00:00,2026-05-02 00:00:00,Under Surveillance,"Cases from Village Makrohar, age 6 months-27 years. 3 blood samples tested positive for V. zoster (IgM ELISA). Community awareness given."
Madhya Pradesh,Ujjain,Chickenpox,21,0,2026-03-02 00:00:00,2026-05-02 00:00:00,Under Surveillance,"Cases from Seva Dham Ambodia Ashram, age 8-27 years. 16 out of 20 blood samples positive for V. zoster (IgM ELISA). 7-day isolation advised. Community awareness given."
Maharashtra,Nanded,Hepatitis A,12,0,2026-03-02 00:00:00,2026-03-02 00:00:00,Under Surveillance,"Cases from Eklavya and Watoni residential schools, Village Islapur. Probable source: contaminated drinking water. 13 of 20 serum samples positive for Hepatitis A (IgM ELISA). Chlorination done."
Meghalaya,East Khasi Hills,Acute Gastroenteritis,20,0,2026-03-02 00:00:00,2026-06-02 00:00:00,Under Surveillance,"Cases from Village Umniuhtmar, age 10 months-34 years. Norovirus Genogroup II (GII) detected in both stool samples. ORS and chlorine tablets given. Community awareness given."
Odisha,Jagatsinghapur,Chickenpox,38,0,2026-03-02 00:00:00,2026-03-02 00:00:00,Under Surveillance,"Cases from Village Chaulia, age 5-14 years. 2 of 7 blood samples positive for Varicella zoster by VZV PCR. Community awareness given."
Odisha,Khordha,Hepatitis A,89,0,2026-06-02 00:00:00,2026-06-02 00:00:00,Under Control,Cases from Prativa Devi Nursing college girls' hostel. 5 blood samples HAV positive (IgM ELISA). Water samples showed OT<0.01 PPM and H2S Positive. Community awareness given.
Odisha,Rayagada,Shigellosis,81,1,31-01-2026,2026-02-02 00:00:00,Under Surveillance,"Cases from Nalinee Vidyamandir school, age 5-14 years. 15 rectal swabs positive for E.coli, 5 positive for shigella. 1 death (9-year-old female, 31.01.2026). Chlorination done."
Odisha,Sambalpur,Acute Diarrhoeal Disease,34,0,2026-04-02 00:00:00,2026-04-02 00:00:00,Under Surveillance,"Cases from Newton College, age 15-44 years. 1 water sample showed E. coli. Overhead tanks cleaned, chlorination done. Community awareness given."
Odisha,Sonepur,Fever with Rash,6,0,2026-02-02 00:00:00,2026-03-02 00:00:00,Under Surveillance,"Cases from Village Khuliakani, age 5-14 years. Symptomatic treatment given. All cases recovered. Community awareness given."
Tamil Nadu,Ariyalur,Suspected Food Poisoning,40,0,2026-04-02 00:00:00,2026-04-02 00:00:00,Under Control,"Cases from Village T. Pottakollai after food at Amman koil festival, age 7-80 years. 1 water sample positive for coliform. No growth of V. cholerae, Salmonella or Shigella. All cases treated."
Tamil Nadu,Tenkasi,Chikungunya,12,0,2026-01-02 00:00:00,2026-02-02 00:00:00,Under Control,"Cases from Village Thalai Subramaniyapuram, age 13-65 years. 2 of 12 blood samples positive for Chikungunya (IgM ELISA). Anti-larval activities and fogging done."
Tamil Nadu,Thanjavur,Chickenpox,17,0,2026-05-02 00:00:00,2026-06-02 00:00:00,Under Surveillance,"Cases from Primary School Uthamadhani, age 5-70 years. IgM ELISA, PCR and coliform testing done - no positive findings. Community awareness given."
Uttar Pradesh,Jaunpur,Measles,5,0,2026-10-01 00:00:00,2026-05-02 00:00:00,Under Surveillance,"Cases from Village Shamshuddinpur, age 6 months-11 years. All 5 blood samples positive for Measles (IgM ELISA) at VRDL SGPGIMS Lucknow. Community awareness given."
West Bengal,Birbhum,Acute Diarrhoeal Disease,33,0,2026-02-02 00:00:00,2026-03-02 00:00:00,Under Control,"Cases from Village Shingdohari, age 13-65 years. Probable cause: contaminated drinking water via pipeline. Pipeline leakages repaired. Chlorination done. All cases recovered."
Assam,Lakhimpur,Pertussis,1,1,13-02-2026,14-02-2026,Under Surveillance,3-month-old from Mohghuli Village. Sample positive for Bordetella pertussis by RT-PCR. Patient died 10.02.2026 due to septicemia with severe pneumonia. Prophylactic Azithromycin given to contacts.
Chhattisgarh,Jashpur,Suspected Food Poisoning,32,0,2026-06-02 00:00:00,13-02-2026,Under Surveillance,Cases from Village Dipa Toli after food at a marriage ceremony. Treated at DH Jashpur. All cases recovered. Community awareness given.
Chhattisgarh,Raipur,Chickenpox,11,0,2026-12-02 00:00:00,13-02-2026,Under Surveillance,"Cases from Village Dumartarai, age below 15 years. All 5 blood samples positive for Varicella Zoster (VZV) by IgM ELISA at AIIMS Raipur. Community awareness given."
Goa,South Goa,Chickenpox,17,0,2026-10-02 00:00:00,2026-10-02 00:00:00,Under Surveillance,"Cases from GPS Village Amona, age 6-9 years. 4 serum samples positive for V. zoster (IgM ELISA). School authorities advised 7-day isolation. Community awareness given."
Gujarat,Jamnagar,Cholera,22,0,2026-09-02 00:00:00,2026-09-02 00:00:00,Under Surveillance,"Cases from Jamnagar city, age 5-60 years. 26 of 117 stool samples positive for V. cholerae by culture. 4 major pipeline leakages and 5 valve leakages repaired. Chlorination done."
Gujarat,Kheda,Suspected Food Poisoning,23,0,13-02-2026,14-02-2026,Under Surveillance,"Cases from Village Sinjiwada after food at a marriage ceremony, age 5-44 years. All cases recovered. Treated at PHC Daloli. Community awareness given."
Gujarat,Navsari,Suspected Food Poisoning,188,0,2026-12-02 00:00:00,2026-12-02 00:00:00,Under Surveillance,Cases from Village Amalsad after food at a marriage function. All age groups affected. All cases recovered. Community awareness given.
Haryana,Fatehabad,Acute Diarrhoeal Disease,52,0,2026-09-02 00:00:00,2026-09-02 00:00:00,Under Surveillance,"Cases from Ward no. 3 Gupta Colony, age 1-70 years. 3 water samples showed residual chlorine; 8 water samples potable. Chlorine tablets distributed. Community awareness given."
Himachal Pradesh,Kangra,Acute Diarrhoeal Disease,203,0,2026-08-02 00:00:00,2026-09-02 00:00:00,Under Surveillance,"Cases from Village Panapari Har, age 4-80 years. 2 of 3 water samples unfit for drinking. Chlorination done. Community awareness given."
Jammu and Kashmir,Baramulla,Jaundice,21,0,2026-12-02 00:00:00,2026-12-02 00:00:00,Under Surveillance,"Cases from Village Behrampora, age 1 month-21 years. All 21 blood samples negative for HAV and HEV. 1 of 5 water samples unsatisfactory. Community awareness given."
Jammu and Kashmir,Baramulla,Jaundice,17,0,2026-11-02 00:00:00,2026-11-02 00:00:00,Under Surveillance,"Cases from Village Donawari, age 6-70 years. All 17 blood samples negative for Hepatitis A and E. 1 of 5 water samples unsatisfactory. Chlorine tablets distributed. Community awareness given."
Jammu and Kashmir,Kupwara,Hepatitis A,17,0,2026-10-02 00:00:00,2026-10-02 00:00:00,Under Surveillance,"Cases from Village Ashpora, age 8-70 years. 1 of 3 blood samples positive for Hepatitis A (IgM ELISA). 1 water sample unsatisfactory. Community awareness given."
Jharkhand,Latehar,Suspected Typhoid,45,0,2026-10-02 00:00:00,2026-10-02 00:00:00,Under Surveillance,Cases from Village Mahuadanr. 15 of 45 blood samples positive for S. typhi by Widal test. Chlorination done. Community awareness given.
Jharkhand,Palamu,Chickenpox,10,0,2026-11-02 00:00:00,2026-11-02 00:00:00,Under Surveillance,"Cases from Village Balra, age 8-40 years. All 10 blood samples positive for V. zoster (IgM ELISA) at DPHL Palamu. Community awareness given."
Karnataka,Chitradurga,Suspected Food Poisoning,48,0,13-02-2026,13-02-2026,Under Surveillance,"Cases from Kittur Rani Chennamma Residential School after school lunch, age 5-44 years. 1 blood sample positive for Leptospirosis; 1 water sample non-potable. All cases recovered."
Karnataka,Dakshin Kannad,Suspected Food Poisoning,142,0,2026-09-02 00:00:00,13-02-2026,Under Surveillance,"Cases from NITK Mangaluru hostel canteen, age 15-44 years. Stool samples negative for cholera. 5 of 26 water samples non-potable. Chlorination done. All cases recovered."
Karnataka,Gadag,Chickenpox,14,0,2026-12-02 00:00:00,13-02-2026,Under Surveillance,"Cases from Village Hosur, age <5-44 years. Both serum samples positive for Chickenpox IgM at BMC RI Bengaluru. Community awareness given."
Karnataka,Gadag,Suspected Food Poisoning,83,0,2026-09-02 00:00:00,2026-10-02 00:00:00,Under Surveillance,"Cases from Village Nagathi Basapura after food at a marriage ceremony (51 from Lakkundi, 32 from Vijayanagar), age 5-59 years. All stool and water samples negative. Community awareness given."
Kerala,Ernakulam,Acute Gastroenteritis,60,0,2026-12-02 00:00:00,14-02-2026,Under Surveillance,"Cases among employees of Kinfra High Tech Park, Kalamassery, age 21-40 years. Cases linked to canteen food. Treated at GMC and Sunrise Hospital. Community awareness given."
Kerala,Ernakulam,Acute Gastroenteritis,37,0,2026-09-02 00:00:00,13-02-2026,Under Surveillance,"Cases from Village Edakochi after food at marriage ceremony (~700 attendees), age 5-15 years. 3 water samples showed E. coli. Community awareness given."
Kerala,Ernakulam,Mpox (Clade I),1,0,2026-12-02 00:00:00,13-02-2026,Under Surveillance,30-year-old female arrived at Kochi airport on 08.02.2026 with lesions. RT-PCR positive for Mpox (Clade I confirmed 16.02.2026). Discharged 03.03.2026. 22 flight contacts followed up for 21 days - all asymptomatic.
Kerala,Ernakulam,Chickenpox,15,0,2026-11-02 00:00:00,2026-12-02 00:00:00,Under Surveillance,"Cases from Model Engineering College 3rd year students, age 20-21 years. Clinically diagnosed. Classrooms disinfected. 7-day isolation advised. Community awareness given."
Kerala,Ernakulam,Measles,5,0,2026-09-02 00:00:00,2026-09-02 00:00:00,Under Surveillance,"Cases from Village Elamkunnapuzha, age 7-34 years. 3 blood samples positive for Measles (IgM ELISA) at State Public Health Laboratory. Vitamin A given. Community awareness given."
Kerala,Kottayam,Chickenpox,10,0,2026-12-02 00:00:00,13-02-2026,Under Surveillance,"Cases from St. Joseph UPS Vellilapilly School, age mostly below 15 years. Clinically diagnosed. 7-day isolation advised. Community awareness given."
Kerala,Thiruvananthapuram,Chickenpox,21,0,13-02-2026,13-02-2026,Under Surveillance,"Cases from GV Raja Sports School, age 11-19 years. Clinically diagnosed. All cases recovered. 7-day isolation advised. Community awareness given."
Kerala,Thrissur,Suspected Food Poisoning,58,0,2026-08-02 00:00:00,2026-12-02 00:00:00,Under Surveillance,Cases from Village Anjur after food at marriage function (~1300 attendees). All cases recovered. Community awareness given.
Madhya Pradesh,Jabalpur,Rubella,5,0,2026-11-02 00:00:00,2026-11-02 00:00:00,Under Surveillance,"Cases from Village Khajuri, age 2-10 years. 1 of 3 blood samples positive for Rubella (IgM ELISA) at ICMR Jabalpur. Community awareness given."
Madhya Pradesh,Panna,Chickenpox,15,0,2026-11-02 00:00:00,2026-11-02 00:00:00,Under Surveillance,"Cases from Village Ramkhiriya, age 14-17 years. Clinically diagnosed with chickenpox. Community awareness given."
Madhya Pradesh,Rajgarh,Suspected Food Poisoning,22,0,2026-10-02 00:00:00,2026-10-02 00:00:00,Under Surveillance,"Cases from Village Mau after food at religious gathering, age 1-70 years. 15 stool samples negative for cholera by culture. Community awareness given."
Maharashtra,Latur,Suspected Food Poisoning,36,0,2026-11-02 00:00:00,2026-12-02 00:00:00,Under Surveillance,"Cases from Village Mahalungi after food at religious gathering, age 5-44 years. Treated at PHC Janwal. Community awareness given."
Maharashtra,Parbhani,Measles,10,0,2026-11-02 00:00:00,2026-11-02 00:00:00,Under Surveillance,"Cases from Village Pimpla, age 11 months-6.5 years. 3 of 9 blood samples positive for Measles (IgM ELISA) at Haffkine Institute Mumbai. Community awareness given."
Maharashtra,Parbhani,Measles,5,0,2026-11-02 00:00:00,2026-11-02 00:00:00,Under Surveillance,"Cases from Village Dhangar Moha, age 2-12 years. 2 of 5 blood samples positive for Measles (IgM ELISA) at Haffkine Institute Mumbai. Community awareness given."
Odisha,Bhadrak,Measles,21,0,2026-09-02 00:00:00,2026-09-02 00:00:00,Under Surveillance,"Cases from Villages Nami, Rebo and Uttarbad, age 2-15 years. All 11 blood samples negative for Measles (IgM ELISA) at RMRC. Clinically diagnosed with Measles. Community awareness given."
Odisha,Mayurbhanj,Suspected Food Poisoning,10,0,2026-10-02 00:00:00,2026-10-02 00:00:00,Under Surveillance,Cases from Village Sulagadia after consuming food at a local restaurant. All cases recovered. Community awareness given.
Tamil Nadu,Erode,Chickenpox,6,0,2026-11-02 00:00:00,2026-11-02 00:00:00,Under Surveillance,"Cases from Village Aalathucombai, age 2-36 years. 2 of 3 serum samples positive for V. zoster (IgM ELISA). Tab Acyclovir given. Community awareness given."
Tamil Nadu,Krishnagiri,Chickenpox,5,0,13-02-2026,13-02-2026,Under Surveillance,"Cases from Village Nellumaru Agraharam, age 18 years. Clinically diagnosed. All cases treated symptomatically. Community awareness given."
Tamil Nadu,Namakkal,Chickenpox,25,0,2026-10-02 00:00:00,2026-10-02 00:00:00,Under Surveillance,"Cases from R. Goundampalayam Govt. Middle School, age 7-13 years. 2 of 3 blood samples positive for V. zoster (IgM ELISA). Tab Acyclovir given. Community awareness given."
Tamil Nadu,Perambalur,Chickenpox,20,0,2026-10-02 00:00:00,2026-11-02 00:00:00,Under Surveillance,"Cases from Village Maruthadi, age 6-35 years. All 5 serum samples positive for V. zoster (IgM ELISA). Treated at PHC Padalur. Community awareness given."
Tamil Nadu,Tenkasi,Chickenpox,12,0,13-02-2026,14-02-2026,Under Surveillance,Cases from Athithanar Primary School (4th and 5th standard). 5 of 10 blood samples positive for V. zoster (IgM ELISA) at King Institute Chennai. Tab Acyclovir and Vitamin A given.
Tamil Nadu,Tiruvannamalai,Chickenpox,9,0,2026-11-02 00:00:00,13-02-2026,Under Surveillance,"Cases from Village Pudhuperttai, age 7-11 years. Clinically diagnosed. Community awareness given."
Bihar,Samastipur,Fever with rash,11,0,2026-05-01 00:00:00,,Under Surveillance,"Cases from Village Masina, age 11 months-60 years. 9 blood samples tested negative for Measles (IgM ELISA) at AIIMS Patna. Community awareness given. [Late report]"
Kerala,Palakkad,Acute Gastroenteritis,56,0,2026-09-01 00:00:00,,Under Surveillance,"Cases from Village Aruvikkara after food at death rituals, age 7-57 years. All cases recovered. Treated at PHC Mannur. Community awareness given. [Late report]"
Andhra Pradesh,Tirupati,Suspected Food Poisoning,22,0,21-02-2026,21-02-2026,Under Surveillance,"Cases from OVR Nursing College hostel (dinner), age 18-20 years. 2 water samples tested - no positive findings. Community awareness given."
Assam,Biswanath,Chickenpox,10,0,21-02-2026,22-02-2026,Under Surveillance,"Cases from Barangabari Nursing School's hostel, age 18-23 years. 2 blood samples positive for Varicella zoster by IgM ELISA at IPHL Darang. Community awareness given."
Assam,Charaideo,Suspected Food Poisoning,9,0,18-02-2026,18-02-2026,Under Surveillance,"Cases from Village Chola F.R after community feast (rice, dal, cabbage curry, fish), age 10-68 years. Community awareness given."
Assam,Nagaon,Fever with Rash,12,0,17-02-2026,18-02-2026,Under Surveillance,"Cases from Village Deori Chilabandha, age 7-30 years. 3 serum samples tested negative for V. zoster, measles and rubella (IgM ELISA). Community awareness given."
Bihar,Begusarai,Measles,17,0,17-02-2026,18-02-2026,Under Surveillance,"Cases from Village Binalpur, age 5 months-12 years. 4 of 5 serum samples positive for Measles (IgM ELISA) at AIIMS Patna. Community awareness given."
Bihar,Sheohar,Fever with Rash,13,0,17-02-2026,17-02-2026,Under Surveillance,"Cases from Village Chhatauni, age 2-12 years. 3 blood samples tested by WHO for Measles and Rubella - no positive findings. Vitamin A administered. Community awareness given."
Chhattisgarh,Janjgir-Champa,Chickenpox,10,0,19-02-2026,20-02-2026,Under Surveillance,"Cases from Village Kesala, age 7-15 years. 2 serum samples positive for Varicella zoster (IgM ELISA) at AIIMS Raipur. Medical camp organized. Community awareness given."
Chhattisgarh,Raipur,Jaundice,33,0,21-02-2026,21-02-2026,Under Surveillance,"Cases from Girls Hostel Pt RSU, age 18-27 years. 1 blood sample positive for Hepatitis A (IgM ELISA). Chlorination done. Medical camp organized. Community awareness given."
Chhattisgarh,Surguja,Jaundice,67,0,20-02-2026,21-02-2026,Under Surveillance,Cases from Nawagarh Mominpur. 1 of 67 serum samples positive for Hepatitis A (IgM ELISA). Pipeline leakages repaired. Chlorination done. Community awareness given.
Gujarat,Chhotaudepur,Suspected Typhoid,39,0,20-02-2026,21-02-2026,Under Surveillance,"Cases from Village Tadkachhala, age 9-70 years. All 39 blood samples positive for Salmonella typhi. Pipeline leakages repaired. Chlorination done. Community awareness given."
Gujarat,Surendranagar,Measles,18,0,18-02-2026,18-02-2026,Under Surveillance,"Cases from urban Dhrangadhra, age 1-13 years. All 6 blood samples positive for Measles (IgM ELISA). Vitamin A given. All cases recovered. Community awareness given."
Jharkhand,Dhanbad,Chickenpox,7,0,13-02-2026,17-02-2026,Under Surveillance,"Cases from Dhanbad city urban area, age 4-17 years. 2 blood samples positive for V. zoster (IgM ELISA). Treated at Sadar Hospital. Community awareness given."
Jharkhand,Dumka,Chickenpox,12,0,15-02-2026,16-02-2026,Under Surveillance,"Cases from Village Tharihat, age 9 months-65 years. 4 of 5 blood samples positive for V. zoster (IgM ELISA) at DPHL Dumka. Community awareness given."
Jharkhand,East Singhbhum,Chickenpox,14,0,21-02-2026,21-02-2026,Under Surveillance,"Cases from Village Shirishbani, age 4-62 years. 1 blood sample tested negative. Clinically diagnosed. Community awareness given."
Jharkhand,Jamtara,Chickenpox,5,0,16-02-2026,16-02-2026,Under Surveillance,"Cases from Village Chihutiya, age 8-32 years. 4 of 5 blood samples positive for V. zoster (IgM ELISA) at RIMS Ranchi. Community awareness given."
Karnataka,Koppal,Suspected Food Poisoning,68,0,21-02-2026,21-02-2026,Under Surveillance,"Cases from Village Gunnal after leftover food at marriage function, age 15-59 years. 2 water samples non-potable; 7 stool samples negative for cholera. Community awareness given."
Kerala,Kannur,Acute Diarrheal Disease,32,0,17-02-2026,17-02-2026,Under Surveillance,"Cases from Village Kannadiparamba after food at business function (~170 attendees), age 20-60 years. Water sample showed absence of coliform and E. coli. Community awareness given."
Kerala,Kannur,Suspected Food Poisoning,49,0,13-02-2026,16-02-2026,Under Surveillance,"Cases from Village Kuttiattoor after food at marriage ceremony (~1000 attendees), age 5-15 years. 3 of 6 water samples unsatisfactory. All cases recovered. Community awareness given."
Kerala,Kottayam,Mumps,22,0,17-02-2026,17-02-2026,Under Surveillance,"Cases from Kendriya Vidyalaya School, age 6-7 years. Clinically diagnosed. All cases recovered. 7-day isolation advised. Community awareness given."
Kerala,Kozhikode,Mpox (Clade II),1,0,16-02-2026,20-02-2026,Under Surveillance,33-year-old male returned from Saudi Arabia. Confirmed Mpox (Clade II) on 23.02.2026 at NIV Pune. Multiple follow-up samples positive. Home isolation discontinued 17.03.2026.
Kerala,Kozhikode,Chickenpox,17,0,17-02-2026,18-02-2026,Under Surveillance,"Cases from LISAA College, age 20-24 years. Cases developed symptoms after returning from study tour to Delhi. Treated symptomatically. Community awareness given."
Kerala,Malappuram,Acute Gastroenteritis,72,0,2026-11-02 00:00:00,18-02-2026,Under Surveillance,"Cases from CHC Edapal after food at marriage reception (08.02.2026), age 6-41 years. Stool samples showed absence of Shigella and V. cholera. All cases recovered."
Kerala,Palakkad,Chickenpox,17,0,20-02-2026,20-02-2026,Under Surveillance,"Cases from Vimalabhavan school, age 5-12 years (LKG, UKG, 3rd standard). Clinically diagnosed. Community awareness given."
Kerala,Thiruvananthapuram,Suspected Food Poisoning,9,2,17-02-2026,17-02-2026,Under Surveillance,"Cases from Asmak Hotel Vizhinjam after seafood (mollusc, fish egg, squid). 2 patients brought dead with neurological symptoms. Inspection drives done in food establishments."
Kerala,Thrissur,Zika Virus,1,0,18-02-2026,20-02-2026,Under Surveillance,64-year-old male from Village Edakkunni. Zika virus confirmed by RT-PCR at GMC Thrissur and NIV Pune on 26.02.2026. Patient discharged 23.02.2026. Vector control measures implemented.
Madhya Pradesh,Panna,Measles,15,0,19-02-2026,19-02-2026,Under Surveillance,"Cases from Village Kuluwa, age 1-11 years. Clinically diagnosed with measles. Community awareness given."
Madhya Pradesh,Raisen,Measles,11,0,19-02-2026,20-02-2026,Under Surveillance,"Cases from Village Umrai Bahara, age 6 months-8 years. All 6 blood samples positive for Measles (IgM ELISA). Community awareness given."
Madhya Pradesh,Raisen,Measles,9,0,16-02-2026,16-02-2026,Under Surveillance,"Cases from Wards 3,7,8,17,18, age 7 months-14 years. 8 of 9 blood samples positive for Measles (IgM ELISA). Treated at District Hospital Raisen. Community awareness given."
Madhya Pradesh,Shajapur,Measles,5,0,21-02-2026,21-02-2026,Under Surveillance,"Cases from Village Rehali, age 9-25 years. 1 of 5 blood samples positive for Measles (IgM ELISA). Community awareness given."
Maharashtra,Nagpur,Suspected Food Poisoning,90,0,19-02-2026,20-02-2026,Under Surveillance,Cases from Vainganga Engineering College students after hostel canteen food. Treated at AIIMS Nagpur. All cases recovered. Community awareness given.
Maharashtra,Nagpur,Hepatitis A,5,0,18-02-2026,18-02-2026,Under Surveillance,"Cases from New Mankapur area, age 9 months-25 years. 5 of 8 blood samples positive for Hepatitis A (IgM ELISA). 7 water samples potable. Pipeline leakages repaired. Chlorination done."
Maharashtra,Sangli,Acute Diarrhoeal Disease,63,0,20-02-2026,20-02-2026,Under Surveillance,"Cases from Village Kapari, age 3-70 years. E. coli found in 3 of 4 stool samples. Pipeline leakages repaired. Chlorination done. All cases recovered."
Odisha,Bhadrak,Suspected Food Poisoning,20,0,17-02-2026,18-02-2026,Under Surveillance,Cases from Village Patuli after food served by Happy Club Kenduapada (16.02.2026). All age groups affected. Community awareness given.
Odisha,Cuttack,Hepatitis A,21,0,17-02-2026,17-02-2026,Under Surveillance,"Cases from Village Akshya Mohanty Gali, age 4-50 years. 7 of 21 blood samples positive for Hepatitis A (IgM ELISA). Chlorination done. Community awareness given."
Odisha,Deogarh,Acute Gastroenteritis,54,0,21-02-2026,21-02-2026,Under Surveillance,"Cases from Village Khajurikhaman New Sahi after food at marriage function, age 15-44 years. All cases recovered. Treated at CHC Barkot. Community awareness given."
Odisha,Kendujhar,Jaundice,10,0,13-02-2026,19-02-2026,Under Surveillance,"Cases from Village Bancho, age 4-20 years. Water from overhead tank. 4 blood samples negative for Hepatitis A. Overhead tank cleaned. Chlorination done. Community awareness given."
Odisha,Kendujhar,Measles,36,0,13-02-2026,17-02-2026,Under Surveillance,"Cases from Ganapati Vidya Niketan residential school, age 7-10 years. 1 of 4 serum samples positive for Measles (IgM ELISA). All cases recovered. Community awareness given."
Odisha,Nayagarh,Hepatitis A,13,0,19-02-2026,21-02-2026,Under Surveillance,"Cases from Village Arjunapur, age 9-17 years. 12 of 13 serum samples positive for Hepatitis A (IgM ELISA). Treated at CHC Rajsunakhala. Community awareness given."
Punjab,Sangrur,Hepatitis E,29,0,13-02-2026,17-02-2026,Under Surveillance,"Cases from Village Lehraga, age 4-60 years. 3 of 6 blood samples positive for Hepatitis E (IgM ELISA). Chlorination done. Community awareness given."
Rajasthan,Ajmer,Suspected Food Poisoning,86,0,17-02-2026,18-02-2026,Under Surveillance,"Cases from Village Devlia after Bhandara food (Moong Daal Halwa, Besan Pakodi, Puri, split chickpea curry), 4-5 hours after eating. 12 treated at SDH Nasirabad. All cases recovered."
Tamil Nadu,Coimbatore,Acute Gastroenteritis,19,0,17-02-2026,17-02-2026,Under Surveillance,"Cases from Dhasanayankpalayam Middle school students after mid-day meal, age 7-14 years. Treated at GH Pollachi. All cases recovered. Community awareness given."
Tamil Nadu,Dindigul,Chickenpox,10,0,14-02-2026,16-02-2026,Under Surveillance,"Cases from Village Vitalnayakanpatti, age 6-10 years. All 5 serum samples positive for V. zoster (IgM ELISA). Community awareness given."
Tamil Nadu,Karur,Chickenpox,13,0,14-02-2026,16-02-2026,Under Surveillance,"Cases from Village Erumaikaranur, age 8-40 years. All 4 serum samples positive for V. zoster (IgM ELISA). Community awareness given."
Tamil Nadu,Pudukkottai,Chickenpox,8,0,20-02-2026,20-02-2026,Under Surveillance,"Cases from Middle school Aranthangi Municipality, age 11-13 years. 2 of 4 serum samples positive for V. zoster (IgM ELISA). Community awareness given."
Tamil Nadu,Pudukkottai,Chickenpox,5,0,16-02-2026,16-02-2026,Under Surveillance,"Cases from Village Annavasal, age 4-24 years. 1 of 2 serum samples positive for V. zoster (IgM ELISA). Community awareness given."
Tamil Nadu,Salem,Chickenpox,24,0,20-02-2026,20-02-2026,Under Surveillance,"Cases from Village M. Perumalpalayam, age 6-43 years. 4 of 5 serum samples positive for V. zoster (IgM ELISA). Community awareness given."
Tamil Nadu,The Nilgiris,Acute Gastroenteritis,142,0,20-02-2026,22-02-2026,Under Surveillance,"Cases from Lawrence School. Both children and adults affected. Overhead tanks cleaned, pipeline inspected, superchlorination done. Alternate drinking water provided. Community awareness given."
Tamil Nadu,Tiruvannamalai,Chickenpox,11,0,18-02-2026,19-02-2026,Under Surveillance,"Cases from Village Zamingudalore colony, age 8-42 years. All 6 blood samples positive for V. zoster (IgM ELISA). Community awareness given."
Uttar Pradesh,Gautam Buddha Nagar,Suspected Food Poisoning,90,0,16-02-2026,21-02-2026,Under Surveillance,"Cases from Supertech Eco Village area (~20,000-25,000 population) after community feast. Both children and adults affected. Community awareness given."
West Bengal,24 Paraganas North,Acute Diarrheal Disease,428,0,17-02-2026,18-02-2026,Under Surveillance,Cases from E Block Sapoorji Complex New Town (~5000 population). Probable source: contaminated water. 4 rectal swab samples negative for cholera. Alternate water arranged. Chlorination done.
West Bengal,Alipurduar,Measles,19,0,18-02-2026,18-02-2026,Under Surveillance,"Cases from Workers High School Rahimabad Tea Garden, age 14-18 years. 5 of 19 blood samples positive for Measles (IgM ELISA). Community awareness given."
Andhra Pradesh,Alluri Sitharama Raju,Acute Gastroenteritis,139,0,2026-08-02 00:00:00,,Under Surveillance,"Cases from Village Rampachodavaram, age 11-17 years. All cases recovered. Treated at PHC Maredumilli and AH Rampachodavaram. [Late report]"
Andhra Pradesh,Visakhapatnam,Acute Gastroenteritis,65,0,2026-11-02 00:00:00,,Under Surveillance,"Cases from Jawahar Navodaya Vidyalaya School after consuming snacks from local shop, age 11-17 years. Medical camp conducted. Sanitation drive done. [Late report]"
Bihar,Khagaria,Dysentery,98,0,19-01-2026,,Under Surveillance,"Cases from Village Nayagaon, age 5-85 years. ORS, IV fluids and medicines provided. Community awareness given. [Late report]"
Bihar,Supaul,Chickenpox,14,0,14-01-2026,,Under Control,"Cases from Village Tribeniganj, age 1-15 years. Clinically diagnosed. Symptomatic treatment given. Community awareness given. [Late report]"
Chhattisgarh,Bilaspur,Measles,7,0,2026-03-02 00:00:00,,Under Surveillance,"Cases from Sarkanda and urban Bilaspur, age 10 months-29 years. 4 of 7 serum samples positive for Measles (IgM ELISA). Vitamin A given. Community awareness given. [Late report]"
Tamil Nadu,Thanjavur,Chickenpox,9,0,20-01-2026,,Under Surveillance,"Cases from Railway School UPHC Kallukulam, age 8-13 years. All 7 serum samples positive for V. zoster (IgM ELISA). Community awareness given. [Late report]"
Uttar Pradesh,Jaunpur,Measles,5,0,31-01-2026,,Under Surveillance,"Cases from Village Marawa Mohiuddinpur, age 1-8 years. 3 of 5 serum samples positive for Measles (IgM ELISA). Community awareness given. [Late report]"
Andhra Pradesh,Anakapalli,Chickenpox,14,0,24-02-2026,28-02-2026,Under Control,"Cases of fever with rash from Village Vooderu. District RRT investigated. House to house search done. Age group 6-13 years. 13 serum samples tested negative for Measles and Rubella (IgM ELISA). Clinically diagnosed chickenpox. Community awareness given on spread of infection, isolation, hygiene and sanitation."
Andhra Pradesh,Ananthapuramu,Acute Diarrhoeal Disease,17,0,23-02-2026,23-02-2026,Under Surveillance,"Cases of loose motion from Village E.Sodanapalli. District RRT investigated. Age group 12-75 years. Cases treated at CHC Singanamala. Medical camp conducted. Chlorination of water source done. Community awareness on safe drinking water, hygiene and sanitation."
Andhra Pradesh,Chittoor,Fever with Rash,13,0,27-02-2026,27-02-2026,Under Surveillance,"Cases of fever with rash from Village/PHC Veernamala. District RRT investigated. Active search done. Cases were students of different schools. All cases treated. Community awareness on spread of infection, isolation, hygiene and sanitation."
Andhra Pradesh,Srikakulam,Acute Diarrhoeal Disease,172,0,23-02-2026,23-02-2026,Under Surveillance,"Cases of loose motion from Urban area Pathan. District RRT investigated. House to house survey done. Cases treated at health facilities. Children and adults affected. ORS packets given. Chlorination done. Pipeline leakages inspected and repaired. Community awareness on safe drinking water, hygiene and sanitation."
Andhra Pradesh,Visakhapatnam,Acute Gastroenteritis,25,0,26-02-2026,27-02-2026,Under Surveillance,"Cases of loose motion, vomiting and abdominal pain from Hare Rama Hare Krishna foundation, Akshyapatra Ashram. Cases had consumed breakfast (dosa, coconut and peanut chutney, sambar and buttermilk). Medical Camp conducted. Cases treated at NRI Private Hospital. All cases recovered. Age group 26-40 years. Community awareness on safe food habits, hygiene and sanitation."
Assam,Golaghat,Acute Diarrhoeal Disease,19,0,25-02-2026,25-02-2026,Under Surveillance,"Cases of loose motion from Village Riri. District RRT and Block Health Team investigated. 2 water and 2 rectal swab samples tested. Water samples negative by H2S and MPN tests. Rectal swab culture showed normal flora. Cases treated at Bokakhat Sub Divisional Civil Hospital. Community awareness on safe drinking water, hygiene and sanitation."
Bihar,Kishanganj,Measles,8,0,25-02-2026,27-02-2026,Under Surveillance,"Cases of fever with maculopapular rash from Village Barab Kahunia. District RRT investigated. Active search done. Cases treated symptomatically. Age group 2-20 years. Clinically diagnosed with Measles. Community awareness on spread of infection, isolation, hygiene and sanitation."
Chhattisgarh,Bastar,Acute Diarrhoeal Disease,37,0,20-02-2026,24-02-2026,Under Control,"Cases of vomiting and loose motion from Village Nalpawand. District RRT investigated. Medical camp and house-to-house survey conducted. Age group 2-61 years. 1 stool sample sent to Medical College Dimrapal - negative. 1 water sample - no positive findings. Community awareness on safe drinking water, hygiene and sanitation."
Chhattisgarh,Durg,Chickenpox,6,0,26-02-2026,27-02-2026,Under Surveillance,"Cases of fever with rash from Village Ganiyari. District RRT investigated. Door-to-door survey conducted. Age group 3-27 years. 2 blood samples tested at NIRTH Jagdalpur for Measles and Rubella - no positive findings. Community awareness on spread of infection, isolation, hygiene and sanitation."
Chhattisgarh,Gariyaband,Acute Diarrhoeal Disease,53,0,22-02-2026,23-02-2026,Under Surveillance,"Cases of loose motion and vomiting from Villages Boirgaonkalan and Mohlai. District and Block RRT investigated. Age group 4-72 years. 3 stool samples sent to Raipur Medical College and 2 water samples to PHE Gariaband Lab - no positive findings. Community awareness on safe drinking water, hygiene and sanitation."
Gujarat,Morbi,Measles,5,0,28-02-2026,28-02-2026,Under Surveillance,"Cases of fever with maculopapular rash from Village Ghunada Sajanpar. District RRT investigated. Age group 7-12 years. 4 out of 5 serum and throat swab samples positive for Measles (IgM ELISA). Children vaccinated with MR vaccine. Vitamin A solution given. Community awareness on spread of infection, isolation, hygiene and sanitation."
Haryana,Ambala,Hepatitis A & E,37,0,23-02-2026,24-02-2026,Under Surveillance,"Cases of jaundice, loss of appetite, abdominal pain from Village Ugala. District RRT investigated. House-to-house survey done. Age group 10-18 years. 66 water samples for bacteriological analysis; 123 blood samples tested - 34 positive for Hepatitis A, 3 positive for Hepatitis E. 5 water samples positive for coliform. Chlorination done. Community awareness on safe drinking water, hygiene and sanitation."
Haryana,Kurukshetra,Acute Diarrhoeal Disease,26,0,25-02-2026,25-02-2026,Under Control,"Cases of loose stools, abdominal pain, fever from Urban Thanesar. District RRT investigated. Age group 1-72 years. 4 out of 7 water samples non-potable. 7 blood samples tested for HAV, HEV, Widal; 4 stool samples tested for cholera - no positive findings. Halogen, zinc, ORS distributed. Community awareness on hygiene and sanitation."
Jammu and Kashmir,Baramulla,Hepatitis A,13,0,28-02-2026,28-02-2026,Under Surveillance,"Cases of yellow discoloration of eyes, abdominal pain from Village Khadaniar. District and Block RRT investigated. Age group 5-21 years. 3 out of 9 blood samples positive for Hepatitis A (IgM ELISA). 1 water sample unsatisfactory. Community awareness on safe drinking water, hygiene and sanitation."
Jharkhand,East Singhbum,Chickenpox,6,0,21-02-2026,24-02-2026,Under Surveillance,"Cases of papulo-vesiculo-pustular eruption and fever from Village Shirishbani. District RRT investigated. Age group 2-35 years. Both blood samples tested positive for Varicella zoster (IgM ELISA) at MGM VRDL lab. Community awareness on spread of infection, isolation, hygiene and sanitation."
Karnataka,Bidar,Acute Diarrhoeal Disease,11,0,23-02-2026,24-02-2026,Under Control,"Cases of loose motion from Village Nimboora. District RRT investigated. Age group 11-78 years. 4 stool samples negative; both water samples not potable (NSPP). Cause: consumption of contaminated bore well water. Temporary medical camp established. ORS packets distributed. Pipeline repairs initiated. Community awareness on safe drinking water, hygiene and sanitation."
Karnataka,Mysuru,Chickenpox,51,0,26-02-2026,26-02-2026,Under Surveillance,"Cases of fever followed by vesicular rash from Government Higher Primary School, Village Chilkunda. District RRT investigated. Age group 5-14 years. All 5 serum samples positive for Chickenpox (IgM ELISA) at Mysore Medical College. Community awareness on spread of infection, isolation, hygiene and sanitation."
Kerala,Ernakulam,Measles,5,0,2026-02-02 00:00:00,27-02-2026,Under Surveillance,"Cases of fever with rash from Village Vadavucode. District RRT investigated. Age group 5-46 years. 4 out of 5 serum samples positive for Measles (PCR) at State Public Health Laboratory. 3 cases vaccinated for MR. Community awareness on spread of infection, isolation, hygiene and sanitation."
Kerala,Ernakulam,Acute Gastroenteritis,55,0,26-02-2026,27-02-2026,Under Surveillance,"Cases of loose motion, abdominal pain, fever from Sree Sudheendra Nursing School hostel. District RRT investigated. Age group 16-30 years. E. coli found in both water samples. After super chlorination, all 5 samples found sterile. Community awareness on safe drinking water, hygiene and sanitation."
Kerala,Ernakulam,Chickenpox,9,0,23-02-2026,27-02-2026,Under Surveillance,"Cases of fever, myalgia and rash from Rajagiri Higher Secondary School, Kalamassery. District RRT investigated. Cases were 9-year-old students from 3rd standard. Clinically diagnosed and symptomatically treated. Community awareness on spread of infection, isolation, hygiene and sanitation."
Kerala,Kannur,Hepatitis A,15,0,27-02-2026,27-02-2026,Under Surveillance,"Cases from Ward 2, Koyatile area, Village Kannavam. District RRT investigated. Age group 7-57 years. 4 blood samples positive for Hepatitis A (IgM ELISA). 1 water sample positive for E. coli. Community awareness on safe food habits, hygiene and sanitation."
Kerala,Kannur,Acute Diarrhoeal Disease,34,0,23-02-2026,24-02-2026,Under Surveillance,"Cases of abdominal pain, vomiting, loose stools from Government Nursing College Girls Hostel after consuming chicken biriyani dinner. District RRT investigated. Age group 17-21 years. Students treated at Pariyaram Medical College Hospital. Used oil residue found on kitchen inspection. Community awareness on safe food habits, hygiene and sanitation."
Kerala,Kozhikode,Hepatitis A,14,0,25-02-2026,25-02-2026,Under Surveillance,"Cases of fever, vomiting from GMUP School Kodiyathoor. District RRT investigated. Age group 12-20 years. School well water positive for coliform and E.coli. 3 serum samples positive for HAV (IgM ELISA). All cases recovered. Chlorination done. Community awareness on safe food habits, hygiene and sanitation."
Kerala,Pathanamthitta,Hepatitis A,15,0,25-02-2026,25-02-2026,Under Surveillance,"Cases of abdominal pain, nausea, yellow colored urine among CM Hospital staff. District RRT investigated. Age group 20-50 years. All 15 serum samples positive for Hepatitis A (IgM ELISA). 5 water samples unsatisfactory. Chlorination done. Community awareness on safe food habits, hygiene and sanitation."
Kerala,Thiruvananthapuram,Suspected Food Poisoning,78,0,25-02-2026,25-02-2026,Under Surveillance,"Cases of loose motion, vomiting, abdominal pain from Village Pettah after eating at religious gathering. District RRT investigated. Cases treated at UPHC Palkulangara. All cases recovered. Age group 45-59 years. Community awareness on safe food habits, hygiene and sanitation."
Kerala,Thrissur,Mumps,7,0,23-02-2026,2026-01-03 00:00:00,Under Surveillance,"Cases of fever with parotid gland swelling from Excelsior LP School, Kandanassery. 7 out of 28 students in 2nd standard class affected. Cases treated at FHC Kandanassery. Clinically diagnosed with Mumps. All cases received MR vaccination only and were home isolated. Community awareness through parents WhatsApp groups."
Kerala,Wayanad,Chickenpox,24,0,28-02-2026,2026-01-03 00:00:00,Under Surveillance,"Cases of fever with vesicular rash from Village Pozhuthana. District RRT investigated. All cases treated symptomatically. Age group 13-15 years. Community awareness on isolation of cases, hygiene and proper nutrition."
Madhya Pradesh,Chhindwara,Chickenpox,32,0,25-02-2026,25-02-2026,Under Surveillance,"Cases of fever with fluid filled vesicles from Village Pataniya. District and Block RRT investigated. Age group 3-42 years. House-to-house survey conducted. Clinically diagnosed with chickenpox. Symptomatic treatment given. Community awareness on spread of infection, isolation, hygiene and sanitation."
Madhya Pradesh,Neemuch,Measles,5,0,24-02-2026,26-02-2026,Under Surveillance,"Cases of fever with maculopapular rash from Village Dayli. District RRT investigated. Age group 1-14 years. 5 blood serum samples tested positive for Measles (IgM ELISA) at GMC Bhopal. House-to-house and school surveys conducted. Community awareness on spread of infection, isolation, hygiene and sanitation."
Madhya Pradesh,Ratlam,Measles,13,0,24-02-2026,24-02-2026,Under Surveillance,"Cases of fever with maculopapular rash from Village Rupapada. District RRT investigated. Age group 10 months-9 years. 5 serum samples positive for Measles (IgM ELISA) at GMC Bhopal. House-to-house surveys conducted. Community awareness on spread of infection, isolation, vaccination, hygiene and sanitation."
Madhya Pradesh,Shivpuri,Measles,6,0,30-01-2026,24-02-2026,Under Surveillance,"Cases of fever with maculopapular rash from Ward No.1, Krishna Nagar Colony. Age group 1-7 years. 3 out of 6 blood samples positive for Measles (IgM ELISA) at GMC Bhopal. House-to-house survey conducted. Community awareness on spread of infection, isolation, hygiene and sanitation."
Odisha,Anugul,Acute Diarrhoeal Disease,59,0,28-02-2026,28-02-2026,Under Surveillance,"Cases of loose motion with abdominal pain from Village Tubey. District and Block RRT investigated. Age group 15-44 years. E. coli with counts >50/100 ml in rectal swab culture. 3 water samples positive by H2S test, OT levels <0.01 ppm. Water source identified as suspected source. Contact dose administration done. Community awareness on safe drinking water, hygiene and sanitation."
Odisha,Jharsuguda,Acute Diarrhoeal Disease,22,0,27-02-2026,28-02-2026,Under Control,"Cases of loose motion from Village Panchgaon. Hostel students of Panchasakha UP School who had consumed leftover chicken. District RRT investigated. Age group 5-14 years. Enterococcus spp. found in 2 stool samples. Food-borne source suspected. Community awareness on safe drinking water, hygiene and sanitation."
Odisha,Kandhamal,Suspected Food Poisoning,43,0,24-02-2026,25-02-2026,Under Control,"Cases from Village Sirla. Students of Sirla High School who had consumed food at hostel canteen. District and Block RRT investigated. Age group 15-44 years. Health camp organized. No positive findings in laboratory tests. Water disinfection done. Community awareness on safe drinking water, hygiene and sanitation."
Odisha,Nuapada,Suspected Food Poisoning,22,0,24-02-2026,24-02-2026,Under Control,Cases of loose motion with vomiting from Village Kalyanpur after consuming prasad at marriage function. District and Block RRT investigated. Age group 15-44 years. Health camp organized. No positive findings in laboratory tests. Cases treated at CHC Khariar and DHH Nuapada. Water disinfection done.
Punjab,Firozepur,Leptospirosis,37,1,26-02-2026,27-02-2026,Under Surveillance,"Cases of jaundice, pain in abdomen, fever from Village Hazara Singh Wala. District RRT investigated. Age group 6 months-65 years. 37 out of 77 blood samples positive for leptospirosis (ELISA). 32 out of 46 water samples non-potable. A 12-year-old female died on 21.02.26 with symptoms of fever, jaundice. House-to-house surveys done, medical camps arranged, ORS and chlorine pellets distributed."
Punjab,Shahid Bhagat Singh Nagar,Acute Diarrhoeal Disease,11,0,24-02-2026,24-02-2026,Under Control,"Cases of loose motion, vomiting from Village Kathgarh. District RRT investigated. Age group 22-78 years. 11 out of 25 water samples non-potable. 3 blood samples negative for Hepatitis A and E. 2 stool samples negative for cholera. Water pipelines inspected and repaired. Chlorine tablets and ORS distributed. Community awareness on safe drinking water, hygiene and sanitation."
Tamil Nadu,Kallakurichi,Chickenpox,13,0,27-02-2026,27-02-2026,Under Surveillance,"Cases of fever with vesicular rash from Village Urangani. District RRT investigated. All cases treated symptomatically. Cases below 15 years. 2 serum samples negative for V. zoster (IgM ELISA) at King Institute. Clinically diagnosed with chickenpox. Community awareness on isolation, hygiene and proper nutrition."
Tamil Nadu,Kallakurichi,Chickenpox,15,0,24-02-2026,24-02-2026,Under Surveillance,"Cases of fever with vesicular rash from Village Keelapattu. District RRT investigated. Active search done. Cases treated symptomatically. Children and adults affected. 3 serum samples negative for V. zoster (IgM ELISA) at King Institute. Clinically diagnosed with chickenpox. Community awareness on isolation, hygiene and proper nutrition."
Tamil Nadu,Kallakurichi,Chickenpox,26,0,23-02-2026,24-02-2026,Under Surveillance,"Cases of fever with rashes from Government Higher Secondary School Seshasamudhiram. District RRT investigated. Cases below 18 years. 5 serum samples negative for V. zoster (IgM ELISA) at King Institute. Clinically diagnosed with chickenpox. School advised to isolate symptomatic cases for 7 days. Community awareness on isolation, hygiene and proper nutrition."
Tamil Nadu,Krishnagiri,Measles,8,0,20-02-2026,26-02-2026,Under Surveillance,"Cases of fever with maculopapular rash from Village Bathalapalli. District RRT investigated. Cases given symptomatic treatment at PHC Kamandoddi. Vitamin A solution given. Age group 3-8 years. 1 serum sample positive for Measles (IgM ELISA). Community awareness on isolation, hygiene and proper nutrition."
Tamil Nadu,Krishnagiri,Chickenpox,5,0,24-02-2026,24-02-2026,Under Surveillance,"Cases of fever with vesicular rash from Village Chinnathammandrapalli. District RRT investigated. Active search done. Cases treated symptomatically. Cases below 15 years. Clinically diagnosed with chickenpox. Community awareness on isolation, hygiene and proper nutrition."
Tamil Nadu,Perambalur,Chickenpox,33,0,28-02-2026,2026-01-03 00:00:00,Under Surveillance,"Cases of fever with vesicular rash from Village Ogalur. District RRT investigated. Active search done. Cases treated symptomatically. Age group below 15 years. 1 out of 4 serum samples positive for V. zoster (IgM ELISA) at King Institute. Community awareness on isolation, hygiene and proper nutrition."
Tamil Nadu,Salem,Chickenpox,12,0,28-02-2026,28-02-2026,Under Surveillance,"Cases of fever with vesicular rash from Village Chinnamasamuthiram. District RRT investigated. Age group 6-10 years. All 4 serum samples positive for VZV (IgM ELISA) at King Institute. Clinically diagnosed with chickenpox. Community awareness on isolation, hygiene and proper nutrition."
Tamil Nadu,Salem,Chickenpox,17,0,24-02-2026,24-02-2026,Under Surveillance,"Cases of fever with vesicular rash from Village Vanavasi. District RRT investigated. Active search done. Cases treated symptomatically. Age group 6-15 years. 3 out of 4 serum samples positive for V. zoster (IgM ELISA). Community awareness on isolation, hygiene and proper nutrition."
Tamil Nadu,Theni,Fever,25,0,24-02-2026,24-02-2026,Under Control,"Cases of fever with myalgia from Village D. Vadipatty. District RRT investigated. House to house fever survey done. 5 serum samples tested by IgM ELISA - no positive findings. Age group 0-15 and above years. Community awareness on vector control measures, hygiene and sanitation."
Tamil Nadu,Villupuram,Measles,5,0,25-02-2026,26-02-2026,Under Surveillance,"Cases of fever with maculo-papular rash from Village Gangavaram. District RRT investigated. Active search done. Cases treated symptomatically. Age group 6-10 years. 5 serum samples tested negative for Measles (IgM ELISA) at King Institute but clinically diagnosed with measles. Vitamin A solution given. Community awareness on isolation, hygiene and proper nutrition."
The Dadra And Nagar Haveli And Daman And Diu,Dadra And Nagar Haveli,Fever with rash,14,0,23-02-2026,24-02-2026,Under Surveillance,"Cases of fever and rash from Village Bindrabin. District RRT investigated. Age group 3-17 years. Cases linked to close contact in a school. 4 blood samples tested negative for Measles (IgM ELISA) at BJMC Ahmedabad. School advised mandatory home isolation until lesions crusted. Community awareness on spread of infection, hygiene and sanitation."
The Dadra And Nagar Haveli And Daman And Diu,Daman,Acute Diarrhoeal Disease,44,0,23-02-2026,24-02-2026,Under Surveillance,"Cases of loose motions from Village Varkund. District RRT investigated. Age group 2-60 years. House to house survey done. ORS distribution and chlorination done. 3 out of 15 water samples contaminated (H2S strip test). Community awareness on safe drinking water, hygiene and sanitation."
Uttar Pradesh,Lalitpur,Measles,13,0,23-02-2026,24-02-2026,Under Surveillance,"Cases of fever with maculopapular rash from Village Patna. District RRT investigated. Active search done. Cases treated symptomatically. Age group 2-13 years. 1 out of 4 blood samples positive for Measles (IgM ELISA). Community awareness on vector control measures, hygiene and sanitation."
Uttar Pradesh,Mirzapur,Measles,5,0,19-02-2026,24-02-2026,Under Surveillance,"Cases of fever with maculopapular rash from Village Tikhor. District RRT investigated. Active search done. Cases treated symptomatically. 5 blood samples positive for Measles (IgM ELISA). Age group 1-4 years. Community awareness on vector control measures, hygiene and sanitation."
West Bengal,24 Paraganas South,Acute Diarrhoeal Disease,75,0,21-02-2026,23-02-2026,Under Surveillance,"Cases of loose motion and vomiting from Village Mohanpur. District RRT investigated. House to house survey done. Medical camp organized. 23 patients treated at Panchagram Rural Hospital. Age group 15-44 years. 5 rectal swab samples - no positive findings. Elevated iron levels in water. Chlorination done. Community awareness on safe drinking water, hygiene and sanitation."
West Bengal,24 Paraganas South,Suspected Food Poisoning,17,0,24-02-2026,25-02-2026,Under Control,"Cases of pain in abdomen, loose motion from Village Charagha after eating food at memorial ceremony on 22.02.2026. Cases treated at Padmerhat Rural Hospital. Age group 15-44 years. Community awareness on safe food habits, hygiene and sanitation."
West Bengal,Alipurduar,Acute Diarrhoeal Disease,32,0,23-02-2026,23-02-2026,Under Surveillance,"Cases of loose motion from Kohinur Tea Garden. District RRT investigated. House to house survey done. Cases treated at RH Jasodanga. Age group 15-44 years. 5 rectal swab samples negative for cholera. 1 water sample showed coliform bacteria. Chlorination done. Community awareness on safe drinking water, hygiene and sanitation."
West Bengal,Jhargram,Measles,5,0,20-02-2026,23-02-2026,Under Control,"Cases of fever with maculopapular rash from Village Pathar Nasha. District RRT investigated. Active search done. Cases treated symptomatically. 1 out of 3 blood samples positive for Measles (IgM ELISA). Age group 15-59 years. Community awareness on vector control measures, hygiene and sanitation."
West Bengal,Purba Bardhaman,Suspected Food Poisoning,30,0,23-02-2026,24-02-2026,Under Surveillance,"Cases of loose motion, vomiting from Village Shankari after eating food (kichuri) at family gathering. Cases treated at BPHC Khandaghosh. Age group 15-59 years. Community awareness on safe food habits, hygiene and sanitation."
Andhra Pradesh,Chittoor,Chickenpox,9,0,2026-05-02 00:00:00,,Under Surveillance,"Cases of fever with vesicular rash from Nursing Hostel, CMC Hospital, Chittoor. Age group 20-24 years. Clinically diagnosed chickenpox. Community awareness on spread of infection, isolation, hygiene and sanitation. [LATE REPORT]"
Andhra Pradesh,Prakasam,Chickenpox,11,0,22-01-2026,,Under Surveillance,"Cases of fever with rash from KGBV School, Village Mundlamuru. Age group 11-16 years. Medical Camps conducted. 11 serum samples negative for Measles (IgM ELISA). Clinically diagnosed chickenpox. Community awareness on spread of infection, isolation, hygiene and sanitation. [LATE REPORT]"
Assam,Sivasagar,Suspected Typhoid,25,0,25-01-2026,,Under Surveillance,"Cases of fever and abdominal pain from Village Sivasagar. 25 blood samples tested - positive for S. typhi (Widal and TyphiDot). Cases treated at AMCH and Sui Ka Pha Hospital. Chlorination done. Community awareness on safe drinking water, hygiene and sanitation. [LATE REPORT]"
Bihar,Bhojpur,Measles,5,0,2026-11-02 00:00:00,,Under Surveillance,"Cases of fever with maculopapular rash from Village Dumariya. Active case search conducted. Age group 2 months-8 years. 3 out of 4 blood samples positive for Measles (IgM ELISA) at AIIMS Patna. Vitamin A given to affected children. Community awareness on spread of infection, isolation, hygiene and sanitation. [LATE REPORT]"
Bihar,Patna,Measles,12,0,16-02-2026,,Under Surveillance,"Cases of fever with rash from Village Jalgobind. Door-to-door survey and school screening conducted. Age group 3-12 years. 4 out of 12 serum samples positive for Measles (IgM ELISA) at AIIMS Patna. Community awareness on spread of infection, isolation, hygiene and sanitation. [LATE REPORT]"
Chhattisgarh,Rajnandgaon,Chickenpox,6,0,24-01-2026,,Under Surveillance,"Cases of fever with vesicular rash from Village Dongergaon. Door-to-door survey conducted. Age group 0-10 years. 2 blood samples negative for chickenpox (NIRTH Jagdalpur). Clinically diagnosed chickenpox. Community awareness on spread of infection, isolation, hygiene and sanitation. [LATE REPORT]"
Kerala,Ernakulam,Hepatitis A,17,0,13-02-2026,,Under Surveillance,"Cases of fever, vomiting from Village Kunnathunad. Cases had history of consuming raw water from Madassery drinking water project. Age group 3 months-55 years. 6 out of 9 blood samples positive for HAV (IgM ELISA). 1 well water sample positive for E. coli. Community awareness on vector control measures, hygiene and sanitation. [LATE REPORT]"
Kerala,Ernakulam,Measles,6,0,17-01-2026,,Under Surveillance,"Cases of fever with maculo-papular rash from Village Kumbalanghy. Cases treated symptomatically. Age group <5-15 years. 2 out of 5 serum samples positive for Measles (IgM) at State Public Health Lab. Community awareness on isolation, hygiene and proper nutrition. [LATE REPORT]"
Madhya Pradesh,Chhatarpur,Measles,5,0,16-02-2026,,Under Surveillance,"Cases of fever with rash from Village Sigrampura. Age group 5-11 years. 3 out of 5 serum samples positive for Measles (IgM ELISA) at ICMR NIRTH Jabalpur. House-to-house survey and Vitamin A supplementation done. Community awareness on spread of infection, isolation, hygiene and sanitation. [LATE REPORT]"
Maharashtra,Chhatrapati Sambhajinagar,Measles,15,0,18-02-2026,,Under Surveillance,"Cases of fever and rash from AGMC Silk Mill Colony. Age group 4 months-14 years. 4 out of 5 serum samples positive for Measles (IgM ELISA) at Hafkins Lab Mumbai. Vitamin A administered to all suspected pediatric cases. Community awareness on spread of infection, isolation, hygiene and sanitation. [LATE REPORT]"
Meghalaya,East Khasi Hills,Meningococcal Meningitis,2,2,24-01-2026,,Under Surveillance,"Cases from Assam Regimental Centre, Happy Valley, Shillong. Two males aged 18 and 21 with acute severe illness with rash and rapid progression to shock. First case developed flu-like symptoms 9th February, rash 10th February, expired same day. Second case developed weakness 23rd February, developed rash during hospitalization, succumbed 23rd February. Hospital records suggest septicemia with purpura fulminans likely due to meningococcemia. All close contacts identified, placed under surveillance, and provided chemoprophylaxis. [LATE REPORT]"
Rajasthan,Bhilwara,Hepatitis A & E,30,0,18-12-2025,,Under Control,"Cases of abdominal pain and vomiting from Village/Sub-District Mandalgarh. House to house survey done. All 5 water samples satisfactory. 10 out of 12 blood samples positive for Hepatitis A; 6 positive for Hepatitis A and E. Chlorination done. Community awareness on safe drinking water, hygiene and sanitation. [LATE REPORT]"
Arunachal Pradesh,East Kameng,Measles,14,0,2026-03-03 00:00:00,2026-03-03 00:00:00,Under Surveillance,"Cases of fever, cough and rash from Shantipur Colony, Seppa Township. Age group 1-9 years. 2 out of 7 blood samples positive for Measles (IgM ELISA) at GMC Guwahati. Cases treated symptomatically. MR vaccination not taken. Community awareness on spread of infection, isolation, hygiene and sanitation."
Assam,Kokrajhar,Measles,17,0,2026-04-03 00:00:00,2026-05-03 00:00:00,Under Surveillance,"Cases of fever with maculopapular rash from Village Bhomraguri. District and Block RRT investigated. Active search done. All cases clinically diagnosed and treated symptomatically. Age group 6-35 years. Community awareness on isolation, hygiene and proper nutrition."
Assam,Nagaon,Suspected Food Poisoning,21,0,2026-08-03 00:00:00,2026-08-03 00:00:00,Under Surveillance,"Cases of loose motion, vomiting from Village Pub-Jamuguri after consuming food at family ritual event. Children and adults affected. 1 water sample from tube well found Class-II Grade satisfactory (MPN test). Cases treated at Jamuguri AAM, Bebejia CHC, NMCH Nagaon. Community awareness on safe drinking water, hygiene and sanitation."
Bihar,Begusarai,Measles,12,0,2026-07-03 00:00:00,2026-07-03 00:00:00,Under Surveillance,"Cases of fever with rash from Village Shahpur. District and Block RRT investigated. Age group 5 months-16 years. House-to-house survey conducted. 2 out of 5 serum samples positive for Measles (IgM ELISA). Community awareness on spread of infection, isolation, hygiene and sanitation."
Chhattisgarh,Jashpur,Suspected Typhoid,22,0,2026-02-03 00:00:00,2026-02-03 00:00:00,Under Surveillance,"Cases of fever and weakness from Village Dhudhru Dand. District RRT investigated. Age group 4-66 years. All 22 blood samples positive for Salmonella typhi (Widal). Cases treated at CHC Kansabel. Chlorine tablets distributed. Community awareness on safe drinking water, hygiene and sanitation."
Gujarat,Mahesana,Acute Diarrhoeal Disease,20,0,2026-02-03 00:00:00,2026-02-03 00:00:00,Under Surveillance,"Cases of loose motion and vomiting from Village Gokalpura. District RRT investigated. Age group 6-78 years. ORS packets given. 1 stool sample negative for cholera. Pipeline leakage identified and repaired. Chlorine tablets and ORS distributed. Community awareness on vector control measures, hygiene and sanitation."
Gujarat,Sabar Kantha,Measles,5,0,2026-06-03 00:00:00,2026-06-03 00:00:00,Under Surveillance,"Cases of fever with rash and cough from Village Kanknol. District RRT investigated. Age group 4-13 years. 4 out of 5 blood samples positive for Measles (IgM ELISA) at BJMC Ahmedabad. Vitamin A given. Community awareness on spread of infection, isolation, hygiene and sanitation."
Haryana,Nuh,Chickenpox,13,0,2026-06-03 00:00:00,2026-07-03 00:00:00,Under Surveillance,"Cases of fever with rash from Villages Malab, Adbar and Palla. District RRT investigated. Age group 3-13 years. Clinically diagnosed with chickenpox. Community awareness on spread of infection, isolation, hygiene and sanitation."
Jammu and Kashmir,Srinagar,Chickenpox,6,0,2026-06-03 00:00:00,2026-06-03 00:00:00,Under Surveillance,"Cases of fever with rash from Palaash Boys Hostel, Village Nishat. Age group 12-17 years. 3 out of 6 blood samples positive for Varicella zoster (IgM ELISA) at DPHL, JLNM. Community awareness on spread of infection, isolation, hygiene and sanitation."
Karnataka,Haveri,Chickenpox,6,0,2026-05-03 00:00:00,2026-05-03 00:00:00,Under Surveillance,"Cases of fever followed by vesicular rash from Village Byadagi C. District RRT investigated. Age group <5-14 years. 2 out of 5 serum samples positive for Chickenpox (IgM ELISA) at Bangalore Medical College. House-to-house surveillance conducted. Community awareness on spread of infection, isolation, hygiene and sanitation."
Kerala,Ernakulam,Hepatitis A,11,0,2026-05-03 00:00:00,2026-07-03 00:00:00,Under Surveillance,"Cases of fever, vomiting, jaundice from HM School, Uliyannur. Age group 8-15 years. 2 serum samples positive for HAV (IgM ELISA) at RPH Lab. Suspected source is filter water. Community awareness on safe drinking water, hygiene and sanitation."
Kerala,Ernakulam,Chickenpox,12,0,27-02-2026,2026-04-03 00:00:00,Under Surveillance,"Cases of fever, myalgia and rashes from Lower Primary school Poikattussery, Village Aluva. Age group 6-7 years. Classroom disinfected. Cases diagnosed clinically. Community awareness on spread of infection, isolation, hygiene and sanitation."
Kerala,Palakkad,Dengue,48,0,2026-03-03 00:00:00,2026-03-03 00:00:00,Under Surveillance,"Cases of fever from Wards 5, 9, 10 and 16, Village Akathethara. District RRT investigated. Age group 19-60 years. 4 serum samples positive for Dengue (IgM ELISA) and 17 positive for Dengue (NS1 ELISA). Cases seeking care at Sai Hospital and District Co-operative Hospital. Community awareness on vector control measures, hygiene and sanitation."
Kerala,Thrissur,Chickenpox,8,0,2026-02-03 00:00:00,2026-07-03 00:00:00,Under Surveillance,"Cases of fever with rash from AMLP School, Pavaratty. Cases were students and Headmistress who developed symptoms following school tour. Age group 5-14 years. Diagnosed clinically. Community awareness on spread of infection, isolation, hygiene and sanitation."
Madhya Pradesh,Dindori,Malaria,17,0,2026-04-03 00:00:00,2026-05-03 00:00:00,Under Surveillance,"Cases of fever with bodyache from Village Khaipani Ryt. District RRT investigated. House-to-house survey conducted. 12 out of 17 blood samples positive for Malaria (Plasmodium falciparum) by RDT. Anti-larval activities and fogging done. Community awareness on vector control measures, hygiene and sanitation."
Madhya Pradesh,Dindori,Malaria,32,0,2026-04-03 00:00:00,2026-05-03 00:00:00,Under Surveillance,"Cases from Village Jhamjhola. District RRT investigated. House-to-house survey conducted. 12 out of 32 blood samples positive for Malaria (Plasmodium falciparum) by RDT. Anti-larval activities and fogging done. Community awareness on vector control measures, hygiene and sanitation."
Madhya Pradesh,East Nimar,Chikungunya,54,0,2026-06-03 00:00:00,2026-06-03 00:00:00,Under Surveillance,"Cases of fever with joint pain from Village Rohani. District RRT investigated. House to house fever survey done. Population of affected village 1590. Cases treated at PHC Jamkota. Age group 18-75 years. 3 out of 8 serum samples positive for Chikungunya (IgM ELISA). Anti-larval activities and fogging done. Community awareness on vector control measures, hygiene and sanitation."
Madhya Pradesh,Ratlam,Measles,33,0,2026-07-03 00:00:00,2026-07-03 00:00:00,Under Surveillance,"Cases of fever with maculopapular rash from Village Ajabgarh. District RRT investigated. Active search done. Cases treated symptomatically. Age group 2-8 years. 4 serum samples positive for Measles (IgM ELISA). Community awareness on isolation, hygiene and proper nutrition."
Madhya Pradesh,Vidisha,Measles,9,0,2026-05-03 00:00:00,2026-05-03 00:00:00,Under Surveillance,"Cases of fever with rash from Village Dharampur. District RRT investigated. Active search done. Cases treated symptomatically. Age group 1-9 years. 4 out of 5 serum samples positive for Measles (IgM ELISA) at GMC Bhopal. Community awareness on isolation, hygiene and proper nutrition."
Maharashtra,Gadchiroli,Fever,25,0,2026-04-03 00:00:00,2026-07-03 00:00:00,Under Surveillance,"Cases of fever from Village Murkhala. District RRT investigated. House to house survey done. Cases treated at PHC Lakhmapur Bori and G.H. Gadchiroli. Age group 1-44 years. 25 serum samples negative for Dengue and Scrub typhus (IgM ELISA) at IGGM Nagpur. Source reduction activities done. Community awareness on vector control measures, hygiene and sanitation."
Maharashtra,Latur,Measles,9,0,2026-05-03 00:00:00,2026-05-03 00:00:00,Under Surveillance,"Cases of fever with rash from Village Borsuri. District RRT investigated. Active search done. Cases treated symptomatically. Age group 2-11 years. 3 out of 5 serum samples positive for Measles (IgM ELISA). Community awareness on isolation, hygiene and proper nutrition."
Maharashtra,Latur,Measles,5,0,2026-04-03 00:00:00,2026-04-03 00:00:00,Under Surveillance,"Cases of fever with rash from Village Jaknal. District RRT investigated. Active search done. Cases treated symptomatically. Age group 2-11 years. All 5 serum samples positive for Measles (IgM ELISA). Community awareness on isolation, hygiene and proper nutrition."
Maharashtra,Nashik,Hepatitis A,37,0,2026-06-03 00:00:00,2026-07-03 00:00:00,Under Surveillance,"Cases of fever with nausea, abdominal pain, yellowish sclera from M H B Colony Satpur. House to house survey done. Total 673 houses with population 2620. Cases treated at NSKMC MHB Colony. Children and adults affected. 7 out of 9 serum samples positive for Hepatitis A (IgM ELISA) at NIV Pune. Chlorination done. Community awareness on safe drinking water, hygiene and sanitation."
Odisha,Bargarh,Acute Diarrhoeal Disease,20,0,2026-04-03 00:00:00,2026-04-03 00:00:00,Under Surveillance,"Cases of loose motion from Village Goudpali. District and Block RRT investigated. Active case search conducted. Age group 45-59 years. Water samples positive for H2S, OT<0.01. No entropathogenic organisms in rectal swabs. Treatment provided. Contact dose prophylaxis administered. Community awareness on safe drinking water, hygiene and sanitation."
Odisha,Jharsuguda,Acute Diarrhoeal Disease,41,0,2026-05-03 00:00:00,2026-05-03 00:00:00,Under Surveillance,"Cases from Village Arda. Multiple villagers developed symptoms after consuming Prasad. Age group 45-59 years. Enterococcus spp., Enterobacter spp., and Serratia spp. found in stool samples. Citrobacter spp. in one tubewell water sample. Treatment and contact dose prophylaxis provided. Community awareness on safe drinking water, hygiene and sanitation."
Odisha,Sambalpur,Measles,14,0,2026-03-03 00:00:00,2026-03-03 00:00:00,Under Surveillance,"Cases of fever with maculopapular rash from Pulastya hostel VISSUT, Burla. District and block RRT investigated. Active search done. Cases treated symptomatically. Age group 20-22 years. All 5 blood samples negative for Measles (IgM ELISA) at DPHL Sambalpur but clinically diagnosed with Measles. Vitamin A given. Community awareness on spread of infection, isolation, hygiene and sanitation."
Rajasthan,Baran,Hepatitis A,20,0,2026-06-03 00:00:00,2026-08-03 00:00:00,Under Surveillance,"Cases of abdominal pain, anorexia from Village Phoonsra. House to house survey done. Pipeline leakages observed. Health camp organized. Age group 2-45 years. PHED repaired leakages and super-chlorination done. All 8 serum samples positive for Hepatitis A (IgM ELISA) at MBS Hospital Kota. Community awareness on safe drinking water, hygiene and sanitation."
Sikkim,Pakyong,Acute Diarrhoeal Disease,27,0,2026-06-03 00:00:00,2026-07-03 00:00:00,Under Surveillance,"Cases of loose motion from Shangrila construction site workers at mining area, Rangpo. House to house survey done. Cases treated at PHC Rangpo and DHS Pakyong. Alternate drinking water arranged. Chlorination done. People advised to boil water. Age group 18-42 years. Water samples unfit for drinking. Community awareness on safe drinking water, hygiene and sanitation."
Tamil Nadu,Dindigul,Chickenpox,8,0,2026-05-03 00:00:00,2026-07-03 00:00:00,Under Control,"Cases of fever with vesicular rash from Village Thandigudi. District RRT investigated. Active search done. Cases treated symptomatically. Age group 5-17 years. All 4 serum samples positive for Varicella zoster (IgM ELISA) at King Institute. Community awareness on isolation, hygiene and proper nutrition."
Tamil Nadu,Kallakurichi,Chickenpox,15,0,2026-04-03 00:00:00,2026-05-03 00:00:00,Under Surveillance,"Cases of fever with vesicular rash from Village Thumbarampattu. District RRT investigated. Active search done. Cases treated symptomatically. Age group 1-11 years. 1 out of 2 serum samples positive for chickenpox (IgM ELISA) at King Institute. Community awareness on isolation, hygiene and proper nutrition."
Tamil Nadu,Krishnagiri,Measles,35,0,2026-06-03 00:00:00,2026-06-03 00:00:00,Under Surveillance,"Cases of fever with maculopapular rash from Village/Sub-District Bargur. District RRT investigated. Active search done. Cases treated symptomatically. Age group 1-7 years. 1 serum sample positive for Measles (IgM ELISA) at Government Mohankumaramangalam Medical College Hospital, Salem. Community awareness on isolation, hygiene and proper nutrition."
Tamil Nadu,Theni,Fever,14,0,2026-05-03 00:00:00,2026-08-03 00:00:00,Under Surveillance,"Cases of fever from Village Erumalainaickanpatti. Students of CSI Primary School. Cases treated at CHC Devathanapatti. Age group 5-10 years. No samples collected. Community awareness on vector control measures, hygiene and sanitation."
Tamil Nadu,Thiruvarur,Food Poisoning,67,0,2026-06-03 00:00:00,2026-06-03 00:00:00,Under Surveillance,"Cases of loose motion, vomiting from Village Kodimangalam after eating lunch at engagement function (vegetarian South Indian meals). ~250 persons attended; 67 developed symptoms 4-5 hours after eating. Treated at medical camp; 23 at PHC Kankoduthavanitham; 22 at GTMCH Thiruvarur. All cases recovered. 5 stool samples negative by culture. Community awareness on safe food habits, hygiene and sanitation."
Tamil Nadu,Tiruchirappalli,Dengue,12,0,27-02-2026,2026-02-03 00:00:00,Under Surveillance,"Cases of fever, headache, body pain from Village Evoor. House to house fever survey done. Cases treated at PHC T. Puthur. All cases recovered. Age group 1 month-55 years. 1 out of 3 serum samples positive for Dengue (IgM ELISA). Source reduction activities done. Community awareness on vector control measures, hygiene and sanitation."
Tamil Nadu,Villupuram,Chickenpox,15,0,2026-05-03 00:00:00,2026-06-03 00:00:00,Under Surveillance,"Cases of fever with vesicular rash from Panchayat Union Primary School, Village Semmar. Active search done. Cases treated symptomatically. All cases recovered. Age group 6-15 years. 5 out of 10 serum samples positive for Chickenpox (IgM ELISA) at Government Villupuram Medical College-VRDL. Community awareness on isolation, hygiene and proper nutrition."
West Bengal,Alipurduar,Chickenpox,11,0,2026-02-03 00:00:00,2026-02-03 00:00:00,Under Surveillance,"Cases of fever with vesicular rash from Village Chuakhola. District RRT investigated. Active search done. Cases treated symptomatically. Age group 5-68 years. 5 out of 11 blood serum samples positive for Chickenpox (IgM ELISA) at NBMCH VRDL. Community awareness on isolation, hygiene and proper nutrition."
West Bengal,Purulia,Acute Diarrhoeal Disease,18,0,2026-06-03 00:00:00,2026-06-03 00:00:00,Under Surveillance,"Cases of loose watery stools from Village Turang. District RRT investigated. House to house survey done. Cases treated at PHC Kuda. ORS packets given. Age group 14-69 years. 2 stool samples showed growth of normal commensal flora. Chlorination done. Community awareness on safe drinking water, hygiene and sanitation."
Kerala,Kottayam,Acute Diarrhoeal Disease,12,0,24-02-2026,,Under Surveillance,"Cases of loose stools and vomiting from RIT Hostel, Village Pampady. Age group 21-22 years. 1 water sample showed presence of coliforms and E. coli (Kerala Water Authority). Community awareness on safe drinking water, hygiene and sanitation. [LATE REPORT]"
Kerala,Kozhikode,Mpox (Clade II),1,0,2026-03-02 00:00:00,,Under Surveillance,"36-year-old male returned from UAE (Sharjah) on 28.02.2026. Presented with fever, sore throat, swollen lymph nodes and papulo-vesicular lesions since 24.02.2026. Confirmed by RTPCR on 02.03.2026 at VRDL KKD. Positive for Mpox virus Clade II from NIV Pune on 06.03.2026. Multiple follow-up tests done. Patient released from home isolation on 20.03.2026. Contact tracing conducted. [LATE REPORT]"
Kerala,Thrissur,Chickenpox,10,0,19-01-2026,,Under Surveillance,"Cases of fever with rash from Westfort College of Nursing, Village Pottore. Age group 18-25 years. Clinically diagnosed. Community awareness on spread of infection, isolation, hygiene and sanitation. [LATE REPORT]"
Uttar Pradesh,Barabanki,Acute Gastroenteritis,23,0,26-02-2026,,Under Control,"Cases of loose motion and vomiting from Village Mohmmadpur. House to house survey done. ORS packets given. 4 patients treated at CHC Fatehpur. All cases recovered. Majority below 20 years. Chlorine tablets distributed. Community awareness on safe drinking water, hygiene and sanitation. [LATE REPORT]"
Bihar,Supaul,Measles,5,0,02-01-19,06-01-19,Under Surveillance,"Cases reported from Village Ward no 28, Musahari tola. District RRT investigated the outbreak. House to house survey done. All cases treated symptomatically. Health education given."
Dadra And Nagar Haveli,Dadra And Nagar Haveli,Chickenpox,12,0,01-01-19,01-01-19,Under Surveillance,"Cases reported from Village Karchond (Mamlipada), SC Karchond 1, PHC Dudhan, Block Silvassa. District RRT investigated the outbreak. House to house survey done. All cases treated symptomatically. Health education given."
Dadra And Nagar Haveli,Dadra And Nagar Haveli,Chickenpox,7,0,01-01-19,01-01-19,Under Surveillance,"Cases reported from Village/SC/PHC Amboli, Block Silvassa. District RRT investigated the outbreak. House to house survey done. An epidemiological linked up similar cases of probable chickenpox found from a single pocket of Dungaripada, village of Amboli. Affected population of the village is around 494. This is a tribal spot. An index case is reported during syndromic (Under S form reporting) surveillance of IDSP week number 51, 2018. Active case search is done in the affected areas. Home isolation of clinical cases done by the surveillance team. Primary treatment is provided by the affected Primary Health Center. All cases treated symptomatically. Health education given. 4 | P a g e"
Dadra And Nagar Haveli,Dadra And Nagar Haveli,Cholera,6,0,04-01-19,04-01-19,Under Surveillance,"Cases reported from Village VarliWad, UPHC B, SMC Ward No. 13, City, Block Silvassa. District RRT investigated the outbreak. House to house survey done. During winter season similar cases of acute diarrhea and vomiting found from the small pocket of Silvassa urban area. All cases are epidemiologically linked with each other. Most affected age group is 20 to 30 yrs old. 01 Stool sample is found positive for V. Cholera at DPHL, Silvassa by culture. IEC and health education given to the local communities regarding mode of transmission. No one age specific mortality is reported till today. Distribution of liquid chlorine and ORS is done by the Rapid Response Team. All cases treated symptomatically. Health education given."
Gujarat,Mahesana,Acute Diarrheal Disease,12,0,01-01-19,02-01-19,Under Surveillance,"Cases reported from Village Rupal (Haripura), SC Gorad, PHC Chathiyarada, Taluk Mehsana. District RRT investigated the outbreak. House to house survey done. Cases of Diarrhea and vomiting might be due to consumption of contaminated drinking water. Stool, Blood and Water sample collected for investigation and result awaited. All cases treated symptomatically. Health education given."
Jharkhand,Godda,Chickenpox,36,0,08-01-19,08-01-19,Under Control,"Cases reported from Village Sadarprakhand, Godda Sadar, Noonbatta, Mohlitola noonbatta. District RRT investigated the outbreak. House to house survey done. Blood samples were not collected as because cases were clinically confirmed as Chicken Pox by the RRT team members (Pediatrician). Investigated by RRT all the symptomatic cases were treated symptomatically, IEC activity performed villagers were educated regarding the preventive measure of the disease. 5 | P a g e"
Karnataka,Davanagere,Chickenpox,14,0,02-01-19,02-01-19,Under Control,"Cases reported from Basavapura- GHP School, SC Devikere, PHC Bilachodu, Block Jagalur. District RRT investigated the outbreak. House to house survey done. Health education given about the Disease and personal hygiene. 03 blood samples collected send to MMS Mysore result awaited. All cases treated symptomatically."
Karnataka,Davanagere,Chickenpox,9,0,02-01-19,02-01-19,Under Control,"Cases reported from Village/SC Hosalakkamapura, PHC Jagalur Basavankote. District RRT investigated the outbreak. House to house survey done. Health education given about the disease and personal hygiene. 02 Blood samples collected send to MCVR Manipal both samples result positive for Chickenpox. All cases treated symptomatically."
Karnataka,Haveri,Acute Diarrheal Disease,25,0,31-12-18,01-01-18,Under Control,"Cases reported from Village Belavagi, PHC/CHC Negalur, Taluk Haveri. District RRT investigated the outbreak. House to house survey done. 2 Blood Samples sent to DPHL Haveri result awaited. Possible consumption of contaminated food. All cases treated symptomatically. Health education given."
Karnataka,Haveri,Acute Diarrheal Disease,13,0,03-01-19,04-01-19,Under Control,"Cases reported from Village Hulasogi, PHC/CHC Hirebendigeri, Taluk Shiggaon. District RRT investigated the outbreak. House to house survey done. 2 Blood samples and 1 Stool sample sent to DPHL Haveri, result awaited. All cases treated symptomatically. Health education given."
Madhya Pradesh,Badwani,Food Poisoning,12,0,01-01-19,02-01-19,Under Surveillance,"Cases reported from Village Kunjari (Kunjiya faliya) SB PHC Chatli Block Niwali ,Barwani (M.P.). District RRT investigated the outbreak. House to house survey done. All cases belonged to one family. 4 Stool samples done and sent to MGM Indore, result awaited. Outbreak investigated By Epidemiologist and RRT Team Barwani & Niwali. Block team Surveyed in the area health camp organized All cases treated symptomatically and distributed tablets, ORS, Chlorine Tab., ORS, Bleaching Powder and Health Education given. Health camp organized in the school and all cases treated symptomatically. 6 | P a g e"
Odisha,Rayagada,Food Poisoning,6,1,01-01-19,02-01-19,Under Control,"Cases reported from Village Uper Kodinga, SC Bankamba, Block/chc Kashipur. District RRT investigated the outbreak. All family members had history of consuming rice, dal and chicken after 30 minutes of its consumption they developed headache and vomiting. A 9 year old male died of illness. House to house survey done."
Telangana,Chevella,Food Poisoning,68,0,06-01-19,06-01-19,Under Control,"Cases reported from Village Kasturba Gandhi Girls Hostel, Chevella. District RRT investigated the outbreak. House to house survey done. 04 Water samples and 03 stool samples are taken and sent to IPM Narayanaguda, result awaited. Health camp organized in the school and all cases treated symptomatically. Health education given."
Tamil Nadu,Dharmapuri,Fever,29,0,04-01-19,07-01-19,Under Surveillance,"Cases reported from Village/HSC Eamanur, PHC Eriyur, Block Dharmapuri. District RRT investigated the outbreak. House to house survey done. Source reduction, ant larval activities, fogging operation done, OHT chlorination done. All cases treated symptomatically. Health education given."
Tamil Nadu,Dharmapuri,Dengue,37,0,04-01-19,07-01-19,Under Surveillance,"Cases reported from Village /HSC Kavakadu, PHC Perumbalai, Block Dharmapuri. District RRT investigated the outbreak. House to house survey done. 5 serum samples sent for testing Dengue, Chickungunya, Leptospirosis, Scrub typhus, Widal to DPHL Dharmapuri/IVCZ Hosur Result: 3 positive for Dengue and 1 sample positive for WIDAL. Source reduction, AL working, fogging operation done, OHT chlorination done. All cases treated symptomatically. Source reduction activities undertaken. Health education given. 7 | P a g e"
Tamil Nadu,Dharmapuri,Dengue and Chikungunya,11,0,04-01-19,08-01-19,Under Surveillance,"Cases reported from Village Pattukonampatti, HSC Samiyapuram, PHC Kalipettai, Block Dharmapuri. District RRT investigated the outbreak. House to house survey done. 7 serum samples sent for testing Dengue, Chikungunya, Leptospirosis, Scrub typhus, Widal to DPHL Dharmapuri/IVCZ Hosur, 3 samples positive for Chikungunya and 3 samples positive for Dengue and Chikungunya. Source reduction, AL working, fogging operation done. All cases treated symptomatically. Health education given."
Tamil Nadu,Ariyallur,Leptospirosis,13,0,03-01-19,07-01-19,Under Control,"Cases reported from Village Sathamangalam, HSC Erakudi, PHC Keelapalur, Block Thirumanur. District RRT investigated the outbreak. House to house survey done. 5 serum samples sent to DPHL Ariyalur, 2 samples positives for Leptospirosis. Fever survey done. Indoor and outdoor fogging done. Mass Cleaning done. All cases treated symptomatically. Health education given."
Tamil Nadu,Ariyallur,Food Borne Illness,85,0,04-01-18,05-01-18,Under Surveillance,"Cases reported from Village Sriraman & Periyakarukkai, HSC/PHC Athukurichi & Periyakarukkai, Block Andimadam. District RRT investigated the outbreak. House to house survey done. 6 water samples and 3 stool samples sent to District Microbiology Lab Ariyalur. The village is under strict surveillance. Health camp organized in the school and all cases treated symptomatically. Health education given."
Tamil Nadu,Salem,Typhoid,83,0,29-12-18,07-01-19,Under Surveillance,"Cases reported from Village Pagadapady, HSC Vellaiyur, PHC Veeraganur, Block Thalaivasal. District RRT investigated the outbreak. House to house survey done. 4 serum samples sent to DPHL Salem, 4 samples positive for WIDAL, 2 samples positive for Chikungunya and 1 sample positive for Leptospirosis. All cases treated symptomatically. Health education given. 8 | P a g e DISEASE OUTBREAKS OF PREVIOUS WEEKS REPORTED LATE Unique ID. Name of State/UT Name of District Disease/ Illness No. of Cases No. of Deaths Date of Start Outbreak Current Status Comments/ Action Taken"
Assam,Dibrugarh,Food Poisoning,11,0,24-12-18,,Under Surveillance,"Cases reported from Village Balijan Tea Estate, SC Kheremia, PHC/Block Tengakhat. District RRT investigated the outbreak. House to house survey done. All affected children took some unknown fruits (pithakhowa seeds in local name), one type of almond like fruits on 24.12.2018 (between 4 to 5 PM) and started feeling giddiness and started vomiting after one hour. All cases treated symptomatically. Health education given."
Bihar,Madhubani,Provisional Measles,11,0,01-12-18,,Under Control,"Cases reported from Village/HSC Kamalpur, PHC Khutauna. District RRT investigated the outbreak. House to house survey done. All the affected cases were in age group 11 month to 6 years of age. Out of five serums sample collected and send to PMCH, result awaited. All cases provided treatment. Health education given."
Bihar,Nawada,Measles,21,0,28-12-18,,Under Surveillance,"Cases reported from Village Jasat, Koriona, PHC/Block Pakribarawan & Gobinpur respectively. District RRT investigated the outbreak. House to house survey done. Fever with cough coria conjunctivitis & tiny white spots with bluish-white centers on a red background found inside the mouth on the inner lining of the cheek ( Koplik spots) reported among 21 children of age group 8 months till 18yrs. 10 blood samples collected and sent at microbiology department Patna, result awaited. All cases treated symptomatically. Health education given."
Tamil Nadu,Bihar Nawada,Chickenpox,6,0,15-12-18,,Under Control,"Cases reported from Village Naad, PHC/Block Sirdala. District RRT investigated the outbreak. House to house survey done. Fever with malaise, drowsiness, headache with presence of maculopapular rash reported among 6 children of age group 1.6-4 yrs. Males & females were equally affected. Most affected age group was 1.6-2yrs. All cases treated symptomatically. Awareness created there to maintain sanitation &hygiene. 9 | P a g e"
Bihar,Nawada,Measles,18,0,19-12-18,,Under Control,"Cases reported from Village Deora, PHC/Block Akbarpur. District RRT investigated the outbreak. House to house survey done. Mild fever with skin rash including dry cough, runny nose & inflamed eyes reported in 14 children of age group 8months- 8yrs. 5 blood samples collected and sent to microbiology department Patna. Result awaited. District rapid response team including DIO& Epidemiologist with block medical team visited the spot& investigated the outbreak. Active surveillance carried out .During the survey 5 more cases found. Vitamin A given to affected children. All villagers were sensitized to complete routine immunization to their children. All cases treated symptomatically. Health education given."
Bihar,West Champaran (Bettiah),Measles,14,0,22-12-18,,Under Surveillance,"Cases reported from Village Poojahan, Gadiyani (Bada & Chota), PHC/HSC Bairiya. District RRT investigated the outbreak. House to house survey done. The history of fever and rashes has been reported from Gadiyani, HSC Poojahan, PHC Bairiya, and West Champaran. Total 14 cases reported in which most of them belongs to under 15 year age group. The affected community belongs to low socio economic group. Five blood samples collected and sent to Microbiology department PMCH Patna. RRT investigated the outbreak. The active case search has been done. Most of children not immunized with measles vaccine. Health education given."
Bihar,Siwan,Dengue,134,0,16-10-18,,Under Control,"Cases reported from various Mohallas and blocks of District Siwan. District RRT investigated the outbreak. House to house survey done. 134 blood samples tested positive for Dengue, (NS1 Ag) by Microbiology Department, PMCH, Patna.. IEC activities regarding the control and prevention measures of Dengue disease and importance of hygienic and sanitation imparted and advised to use mosquito net of all affected area people. All cases treated symptomatically. Source reduction activities undertaken. Health education given."
Chhattisgarh,Baster,Dengue,5,0,10-12-18,,Under Surveillance,"Cases reported from Village/Block Nangoor & Baka wand. District RRT investigated the outbreak. House to house survey done. Store water In cooler, pot & damaged container. Medical camp organized, house to house survey done & health education given. All cases treated symptomatically. Source reduction activities undertaken. Health education given. 10 | P a g e"
Chhattisgarh,Raipur,Viral Hepatitis E,22,0,28-12-18,,Under Surveillance,"Cases reported from Village Sahupara, Ward No.22. District RRT investigated the outbreak. House to house survey done. On 28.12.18 several cases of jaundice reported in UPHC Mowa. After which alert was generated for suspected viral hepatitis outbreak. RRT investigated the outbreak and found some new cases during house to house survey. The affected population belonged to low socio economic status. It was revealed that drinking water was contaminated with sewage. Most affected age group was 16 to 30 yrs and females were mostly affected49 Blood Samples were collected and 22 were confirmed Hepatitis E. Water Samples send to JNM Medical College for Bacterial Culture Test, water sample result unsatisfactory for drinking. Confirmation of etiology and tested at IDSP referral lab Govt. Medical College, Raipur. Survey in all affected area done by District Combat Team. Symptomatic treatment of all cases. Communicated to Municipal Dept. & PHE Dept. for Sanitation and hygiene."
Gujarat,Sabarkantha,Viral Hepatitis A,49,0,06-12-18,,Under Surveillance,"Cases reported from Village Moti Vhorvad (Pologround), Taluk Himatnagar. District RRT investigated the outbreak. House to house survey done. 19 Blood Samples collected and sent to GMERS medical college at DPHL, Himatnagar for HAV and HEV test (IgM ELISA) test, and Result - 13 samples for HAV IgM Positive. 5 Water Samples collected and sent to GMERS medical college at DPHL, Himatnagar for Culture test, Result - 3 Unsatisfactory (Colifrom). Regular house to house active case search. Chlorination of the drinking water was done in the community. Distribution of ORS & TAB chlorine. All cases treated symptomatically."
Jharkhand,Jamtara,Fever With Rash,36,0,17-12-18,,Under Control,"Cases reported from Village Butberia, PHC Butberia, Block Narayanpur, Pabia. District RRT investigated the outbreak. House to house survey done. 6 samples taken for IgM test found positive for chickenpox. Awareness program conducted, symptomatic treatment has been given. All cases treated symptomatically. Health education given."
Karnataka,Davangere,Chikungunya,32,0,20-12-18,,Under Surveillance,"Cases reported from Village, SC Huchavanahalli, PHC/CHC Mallapura, Taluk Jagalur. District RRT investigated the outbreak. House to house survey done. 8 Serum samples taken and sent to DPHL Davangere and one found positive for chikungunya by IgM Elisa. 01 water sample is unfit for drinking, Fever surveillance done in the village, Temporary clinic established at the village, symptomatic treatment given, and health education given. Larval survey done. 11 | P a g e"
Karnataka,Shivamogga,Acute Diarrheal Disease (Shigellosis),170,0,25-12-18,,Under Control,"Cases reported from Village Bhadravathi Urban area (Bhovi Colony, Anna Nagar, Kalandar Nagar, Anwar Nagar, Seege baagi, Hosamane, Hanumanth Nagar), PHC/CHC Ashwath Nagar, Taluk Bhadravathi. District RRT investigated the outbreak. House to house survey done. 18 Stool samples sent for culture and 17 stool sample tested for Routine tests. 6 Positive for Shigella flexnerii. Both District and Taluk RRT Team visited the affected area and Health Education given to people regarding use of boiled and safe water. All cases admitted to nearest health Institutions and cases closely monitored by Treating Doctors. House to house visit done by health staff for more cases. Intersectoral meeting conducted by health Department and informed to repair the water treatment plant immediately to Nagar Sabha engineer."
Karnataka,Shivamogga,Kyasanur Forest Disease,17,6,14-12-18,,Under Control,"Cases reported from Village Mandavalli, Kenchikeri, Marabidi, Valemakki, Avinahalli, PHC/CHC Aralagodu, Taluk Sagar. District RRT investigated the outbreak. House to house survey done. 131 Blood Sample sent to NIV Pune, 24 Monkey specimens sent to pune. Out of 131 blood samples 17 cases found positive for KFD. All cases treated symptomatically. Health education given."
Kerala,Kannur,Food Poisoning,44,0,25-12-18,,Under Control,"Cases reported from Village /PHC/HSC/Block Ezhome. District RRT investigated the outbreak. House to house survey done. Stool and water sample collected (result awaited). As per preliminary investigation it is mild food poisoning and no serious cases. Efforts are initiated to collect stool samples for culturing. Water sample, used for cooking and other purposes in the function, collected for quality monitoring. Awareness cum medical camp conducted on 27.12.2018 at Chengal. Awareness among public – focus on food and personal hygiene, use of boiled water and other relevant precautionary measures to avert food and water borne diseases. Health camp organized in the school and all cases treated symptomatically. 12 | P a g e"
Kerala,Kasaragod,Acute Diarrheal Disease,49,0,26-12-18,,Under Control,"Cases reported from Village/HSC Kalliyot, CHC Periye, Block Periye. District RRT investigated the outbreak. House to house survey done. Water samples & Ice cream samples. Field staff along with Medical Officer of CHC Periya visited the area and took headship to the control and prevention of cases Conducted health education focused on personal hygiene, environmental Sanitation and the importance of drinking boiled water. Ensure sufficient quantity of ORS Packet. Chlorinated all water sources near the temple before starting festival Educated the temple authorities regarding the relevance of environmental sanitation, procurement and storage of raw materials for cooking and disposal of the waste before festival. Water samples taken from two well near the temple and send to water authority Lab Kasaragod. Informed food safety department and they collected ice cream samples and sent to lab for detailed examination. Deployed health workers and ASHA workers in the affected area. All cases treated symptomatically. Health education given."
Kerala,Wayanad,Acute Diarrheal Disease,70,0,24-12-18,,Under Control,"Cases reported from Village Thirunelli, HSC Appapara main center, PHC Appapara, Block Mananthavady. District RRT investigated the outbreak. House to house survey done. 2 Stool samples collected and sent to MCVR for culture. 3 water samples collected and sent to KWA kalpetta- Result awaited. House to house survey conducted. Super chlorination of the water sources done All cases treated symptomatically."
Maharashtra,Sindhudurg,Acute Diarrheal Disease,11,0,26-12-18,,Under Surveillance,"Cases reported from Village Manche, PHC Mond, Tal Devgad. District RRT investigated the outbreak. House to house survey done. History of consumption of contaminated water supply. 6 Water samples collected at DPHL, R/A. RRT investigated the outbreak. All cases treated. Repair of tank & pipe line leakages, stopped water supply till repair, Water disinfection, Health education, supply of Medichlor distribution for disinfection. Instructions given to drink chlorinated water. All cases treated symptomatically. Health education given."
Odisha,Ganjam,Mumps,18,0,28-12-18,,Under Surveillance,"Cases reported from Village Gram Vikash Tribal Residential High school, GP/SC Kaonkla, Block Kukudakhandi. District RRT investigated the outbreak. House to house survey done. All cases treated symptomatically. Health education given. 13 | P a g e"
Uttar Pradesh,Budaun,Measles,78,0,20-11-18,,Under Surveillance,"Cases reported from Village Narkheda, SC Binawar ii, CHC Binawar, Block Salarpur. District RRT investigated the outbreak. House to house survey done. Cases presented with fever with rash, cough and coryza. Cases were epidemiologically linked. Majority of cases were under 10 years of age. 5 Blood Samples collected and sent by WHO to SGPGI Lucknow for investigation. RRT Investigation done. Symptomatic treatment, Health education and Vitamin-A supplementation is given."
Uttar Pradesh,Siddharth Nagar,Measles,11,1,27-11-18,,Under Surveillance,"Cases reported from Village Shaha, SC Pakadhi, PHC/Block Naughar. District RRT investigated the outbreak. House to house survey done. One male child having age 7 years had died on dated 27.11.2018 in district hospital Siddharthnagar with the complication of AES. 11 children are affected in the village, most of them cases having age 02-12 years. Age group of the affected cases is: 00-01 years 00, 01- 05 years 02, 06-10 years 07, 11-15 years 02 Male 09 and Female 02. 04 serum sample collected and its send to Lucknow SGPGI for lab investigation. Result awaited. Active case search has been done. IEC activities undertaken regarding isolation and early treatment of cases. Vitamin A solution given to effected cases. All cases treated symptomatically. Health education given. 14 | P a g e FOLLOW UP OF DISEASE OUTBREAKS OF PREVIOUS WEEKS Unique ID. Name of State/UT Name of District Disease/ Illness No. of Cases No. of Deaths Date of Start Outbreak Current Status Comments/ Action Taken (FUP of Previous Week) Kerala Ernakulam Food Poisoning 75 00 26-12-18 Under Surveillance Cases reported from Village Vadavucode, Pattimattam PHC, and ward 6. District RRT investigated the outbreak. House to house survey done. Time of onset of primary case was at 2 pm on 17.12.18 (Approximately after 14 Hrs. of consuming food) • Symptoms found were fever, head ache, loose stool and diarrhea. Date of onset of last case was 18.12.18. All age groups were equally affected. Water samples collected from the well water (which is used for preparing welcome drink). Food &safety department collected food samples of suspected food items (Curd, Beef, Ghee rice, pickle). Investigated by RRT, 128 wells Super Chlorinated. Health camp organized in the school and all cases treated symptomatically. Health education given."
Arunachal Pradesh,Lower Subansiri,Chickenpox,9,0,03-01-19,10-01-19,Under Control,"Cases reported from Village Rubdi, SC Kuchkuti, CHC Yazali. District RRT investigated the outbreak. House to house survey done. All cases treated symptomatically. Health education given regarding isolation of cases and personal hygiene."
Assam,Jorhat,Dengue?,12,0,06-01-19,07-01-19,Under Surveillance,"Cases reported from Village Solmora, BPHC Gorumora. District RRT investigated the outbreak. House to house survey done. Out of 2 serum samples collected; result awaited. 9 blood smears collected were negative for malaria parasite. All cases treated symptomatically. Distribution of insecticide treated bed nets was done in the community. Fogging done in the affected areas. Awareness camp regarding prevention and control of vector borne disease were organized in the affected areas."
Bihar,Bhojpur,Chickenpox,36,0,08-01-19,11-01-19,Under Control,"Cases reported from Village Dihra, SC Kakandihra, PHC Sandesh. District RRT investigated the outbreak. House to house survey done. Majority of the cases were children between the age group of 6 to 15 years. All cases treated symptomatically. Health education given regarding isolation."
Bihar,Samastipur,Measles,20,0,14-12-18,12-01-19,Under Surveillance,"Cases reported from Village Amripur, PHC Morwa, Block Morwa. District RRT investigated the outbreak. House to house survey done. All the cases presented symptoms with fever with rash, cough, cold and conjunctivitis. Affected cases were between 10yrs to 35yrs of age group. 5 blood samples and 2 urine samples were collected and sent to Microbiology Department (Lab.), PMCH Patna; result awaited. Community was sensitized to complete routine immunization. All cases treated symptomatically. Health education given."
Bihar,Saharsa,Measles,6,0,11-01-19,12-01-19,Under Control,"Cases reported from Village/PHC Banma Ithasi, Block Banma. District RRT investigated the outbreak. Active search of cases done. All cases treated symptomatically. Health education given. 4 | P a g e"
Gujarat,Anand,Acute Diarrheal Disease,75,0,10-01-19,10-01-19,Under Surveillance,"Cases reported from Village/SC/PHC Thamana, Block Umareth. District RRT investigated the outbreak. House to house survey done. Pipeline leakages were observed. All 4 stool samples collected and sent to DPHL Anand & Petlad were negative for cholera culture. Out of 5 water samples collected 2 water samples were non potable. All cases treated symptomatically. Pipeline leakages were repaired. Chlorine tablets distributed. Health education given regarding hand washing practices and safe drinking water."
Jharkhand,Dumka,Chickenpox,22,0,09-01-19,10-01-19,Under Control,"Cases reported from Residence School of Swami Pranabananada Seba Mission, SC Patjore, CHC Ranashwar. District RRT investigated the outbreak. Active search of cases done. All cases presented symptoms with fever with vesicular rash. 5 blood samples were collected and sent to RIMS, Ranchi; were positive for Chickenpox (Varicella-zoster virus). All cases treated symptomatically. Health education given regarding isolation and personal hygiene."
Jharkhand,East Singhbhum,Chickenpox,14,0,01-01-19,07-01-19,Under Control,"Cases of fever with rash reported from Village Musabani, SC Rangamatia, Block Musaban. District RRT investigated the outbreak. House to house survey done. 5 serum samples collected and sent at RIMS Ranchi; result awaited. All cases treated symptomatically. Health education given."
Kerala,Trivandrum,Food Poisoning,85,0,10-01-19,13-01-19,Under Control,"Cases reported from Village Attipra, SC Kallingal, PHC Veli, Block Puthenthope. District RRT investigated the outbreak. House to house survey done. All cases consumed food in a social ceremony. 2 stool samples and 3 water samples were collected and sent to Trivandrum Medical College were negative for enteropathogens. Temporary medical camps were organized. All the cases treated. Health education given regarding food hygiene and sanitation."
Kerala,Trivandrum,Chickenpox,5,1,07-01-19,13-01-19,Under Control,Cases reported from Village/Block Peroorkada. District RRT investigated the outbreak. House to house survey done. All cases treated symptomatically. Health education given. 5 | P a g e
Maharashtra,Gadchiroli,Malaria,3,1,07-01-19,09-01-19,Under Control,"Cases reported from Village Murangal, SC/PHC Laheri, Block Bhamragad. District RRT investigated the outbreak. House to house survey done. Out of 3 blood smears were collected and 1 sample was found positive for malaria parasite (Pf). One death occurred in 5yr old child. All cases treated locally. LLIN were distributed in the community. Source reduction activities undertaken. Health education given."
Manipur,Bishnupur,Food Poisoning,53,0,11-01-19,13-01-19,Under Control,"Cases reported from Village Keibul Awang Leikai (Moirang, Thanga). District RRT investigated the outbreak. House to house survey done. All cases consumed food in a social ceremony and presented symptoms with loose motion and vomiting. Food samples were collected and sent to State Food Lab, RD Wing, Lamphel; result awaited. Health camp organized and all cases treated symptomatically. Health education given regarding food hygiene and personal hygiene and sanitation."
Odisha,Kalahandi,Salmonellosis ?,24,0,05-01-19,07-01-19,Under Surveillance,"Cases reported from Villages Baladiamal Junagarh CHC Kalahandi. District RRT investigated the outbreak. House to house survey done. Out of 3 water samples collected 2 water sample were non potable for drinking purposes. Out of 8 stool samples collected and sent to DPHL, Kalahandi; 1 sample was positive for Salmonella (culture). All cases treated symptomatically. Chlorine tablets distributed. Health education given regarding hand washing practices and safe drinking water."
Telangana,Hyderabad Rural (Ranga Reddy),Food Poisoning,68,0,06-01-19,08-01-19,Under Control,"Cases reported from Kasturba Gandhi Girls Hostel, Chevella. District RRT investigated the outbreak. House to house survey done. All cases consumed dinner (rice with capsicum, sambar, curd and fruit salad) in the hostel. All the case presented symptoms with loose motion and vomiting and were treated in the local hospital. 4 water samples and 3 stool samples were sent to IPM, Narayanaguda; result awaited. All the cases treated. Health camp organized. Health education given regarding food hygiene and sanitation. 6 | P a g e"
Tamil Nadu,Salem,Chikungunya,83,0,03-01-19,11-01-19,Under Control,"Cases reported from Village Pagadapady, SC Veeraganur, PHC Vellaiyur, Block Thalaivasal. District RRT investigated the outbreak. House to house survey done. Out of 4 blood samples collected and tested at DPHL Mettur, 2 samples were found positive for Chikungunya (IgM ELISA) and 1 sample was positive for Leptospirosis (IgM ELISA). All cases treated symptomatically. Entomological survey done. Fogging and source reduction activities undertaken. Health education regarding personal protection measure was imparted."
West Bengal,Bardhaman,Food Poisoning,74,0,08-01-19,10-01-19,Under Control,"Cases reported from Bagnapara Bangladarsh School, PHC/Block Purba Bardhaman/Kalna- 1/Bagnapara. District RRT investigated the outbreak. Active search of cases done. All cases consumed food in the school and presented symptoms with loose motion and vomiting. 2 rectal swabs collected and sent to BMC&H and 1 water sample collected and sent to DDPH Lab; result awaited. Symptomatic treatment given to all cases. Health education given. 7 | P a g e DISEASE OUTBREAKS OF PREVIOUS WEEKS REPORTED LATE Unique ID. Name of State/UT Name of District Disease/ Illness No. of Cases No. of Deaths Date of Start Outbreak Current Status Comments/ Action Taken"
Bihar,Bhojpur,Measles,167,4,01-01-19,,Under Surveillance,"Cases of fever with rash, cough, cold and conjunctivitis reported from Villages Chaktola, Kothua, Karbaniya, Faraura, SC Taar, PHC Piro. District RRT investigated the outbreak. . House to house survey done. All the cases were children aged between 12 months - 17yrs of age. 5 blood samples, 5 urine samples and 5 throat samples were collected and sent to PMCH; all the samples were positive for Measles (IgM ELISA). All cases treated symptomatically. Vitamin A supplementation provided to affected children. Community was sensitized to complete routine immunization to their children. Health education given regarding isolation."
Bihar,Buxar,Measles,6,0,05-01-19,,Under Control,"Cases of fever with rash were reported from Village Brahamtola, SC Tikapokhar, PHC/Block Nawanagar. District RRT investigated the outbreak. House to house survey done. Affected children were in the age group 3 to 7 years. Blood samples collected; result awaited. All cases treated symptomatically. Vitamin A supplementation given to all the cases. Health education given."
Maharashtra,Bihar Purnia,Measles,6,0,08-01-19,,Under Control,"Cases reported from Village Bhokhari, PHC/Block Amour. District RRT investigated the outbreak. Active search of cases done. Affected children were in the age group between 1.5yrs to 10yrs of age. 3 blood samples were collected and sent to Microbiology department (Lab.), PMCH Patna; result awaited. All cases treated symptomatically. Health education given."
Bihar,West Champaran (Bettiah),Measles,25,0,15-12-18,,Under Surveillance,"Cases of fever with rash were reported from Village Jogapatti, PHC Donwar, Piparpatti (Pathan Tola). District RRT investigated the outbreak. House to house survey done. Affected children were less than 15yrs of age. Out of 5 blood samples were collected and sent to Microbiology department (Lab.), PMCH Patna, 1 sample was positive for Measles (IgM ELISA). Most of children were unimmunized for measles vaccine. All cases treated symptomatically. Health education given. 8 | P a g e"
Bihar,West Champaran (Bettiah),Measles,6,0,20-12-18,,Under Control,"Cases reported from Village Sikta, PHC Sikta, Bhawanipur. District RRT investigated the outbreak. House to house survey done. All the cases presented symptoms with fever with rash, cough, cold and conjunctivitis. Out of 5 blood samples were collected and sent to Microbiology department (Lab.), PMCH Patna, 1 sample was positive for Measles (IgM ELISA). Children below 15yr of age group were affected. Most of children were unimmunized. All cases treated symptomatically. Health education given."
Gujarat,Sabarkantha,Viral Hepatitis A,10,0,28-12-18,,Under Surveillance,"Cases reported from Village Maniyor (Vankar Vas), SC Maniyor, PHC Virpur, Block Idar. District RRT investigated the outbreak. House to house survey done. Pipeline leakages were observed in the community. All 10 blood samples collected and sent to DPHL Himmatnagar; were positive for Hepatitis A (IgM ELISA). Out of 5 water samples collected, 3 samples were non potable. Chlorination of water sources done. ORS packets and chlorine tablets were distributed in the affected area. PRI repaired the pipeline leakages. All cases treated symptomatically. Health education given."
Kerala,Malappuram,Viral Hepatitis A,60,0,31-12-18,,Under Surveillance,"Cases reported from Village/PHC Thennala, SC Pookkipparamba, Block Vengara. District RRT investigated the outbreak. House to house survey done. All 4 blood samples sent to MCH Manjeri were positive for Hepatitis A (IgM ELISA). Chlorination of water sources done. ORS packets and chlorine tablets were distributed in the affected area. All cases treated symptomatically. Health education given."
Maharashtra,Nashik,Dengue,27,1,28-10-18,,Under Control,"Cases reported from Village Dhamm Nagar, Kathada, UPHC Jijamata. District RRT investigated the outbreak. House to house survey done. Water storage activities were practiced in the community. All cases treated symptomatically. Entomological survey done in the affected area. Fogging (Pyrethrum 2%) done in affected area. Source reduction activities undertaken. IEC activities regarding personal protective measures."
Punjab,Sasnagar,Chickenpox,12,0,12-12-18,,Under Control,"Cases reported from CS Soft Solution PVT Ltd, Mohali. District RRT investigated the outbreak. House to house survey done. Affected cases were in the age group 21-29 years. All cases treated symptomatically. Health education given regarding isolation and personal hygiene."
Bihar,Katihar,Chickenpox,6,0,11-01-19,17-01-19,Under Control,"Cases reported from Village Kursanda, SC Bastaul, Block & PHC Pranpur. District RRT investigated the outbreak. House to house survey done. All cases were below 15 years of age group. All cases were treated. Health education given and isolation advised."
Bihar,Madhubani,Measles,6,0,10-01-19,18-01-19,Under Control,"Cases reported from Village Birdipur, SC Sohraul, PHC Benipatti. District RRT investigated the outbreak. House to house survey done. Affected cases were between 04-09 years of age. Out of 5 serum sample collected and sent to WHO Lab, PMCH Patna, 4 samples were positive for Measles (IgM ELISA). All cases treated symptomatically. Health education given."
Bihar,W. Champaran,Measles?,12,1,15-01-19,20-01-19,Under Surveillance,"Cases reported from Village/PHC Chanpatiya, SC Puraina Osaiya, Mir Miya Ka Tola. District RRT investigated the outbreak. House to house survey done. 05 serums and 02 urine samples collected and sent to Microbiology Department (Lab), PMCH Patna, result awaited. Vitamin A supplementation given to all cases. Health education given."
Dadra And Nagar Haveli,Dadra & Nagar Haveli,Chickenpox,23,0,17-01-19,17-01-19,Under Surveillance,"Cases reported from Government Primary School of Chokipada, PHC Kilvani and Randha, Block Silvassa. District RRT investigated the outbreak. House to house survey done. All cases treated symptomatically. Home isolation of affected cases advised to the parents."
Gujarat,Porbandar,Food Poisoning,237,0,18-01-19,19-01-19,Under Surveillance,"Cases reported from Village Parawada, PHC Simar, Block Porbandar. District RRT investigated the outbreak. House to house survey done. Cases presented with nausea, vomiting and abdominal pain. Food sample collected; result awaited. All cases attended marriage ceremony and had a feast. Health camp organized and all cases treated symptomatically. 4 | P a g e"
Haryana,Ambala,Acute Diarrheal Disease,15,0,20-01-19,20-01-19,Under Control,"Cases reported from Village Abupur, S/C Kurali, PHC Kurali, CHC Shahzadpur. District RRT investigated the outbreak. House to house survey done. Pipeline leakages were observed in the community. 6 water samples collected and sent to Civil Hospital, Ambala for bacteriological examination; result awaited. 6 stool samples collected and sent to Microbiology Lab, Civil Hospital, Ambala; result awaited. Pipeline leakages were repaired. Chlorine tablets distributed in the community. Health education regarding personal hygiene and sanitation given."
Karnataka,Belagavi,Food Poisoning,55,0,19-01-19,19-01-19,Under Surveillance,"Cases reported from Village Yarajarvi, PHC/CHC Chachadi, Block Savadatti. District RRT investigated the outbreak. House to house survey done. Cases consumed upma and curd in mid-day meal. All cases treated at PHC. Health education given to students on personal hygiene."
Karnataka,Davangere,Chickenpox,15,0,16-01-19,16-01-19,Under Surveillance,"Cases reported from Village/PHC/CHC Pallagatte, Taluk Jagalur. District RRT investigated the outbreak. House to house survey done. 04 blood samples collected were tested positive for chickenpox (IgM ELISA). All cases treated symptomatically. Health education given regarding isolation of cases."
Kerala,Kottayam,Viral Hepatitis A,7,0,10-01-19,19-01-19,Under Surveillance,"Cases reported from Ward XI,VII,VIII, Kalaketty, PHC Kalaketty, Block Erumeli. District RRT investigated the outbreak. Out of 12 water samples collected; 7 samples were not potable. Out of 7 serum samples collected 2 samples were positive for Hepatitis A by IgM ELISA. All cases treated symptomatically. Chlorination done. Health education given. 5 | P a g e"
Maharashtra,Ahmednagar,Food Poisoning,29,0,12-01-19,15-01-19,Under Control,"Cases reported from Caring Friends NGO, Village Nepti, SC Nimgaon Wagha, PHC Taklikhatgaon. District RRT investigated the outbreak. House to house survey done. Cases consumed meal (Rice, Dal, Mix Veg (Potato, Green Peas), Pithal, and Roti) and developed pain in abdomen, nausea, vomiting, and diarrhea. 21 students admitted at PHC Taklikhatgaon and 8 students referred to Balaji Hospital, Nagar. Health Education given to NGO Staff, students regarding food handling, storage, personal hygiene. Treatment given to all students."
Odisha,Nawarangpur,Chickenpox,10,0,12-01-19,16-01-19,Under Surveillance,"Cases reported from Village Nuagad, SC Rangamatiguda, Block Namdahandi. District RRT investigated the outbreak. House to house survey done. All cases treated symptomatically. IEC done regarding isolation of cases."
Puducherry,Puducherry,Acute Diarrheal Disease,17,0,10-01-19,10-01-19,Under Surveillance,"Cases reported from Tsunami quarters, Narambai, PHC Kirumampakkam, Block Bahour. District RRT investigated the outbreak. House to house survey done. 6 water samples collected; were potable. All cases treated symptomatically. Health education given."
Tamil Nadu,Madurai,Chickenpox,12,0,18-01-19,19-01-19,Under Surveillance,"Cases reported from Village/HSC Thaniciam, PHC Ayyankottai, Block Alanganallur. District RRT investigated the outbreak. House to house survey done. Majority of cases were between 6- 10 years of age. All cases treated symptomatically. Health education given."
Tamil Nadu,Karur,Leptospirosis,24,0,18-01-19,19-01-19,Under Surveillance,"Cases reported from Village/SC Nallur, PHC Nachalur, Block Kulithalai. District RRT investigated the outbreak. House to house survey done. Out of 10 serum samples sent to DPHL Karur; 5 samples were positive for Leptospirosis by IgM ELISA. IEC also given. All cases treated symptomatically. Health education given. 6 | P a g e DISEASE OUTBREAKS OF PREVIOUS WEEKS REPORTED LATE Unique ID. Name of State/UT Name of District Disease/ Illness No. of Cases No. of Deaths Date of Start Outbreak Current Status Comments/ Action Taken"
Bihar,Madhubani,Measles,8,1,27-12-18,,Under Control,"Cases reported from Village Asrathpur, SC Kakraul, PHC Rahika. District RRT investigated the outbreak. House to house survey done. All the affected cases were between11 months to 8 years. Out of 4 serum samples collected and sent to PMCH, Patna; 3 samples were positive for Measles (IgM ELISA). IEC done regarding isolation of cases."
Bihar,Nawada,Measles?,6,0,28-12-18,,Under Control,"Cases reported from Village Gonawa, PHC/BLOCK Sadar. District RRT investigated the outbreak. House to house survey done. Cases presented symtoms with fever with rash cough, runny nose, inflamed eyes reported in children of age group 6 months- 7yrs. 2 children had history of prior measles vaccination. 4 blood samples collected and sent to PMCH Microbiology Department Patna, result awaited. Community was sensitized to complete routine immunization of their children."
Bihar,W. Champaran,Measles,28,0,20-12-18,,Under Surveillance,"Cases reported from Village Bhasahya, Srpat, Negar, PHC Pipras. District RRT investigated the outbreak. House to house survey done. 5 blood samples collected and sent to Microbiology Lab PMCH, Patna; result awaited. All cases were treated symptomatically. Health education given regarding isolation of cases."
Chhattisgarh,Raigarh,Acute Diarrheal Disease,25,0,26-12-18,,Under Surveillance,"Cases reported from Village Mohadi, SC Sankara, CHC Baramkela. District RRT investigated the outbreak. House to house survey done. Temporary health camp organized by Block Combat Team. All cases treated. Health education given."
Gujarat,Sabarkantha Viral,Hepatitis,10,0,28-12-18,,Under Control,"Cases reported from Village Maniyor (Vankar Vas), SC Maniyor, PHC Virpur, Block Idar. District RRT investigated the outbreak. House to house survey done. Pipe leakages were observed in the community. Pipeline leakages were repaired by PRI. 05 water samples collected; result awaited. Chlorination of the water sources done and chlorine tablet were distributed in affected area. ORS packets were distributed in the houses and demonstration of the use of ORS packets was done. Health education given regarding personal hygiene and sanitation. 7 | P a g e"
Karnataka,Dakshina Kannada,Measles,13,0,22-12-18,,Under Surveillance,"Cases reported from Village Paneer, PHC/CHC Kotekar, Taluk Mangalore. District RRT investigated the outbreak. 4 throat swabs and 2 blood samples collected and sent to MCVR; 01 sample tested positive for Measles by IgM ELISA. Preventive measures advised to the orphanage."
Kerala,Thiruvananthap uram,Chickenpox,5,1,07-01-19,,Under Control,Cases reported from urban area Peroorkkada. District RRT investigated the outbreak. Active search of cases done. All cases treated symptomatically. Health education given regarding isolation of cases.
Mizoram,Aizwal East,Scrub Typhus,25,0,05-11-18,,Under Control,Cases reported from Village Samtlang. District RRT investigated the outbreak. House to house survey done. Out of 32 samples collected and tested at DPHL Aizwal and 25 positive by ELISA test. All cases treated symptomatically. Health education given.
Mizoram,Serchhip,Scrub Typhus,141,0,24-12-18,,Under Surveillance,Cases reported from Village/CHC Thenzawl. District RRT investigated the outbreak. House to house survey done. Medical camps were organized at Thenzawl CHC. Out of 62 samples tested at RMRC Dibrugarh and 17 samples was positive scrub typhus (IgM ELISA). All cases treated symptomatically. Health education given.
Dadra And Nagar Haveli,Dadra & Nagar Haveli,Chickenpox,15,0,24-01-19,24-01-19,Under Control,"Cases reported from Fatima School, Velugam, PHC Amboli, Block Silvassa. District RRT investigated the outbreak. Active search of cases done. 05 serum and 05 blister swabs were collected and sent to NIV Pune; result awaited. All cases treated symptomatically. Health education given."
Karnataka,Chickaballapura,Food Poisoning,13,2,25-01-19,26-01-19,Under Control,"Cases reported from Village Sriramanagara, PHC/CHC/Block Chintamani. District RRT investigated the outbreak. House to house survey done. All cases consumed food in a social ceremony. 1 blood sample collected and sent to Forensic lab; result awaited. 1 stool sample collected and sent to BMCRI; result awaited. All cases treated symptomatically. Health education given."
Madhya Pradesh,Rajgarh,Viral Hepatitis A,15,0,25-11-18,24-01-19,Under Surveillance,Cases reported from Rajgarh Urban. District RRT investigated the outbreak. House to house survey done. Pipe line leakages were observed in the community. 05 blood samples collected and sent to AIIMS Bhopal & GMC Bhopal were positive for Hepatitis A (IgM ELISA). Pipe lines were repaired by PRI. Chlorination of water sourced done. Temporary drinking water was supplied to the affected areas. All cases treated symptomatically. Health education given. 1250071/2019/O/O NCDC 307 4 | P a g e DISEASE OUTBREAKS OF PREVIOUS WEEKS REPORTED LATE Unique ID. Name of State/UT Name of District Disease/ Illness No. of Cases No. of Deaths Date of Start Outbreak Current Status Comments/ Action Taken
Bihar,Madhubani,Chickenpox,19,1,12-01-19,,Under Control,"Cases of fever with rash reported from Village Naspatti, Navtoli, SC Gajhara, PHC Ladania. District RRT investigated the outbreak. House to house survey done. 4 serum samples collected and sent to PMCH Patna; result awaited. All cases treated symptomatically. Health education given regarding isolation of cases."
Gujarat,Mahesana,Chickenpox,28,0,23-01-19,,Under Control,"Cases reported from urban area of Vadnagar City (Bhalesara), Block Vadnagar. District RRT investigated the outbreak. House to house survey done. 05 serum samples collected; result awaited. Symptomatic treatment given to all cases. Health education regarding home isolation imparted in the community."
Gujarat,Sabarkantha,Jaundice,8,0,05-01-19,,Under Surveillance,"Cases reported from Village Hunj, SC Himatpur, PHC Bamna, Taluk Himatnagar. District RRT investigated the outbreak. House to house survey done. Pipe line leakages were observed in the community. 5 water samples collected and sent to GMERS Medical College Himmatnagar; result awaited. Pipe line leakages were repaired. Chlorination of water sourced done. Chlorine tablets distributed in the affected area. All cases treated symptomatically. Health education given regarding personal hygiene and sanitation."
Gujarat,Sabarkantha,Food Poisoning,39,0,07-01-19,,Under Control,"Cases reported from Christian Ashram Shala of Pipaliya, SC Pipaliya, PHC Chandrana, Taluk Poshina. District RRT investigated the outbreak. House to house survey done. All the students consumed lunch (cauliflower curry and wheat roti) before going school and presented symptoms with abdominal pain and vomiting. All the case treated at PHC Poshina. Health camp organized in the school. Health education given to the food handler regarding food hygiene and sanitation. 1250071/2019/O/O NCDC 308 5 | P a g e"
Haryana,Yamuna Nagar,Acute Diarrheal Disease,45,0,23-01-19,,Under Control,"Cases reported from Village Chuharpur Kalan, SC Malikpur Khadar, PHC Chhachhrauli, CHC Khizrabad. District RRT investigated the outbreak. House to house survey done. Pipe line leakages were observed in the community. 12 water samples collected and sent to DPHL Karnal were not potable for drinking purposes. Pipe line leakages were repaired. Chlorination of water sourced done. All cases treated symptomatically. Health education given regarding personal hygiene and sanitation."
Karnataka,Hassan,Acute Diarrheal Disease,28,0,22-01-19,,Under Control,"Cases reported from Village Masavalli, PHC/CHC Belavadi, Taluk Sakaleshpura. District RRT investigated the outbreak. House to house survey done. 28 blood samples and 2 stool samples, 1 water samples collected; result awaited. All cases treated symptomatically. Health education given."
Karnataka,Hassan,Chickenpox,89,0,23-01-19,,Under Surveillance,"Cases reported from Village Tagare, PHC/CHC Nagenahalli, Taluk Belur. District RRT investigated the outbreak. House to house survey done. 3 blood samples and 2 vesicular swab samples collected; result awaited. All cases treated symptomatically. Health education given."
Karnataka,Tumkur,Chickenpox,12,0,19-01-19,,Under Control,"Cases reported from Village Dwaralu subcentre, Muddakkanahalli, PHC/CHC Tavarekere, Taluk Sira. District RRT investigated the outbreak. House to house survey done. All cases treated symptomatically. Health education given."
Kerala,Ernakulam,Chickenpox,65,0,06-01-19,,Under Control,"Cases reported from Village/SC/PHC Kanjur, Block Kaldy. District RRT investigated the outbreak. Active search of cases done. All cases treated symptomatically. Health education given."
Kerala,Wayand,Kyasanur Forest Disease,2,0,23-01-19,,Under Surveillance,"Cases reported from Villages Thirunelli, Thrisseleri, SC Aranapara and Bavali, PHC Appapara, Block Manathavady. District RRT investigated the outbreak. House to house survey done. 2 serum samples collected and sent to MCVR were positive for KFD virus (PCR Positive). Surveillance of monkey death surrounding 2 Km of affected area was carried out. 350 doses of KFD vaccine procured from Shimoga and vaccination done in the affected area. Tick surveillance done in monkey death reported areas and collected ticks were send to NIV Pune; result awaited. BB emulsion distributed in affected area. All cases treated symptomatically. Health education given. 1250071/2019/O/O NCDC 309 6 | P a g e"
Meghalaya,West Khasi Hills (Nongstoin),Acute Diarrheal Disease,108,0,14-01-19,,Under Surveillance,Cases reported from Village/Block Nongstoin. District RRT investigated the outbreak. House to house survey done. Stool and water samples collected; result awaited. All cases treated symptomatically. Health education given.
Maharashtra,Thane,Dengue?,9,1,15-01-19,,Under Surveillance,"Cases reported from Municipal Corporation area of Kharigaon, Bandarwadi. District RRT investigated the outbreak. House to house survey done. All 8 blood smears were negative malaria. 2 blood samples collected and sent to NIV Pune; result awaited. Water storage practices were observed in the community. Entomological survey done. Fogging and spraying was done. Source reduction activities undertaken. All cases treated symptomatically. Health education given."
Madhya Pradesh,Alirajpur,Chickenpox,11,0,22-01-19,,Under Control,"Cases reported from Village Kharpai waskel Faliya, SC Kharpai, PHC Nanpur, Block Ambua. District RRT investigated the outbreak. House to house survey done. Affected children were in 03-12yrs of age group. Health camp organized in the village and all cases treated symptomatically. Health education given regarding home isolation."
Odisha,Koraput,Acute Diarrheal Disease,11,0,20-01-19,,Under Control,"Cases reported from Village Kaudiaguda CHC Boiapriguda. District RRT investigated the outbreak. House to house survey done. 3 water sample collected and sent to DPHL, Koraput; result awaited. All cases treated symptomatically. Health education given regarding personal hugien and sanitation."
Odisha,Angul,Food Poisoning,16,0,21-01-19,,Under Control,"Cases reported from Alekhapatana U.P School, Kumanda, CHC/Block Banarpal. District RRT investigated the outbreak. Active search of cases done. All cases consumed food in lunch and presented symptoms with loose motion and vomiting. Health camp organized in the school and all cases treated symptomatically. Health education given."
Odisha,Dhenkanal,Food Poisoning,36,0,22-01-19,,Under Surveillance,Cases reported from GNMTS hostel Dhenkanal. District RRT investigated the outbreak. Active search of cases done. All cases consumed food in lunch and presented symptoms with loose motion and vomiting. 04 rectal and 03 water samples collected result awaited. Health camp organized in the school and all cases treated symptomatically. Health education given. 1250071/2019/O/O NCDC 310 7 | P a g e
Punjab,Ludhiana,Mumps,8,0,22-01-19,,Under Surveillance,"Cases reported from Red Cross Bal Bhawan, Sarabha Nagar. District RRT investigated the outbreak. House to house survey done. 8 blood samples collected and sent to IDSP Lab, Civil Hospital, Ludhiana; result awaited. Health camp organized in the school. Symptomatic treatment given. Isolation of the affected cases done."
Tamil Nadu,Tiruvannamalai,Food Poisoning,44,0,21-01-19,,Under Control,"Cases reported from Village/SC Thirukkuvalai, PHC Thirupoondi, Block Keezhaiyur. District RRT investigated the outbreak. Active search of cases done. All cases consumed food in lunch and presented symptoms with loose motion and vomiting. 1 food sample and 1 water sample sent to FSO, Nagapattinam; result awaited. All cases treated symptomatically. Health education given."
Tamil Nadu,Nagapattinam,Food Poisoning,33,0,21-01-19,,Under Control,"Cases reported from Village/SC Kattumalaiyanur, PHC Somasipadi, Block Kilpennathur .District RRT investigated the outbreak. Active search of cases done. All cases consumed food in lunch and presented symptoms with loose motion and vomiting. 5 water samples sent to DPHL Cheyyar; result awaited. Food material such as Rice, Sun Flower Cooking Oil, Garam Masala, and Turmeric Powder sent for Food analysis; result awaited. All cases treated symptomatically. Health education given."
Uttar Pradesh,Azamgarh Viral,Hepatitis?,44,0,11-01-19,,Under Surveillance,"Cases reported from Village Mohalla Pura Rani (Samaudhi) CHC Mubarakpur, Block Sathiyaon. District RRT investigated the outbreak. House to house survey done. Water samples collected and sent to Lucknow; result awited. Chlorination of water sourced done. All cases treated symptomatically. Health education given."
West Bengal,Birbhum,Acute Diarrheal Disease,51,0,23-01-19,,Under Control,"Cases reported from Village Malanchi, SC Malanchi, Block Mayureswar-I. District RRT investigated the outbreak. House to house survey done. 3 rectal swab collected and sent to BMCH & food samples collected and sent to Pasteur Institute; result awaited. Chlorination of water sources done. All cases treated symptomatically. Health education given. 1250071/2019/O/O NCDC 311"
Assam,Nagaon,Chickenpox,14,0,02-02-19,02-02-19,Under Surveillance,"Cases reported from Village Pub Kandulimari, BPHC: Jugijan, PHC-SD: Jugijan. District RRT investigated the outbreak. House to house survey done. Cases presented with fever, diffuse- generalized maculopapulovesicular rash, and cough. After active survey, total 14 nos. of cases found in the village. Among the cases, 6 are Male and 8 are female. Out of the cases, 10 are children below 15 years of age and one pregnant woman of 23 years of age. Two blood samples have been taken from the suspected patients on 01-02-2019 and sent to Virology Department, GMCH, Guwahati for necessary investigation. Health camp organized in the school and all cases treated symptomatically."
Bihar,Muzaffarpur,Chickenpox,8,1,31-01-19,01-02-19,Under Surveillance,"Cases reported from Village Muradpur W.No 6, HSC Hamidpur, PHC/Block Bochahan. District RRT investigated the outbreak. House to house survey done Symptoms of red eyes, Macula popular eruption on body reported by cases. Majority of them belonged to low socio-economic condition, poor sanitary conditions found. MOICs & RRT Medical Team, visited affected area to control outbreak. Health education given."
Bihar,Gopalganj,Chickenpox,14,0,30-01-19,11-02-19,Under Surveillance,"Cases reported from Village Bathani Tola, Gamhari, SC Gamhari, PHC Baikunthpur, Block Baikunthpur. District RRT investigated the outbreak. House to house survey done. All cases treated symptomatically and advised isolation. Health education given."
Chhattisgarh,Janjgir,Food Poisoning,22,0,28-01-19,31-01-19,Under Control,"Cases reported from Village laxmanbhanta, SHC Gobra, CHC Dabhra. District RRT investigated the outbreak. House to house survey done. Symptoms like Vomiting, loose motion, and abdominal pain were observed in 22 persons (11- male, 11- Female) after consuming sweets at a function.. Affected persons were referred to CHC Dabhra for treatment. Symptomatic treatment given. Health education given. 4 | P a g e"
Dadra And Nagar Haveli,Dadra & Nagar Haveli,Chickenpox,7,0,28-01-19,28-01-19,Under Surveillance,"Cases reported from Village Silvassa City, Block Silvassa, UPHC- A, SMC Ward No. 02, Balaji Apartment. District RRT investigated the outbreak. House to house survey done. Most affected age group is 0 to 05 Yrs old. Health education given regarding immunization. All cases treated symptomatically."
Gujarat,Kheda,Food Poisoning,13,0,02-02-19,04-02-19,Under Surveillance,"Cases reported from Village Lala Na Muvada, SC Malvan, PHC Sevaliya, Block Galteswar. District RRT investigated the outbreak. House to house survey done. DRRT (DSO, ECSS) visited the affected area. Cases occurred after they ate seeds of Rataniyot. Health camp organized in the school. Health education given."
Karnataka,Bagalkot,Chickenpox,29,0,03-02-19,04-02-19,Under Control,"Cases reported from Village Hirebudihal, PHC/CHC Katageri, Taluk Badami. District RRT investigated the outbreak. House to house survey done. House to house survey for active case search. Case management. 06 serum samples collected and sent to Mysore and 04 found positive for Chicken pox by Ig M ELISA. Isolation of cases. IEC regarding control of Chickenpox was done in the community and in the school. All cases treated symptomatically. Health education given."
Karnataka,Hassan,Mumps,35,0,29-01-19,01-02-19,Under Surveillance,"Cases reported from Village Kittur rani chennamma School, Konanur, CHC/PHC Konanur, Taluk Arakalagud. District RRT investigated the outbreak. House to house survey done. 2 blood samples collected & sent to Shivamogga and 01 found positive for Mumps by Ig M and 01 sample was equivocal. All cases treated symptomatically. Health education given."
Karnataka,Bangalore Rural,Chickenpox,10,0,28-01-19,01-02-19,Under Control,"Cases reported from Village Badalipura, CHC/PHC Nallur B, Taluk Devanahalli. District RRT investigated the outbreak. House to house survey done. 2 Blood Serum Samples sent to MMC, and both found positive for Chicken pox. RRT team visited, IEC given in school. All cases treated symptomatically. Health education given. 5 | P a g e"
Karnataka,Tumkur,Mumps,15,0,28-01-19,29-01-19,Under Surveillance,"Cases reported from Village/PHC/CHC Siddaganga matta, Tumkur. District RRT investigated the outbreak. House to house survey done. 03 Blood Serum samples collected and 03 found positive for Mumps. Routine contact survey is being carried out in the area. Isolation of active cases. IEC activities regarding the disease & personal hygiene. All the cases have taken treatment at PHC Siddagangamatta . Concerned Taluka staff & PHC Field staff have been informed for follow-up. All cases treated symptomatically. Health education given."
Odisha,Jagatsinghpur,Acute Diarrheal Disease,21,0,27-01-19,30-01-19,Under Surveillance,"Cases reported from Village Mukundpur, SC Palasole, Block Mandasahi. District RRT investigated the outbreak. House to house survey done. After consuming marriage ceremony feast on 20.01.19 Anti Diarrheal & Anti emetic, ORS, Halogen are distributed to affected households. IEC BCC & sensitization meeting has been conducted in affected village. 2 Nos. of Water samples & 2 Nos. of rectal swabs have been collected & sent to SCBMCH Cuttack for testing. All cases treated symptomatically. Health education given."
Puducherry,Puducherry,Chickenpox,10,0,30-01-19,30-01-19,Under Surveillance,Cases reported from Village Kirumampakkam; Block Bahour. District RRT investigated the outbreak. House to house survey done. All cases treated symptomatically under isolation. Health education given.
Rajasthan,Jaipur,Acute Diarrheal Disease,100,0,31-01-19,01-02-19,Under Surveillance,"Cases reported from Village Ward No 26 Civil lines. District RRT investigated the outbreak. House to house survey done. Five food samples & Four water samples collected and sent to SMS Jaipur, result awaited. All cases treated symptomatically. Health education given. 6 | P a g e"
Tamil Nadu,Dharmapuri,Typhoid,42,0,01-02-19,03-02-19,Under Surveillance,"Cases reported from Village/HSC Kailavaram, PHC Theerthamalai, Block Harur. District RRT investigated the outbreak. House to house survey done. 5 serum samples sent to IVCZ Hosur, & District Public Health Lab, Pennagaram, Dharmapuri Result 3 Typhoid Positive, 2 Chickungunya & Typhoid Positive, 2 Chickungunya equivocal, 1 Dengue Positive. Fogging and antilarval activities done, OHT chlorination done. All cases treated symptomatically. Health education given."
Tamil Nadu,Pudukottai,Food Poisoning,48,0,29-01-19,29-01-19,Under Surveillance,"Cases reported from Village Ariyur, HSC/PHC Mathiyanallur, Block Annavasal. District RRT investigated the outbreak. House to house survey done. 5 water samples & Stool samples sent to DPHL, Aranthangi Result awaited. Medical camp conducted. Disinfection was Carried out. Cleaning of OHT and Chlorination on the day itself. Health Education. Health camp organized in the school and all cases treated symptomatically. DISEASE OUTBREAKS OF PREVIOUS WEEKS REPORTED LATE Unique ID. Name of State/UT Name of District Disease/ Illness No. of Cases No. of Deaths Date of Start Outbreak Current Status Comments/ Action Taken"
Bihar,Katihar,Chickenpox,4,0,05-01-19,,Under Surveillance,"Cases reported from Village Maveya, SC Dhumgadh, PHC/Block Korha. District RRT investigated the outbreak. House to house survey done. Health camp organized in the school and all cases treated symptomatically. Health education given."
Bihar,Madhubani,Chickenpox,31,0,05-01-19,,Under Control,"Cases reported from Village Bisfi Dih Ward no 30, PHC/HSC Bisfi. District RRT investigated the outbreak. House to house survey done. Cases presented with fever and vesiculopapular rash. Health Camp Organized. Cases treated symptomatically. Health Education given regarding Isolation of cases. 7 | P a g e"
Bihar,Muzaffarpur,Chickenpox,20,0,16-01-19,,Under Control,"Cases reported from Village Sonwarsha Sah, HSC Sonwarsha, PHC/Block Kudhani. District RRT investigated the outbreak. House to house survey done. Symptoms of red eyes, Maculo papular eruption on body reported by cases. Majority of them belonged to low socio-economic condition, poor sanitary conditions found. All cases treated symptomatically. Health education given."
Bihar,West Champaran (Bettiah),Suspected Measles,35,0,16-01-19,,Under Surveillance,"Cases reported from Village Chanpatiya , Ward No 06. PHC Chanpatia, Block Chanpatiya. District RRT investigated the outbreak. House to house survey done. The History of fever and rashes has been reported from Chanpatiya, West Champaran. Total 35 cases reported in which all of them belongs to under 15year age group. Immunization status unknown. The affected community belongs to low socio economic group and having unhygienic practices. Five blood and two urine samples have been collected and send to Microbiology department (Lab.), PMCH Patna."
Bihar,West Champaran (Bettiah),Suspected Measles,16,0,20-01-19,,Under Surveillance,"Cases reported from Village Line Parsa, HSC Baura Sitka, PHC Sikta. District RRT investigated the outbreak. House to house survey done. Total 16 cases reported in which most of them belongs to under 15 year age group. The affected community belongs to low socio economic group and having unhygienic practices. The active case search has been done. The symptomatic treatment done. Vitamin A tablets supplementation given. Five blood and two urine samples collected and sent to Microbiology department (Lab.), PMCH Patna All cases treated symptomatically. Health education given."
Bihar,Siwan,Chickenpox,10,0,24-01-19,,Under Control,"Cases reported from Village Mohalla Mali Tola, Mohinuddinpur, POPS Siwan, Block Sadar. District RRT investigated the outbreak. House to house survey done. IEC activities regarding the control and prevention measures of Chicken Pox disease. Health camp organized in the school and all cases treated symptomatically."
Gujarat,Rajkot,Measles,8,0,16-01-19,,Under Control,"Cases reported from Village Gondal Darvaja, UHC Fulwadi- 2, Taluk Jetpur. District RRT investigated the outbreak. House to house survey done. Vitamin A supplementation given. 5 Samples are collected and sent to B.J.M.C Ahmedabad Lab, Result:-5-Serum Measles IgM Positive for measles. All cases treated symptomatically. Health education given. 8 | P a g e"
Karnataka,Dakshina Kannada,Typhoid,12,0,25-01-19,,Under Surveillance,"Cases reported from Village Addur, PHC/CHC Ganjimatt, Taluk Mangalore. District RRT investigated the outbreak. House to house survey done. 2 Blood culture have been sent to District public lab for Typhoid and found positive. Drinking water samples collected for water test and found unfit. All cases treated symptomatically. Health education given."
Karnataka,Davangere,Chickenpox,64,0,24-01-19,,Under Surveillance,"Cases reported from Village Gode, Marikunte, Bilichodu, Basavapura, PHC/CHC Bilichodu, Palaghatta, Halekallu, Taluk Jagalur. District RRT investigated the outbreak. House to house survey done. 5 samples are tested for Chicken Pox at MCVR Manipal Lab 3 found Positive for chicken pox by IgM ELISA and 2 found Negative. Contact survey done in the anganawadi, School and village. Isolated the affected cases. Personal Hygiene & Health education given to the students and villagers."
Karnataka,Tumkur,Chikungunya,137,0,24-01-19,,Under Surveillance,"Cases reported from Navodaya school, Durgadahalli, PHC/CHC Urdigere, Tumkur Tumkur. District RRT investigated the outbreak. House to house survey done. Water sample-3 found potable, Throat swab-2 and 01 found positive for H1N1, Blood smear-60, Blood culture-2, Dengue & chikungunya and 01 found positive for chikungunya. All cases treated symptomatically. Health education given."
Karnataka,Tumkur,Suspected Mumps,14,0,26-01-19,,Under Surveillance,"Cases reported from Village Reddikatte, PHC/CHC Akkirampura, Taluk Kortagere. District RRT investigated the outbreak. House to house survey done. All cases treated symptomatically. Health education given."
Meghalaya,Jantia Hills,Acute Diarrheal Disease (Rota virus),28,0,24-01-19,,Under Control,"Cases reported from Rasongsli Nursing Home, Pamtbuh Village, Pdengshakap PHC, Amlarem Block. District RRT investigate the outbreak. House to House Survey done. Out of 7 stools sample collected; 6 samples are positive for Rota Virus (Ag ELISA) at ICMR Dibrugarh. All cases treated symptomatically. Health education given."
Odisha,Puri,Chickenpox,12,0,18-01-19,,Under Control,"Cases reported from Village Bhagalpur, SC Mahura Sector Gabakund. District RRT investigated the outbreak. House to house survey done. House to house visit done by Dist. & Block Medical team on 29-01-19. Counseling and IEC activities done. All cases treated symptomatically. Health education given."
Andhra Pradesh,Visakhapatnam,Food Poisoning,112,0,04-02-19,05-02-19,Under Surveillance,"Cases reported from Village Thagarampudi, PHC Anakapalli. District RRT investigated the outbreak. House to house survey done. All cases consumed food in a social ceremony and presented symptoms with loose motion and vomiting. 5 water samples collected and sent to Regional Laboratory for bacteriological examination; result waited. Temporary medical camps were organized in the community. All cases treated symptomatically. Awareness campaign regarding personal hygiene and sanitation were imparted. Community was advised to drink boiled and cooled water for drinking purposes."
Andhra Pradesh,Visakhapatnam,Acute Diarrheal Disease,23,0,31-01-19,03-02-19,Under Control,"Cases reported from Village Chintapalli, SC Antarla, PHC RV Nagar. District RRT investigated the outbreak. House to house survey done. 2 water samples collected and sent to Naripatnam Lab; result awaited. All cases treated symptomatically. Chlorine tablets were distributed in the community. Chlorination of water sources done. Pipeline leakages were repaired in the community. Health education given regarding personal hygiene and sanitation."
Bihar,Muzaffarpur,Chickenpox,23,0,05-02-19,08-02-19,Under Control,"Cases of fever with maculopapular rash reported from Village Kamrathu Sahni Tola, SC Kamrathu, PHC/Block Gaighat. District RRT investigated the outbreak. House to house survey done. All cases treated symptomatically. Health education given regarding home isolation and personal hygiene."
Chhattisgarh,Baster,Food Poisoning,13,0,04-02-19,08-02-19,Under Surveillance,"Cases reported from Dharampura Girls Hostel, Jagdalpur, SC Kangoli. District RRT investigated the outbreak. Active search of cases done. All cases consumed food in the hostel and presented symptoms with loose motion and vomiting. Food samples collected and sent to food lab; result awaited. Chlorination of water sources done. Health education regarding food hygiene and sanitation imparted. 1262997/2019/O/O NCDC 322 4 | P a g e"
Karnataka,Chitradurga,Mumps,14,0,02-02-19,06-02-19,Under Control,"Cases reported from Village Neelayanahatti, PHC/CHC Kyasapura, Taluk Chitradurga. District RRT investigated the outbreak. House to house survey done. 2 blood samples collected and sent to KMC Manipal were positive for Mumps (IgM ELISA). All the children were less than 15yr of age. All cases treated symptomatically. Health education regarding isolation of cases was imparted in the community."
Karnataka,Dakshina Kannada,Acute Diarrheal Disease,27,0,01-02-19,04-02-19,Under Control,"Cases reported from urban area of Kasaiagalli, PHC/CHC UPHC Bunder, Taluk Mangalore. District RRT investigated the outbreak. House to house survey done. 1 stool collected and sent to DPHL Dakshin Kannada were negative for enteropathogens. 2 water samples collected and sent to DPHL Dakshin Kannada were non potable. Chlorination of water sources done. All cases treated symptomatically. Health education given regarding personal hygiene and sanitation."
Karnataka,Dharwad,Chickenpox,13,0,05-02-19,06-02-19,Under Control,"Cases reported from Village Lokur, PHC/CHC Uppin Betageri, Taluk Dharwad. District RRT investigated the outbreak. House to house survey done. Affected children were in the age group between 2-18yr. 1 serum sample collected sent to MCVR Manipal was positive for chickenpox (IgM ELISA). Symptomatic treatment and isolation of cases advised in the community Health education given regarding personal hygiene."
Karnataka,Dharwad,Mumps,14,0,04-02-19,08-02-19,Under Surveillance,"Cases reported from Village/PHC/CHC Saunshi, Taluk Kundagol. District RRT investigated the outbreak. House to house survey done. 1 serum sample collected sent to SIMS Shimogga was positive for mumps (IgM ELISA).. Symptomatic treatment and isolation of cases advised in the community Health education given regarding personal hygiene."
Karnataka,Gadag,Chickenpox,58,0,05-02-19,05-02-19,Under Surveillance,"Cases reported from Village Koujageri, PHC/CHC Belavanaki, Block Ron. District RRT investigated the outbreak. House to house survey done. All the 2 serum samples sent to Manipal were positive for chickenpox (IgM ELISA). All children treated symptomatically and sensitized regarding personal hygiene and home isolation. 1262997/2019/O/O NCDC 323 5 | P a g e"
Karnataka,Mysuru,Chickenpox,13,0,04-02-19,04-02-19,Under Control,"Cases reported from Village Salukoppalu, PHC/CHC Bhuvanahalli, Taluk Periya Patna. District RRT investigated the outbreak. House to house survey done. All 3 blood samples sent to MMCRI IDSP referral lab were positive for Chickenpox (IgM ELISA). All cases treated symptomatically. Health education given."
Karnataka,Tumkur,Chickenpox,12,0,01-02-19,04-02-19,Under Control,"Cases reported from urban area of C N Halli Town, PHC/CHC JC Pura. District RRT investigated the outbreak. House to house survey done. All the cases treated at PHC Siddagangamatta. Health education regarding isolation of cases and personal hygiene was imparted."
Karnataka,Tumkur,Mumps,20,0,02-02-19,04-02-19,Under Surveillance,"Cases reported from Vajapeyi Vasathi School, PHC/CHC Panjiganahalli, Taluk Sira. District RRT investigated the outbreak. Active search of cases done. All the 3 blood samples collected; were positive for mumps (IgM ELISA). Majority of the cases were >15yr of age. All cases treated symptomatically. Health education given regarding isolation of cases and personal hygiene."
Kerala,Thrissur,Food Poisoning,111,0,31-01-19,05-02-19,Under Control,"Cases reported from Kerala Police Academy, Thrissur Corporation, PHC/Block Vilvattom. District RRT investigated the outbreak. All the cases consumed food and presented symptoms with loose motion and vomiting. 5 water samples, 2 stool samples were collected were negative for enteropathogens. ORS packets were distributed in the academy. Health camp organized and all cases treated symptomatically. Health education given regarding food hygiene and sanitation."
Madhya Pradesh,Nimach,Chickenpox,23,0,06-02-19,10-02-19,Under Control,"Cases reported from Village/SC Rajpura, PHC Kukdeshwar Block Manasa. District RRT investigated the outbreak. House to house survey done. Affected children were in the age group between 4-14yr. All cases treated symptomatically. Health education given regarding home isolation and personal hygiene. 1262997/2019/O/O NCDC 324 6 | P a g e"
Odisha,Angul,Acute Diarrheal Disease,14,0,06-02-19,09-02-19,Under Control,"Cases reported from Ambasaramunda Sevashram School Hostel, SC/GP P-Ambasaramunda, CHC Madhapur, Block Anthmalik. District RRT investigated the outbreak. House to house survey done. 5 water samples and 1 rectal swab were collected; showed no growth of enteropathogens. Chlorination of water sourced done. All cases treated symptomatically. Health education given regarding personal hygiene and sanitation."
Odisha,Keonjhar,Food Poisoning,75,0,03-02-19,04-02-19,Under Control,"Cases reported from Village Tolladihi, SC Talabirkala, CHC Banspal, Block Banspal. District RRT investigated the outbreak. House to house survey done. All the cases consumed food in a social ceremony. 07 rectal swabs and 02 water samples collected showed no growth of enteropathogens. ORS packets were distributed in the community. All cases treated symptomatically. Health education given."
Punjab,Fatehgarh Sahib,Mumps,30,0,31-01-19,04-02-19,Under Control,"Cases reported from Government Primary School, Village Dhanola, PHC Sanghol. District RRT investigated the outbreak. House to house survey done. 3 blood samples collected and sent to DPHL Fatehgarh Sahib were positive for Mumps (IgM ELISA). All the children were less than 15yr of age. All cases treated symptomatically. Health education regarding isolation of cases was imparted in the community."
Tamil Nadu,Madurai,Food Poisoning,19,0,05-02-19,07-02-19,Under Control,"Cases reported from Village/SC Velliyankundram, PHC Kallandiri, Block Madurai East. District RRT investigated the outbreak. House to house survey done. Cases consumed food in the lunch in a social ceremony. 1food sample collected and sent to Food Safety lab Madurai; result awaited. 2 water samples collected and sent to DPHL Madurai were non potable. Chlorination of water sources done. All cases treated symptomatically. Health education given. 1262997/2019/O/O NCDC 325 7 | P a g e"
Tamil Nadu,Madurai,Chickenpox,51,0,08-02-19,09-02-19,Under Surveillance,"Cases reported from Village Thengalpatti, SC K.Puliyankulam, PHC Checkanurani, Block Tirumangalam. District RRT investigated the outbreak. Active search of cases done. All cases were below 14yrs of age. All children treated symptomatically and sensitized regarding personal hygiene and home isolation."
Tamil Nadu,Salem,Chickenpox,15,0,06-02-19,11-02-19,Under Control,"Cases reported from Village Lakshmanoor, SC Lakshmanoor, PHC Poolavari, Block Veerapandy. District RRT investigated the outbreak. House to house survey done. All cases treated symptomatically. Health education given regarding home isolation and personal hygiene."
Tamil Nadu,Vellore,Chickenpox,20,0,01-02-19,06-02-19,Under Control,"Cases reported from Village Melpadi & Shivapuram, SC/PHC Melpadi, Block Sholinghur. District RRT investigated the outbreak. House to house survey done. All cases were below 10yrs of age. All children treated symptomatically and sensitized regarding personal hygiene and home isolation."
Tamil Nadu,Pudukottai,Chikungunya,25,0,05-02-19,07-02-19,Under Control,"Cases reported from Village Viralimalai North Street, SC Athipallam, PHC Kodumbalur, Block Viralimalai. District RRT investigated the outbreak. House to house survey done. 6 serum samples sent to KAPV Trichy were positive for Chikungunya (IgM ELISA). Vector control activities undertaken. All cases treated symptomatically. Health education given."
Tamil Nadu,Ramanathapura m,Chikungunya,21,0,05-02-19,11-02-19,Under Control,"Cases reported from Village S Vellankulam, HSC Melaselvanur , PHC Melakidaram, Block Kadaladi. District RRT investigated the outbreak. House to house survey done. Out of 3 blood samples collected and sent to DPHL Ramanathapuram, 2 samples were positive for Chikungunya ( IgM ELISA) and 1 sample was positive for Leptospirosis (IgM ELISA). Source reduction activities undertaken. All cases treated symptomatically. Health education given. 1262997/2019/O/O NCDC 326 8 | P a g e"
Telangana,Jayashankar Bhupalpally,Food Poisoning,40,0,04-02-19,06-02-19,Under Control,"Cases reported from Chityal Social Welfare Hostel, Chityal. District RRT investigated the outbreak. Active search of cases done. 06 water samples collected were negative for enteropathogens. All cases treated symptomatically. Health camp organized in the hostel. Chlorination of drinking sources done. Health education given. DISEASE OUTBREAKS OF PREVIOUS WEEKS REPORTED LATE Unique ID. Name of State/UT Name of District Disease/ Illness No. of Cases No. of Deaths Date of Start Outbreak Current Status Comments/ Action Taken"
Karnataka,Chamarajanagar a,Chickenpox,31,0,21-01-19,,Under Surveillance,"Cases reported from Kristharaja School, Hanuru, PHC/CHC Hanuru, Taluk Kollegal. District RRT investigated the outbreak. Active search of cases done. 4 blood samples sent to MMC, Mysore were positive for chickenpox (IgM ELISA).All cases were below 10yrs of age. All children treated symptomatically and sensitized regarding personal hygiene and home isolation."
Kerala,Wayanad,Food Poisoning,55,0,28-01-19,,Under Surveillance,"Cases reported from Village/SC/PHC Valad, Block Manathavady. District RRT investigated the outbreak. House to house survey done. Cases consumed food (chicken biryani) in a marriage ceremony. Cases presented symptoms with loose motion and vomiting. Cases were treated symptomatically. ORS packets were distributed in the affected area. Health education given."
Tamil Nadu,Karur,Leptospirosis?,40,0,23-01-19,,Under Surveillance,"Cases reported from Village/SC Chinnamalaipatty, PHC Sengal, Block Krishnarayapuram. District RRT investigated the outbreak. House to house survey done. Out of 8 serum samples collected and sent to DPHL Karur, 1 sample was positive for Leptospirosis (IgM ELISA). All cases treated symptomatically. Health education given. 1262997/2019/O/O NCDC 327 9 | P a g e FOLLOW-UP DISEASE OUTBREAKS OF PREVIOUS WEEKS Unique ID. Name of State/UT Name of District Disease/ Illness No. of Cases No. of Deaths Date of Start Outbreak Current Status Comments/ Action Taken"
Bihar,West Champaran (Bettiah),Measles,245,7,15-12-18,,Under Surveillance,"A total of 25 cases of fever with rash, cough coryza, conjunctivitis reported from Village Jogapatti, PHC Jogapatti, APHC Nawalpur in 2nd week (week ending 13th 01-01-19). Further a total of 220 cases and 7 deaths were reported. District RRT investigated the outbreak. House to house survey done. Affected children were less than 15yrs of age. 7 deaths occurred in 4 female and 4 male children. All the deaths occurred in children’s less than 7yrs of age group. Out of 5 blood samples collected and sent to Microbiology Department, PMCH Patna; 3 samples was positive for Measles (IgM ELISA). All children were unimmunized for measles vaccine. All cases treated symptomatically. Health education given regarding isolation of cases and personal hygiene. 1262997/2019/O/O NCDC 328"
Andhra Pradesh,Visakhapatnam,Food Poisoning,30,0,13-02-19,15-02-19,Under Surveillance,"Cases reported from Village Rajastan Palace Hotel, Allipuram GVMC area, Visakhapatnam. District RRT investigated the outbreak. House to house survey done. On 13.02.2019, in Lunch students were served Rice, Fish, Dall and Curry. IEC on personal hygiene and hand wash. Water samples collected from the site and sent to the Regional Public Health Laboratory, Visakhapatnam on 14.02.2019 for analysis."
Bihar,Rohtas,Measles,56,0,14-02-19,15-02-19,Under Surveillance,"Cases reported from Village Lohra middle school Lohra, Nouhatta. District RRT investigated the outbreak. House to house survey done. Students of the school developed fever followed by rashes by maculopapular rashes. Local RRT visited the School and PHC. Treatment was given. 5 Serum sample sent to Micro Dept. PMCH all found negative for chicken pox and 2 found positive for Measles by IgM ELISA . Health camp organized in the school and all cases treated symptomatically. Health education given."
Jharkhand,East Singhbhum,Chickenpox,46,0,13-02-19,16-02-19,Under Surveillance,"Cases reported from Village Chakdoha, HSC Banke, Block Ghatshila, East Singhbhum, Jharkhand. District RRT investigated the outbreak. House to house survey done. Cases presented with fever, cough and coryza with macula papulo-vesicular rash. DRRT investigated the outbreak and visited the affected area. Proper instructions were given regarding the hygiene maintenance and sanitation. IEC & BCC were done. 7 Blood Serum Samples collected and sent to RIMS Ranchi and all found positive for chicken pox by IgM ELISA. All cases treated symptomatically. 1266887/2019/O/O IDSP-NCDC 331 4 | P a g e"
Jammu And Kashmir,Badgam,Viral Hepatitis A,23,0,15-02-19,16-02-19,Under Surveillance,"Cases reported from Village Shopilian, PHC- Poshkar, Block Khag. District RRT investigated the outbreak. House to house survey done. RRT visited the area. All the affected were in the age group of 8 to 18yrs. All cases treated. 9 blood samples and 3 water samples were taken and sent to PHL Barazulla and 05 found positive for Hepatitis A by Ig M ELISA."
Karnataka,Chikkamagaluru,Food Poisoning,17,0,13-02-19,13-02-19,Under Control,"Cases reported from Village BCM girls hostel, Sirvase, PHC/CHC Sirvase, Taluk Chikkamagaluru. District RRT investigated the outbreak. 2 stool samples and 2 blood samples were sent to DSU Chikkamagaluru, stool samples tested negative for cholera and blood samples tested negative for Viral hepatitis A and E and Typhoid. Primary treatment given to all the cases at Sirvase PHC and referred to District hospital Chikkamagaluru for further treatment. Health education given."
Karnataka,Gadag,Chickenpox,19,0,11-02-19,12-02-19,Under Control,"Cases reported from Village Devihal Tanda, PHC/CHC Bellatti, Taluk Shirahatti. District RRT investigated the outbreak. House to house survey done. RRT visited the affected area. 1 serum sample sent to MMCRI Mysore, result awaited. Symptomatic treatment is given, IEC activities in the community. Identification and isolation of cases. Health camp organized in the school and all cases treated symptomatically."
Karnataka,Gadag,Chickenpox,34,0,11-02-19,12-02-19,Under Control,"Cases reported from Village Gadgoli, PHC/CHC Holealur, Taluk Ron. District RRT investigated the outbreak. House to house survey done. RRT visited the affected area. Symptomatic treatment given, IEC activities in the community. Identification and isolation of cases. Health camp organized in the school and all cases treated symptomatically. 1266887/2019/O/O IDSP-NCDC 332 5 | P a g e"
Karnataka,Gadag,Chickenpox,49,0,11-02-19,12-02-19,Under Control,"Cases reported from Village Adavi somapur, PHC/CHC betageri rural, Taluik Gadag. District RRT investigated the outbreak. House to house survey done. RRT visited the affected area. 2 serum samples sent to MMCRI Mysore, result awaited. Symptomatic treatment is given, IEC activities in the community. Identification and isolation of cases. Health camp organized in the school and all cases treated symptomatically."
Karnataka,Gadag,Chickenpox,19,0,11-02-19,12-02-19,Under Control,"Cases reported from Village Kanaginahal, PHC/CHC betageri rural, Taluk Gadag. District RRT investigated the outbreak. House to house survey done. RRT visited the affected area. Symptomatic treatment is given, IEC activities in the community. Identification and isolation of cases. Health camp organized in the school and all cases treated symptomatically."
Karnataka,Udupi,Dengue,8,0,11-02-19,16-02-19,Under Control,"Cases reported from Village Hoode, PHC/CHC Kemmannu, Taluk Udupi. District RRT investigated the outbreak. House to house survey done. 6 serum samples were collected and sent to for Dengue, Malaria, Chikungunya, Leptospirosis and Typhoid out of these samples 5 tested positive for Dengue by IgM ELISA. A fish factory in the vicinity was visited and mosquito breeding was found in the water tanks. Health education given and antilarval and anti mosquito activities initiated in the area."
Kerala,Ernakulam,Food Poisoning,57,0,14-02-19,18-02-19,Under Surveillance,"Cases reported from St Joseph School, Village Kidangur, PHC Thuravur, Block Angamaly. District RRT investigated the outbreak. Students had chikcken and rice in mid day meal of the school. 2 Water sample was collected from well water and bore well and send to Public health lab Ernakulam, result awaited. Health camp organized in the school and all cases treated symptomatically. Health education given. 1266887/2019/O/O IDSP-NCDC 333 6 | P a g e"
Kerala,Pathanamthitta,Acute Diarrheal Disease,6,0,13-02-19,13-02-19,Under Surveillance,"Cases reported from Village Pramadom, HSC Lakhoor, PHC Pramadom, Block Konny. District RRT investigated the outbreak. House to house survey done. 2 Stool samples collected and send to State Public Health lab for cholera and shigellosis, result awaited. District RRT investigated the outbreak. Water samples taken for bacteriological and chemical analysis (results awaited). Super chlorination of well done in the area. Health education regarding personal and environmental hygiene, control of water borne diseases and other communicable diseases given."
Punjab,SAS Nagar,Acute Diarrheal Disease,8,0,12-02-19,12-02-19,Under Surveillance,Cases reported from Global Academy Phase 5 Mohali. District RRT investigated the outbreak. House to house survey done. 03 water samples and 01 stool sample collected. Health team visited the affected area. All patients are residing in same hostel. No history of consumption of food from outside. No travel history. Health education given. Pamphlets on water borne diseases distributed.
Tamil Nadu,Salem,Mumps,8,0,16-02-19,18-02-19,Under Surveillance,"Cases reported from Village Ayarpadi, Kattukottai, HSC/PHC Kattukottai, Block Thalaivasal. District RRT investigated the outbreak. House to house survey done. All the affected wer in the age grouop of 5-10 years. All cases treated symptomatically. Isolation of cases done Health education given."
Tamil Nadu,Madurai,Acute Diarrheal Disease,41,0,14-02-9,16-02-19,Under Surveillance,"Cases reported from Village Soorakundu, HSC Kallampatti, PHC Therkutheru, Block Melur. District RRT investigated the outbreak. House to house survey done. 9 water samples and 4 stool samples sent to DPHL Madurai Result awaited. Medical Team camp conducted. Checked for pipe line leakages. Water supplying through lorry water was chlorinated. OHT cleaning and chlorination done. Area under surveillance."
Tamil Nadu,Virudhunagar- Sivakasi,Chickenpox,21,0,14-02-19,16-02-19,Under Surveillance,"Cases reported from Village Zaminsalwarpatti, HSC Mudhalipatti, PHC Naranapuram, Block M.Pudhupatti. District RRT investigated the outbreak. House to house survey done. All the Identified cases are isolated and treated. Medical team deployed for further monitoring. All cases treated symptomatically. Health education given. 1266887/2019/O/O IDSP-NCDC 334 7 | P a g e"
Tamil Nadu,Thanjavur,Food Poisoning,15,0,15-02-19,18-02-19,Under Surveillance,"Cases reported from Village/HSC Pillaiyarpatti, PHC/Block Vallam. District RRT investigated the outbreak. House to house survey done. 8 water samples sent to DPHL Thanjavur Result awaited. Health education given to the Students, Cook & food handlers. Health camp organized in the school and all cases treated symptomatically. DISEASE OUTBREAKS OF PREVIOUS WEEKS REPORTED LATE Unique ID. Name of State/UT Name of District Disease/ Illness No. of Cases No. of Deaths Date of Start Outbreak Current Status Comments/ Action Taken"
Gujarat,Narmada,Measles,5,0,29-01-19,,Under Surveillance,"Cases reported from Village Gurudeshwar ahsram shala, PHC Nava vaghpur, Block Gurudeshwar. District RRT investigated the outbreak. House to house survey done. 5 serum sample taken & Sent to BJMC Ahmedabad, result awaited. RRT visited the area. House to house survey done. Daily monitoring started. Health education given. All cases treated symptomatically."
Goa,North Goa,Acute Diarrheal Disease (Rota virus),19,0,06-02-19,,Under Surveillance,"Cases reported from Village Dabem Under CHC Valpoi. District RRT investigated the outbreak. House to house survey done. Two stool samples taken and sent to environmental and pollution control laboratory, Panaji and both samples found positive for Rota Virus. 6 Water Samples collected and sent to same laboratory and found potable. Awareness on Acute Diarrhea Disease, its prevention and treatment was given. Pamphlets distributed. ORS and Zinc tablets distributed. House visits conducted. All cases treated symptomatically."
Kerala,Trivandrum,Chickenpox,7,0,04-01-19,,Under Surveillance,Cases reported from Vikas Bhavan Fisheries Department in Corporation area. District RRT investigated the outbreak. RRT Investigated. All patients treated. Health education given and advised isolation. 1266887/2019/O/O IDSP-NCDC 335 8 | P a g e
Kerala,Kottayam,Hepatitis A,43,0,16-12-18,,Under Surveillance,"Cases reported from inmates of Amala Hostel, Village Ward IV, HSC/PHC PP Unit Chanaganaseri , Block Chanaganaseri Municipality. District RRT investigated the outbreak. House to house survey done. Water samples collected from Well and Water Purifier and sent to Lab Chanaganseri for Bacteriological Analysis and found nonpotable. 2 blood sample collected and sent to GH Kottayam and positive for Hepatitis A by IgM ELISA. Super Chlorination of wells done in the area. Health education given."
Meghalaya,West Garo Hills,Acute Diarrheal Disease,14,0,06-02-19,,Under Surveillance,"Cases reported from Village Durabanda, PHC Darengere, Block Gambigre. District RRT investigated the outbreak. House to house survey done. Cases reported from Durabanda village, Darengre PHC under Gambigre Block. District RRT investigated the outbreak. All cases treated symptomatically. ORS distributed to the affected children. Health education given on hand hygiene, safe drinking water and preparation or ORS."
Meghalaya,East Khasi Hills,Acute Diarrheal Disease (Rota virus),54,0,04-02-19,,Under Surveillance,"Cases reported from Village Pynursla, Block Pynursla. District RRT investigated the outbreak. House to house survey done. District RRT investigated the outbreak. Affected children were below 5 years of age. Stool samples were collected and sent to ICMR, Dibrugarh, found positive for Rota virus. All cases treated symptomatically. Health education given.."
Odisha,Koraput Suspected viral,Hepatitis,20,0,27-01-19,,Under Surveillance,"Cases reported from Village Pujariput, Rana Sahi, Santi Nagar, Goutam Nagar, Biswal Colony, Mali Sahi, Block Koraput. District RRT investigated the outbreak. House to house survey done. 19 no’s of Blood samples & 16 no.s of water samples collected. Results awaited. Chlorination of water source done. Pipe water for Chlorination tested to be 0.1 PPM by OT test. All cases treated symptomatically. Health education given. 1266887/2019/O/O IDSP-NCDC 336"
Assam,Nagaon,Measles,14,0,22-02-19,22-02-19,Under Control,"Cases of fever with rash reported from Villages Meleka Dhing, Baralimari No-1, SC Meleka Dhing, Baralimari, Balikatia SD, BPHC Dagaon. District RRT investigated the outbreak. House to house survey done. Affected children were below 5yr of age. 4 blood samples collected and sent to GMCH, Virology Dept, Guwahati (WHO Accredited Lab); result awaited. Vitamin A supplementation provided to the affected children. All cases treated symptomatically. Health education given regarding personal hygiene and isolation of cases done."
Assam,Tinsukia,Food Poisoning,44,0,18-02-19,18-02-19,Under Control,"Cases reported from Keseruguri L.P. School, SC Kordoiguri, BPHC Hapjan. District RRT investigated the outbreak. House to house survey done. All cases consumed food (rice and egg curry in tomato gravy) in a Mid-day meal and presented vomiting and loose motion. 2 water samples collected were non potable for drinking. Food samples (rice, dal, salt and mustard oil) were collected and sent to State Public Health Laboratory Guwahati; result awaited. Health camp organized in the school and all cases treated symptomatically. Health education given regarding food hygiene and sanitation"
Bihar,Muzaffarpur,Chickenpox,15,0,19-02-19,23-02-19,Under Control,"Cases reported from Village Jeeyan Khurd, SC Jeeyan, PHC/Block Marwan. District RRT investigated the outbreak. House to house survey done. All cases treated symptomatically. Health education given regarding home isolation and personal hygiene."
Gujarat,Panchmahal,Measles,8,0,21-02-19,21-02-19,Under Control,"Cases reported from urban area Satpul Patelvada, UHC Patelvada, Block Godhra. District RRT investigated the outbreak. House to house survey done. 05 serum samples collected and sent to BJMC, Ahmedabad; 4 samples were positive for Measles (IgM ELISA). Vitamin A supplementation given to all cases. All cases treated symptomatically. Health education given. 1269034/2019/O/O IDSP-NCDC 339 4 | P a g e"
Gujarat,Rajkot,CCHF,1,1,12-02-19,22-02-19,Under Control,"Cases of fever with myalgia, diarrhea reported from Village Mungavavdi, SC Daliya, PHC Moviya, Taluk Gondal. District RRT investigated the outbreak. House to house survey done. Out of 2 serum samples collected and sent to NIV Pune; 1 blood sample was positive for CCHF (IgM ELISA) and the other blood sample collected was positive for CCHF (RT- PCR). Indoor residual spray with 5% alphacypermethrin was sprayed in the affected households. 12 closed contacts were traced and monitored on a daily basis. All cases treated symptomatically. Health education given."
Karnataka,Belagavi,Acute Diarrheal Disease,37,0,22-02-19,22-02-19,Under Control,"Cases reported from Village Maradinagalapur, PHC/CHC Tigadi, Taluk Bailahongala. District RRT investigated the outbreak. House to house survey done. 3 stool samples sent to DPHL Belagavi; result awaited. All cases treated at CHC Hirebagewadi. Health education given regarding personal hygiene and sanitation."
Karnataka,Chickaballapura,Food Poisoning,50,0,18-02-19,19-02-19,Under Control,"Cases reported from Navodaya School, Yenagadale, PHC/CHC Burudugunte, Taluk Chintamani. District RRT investigated the outbreak. House to house survey done. Stool and water samples collected sent to lab result awaited. Health camp organized in the school and all cases treated symptomatically. Health education given."
Karnataka,Dakshina Kannada,Acute Diarrheal Disease,13,0,18-02-19,21-02-19,Under Control,"Cases reported from Mangalore Urban, PHC/CHC Shakthinagar, Taluk Mangalore. District RRT investigated the outbreak. House to house survey done. All 2 water samples collected and sent to DPHL Mangalore were non potable for drinking purposes. All cases treated symptomatically. Health education given regarding personal hygiene and sanitation."
Karnataka,Uttara Kannada,Food Poisoning,41,0,17-02-19,21-02-19,Under Control,"Cases reported from Village/PHC/CHC Shirali, Taluk Bhatkal. District RRT investigated the outbreak. Active search of cases done. All cases consumed food (mussel) in a social ceremony. Mussel samples were collected and sent to Marine college Mangalore; result awaited. All cases treated symptomatically. Health education given regarding food hygiene. 1269034/2019/O/O IDSP-NCDC 340 5 | P a g e"
Madhya Pradesh,Betul,Food Poisoning,67,0,23-02-19,23-02-19,Under Control,"Cases reported from Village/SC/SHC Barrai, PHC Multai, Block Multai. District RRT investigated the outbreak. House to house survey done. All cases consumed food in a marriage ceremony and presented symptom with loose motion and abdominal pain. All cases treated symptomatically. Health education given regarding food hygiene."
Odisha,Keonjhar,Food Poisoning,23,0,21-02-19,22-02-19,Under Control,"Cases reported from Village Saraskola, Jhinjinali, SC Saraskola. CHC/Block Patna. District RRT investigated the outbreak. House to house survey done. All cases consumed food in a marriage ceremony. 04 rectal swab and 01 water samples collected; result awaited. ORS packets were distributed in the affected area. All cases treated symptomatically. Health education given regarding food hygiene and sanitation."
Punjab,Hoshiarpur,Mumps?,13,0,20-02-19,20-02-19,Under Surveillance,"Cases reported from Village Ibrahimpur, SC Bhagwanipur, PHC Possi Block Garhshankar. District RRT investigated the outbreak. House to house survey done. All the children were less than 15yr of age. All cases treated symptomatically. Health education regarding isolation of cases was imparted in the community."
Tamil Nadu,Karur,Chikungunya ?,12,0,23-02-19,24-02-19,Under Surveillance,"Cases reported from Village/SC/PHC Esanatham, Block Aravakurichi. District RRT investigated the outbreak. House to house survey done. 6 serum samples collected sent to DPHL Karur; result awaited. All cases treated symptomatically. Anti-larval activities were undertaken in the affected area. Health education given regarding personal protection measures."
Tamil Nadu,Thoothukudi,Acute Diarrheal Disease,34,0,15-02-19,24-02-19,Under Surveillance,"Cases reported from Villages Thenthiruperai, Manalmedu, Sivasubramaniyapuram, SC Kurukatoor, PHC Thenthiruperai, Block Alwarthirunagari. District RRT investigated the outbreak. House to house survey done. 5 rectal swabs and 12 water samples collected and sent to DPHL Kovilpatti; result awaited. All cases treated symptomatically. Health education given. 1269034/2019/O/O IDSP-NCDC 341 6 | P a g e"
Tamil Nadu,Salem,Chickenpox,11,0,21-02-19,24-02-19,Under Control,"Cases reported from urban area Semankoodal Colony, SC Ellayur, PHC Pagalpatti, Block Sarakapillaiyur. District RRT investigated the outbreak. House to house survey done. All cases treated symptomatically. Health education given."
Tamil Nadu,Ariyallur,Chikungunya ?,15,0,18-02-19,22-02-19,Under Control,"Cases reported from Village/HSC Paranam, PHC Kumizhiyam, Block Sendurai. District RRT investigated the outbreak. House to house survey done. 4 serum samples collected sent to DPHL Ariyallur; result awaited. Anti-larval activites work was carried out in the affected area. Indoor and outdoor fogging done. All cases treated symptomatically. Health education given."
Tamil Nadu,Ariyallur,Chickenpox,12,0,20-02-19,23-02-19,Under Control,"Cases reported from Village Ambapur, SC/PHC Vilangudi, Block Ariyalur. District RRT investigated the outbreak. House to house survey done. All cases treated symptomatically. Health education given."
Tamil Nadu,Erode,Chikungunya ?,22,0,17-02-19,19-02-19,Under Control,"Cases reported from Villages Thalavumalai, Nehrunagar, Ambedkar nagar, SC K.G.Valasu, PHC/Block Chennimalai. District RRT investigated the outbreak. House to house survey done. 7 serum samples collected sent to DPHL Erode: result awaited. Nilavembu kudineer distributed in the community. Fogging and source reduction activities were carried out in affected area. . Medical camp conducted. All cases treated symptomatically. Health education given."
Tamil Nadu,Cuddalore,Food Poisoning,36,0,18-02-19,19-02-19,Under Control,"Cases reported from Village Samupillai Nagar, PHC/Block Cuddalore. District RRT investigated the outbreak. Active search of cases done. All the cases consumed food and presented symptoms with loose motion and vomiting. 1 water samples, 4 stool samples were collected sent to DPHL Cuddalore; result awaited. ORS packets were distributed in the affected area. Health camp organized and all cases treated symptomatically. Health education given regarding food hygiene and sanitation. 1269034/2019/O/O IDSP-NCDC 342 7 | P a g e"
Tamil Nadu,Ramanathapura m,Food Poisoning,111,0,21-02-19,24-02-19,Under Surveillance,"Cases reported from Shridi Saibaba Temple Thelichathanallur, SC Kamuthakudi, PHC Pambur, Block Paramakudi. District RRT investigated the outbreak. House to house survey done. 3 food samples sent to Food Lab, Madurai and 2 Stool samples sent to DPHL Ramanathapuram; result awaited. All cases treated symptomatically. Health education given. Awareness campaign regarding personal hygiene and sanitation were imparted. Community was advised to drink boiled and cooled water for drinking purposes."
Telangana,Nirmal,Food Poisoning,155,0,18-02-19,19-02-19,Under Control,Cases reported from Village Bhainsa. District RRT investigated the outbreak. House to house survey done. All cases consumed food in a social ceremony and presented symptoms with loose motion and vomiting. Temporary medical camps were organized in the community. All cases treated symptomatically. Health education given regarding food hygiene and sanitation. 1269034/2019/O/O IDSP-NCDC 343
Andhra Pradesh,Visakhapatnam,Acute Diarrheal Disease,133,0,27-02-19,01-03-19,Under Surveillance,"Cases reported from Village Marrivalasa, SC Pathavalasa, PHC LV Palem K. Kotapadu Mandal. District RRT investigated the outbreak. House to house survey done. 10 Water samples collected from the site and sent to the Regional Public Health Laboratory, Visakhapatnam for analysis. 3 Stool samples sent to the Microbiology Department, AMC, and Visakhapatnam for testing, result awaited. Affected area is disinfected with the bleaching powder. Health education given. All cases treated symptomatically."
Assam,Barpeta,Food Poisoning,14,0,27-02-19,28-02-19,Under Surveillance,"Cases reported from Village Asraful Ul Um Hafiz o Arabic Madrasa, SC Khandakar Para, BPHC Nagaon, HI Bhella. District RRT investigated the outbreak. House to house survey done. All affected patient developed pain abdomen, vomiting, loose motion after consuming lunch on 26-02-2019, and also Dinner on the same day at Asraful Ul Um Hafiz o Arabic Madrasa. 02 water sample tested by H2S strip method and found satisfactory. Health camp organized in the school and all cases treated symptomatically. 4 | P a g e"
Assam,Goalpara,Food Poisoning,107,0,25-02-19,01-03-19,Under Surveillance,"Cases reported from Village Agia College Campus, SC/PHC/Block Agia. District RRT investigated the outbreak. House to house survey done. Cases having symptoms with Vomiting, Nausea, abdominal Pain & passage of loose watery stool, malaise, headache vertigo etc. All the cases are between 19 to 21 years of age. As per information from Principal of Agia college students consumed raw Grams (Kabli & Local) during a sports program. After 1 (one) hour of consumption, some of the students were feeling uneasy, nausea, vomiting etc. On the next day almost all the students were suffering from loose motion, vomiting, abdominal pain, headache, vertigo, malaise etc. 01 Drinking Water sample collected by DRRT, Goalpara for MPN test in DPHL, Goalpara. Results awaited. 4 nos of stool samples are collected by DRRT, Goalpara for Culture & sensitivity test in DPHL, Goalpara. Results awaited. Symptomatic treatment given through medical Team from Agia BPHC on 28th & 29th Feb, 2019 at college campus. 3 nos of cases have been admitted at Civil Hospital, Goalpara for further treatment. IEC done for personal hygiene."
Gujarat,Kheda,Measles,2,1,28-02-19,03-03-19,Under Surveillance,"Cases reported from Village/SC Kanipura, Vishwanagar Flat, UHC Haridas, Block Nadiad. District RRT investigated the outbreak. House to house survey done. 01 serum sample sent to BJMC Ahmedabad, result awaited. Symptomatic treatment & Vit-A Supplementation to all children.. Health education given."
Karnataka,Dharwad,Chickenpox,5,0,26-02-19,28-02-19,Under Surveillance,"Cases reported from Ward no-18, Gouligalli, Taluka Dharwad, UPHC Purohit Nagar. District RRT investigated the outbreak. House to house survey done. Clustering of suspected cases of chicken pox reported in children in the age group of 2- 17yrs. Cases presented with fever and rashes on face, trunk and extremities. 1 blood sample collected and found positive for Chicken pox by IgM ELISA. Symptomatic treatment and isolation done. 5 | P a g e"
Karnataka,Davangere,Food Poisoning,38,0,25-02-19,27-02-19,Under Surveillance,"Cases reported from Village Basavapatna, PHC/CHC Basavapattana, Taluk Channagiri. District RRT investigated the outbreak. House to house survey done. 02 Stool samples & 02 Water samples sent to DPHL Davangere; 2 Stool samples – negative for entero pathogens after 72hrs of aerobic incubations and both water samples found potable. Health camp organized in the school and all cases treated symptomatically. Health education given."
Karnataka,Chamarajanagar,Food poisoning,61,0,27-02-19,28-02-19,Under Control,"Cases reported from Village Honganuru, PHC/CHC Honganuru A, Honganuru B, Taluk Honganuru. District RRT investigated the outbreak. Cases had history of consumption of food in a marriage ceremony after which they developed loose stools and vomiting. All cases treated. Health education given."
Kerala,Alappuzha,Chickenpox,35,0,03-02-19,27-02-19,Under Control,"Cases reported from Village Santhi Bhavan Sarvodaya Trust Punnapra. HSC SMC, PHC Punnapra South, Block Ambalappuzha. District RRT investigated the outbreak. All affected were inmates of this center and were mentally and physically challenged. Acyclovir tab given to all cases and were isolated. Health camp organized in the school and all cases treated symptomatically."
Maharashtra,Kolhapur,Dengue,7,1,27-02-19,01-03-19,Under Surveillance,"Cases reported from Village Sita Colony (Dasara Chowk) and Subhash Nagar, Kolhapur Municipal Corporation. District RRT investigated the outbreak. House to house survey done. Entomological indices were HI-16.94, BI-22.03, CI.-12.14. 07 blood samples taken and found positive for Dengue by IgM ELISA at SSH, CPRH, Kolhapur. Health Education given. Personal protection and environmental management of mosquitoes. All cases treated symptomatically. Source reduction activities undertaken. Death details : 45 years old male died due to dengue 6 | P a g e"
Odisha,Cuttack,Viral Hepatitis A,17,0,25-02-19,26-02-19,Under Control,"Cases reported from Village Mahanadi Vihar, Sikharpur, Ward No-47/46 CMC, Cuttack. District RRT investigated the outbreak. House to house survey done. 07 Nos of Water samples collected and sent to SBPL and found non potable, 10 no of blood serum were collected and sent to Department of Microbiology SCB, MCH. And found positive for Hepatitis A Virus. District Epidemiologist along CMC health staff visits the affected area. IEC activities, distribution of ORS/Halazone done. All cases treated symptomatically. Health education given."
Odisha,Koraput,Food Poisoning,44,0,25-02-19,26-02-19,Under Control,Cases reported from Village/SC/GP Dumbaguda CHC/Block Dasamantpur. District RRT investigated the outbreak. House to house survey done. All cases presented with vomiting and diarrhea after consumption of food in a ceremony. 2 water samples were taken and found unfit. Food samples could not be taken. Health education given.
Odisha,Koraput,Food Poisoning,9,0,28-02-19,03-03-19,Under Control,"Cases reported from Village Ludhuriput, GP/Sc- Odiyapentha, Block/CHC Dasamantpur District RRT investigated the outbreak. House to house survey done. Water sample collected from stream water & three rectal swabs have been taken. 01 Rectal swab Ecoli was grown, Water sample no organism grown. Health camp organized in the school and all cases treated symptomatically. Health education given."
Odisha,Keonjhar,Food Poisoning,10,1,26-02-19,27-02-19,Under Control,"Cases reported from Village Nuagaon, SC Khireitangiri. CHC/Block Patna. District RRT investigated the outbreak. House to house survey done. Food Samples (Prepared Rice & Dal) and Water samples (02 no’s) collected from affected person’s house and nearest tube well. Paramedical staff of the area has been detailed to conduct surveillance activities at the Village. Health camp organized in the school and all cases treated symptomatically. Tube well water sample found not suitable for Human consumption. Health education given. 7 | P a g e"
Punjab,Gurdaspur,Suspected Mumps,8,0,27-02-19,27-02-19,Under Surveillance,"Cases reported from Village Simbli, CHC Kahnuwan. District RRT investigated the outbreak. House to house survey done. 05 Blood Smaples collected sent to Microbiology Lab, Civil Hospital Pathankot. Result awaited. School teachers are instructed to send the affected children on leave at least for 3-4 days. School staff and students are sensitized about the disease. House to house survey has been started in the village to locate more cases. All cases treated symptomatically. Health education given."
Tamil Nadu,Dharmapuri,Food Poisoning,41,0,27-02-19,28-02-19,Under Surveillance,"Cases reported from Village Vellolai Government High School, HSC Vetrayankottai, PHC Solaikottai, Block Dharmapuri. District RRT investigated the outbreak. House to house survey done. 1 Food sample sent to Forensic lab, Salem Result awaited. Discarded the remaining food safely. Health camp organized in the school and all cases treated symptomatically. Health education given."
Tamil Nadu,Madurai,Fever,46,0,26-02-19,27-02-19,Under Control,"Cases reported from Village/HSC/PHC T.Meenachipuram, Block Sedapatti. District RRT investigated the outbreak. House to house survey done. 5 Serum samples sent to DPHL Madurai Result awaited. House to House Survey of Fever Cases done. Checked for Pipe Line Leakages. OHT Cleaning & Chlorination done. IEC & IPC done. Fogging, Mass Cleaning & Disinfection done. Advised to drink boiled Water. Medical Team camp conducted. Disinfection of cattle sheds done. All Breeding sources destroyed. Fogging done. AL Work done. Nilavembu Kudineer distributed. 8 | P a g e"
Tamil Nadu,Madurai,Fever,21,0,26-02-19,27-02-19,Under Surveillance,"Cases reported from Village Veeralampatti, HSC S.Kottaipatti, PHC/Block Sedapatti. District RRT investigated the outbreak. House to house survey done. 1 water sample and 5 serum samples sent to DPHL Madurai Result awaited. House to House Survey of Fever Cases done. Checked for Pipe Line Leakages. OHT Cleaning & Chlorination done. IEC & IPC done. Fogging, Mass Cleaning & Disinfection done. Advised to drink boiled Water. Medical Team camp conducted. Disinfection of cattle sheds done. All Breeding sources destroyed. Fogging done. AL Work done. Nilavembu Kudineer distributed. Mass Cleaning done. Area under surveillance. All cases treated symptomatically. Health education given."
Telangana,Nalgonda,Dengue,59,0,26-02-19,03-03-19,Under Control,"Cases reported from Village Thunikinoothala Thanda, SC Nellikal, PHC Peddavoora. District RRT investigated the outbreak. House to house survey done. 12 Blood sera samples collected for Dengue and Chikungunya test, Samples sent to IPM Lab. Narayanaguda, Hyderabad 09 found positive for Dengue and 03 for Chikungunya. District Malaria Team Conducted fogging in entire village. Medical All cases treated symptomatically. Source reduction activities undertaken. Health education given."
West Bengal,Burdwan,Food Poisoning,127,0,06-03-19,06-03-19,Under Surveillance,"Cases reported from Village Purba Bardhaman/ Burdwan-1/Ramchandrapur/Chotobaloon. District RRT investigated the outbreak. House to house survey done. 3 rectal swabs have been collected and sent to BMC&H, and all found positive for Vibrio Parahaemolyticus. Block RRT members have visited the village and investigated the outbreak. Medical Camp organized in the village. Symptomatic treatments were given to cases. IEC has been done regarding safe food handling and maintenance of hygiene. Other students have been kept under surveillance. All cases treated symptomatically. Health education given. 9 | P a g e"
West Bengal,South Parganas,Food Poisoning,52,0,25-02-19,26-02-19,Under Control,"Cases reported from Village – Gaza, SC-Gaza, GP- Gaza Paoli, Block- Budge Budge-II. District RRT investigated the outbreak. House to house survey done. 4 stool samples (rectal swab) collected on 26.02.19 (Night) and sent to IPGME& R on 28.02.19, no Enteropathogen isolated. Food sample (Khichuri) collected and sent to PH Lab, Result awaited. Block RRT visited the affected area Active case search done. Medical camp organized. Anti Diarrheal medicine distributed. IEC done and health education imparted. Health camp organized in the school and all cases treated symptomatically. DISEASE OUTBREAKS OF PREVIOUS WEEKS REPORTED LATE Unique ID. Name of State/UT Name of District Disease/ Illness No. of Cases No. of Deaths Date of Start Outbreak Current Status Comments/ Action Taken"
Karnataka,Kerala Kollam,Chickenpox,15,0,20-02-19,,Under Surveillance,"Cases reported from Village Thrikkovilvattom, HSC Mylapore, PHC Thrikkovilvattom, SC/Block Mylapore / ward 19 / Travancore College of Nursing hostel. District RRT investigated the outbreak. Cases were reported in 2nd year BSc nursing students. All cases treated and isolated. 10 | P a g e"
Karnataka,Kerala Palakkad Suspected Viral,Hepatitis,45,0,18-02-19,,Under Surveillance,"Cases reported from MES international school, Village Pattambi Municipality, HSC Panthackal Parambu, Sankaramangalam, PHC Ongallur, Vilayur, Muthuthala, Kulukkallor, Block Koppam. District RRT investigated the outbreak. Cases had history of consumption of food in a school function. Samples from 3 water sources sent for bacteriological analysis to Regional Diagnostic Centre, District hospital Palakkad. 5 Blood serum samples for Viral Hepatitis by ELISA were taken, result awaited. District RRT visited the site. Super Chlorination done at all water sources in the school and also distributed chlorine tablet. Advised to drink boiled water, other IEC activities being continued. Information given to school authority for proper management of drinking water. All cases treated symptomatically. Health education given."
Karnataka,Odisha Sundargarh,Food Poisoning,15,0,22-02-19,,Under Control,"Cases reported from Village/GP Kudheikela, /SC Ulsurei School: Ulsurei Govt. Girls High School, Lahunipara, CHC/Block Lahunipara. District RRT investigated the outbreak. House to house survey done. 02 water sample & 02 stool samples collected & sent to DPHL, Sundargarh, 05 H2S test has been done. In 02 stool samples E coli was grown. Awareness among the school about hand washing, use of ORS, Personal Hygiene, group meeting done, Contact doses given. Health camp organized in the school and all cases treated symptomatically. Health education given."
Arunachal Pradesh,Lohit,Food Poisoning,6,3,02-03-19,04-03-19,Under Control,"Cases reported from Village Old Towam, Wakro Circle. District RRT investigated the outbreak. House to house survey done. All the cases consumed food (wild mushroom) and presented symptoms with vomiting and loose motion. All cases treated symptomatically. Health education given regarding food hygiene and sanitation."
Assam,Dima Hasao,Acute Diarrheal Disease,9,0,07-03-19,09-03-19,Under Control,"Cases reported from Village Tilla Basti, Songbung, Nomjang, PHC Mahur. District RRT investigated the outbreak. House to house survey done. All 3 water samples collected and sent to DPHL Dima Hasao were non potable for drinking purposes. All cases treated symptomatically. Health education given regarding personal hygiene and sanitation."
Bihar,Shekhpura,Measles?,9,0,05-03-19,08-03-19,Under Control,"Cases reported from Village Jainagar, PHC Chewara, Block Chewara. District RRT investigated the outbreak. House to house survey done. Affected children were in age group between 6-15yrs of age. Vitamin A supplementation given to all cases. All cases treated symptomatically. Health education given."
Chhattisgarh,Bijapur,Food Poisoning,58,0,04-03-19,06-03-19,Under Control,"Cases reported from Boys Residential School, Village Dugaiguda, PHC Awapalli, Block Usoor. District RRT investigated the outbreak. Active search of cases done. All cases consumed food (fish) and presented with symptoms with loose motion and vomiting. 4 water samples from bore well collected were non potable for drinking. Health camp organized in the school and all cases treated symptomatically. Health education given."
Dadra And Nagar Haveli,Dadra & Nagar Haveli,Chickenpox,9,0,04-03-19,04-03-19,Under Control,"Cases reported from Village Umarkui (Dungarpada), PHC Kilvani, Block Silvassa. District RRT investigated the outbreak. House to house survey done. All cases treated symptomatically. Health education given regarding isolation of cases. 4 | P a g e"
Himachal Pradesh,Kangra,Acute Diarrheal Disease,225,0,07-03-19,07-03-19,Under Control,"Cases reported from Village TCP Holta, Block Gopalpur. District RRT investigated the outbreak. House to house survey done. All 6 water samples collected and sent to MC Tanda for bacteriological examination were negative for enteropathogens. Chlorination of water sources done. All cases treated symptomatically. Health education regarding personal hygiene and sanitation given."
Himachal Pradesh,Mandi,Acute Diarrheal Disease,126,0,04-03-19,07-03-19,Under Control,"Cases reported from several villages Chamyar, Reffal, Barnog, Chakwali, Dharam Dwara, Madhog, SC Kutachi PHC Chamyar, Block Ratti. District RRT investigated the outbreak. House to house survey done. All 2 water samples collected and sent to DPHL Mandi for bacteriological examination; result awaited. ORS packets distributed in the community. Chlorination of water sources done in the affected areas. All cases treated symptomatically. Health education regarding personal hygiene and sanitation given."
Jharkhand,West Singhbhum,Food Poisoning,9,0,06-03-19,07-03-19,Under Control,"Cases reported from Village Nandpur, Tola-Daud SC Nandpur, Manoharpur Block West Singhbhum. District RRT investigated the outbreak. Active search of cases done. All the cases consumed food in a social ceremony and presented symptoms with vomiting and loose motion. 4 stool samples were collected and sent to DPHL Chaibasa; 1 sample showed growth of salmonella. All cases treated symptomatically. Health education given regarding food hygiene and sanitation."
Karnataka,Belagavi,Food Poisoning,22,0,08-03-19,10-03-19,Under Control,"Cases reported from Village Maradinagalapur, PHC Tigadi, Block Bailhongal. District RRT investigated the outbreak. Active search of cases done. All cases consumed stale food in a social ceremony (betrothal function) and presented symptoms with vomiting and abdominal pain. Out of 3 stool samples were collected and sent to BIMS, Belagavi, 2 samples showed growth of E.coli and 1 sample showed growth of commensals. All cases treated at Govt Hospital Bailahongal. Health education was given regarding personal hygiene and sanitation. 5 | P a g e"
Karnataka,Belagavi,Food Poisoning,24,0,10-03-19,10-03-19,Under Control,"Cases reported from Govt Higher Primary School, Village Devalapur, Block Bailhongal. District RRT investigated the outbreak. Active search of cases done. All cases consumed mid- day meal and presented symptoms with vomiting and abdominal pain. All cases treated at Govt Hospital Bailahongal. Health education was given regarding personal hygiene and sanitation."
Karnataka,Bagalkot,Food Poisoning,20,0,08-03-19,08-03-19,Under Control,"Cases reported from Higher Primary School, Bevoor, Taluk Bagalkot. District RRT investigated the outbreak. Active search of cases done. All cases consumed food in lunch and presented symptoms with vomiting and abdominal pain. 2 stool samples collected and sent to DPHL Davangere were negative for enteropathogens. 3 water samples collected were non potable for drinking purposes. All cases treated. Health education was given regarding personal hygiene and sanitation."
Kerala,Kollam,Measles,6,0,28-02-19,08-03-19,Under Control,"Cases reported from Village/SC Thevally, PHC Vadi Kollam Corporation. District RRT investigated the outbreak. House to house survey done. Out of 6 blood samples collected and sent to NIV Alleppey; 4 samples were positive for Measles (IgM ELISA). All cases treated symptomatically. Vitamin a supplementation provided to all cases. Health education given."
Madhya Pradesh,Dhaar,Food Poisoning,72,0,04-03-19,05-03-19,Under Surveillance,"Cases reported from Village Begeinda, Block Dhamnod. District RRT investigated the outbreak. Active search of cases done. All cases consumed food in social ceremony (Mahashivratri) and presented symptoms with vomiting and loose motion. All cases treated symptomatically. Health education was given regarding food hygiene and sanitation."
Tamil Nadu,Ramanathapura m,Chikungunya,19,0,05-03-19,10-03-19,Under Control,"Cases reported from Village Chithudaiyan, SC Pannanthai, PHC Sikkal, Block Kadaladi. District RRT investigated the outbreak. House to house survey done. 1 serum samples collected sent to DPHL Ramanthpurum; result awaited. All cases treated symptomatically. Anti-larval activities were undertaken in the affected area. Health education given regarding personal protection measures. 6 | P a g e"
Tamil Nadu,Erode,Chikungunya,31,0,03-03-19,10-03-19,Under Control,"Cases reported from Cyclone Refugees Camp Bhavanisagar, SC Doddampalayam, PHC P.Puliyampatti, Block Bhavanisagar. District RRT investigated the outbreak. House to house survey done. Out of 10 serum samples sent to DPHL Erode 2 samples were positive for Chikungunya and 1 sample was positive for Leptospirosis (IgM ELISA). All cases treated symptomatically. Anti-larval activities were undertaken in the affected area. Health education given regarding personal protection measures."
Telangana,Adilabad,Food Poisoning,16,0,09-03-19,09-03-19,Under Control,"Cases reported from Upper Primary School, Tantholi. District RRT investigated the outbreak. Active search of cases done. All cases consumed food and presented symptoms with vomiting and loose motion. All cases treated symptomatically. Health education was given regarding food hygiene and sanitation DISEASE OUTBREAKS OF PREVIOUS WEEKS REPORTED LATE Unique ID. Name of State/UT Name of District Disease/ Illness No. of Cases No. of Deaths Date of Start Outbreak Current Status Comments/ Action Taken"
Kerala,Trivandrum,Measles?,6,0,22-02-19,,Under Control,"Cases reported from Village Athiyanoor, Block Neyyatinkara. District RRT investigated the outbreak. House to house survey done. All cases treated symptomatically. Health education given. 7 | P a g e INCLUSION OF DISEASE OUTBREAKS OF PREVIOUS YEAR 2018 Unique ID. Name of State/UT Name of District Disease/ Illness No. of Cases No. of Deaths Date of Start Outbreak Current Status Comments/ Action Taken"
Kerala,Kozhikode,West Nile Virus,1,0,13-07-18,,Under Control,"A 24yr old female from Village Chelanur, PHC Puthiyappa, Puthur, Elathur presented symptoms with fever, altered sensorium, ptosis, seizure and was admitted on 13th 01-07-18 in Govt Medical College, Kozhikode. Serum and CSF samples were sent to NIV Pune. The PCR sample of CSF and serum were negative for Dengue, Chikungunya, Zika, JE and West Nile Virus. The serology of serum sample was positive for West Nile Virus (IgM ELISA). The case had multiple episode of epilepsy and CSF showed increased protein and low sugar indicating tuberculosis meningitis. Case was treated with anti TB drug. The Zonal Entomology Team carried out vector survey; fogging activities were undertaken along with larvicidal spraying in the affected area. Integrated Vector Management activities were carried out in the affected area."
Assam,Dhemaji,Food Poisoning,33,0,13-03-19,14-03-19,Under Surveillance,"Cases reported from Village Manikpur, SC Simen Chapori, PHC Simen Chapori, BPHC Jonai. District RRT investigated the outbreak. The cases had history of consuming breakfast in a gathering after which they developed headache, vertigo and loose stools. 4 food samples were taken and sent to State Public Health Laboratory, result awaited. 2 water samples were also collected sent to PHE Dhemaji, result awaited. All cases treated. Health education given."
Assam,Jorhat,Acute Diarrheal Disease,35,0,11-03-19,18-03-19,Under Surveillance,"Cases reported from Village Kakojan, BPHC Fesual SC Boidiha TE 1 no. line, 3 no. line. Field line and maj line. District RRT investigated the outbreak. All the affected were tea garden estate workers living in unhygienic conditions. Pond water was used for drinking. 3 stool samples collected and sent to Department of Microbiology JMCH, result awaited. Health education given. Area under regular surveillance."
Assam,Karimganj,Suspected Diphtheria,1,0,15-03-19,15-03-19,Under Control,"Cases reported from Village Gugrakuna, SC Bagarsangon, BPHC Girishganj. District RRT investigated the outbreak. House to house survey done. Patient had chills, fatigue sore throat, hoarseness, cough, headache, difficulty swallowing, painful swallowing, difficulty breathing, and rapid breathing. Throat sample taken and found negative for C. Diphtheria. Investigation done by DSU with other members of Girishganj BPHC and survey the locality with health worker for any suspect case. All cases treated symptomatically. Health education given."
Assam,Lakhimpur,Food Poisoning,9,0,13-03-19,14-03-19,Under Surveillance,"Cases reported from Village Arkeb bali, SC Modergur, BPHC Dhakuakhana. District RRT investigated the outbreak. House to house survey done. All the cases had history of consuming pork meat in a marriage ceremony. All cases treated. One water sample taken and sent to DPHL Lakhimpur, result awaited. IEC done regading safe drinking water, personal hygiene and cleanliness. Health camp organized in the school. 4 | P a g e"
Bihar,Jahanabad,Suspected Measles,16,0,12-03-19,16-03-19,Under Surveillance,"Cases reported from Village North & South Tola, Block Okari, Okari, Moh. District RRT investigated the outbreak. House to house survey done. Cases presented with fever, maculo papulo rash, coryza & conjunctivitis. Majority of the affected were between 5-10 years of age. 09 blood samples collected and sent to PMCH, Patna, all samples non reactive for IgM anti VCZ antibody. Medical team including District Epidemiologist and RRT visited the affected area. Awareness regarding hygiene, sanitation and isolation of patient lessoning with ANM. All cases treated symptomatically. Health education given. Emphasis was given to improve routine immunization and vitamin A supplementation."
Bihar,Muzaffarpur,Chickenpox,14,0,15-03-19,18-03-19,Under Surveillance,"Cases reported from Village Mahant Maniyar, Harishankar Maniyari, HSC Harishankar Maniyar, PHC/Block Kudhani. District RRT investigated the outbreak. House to house survey done. Symptoms of red eyes, Maculo papular eruption on body reported by cases. Majority of them belonged to low socio-economic condition, poor sanitary conditions found. All cases treated symptomatically. Health education given."
Chhattisgarh,Bijapur,Food Poisoning,12,0,11-03-19,13-03-19,Under Control,"Cases reported from Village Cheramangi, PHC Awapalli, Block Usoor District RRT investigated the outbreak. House to house survey done. Health education given."
Chhattisgarh,Bijapur,Food Poisoning,7,0,11-03-19,13-03-19,Under Control,"Cases reported from Village Cherpal (Kotwarpara), PHC Cherpal, Block Bijapur. District RRT investigated the outbreak. House to house survey done. Health team visited the place and given instruction to cook food properly and before cooking ensures proper washing of food items. Health camp organized and all cases treated symptomatically. Health education given."
Chhattisgarh,Bilaspur,Chickenpox,30,1,11-03-19,19-03-19,Under Surveillance,"Cases reported from Village Mangla, Sector- Sardha, Dev Kirari, Sector- Bilha, Pausari, Sector- Dagori, Block Bilha. District RRT investigated the outbreak. House to house survey done. All the affected were under 10 years of age. Health camps were organized, Medicine was given to all cases. Health education given. 5 | P a g e"
Chhattisgarh,Mahasamund,Chickenpox,9,0,14-03-19,15-03-19,Under Surveillance,"Cases reported from Village Mudpahar, SC Semaliya, PHC Baloda, CHC Saraipali. Cases presented with fever and maculopapular rash. 04 blood Sample collected result awaited. Health Camp organized. IEC activity by Health Worker and Medical Officer done. All cases treated symptomatically."
Chhattisgarh,Rajnandgaon,Acute Diarrheal Disease,13,0,14-03-19,18-03-19,Under Control,"Cases reported from Ward no 4, Khairgarh. District RRT investigated the outbreak. House to house survey done. All cases treated. Health education given."
Gujarat,Mahesana,Chickenpox,13,0,12-03-19,12-03-19,Under Control,"Cases reported from Village/SC Lachhadi, PHC Kharvada, Block Vijapur. District RRT investigated the outbreak. House to house survey done. Cases presented with fever and maculopapular rash. Health education given."
Jharkhand,East Singhbhum,Food Poisoning,12,0,16-03-19,19-03-19,Under Control,"Cases reported from Village Bhuiyansinan, HSC Pagda, Block Patamda. District RRT investigated the outbreak. House to house survey done. Cases had history of consumption of food in a marriage ceremony before onset of symptoms. Food items consumed were chicken, mix dal, mix veg and rice. All cases treated. Health education given."
Karnataka,Ballari,Food Poisoning,35,0,16-03-19,16-03-19,Under Control,"Cases reported from Village Ganagotri Residential School, Talur Road, Ballari Urban, UPHC: Devi Nagar. District RRT investigated the outbreak. Students consumed food provided in the school and possibly poha rice consumed by the children was contaminated and same was collected for testing and sent to Regional Food Laboratory, Kalburgi Region, result awaited. 02 Water Sample was also collected, tested at DSL Ballari and found safe for consumption. Health education given to the school kitchen staff, to maintain hygienic conditions in the kitchen and food store room. Health camp organized in the school and all cases treated symptomatically. 6 | P a g e"
Karnataka,Chitradurga,Mumps,11,0,15-03-19,16-03-19,Under Control,"Cases reported from Village Neelayanahatti, PHC/CHC Kyasapura, Taluk Chitradurga. District RRT investigated the outbreak. House to house survey done. Most of the affected were from school and anganwadi children. An outbreak was also reported from the same area 4 weeks ago. All the affected were belonging to poor socioeconomic status with poor sanitation facilities. 3 saliva samples taken and sent to MCVR Manipal, 2 found positive for Mumps. Health education given to school teachers."
Karnataka,Hassan,Chikungunya,15,0,16-03-19,16-03-19,Under Surveillance,"Cases reported from Village Veerapura, PHC/CHC Hoovinahalli kavalu, Taluk Hassan. District RRT investigated the outbreak. House to house survey done. 4 blood samples were taken for Dengue, Chikungunya and Typhoid testing and one water sample for Bacteriological analysis, 3 blood samples found positive for Chikungunya and were tested at SSL Hassan. All cases treated symptomatically. Health education given."
Karnataka,Tumkur,Food Poisoning,43,0,11-03-19,11-03-19,Under Surveillance,"Cases reported from Village/SC Ramanahalli Nagathihalli, PHC/CHC Honnavalli, Taluk Tiptur. District RRT investigated the outbreak. House to house survey done. Cases had history of consumption of food in a house function. All the affected were treated at PHC and General Hospital. 2 stool samples collected and tested at DPHL Tumkur were positive for Enteropathogenic E Coli. Health education given."
Karnataka,Tumkur,Chikungunya,49,0,11-03-19,15-03-19,Under Control,"Cases reported from Village Ajjenahalli, .PHC/CHC Shettikere, Taluk C N Halli. District RRT investigated the outbreak. House to house survey done. 2 blood sample tested at DPHL Tumkur and 1 found positive for Chikungunya. Larval and Fever survey is being carried out in the area. All cases are treated symptomatically. IEC activities regarding the disease & proper water storage methods, following weekly dry day concept has been given to all villagers. 7 | P a g e"
Karnataka,Yadgiri,Chikungunya,20,0,14-03-19,14-03-19,Under Control,"Cases reported from Village T.Wadigera, PHC/CHC Tadibi, Taluk Shahapur. District RRT investigated the outbreak. House to house survey done. 13 blood samples collected and sent to DPHL Yadgiri and all found positive for chikungunya. All cases treated symptomatically. Health education given."
Kerala,Pathanamthitta,Leptospirosis,3,1,14-03-19,14-03-19,Under Surveillance,"Cases reported from Village Kalanjoor, HSC Edathara, PHC Koodal, Block Enadimangalam. District RRT investigated the outbreak. House to house survey done.3 blood samples taken and sent to General Hospital, PTA and all tested positive. Water samples taken for bacteriological and chemical analysis (results awaited). Well chlorination done in the area. Health education regarding personal and environmental hygiene, control of water borne diseases and other communicable diseases given."
Kerala,Malappuram,Leishmaniosis,1,0,12-03-19,12-03-19,Under Surveillance,"Cases reported from Village Chungathara, HSC Pookkoottumanna, PHC/Block Chungathara. District RRT investigated the outbreak. House to house survey done. Bone marrow- LD Body, MCH Calicut. Intuitional level activities done and District RRT not visited. DVCU entrusted for vector study conducted and sand flies detected. All cases treated symptomatically. Health education given."
Kerala,Thiruvananthap uram,Measles,6,0,11-03-19,14-03-19,Under Surveillance,Cases reported from NIMS Nursing college among first year students. District RRT investigated the outbreak. All affected had history of attending a measles patient during their posting in hospital. All the affected students were given leave and advised to remain in isolation. MR vaccine given to the other students of hostel and class. 8 | P a g e
Odisha,Koraput,Acute Diarrheal Disease,7,0,11-03-19,18-03-19,Under Control,"Cases reported from Village Badabagri, G.PPHC. Dumbaguda, Block Dasmantpur. District RRT investigated the outbreak. House to house survey done. Cases had history of consuming food in a marriage ceremony previous night. 4 rectal swab samples of, 1 smear sample from suspected cutaneous anthrax and 4 water sample taken. 2 rectal samples positive for Kleibseilla, sample for anthrax found negative. All public health measures have been taken .District RRT & Block RRT visited the affected area. All cases treated symptomatically. Health education given."
Odisha,Koraput,Acute Diarrheal Disease,6,0,15-03-19,18-03-19,Under Control,Cases reported from Village Dumdumiguda SC Doraguda-A G.P Chandrapada CHC- Boiapriguda. District RRT investigated the outbreak. House to house survey done. 3 water samples collected and sent to DPHL Koraput and all found potable. Health education given. All cases treated. Chlorination of tank water done.
Odisha,Nayagarh,Food Poisoning,13,0,18-03-19,19-03-19,Under Control,"Cases reported from Village/SC Sampada, GP Maichheli, CHC Mahipur, Block Nuagaon. District RRT investigated the outbreak. House to house survey done. Cases had history of consuming food brought from a marriage function. 04 Water sample collected and tested through OT test and H2S Kit and all found nonpotable. Chlorination of all drinking water sources done. Halogen tablets were distributed."
Odisha,Subarnapur,Food Poisoning,42,0,15-03-19,16-03-19,Under Control,"Cases reported from Village Bankipali, Block Dunguripali. District RRT investigated the outbreak. House to house survey done. 03 water and 01 food sample collected, 02 water samples found nonpotable and food sample result awaited."
Odisha,Subarnapur,Food Poisoning (Caster Fruit),27,0,14-03-19,16-03-19,Under Control,"Cases reported from Village Sagartal, Block Tarava. District RRT investigated the outbreak. House to house survey done. All the affected were children. Health camp organized in the school and all cases treated symptomatically. Health education given. 9 | P a g e"
Punjab,Amritsar,Viral Hepatitis A,28,0,12-03-19,12-03-19,Under Surveillance,"Cases reported from Village Chappa Ram singh, PHC Manawala. District RRT investigated the outbreak. House to house survey done. 8 blood samples and 7 water samples sent to DPHL lab Amritsar, result awaited. Survey of the most affected area done. IEC activities being done, chlorine tablets distributed. All cases treated symptomatically. Health education given."
Punjab,Hoshiarpur,Cholera,98,0,13-03-19,13-03-19,Under Control,"Cases reported from Village Dandewal, Block Paldi, tehsil Garhshanker, Hoshiarpur. District RRT investigated the outbreak. House to house survey done. 15 Stool sample were collected. Result awaited. ORS Packets & Chlorine tablets distributed in affected area. All cases treated symptomatically. Health education given."
Punjab,Moga,Mumps,50,0,15-03-09,15-03-19,Under Control,"Cases reported from Village shekha khurd, Block Thathi Bhai. District RRT investigated the outbreak. All cases were from same school and presented with fever, pain and swelling in neck from 2-3 days. 15 blood samples collected. RRT visited the school. All cases treated. Health education given."
Rajasthan,Dausa,Food Poisoning Vomiting,13,0,11-03-19,13-03-19,Under Control,"Cases reported from Village Thumdi, Mahawaro ki Dhani, PHC Khawaravji, Block Dausa. District RRT investigated the outbreak. All the affected were from same family and between 5-10 years of age and had history of consuming same food. Symptoms occurred 30 minutes after consuming food. All cases treated. Health education given."
Rajasthan,Pali,Measles,4,0,12-03-19,13-03-19,Under Surveillance,"Cases reported from Baba Ramdev colony, Pali, city. District RRT investigated the outbreak. House to house survey done. Cases presented with fever, cough, coryza and conjunctivitis. 6 Blood serum samples were collected and sent to SMS Jaipur, result awaited. Investigation done by RRT. House to house survey of 205 houses done. Special immunization drive with Vit-A supplement was administered. All cases treated symptomatically. Health education given. 10 | P a g e"
Tamil Nadu,Karur Mixed,Fever,10,0,14-03-19,15-03-19,Under Surveillance,"Cases reported from Village Athiyamankottai, HSC Olapalayam, PHC Olapalayam, Block Karur. District RRT investigated the outbreak. House to house survey done. 5 serum samples sent to DPHL Karur of which 2 were found Chikungunya positive and 2 Dengue positive. Fever survey, Mass cleaning, Fogging, IEC done. All cases treated symptomatically. Health education given."
Tamil Nadu,Nagapattinam,Acute Diarrheal Disease,20,0,12-03-19,13-03-19,Under Control,"Cases reported from Village Thalainayar TP, HSC/PHC/Block Thalainayar. District RRT investigated the outbreak. House to house survey done. 1 water sample sent to DPHL, Nagappattinam and found nonpotable. All cases treated symptomatically. Health education given. Chlorination done."
Tamil Nadu,Nagapattinam,Acute Diarrheal Disease,146,0,12-03-19,13-03-19,Under Surveillance,"Cases reported from Village Vanduvancheri, HSC Thulasiapattinam, PHC Voimedu, Block Vedhranyam. District RRT investigated the outbreak. House to house survey done. 1 water sample sent to DPHL, Nagappattinam Result: awaited. Each and every houses sanitation and disinfectant done. OHT chlorination done. Health education given. All cases treated symptomatically. Health education given."
Tamil Nadu,Tiruvarur,Acute Diarrheal Disease,263,0,11-03-19,13-03-19,Under Control,"Cases reported from several Village and PHCs of Block Thiruthuraipoondi, Muthupettai. District RRT investigated the outbreak. House to house survey done. 4 Water Samples, Stool Samples, Blood Samples sent to DPHL Tiruvarur Result: Stool samples Negative for Salmonella, Shigella & Vibrio cholera. Due to water shortage in these areas people are consuming water from different unregulated water sources. All cases treated. All overhead tanks and water sources chlorinated."
Telangana,Hyderabad,Food Poisoning,61,0,14-03-19,17-03-19,Under Control,"Cases reported from Telangana Minority School, Shalibanda, UPHC Charminar, UHNC Jangammet, Hyderabad. District RRT investigated the outbreak. House to house survey done. Food Samples sent to IPM Hyderabad, result awaited. Medical camp is conducted. Health Education given about personal hygiene methods and about food safety Measures. 11 | P a g e"
Uttar Pradesh,Pratapgarh,Food Poisoning,12,0,17-03-19,18-03-19,Under Surveillance,"Cases reported from Village Itwa, SC Utras, PHC Kohror, Block Kohror. District RRT investigated the outbreak. House to house survey done. Block Epidemic & District RRT Team investigated the outbreak. House to House survey done. All cases treated symptomatically. Health education given regarding personal hygiene. Health camp organized in the school and all cases treated symptomatically. Health education given. DISEASE OUTBREAKS OF PREVIOUS WEEKS REPORTED LATE Unique ID. Name of State/UT Name of District Disease/ Illness No. of Cases No. of Deaths Date of Start Outbreak Current Status Comments/ Action Taken"
Arunachal Pradesh,Lohit,Chickenpox,5,0,07-03-19,,Under Control,Cases reported from Police Welfare L.P School Tezu. District RRT investigated the outbreak. All the affected from the same class.
Kerala,Malappuram,West Nile,1,1,17-02-19,,Under Surveillance,"Cases reported from Village A R Nagar, HSC Koduvayur, PHC A R Nagar, Block Vengara. District RRT investigated the outbreak. House to house survey done. A 6 year old boy was admitted with acute encephalitis and was tested positive for Anti – WNV IgM antibody – ELISA Positive, MCVR Manipal (08.03.2019) and JE IgM Negative. No WNV fever positive case was reported from the district in last 3 years. There was presence of lot of birds, pets and animals around the house of the deceased. 252 culex mosquito samples were tested for WNV transmission and were found negative by RT PCR done at NIV Pune, similar samples from Goat, Chicken and crow also tested negative. Patient expired due to complications ranging from cervical cord involvement, autonomic dysfunction and quadriparesis."
Kerala,Malappuram,Viral Hepatitis A,18,0,20-02-19,,Under Surveillance,"Cases reported from Village/PHC Wandoor, Block Wandoor. District RRT investigated the outbreak. All the cases were students in a school. One blood sample tested positive for Hepatitis A virus by IgM. One water sample was sent for bacteriological analysis to Microbiology lab, MCH Manjeri. 12 | P a g e"
Karnataka,Tumkur,Chickenpox,21,0,23-02-19,,Under Control,"Cases reported from Government Sr Primarh High School, Village Somlapura, PHC/CHC Shettikere, Taluk C N Halli. District RRT investigated the outbreak. House to house survey done. Isolation of active cases done. IEC activities regarding the disease & personal hygiene are given to all students and community. All the cases have taken treatment at PHC."
Assam,Cachar,Suspected Measles,4,0,19-03-19,19-03-19,Under Control,"Case reported from Village Ujjantarapur Nagapungi, SC UjjanTarapur, BPHC Harinagar. District RRT investigated the outbreak. House to house survey done. All cases belonged to one village and among them, two cases from one family. Blood Slide was collected and found negative for malaria by BPHC Medical team. Serum samples for measles was denied by the family members. Cases provided vitamin A and some necessary symptomatic treatments. Awareness done by health workers. Fever surveillance is going on."
Assam,Dhubri,AES/JE,5,0,20-03-19,22-03-19,Under Surveillance,"Cases reported from Village Ward no-4, Gouripur CHC under Dharmasala. District RRT investigated the outbreak. The affected area is a slum with very poor sanitary conditions and water stagnation. Pigs were present in the vicinity of houses. 5 nos. of serum sample was collected and sent for testing at DPHL, Dhubri. Lab result is awaited. All cases treated symptomatically. Health education given."
Assam,Sibsagar,Mushroom Poisoning,4,2,20-03-19,25-03-19,Under Surveillance,"Cases reported from Village Patsaku, SC, Holongbari gaon, BPHC Namtola. District RRT investigated the outbreak. All the affected were from same family and gave history of consuming wild mushrooms. After consuming they developed vomiting and diarrhea. All cases were referred to higher center for treatment. Two females aged 37 years and 4 years expired due to illness."
Assam,Tinsukia,Chickenpox,14,0,19-03-19,19-03-19,Under Surveillance,"Cases reported from Village 1 No. Tokowani, SC Tokowani, BPHC Hapjan. District RRT investigated the outbreak. All the cases belonged to 4 families and were located close to each other. Cases presented with fever, headache and vesicular eruption. Families were of low socio economic status. Health education given and isolation was advised. All the cases were treated. 4 | P a g e"
Gujarat,Jamnagar,Food Poisoning,140,0,22-03-19,22-03-19,Under Surveillance,"Cases reported from Village/SC Vagadiya, PHC Dhutarpur, Block Jamnagar. District RRT investigated the outbreak. House to house survey done. 2 water samples taken and sent to Jal Bhavan, Jamnagar, found safe for drinking; 4 food samples taken by F & D department, result awaited. IEC Done. All cases treated. Chorine tablets distributed to all households."
Gujarat,Narmada,Measles,4,0,18-03-19,18-03-19,Under Surveillance,"Cases reported from Village/SC Gajargota, PHC Soliya, Taluk Dediyapada. District RRT investigated the outbreak. House to house survey done. 4 Serum Sample for Measles sent to BJMC Ahmedabad, and 3 found positive by Ig M ELISA. Daily monitoring started to identify new cases. Health education given All cases treated symptomatically."
Jammu And Kashmir,Udhampur,Viral Hepatitis E,16,0,17-03-19,22-03-19,Under Surveillance,"Cases reported from Village Jig Ganshad, Block Chenani. District RRT investigated the outbreak. House to house survey done. 10 blood samples and 04 Water samples from water supply sources including Natural spring water, sent to the Department of Microbiology Govt. Medical College Jammu for testing. All 10 blood samples found positive for Hep E by IgM ELISA and all water samples found unfit for consumption. All cases treated symptomatically. Source reduction activities undertaken. Health education given."
Odisha,Gajapati,Food Poisoning,21,1,23-03-19,24-03-19,Under Control,"Cases reported from Tribal School, Village S.Maringi, Block Gosani. District RRT investigated the outbreak. In presence of Head Master Dry and Cooked Rice, Kandula Dal, Cabbage and water sample collected and sent to BBSR for Laboratory investigation, result awaited. Health service center comprising of health supervisors and health workers (M/F) & MHT staff have been set up in the affected area for 7 day. RDK and Slide Collection for 21 students and MAT for 10 students done. 5 | P a g e"
Puducherry,Yanam,Chickenpox,14,0,18-03-19,18-03-19,Under Surveillance,"Cases reported from Village Venkat nagar, Block Yanam; DT Yanam District RRT investigated the outbreak. House to house survey done. The affected children were students of class 4 & 5, they are kept under isolation. All of the affected children had history of full immunized for their age. All cases treated."
Tamil Nadu,Ramanathapura m,Chikungunya,25,0,18-03-19,22-03-19,Under Surveillance,"Cases reported from Village Virathakulam, HSC Achangulam, PHC Natham, Block Kamuthi. District RRT investigated the outbreak. House to house survey done. 4 serum samples sent to DPHL Ramanathapuram and all found positive for Chikungunya by IgM ELISA. People advised to tightly cover water containers to prevent mosquito breeding."
Telangana,Kumrambheem Asifabad,Food Poisoning,36,0,18-03-19,24-03-19,Under Control,"Cases reported from Tribal Ashram Girls High School, Village Asifabad 4th road, Mdl. District RRT investigated the outbreak. Water samples collected and sent to District Hospital, Asifabad. Report awaited. Health education given on personal hygiene and demonstration on hand washing methods. Chlorinated drinking water tank of the school and intimate the school staff to maintain safety measures at kitchen while preparing the food. Health camp organized in the school and all cases treated symptomatically. 6 | P a g e DISEASE OUTBREAKS OF PREVIOUS WEEKS REPORTED LATE Unique ID. Name of State/UT Name of District Disease/ Illness No. of Cases No. of Deaths Date of Start Outbreak Current Status Comments/ Action Taken"
Gujarat,Bhavnagar,CCHF,1,1,11-03-19,,Under Surveillance,"Cases reported from Village/SC Dharwala, PHC Ranghola, Block Umrala. District RRT investigated the outbreak. House to house survey done. 10 Serum samples taken sent to NIV Pune, 01 positive for CCHF. 28 Animal samples collected sent to NIV Pune, result awaited. 25 Tick sample taken and sent NIV Pune. MC RRT & DRRT visited affected area. All houses in the area were sprayed with insecticide and 133 animals were treated with insecticide spraying and treatment. Patient had history of tick bite 22 days prior to onset of illness and was also suffering from lung and kidney disease. He was farmer and had exposure to cattle and other animals."
Kerala,Thrissur,Viral Hepatitis A,11,0,28-01-19,,Under Control,"Cases reported from Village/HSC/PHC Panjal, Block Thiruvilwamala. District RRT investigated the outbreak. House to house survey done. 2 Serum taken and both found positive at DMO (H) Lab for Hepatitis A by IgM ELISA. All cases treated symptomatically. Super chlorination done. Health education given. Group talk conducted."
Kerala,Malappuram,Typhoid,19,0,06-03-19,,Under Surveillance,"Cases reported from Village Kuruva, HSC Pazhamalloor, PHC Pang, Block Mankada. District RRT investigated the outbreak. House to house survey done. Cases had history of consuming food in a marriage. 27 Lab samples collected and found positive by Widal test. 1 blood sample tested positive for Typhoid by culture and tested at MCH Manjeri. Mass chlorination conducted in the affected areas. 134 wells chlorinated. 1312 chlorine tablets distributed. Group talks and Health education class conducted. IEC materials supplied. All cases treated symptomatically."
Kerala,Malappuram,Viral Hepatitis A,44,1,30-01-19,,Under Surveillance,"Cases reported from Village Puzhakattiri. HSC Kadugapuram, PHC Puzhakattirir, Block Mankada. District RRT investigated the outbreak. House to house survey done. 7 Blood samples collected and 7 found positive for IgM Elisa at GMCH Manjeri. Two water samples were taken for laboratory test and both found unfit. All cases had history of consumption of food and drinks in two marriage function held close to each other. Chlorination done. Chlorine tablets distributed. Health education given. 7 | P a g e"
Kerala,Kozhikode,Viral Hepatitis A,25,0,26-02-19,,Under Surveillance,"Cases reported from Village Balusery, PHC Eramanagalam, Block Balusery. District RRT investigated the outbreak. Cases occurred amongst school students having a common source of drinking water. 25 blood samples were tested for raised liver enzymes and all samples had raised levels. 3 blood samples were positive for Anti HAV antibody by IgM ELISA. Super chlorination done."
Tamil Nadu,Trichy,Chikungunya,23,0,12-03-19,,Under Surveillance,"Cases reported from Village CKVI, HSC Ward 5, PHC T.V.Koil UPHC, Block Corporation. District RRT investigated the outbreak. House to house survey done. 8 serum samples sent to DPHL Trichy and 7 found Chikungunya positive. Indoor mosquito breeding found in refrigerators. Mass cleaning done. All cases treated symptomatically. Health education given."
Arunachal Pradesh,Tawang,Chickenpox,5,0,25-03-19,27-03-19,Under Control,Cases reported from Village Mahabodhi Center. District RRT investigated the outbreak. House to house survey done. Affected children were in the age group between 6-10yr. All cases treated symptomatically. Health education given regarding home isolation and personal hygiene.
Assam,Jorhat,Filariasis,1,0,25-03-19,27-03-19,Under Control,"Case reported from Jorhat Urban, R.B. Lane (Teliapati). District RRT investigated the outbreak. House to house survey done. The case is native from Muzzafarpur, Bihar but has been dwelling in Jorhat for past 25 years. The patient had a nodular swelling in ankle region of his right leg and was examined in Jorhat Medical College & Hospital and later was diagnosed as Lymphatic Filaria. Active search of cases done in the affected area. Awareness regarding vector borne diseases including Filaria was done in the affected area. Health education given."
Bihar,Siwan,Chickenpox,40,0,28-03-19,30-03-19,Under Control,"Cases reported from Village Atwa, SC Swetapur, APHC Sirisiya, Block Mairwa District RRT investigated the outbreak. House to house survey done. Symptomatic treatment and isolation of cases advised in the community."
Dadra And Nagar Haveli,Dadra & Nagar Haveli,Mumps?,8,0,28-03-19,28-03-19,Under Surveillance,"Cases reported from Village Ultan Faliya, Arvindbhai's Chowl, Block Silvassa. District RRT investigated the outbreak. House to house survey done. 4 blood samples collected and sent to NIV Pune; result awaited. All the children were less than 15yr of age. All cases treated symptomatically. Health education regarding isolation of cases was imparted in the community."
Gujarat,Banaskantha,Food Poisoning,94,0,28-03-19,28-03-19,Under Surveillance,"Cases reported from Village/SC Sonwadi, PHC Dhanpura,, Taluk Amirgadh. District RRT investigated the outbreak. All the cases consumed food Prasad (kheer) and presented symptoms with loose motion and vomiting. Health camp organized and all cases treated symptomatically. Health education given regarding food hygiene and sanitation. 4 | P a g e"
Gujarat,Botad,Viral Hepatitis E,16,0,30-03-19,31-03-19,Under Control,"Cases reported from Village/SC Targhara, PHC Bhadravadi, Block Botad. District RRT investigated the outbreak. House to house survey done. Pipe line leakages were observed in the community. Out of 5 serum samples collected and sent to DPHL Bhavnagar; 2 serum samples were positive for Hepatitis E (IgM ELISA). Pipe line leakages were repaired. Chlorination of water sourced done. Chlorine tablets distributed in the affected area. All cases treated symptomatically. Health education given regarding personal hygiene and sanitation."
Jharkhand,Chatra,Chickenpox,11,0,27-03-19,30-03-19,Under Control,"Cases reported from Village/SC Sima, CHC/ Block Chatra. District RRT investigated the outbreak. House to house survey done. 7 blood samples collected; result awaited. All cases treated symptomatically. Health education given regarding home isolation and personal hygiene."
Jharkhand,Dhanbad,Chickenpox,13,0,29-03-19,29-03-19,Under Control,"Cases reported from Village/SC Modidih, Ganja Patti. District RRT investigated the outbreak. House to house survey done. 5 serum samples collected and sent to Microbiology Department RIMS Ranchi were positive for varicella zoster virus (IgM ELISA). All cases treated symptomatically. Health education given regarding isolation of cases."
Jharkhand,Dumka,Chickenpox,9,0,29-03-19,29-03-19,Under Control,Cases reported from Village Budhudih and Pakurtala SC Tarni CHC Ranashwar Dumka Jharkhand. District RRT investigated the outbreak. House to house survey done. 4 serum samples collected and sent to Microbiology Department RIMS Ranchi were positive for varicella zoster virus (IgM ELISA). All cases treated symptomatically. Health education given regarding isolation of cases.
Jharkhand,Godda,Measles,11,0,25-03-19,26-03-19,Under Control,"Cases reported from Villages Poreyahat, Barmasia, Lusitand. District RRT investigated the outbreak. House to house survey done. Cases presented symptoms fever with maculopapular rashes. Out of 05 serum samples collected and sent to RIMS, Ranchi; 4 samples were positive for Measles (IgM ELISA). Vitamin A supplementation given to all cases. All cases treated symptomatically. Health education given. 5 | P a g e"
Jharkhand,Khunti,Chikungunya,23,0,25-03-19,26-03-19,Under Control,"Cases of fever with joint pain reported from Kasturba Gandhi Balika Vidyalaya, Murhu. District RRT investigated the outbreak. Active search of cases done. Out of 8 blood samples were collected and sent to RIMS Ranchi; 1 sample was positive for Chikungunya (IgM ELISA). Health camp organized in the school and all cases treated symptomatically. Anti- larval measures were carried out in the affected area. Health education given regarding personal protection measures."
Jammu And Kashmir,Srinagar,Food Poisoning,27,0,23-03-19,30-03-19,Under Surveillance,"Cases reported from NTPHC Miskeen bagh (orphanage), SC/PHC Khanyar, Block Gujar and. District RRT investigated the outbreak. Active search of cases done. All cases consumed food and presented symptoms with vomiting and loose motion. 2 water samples collected and sent to DPHL Srinagar; result awaited. Health camp organized in the school and all cases treated symptomatically. Health education given regarding food hygiene and sanitation."
Karnataka,Udupi,Food Poisoning,38,0,23-03-19,26-03-19,Under Control,"Cases reported from Village Hengavalli, PHC/CHC Belve, Taluk Kundapura. District RRT investigated the outbreak. House to house survey done. All cases consumed ice candy and presented symptoms with vomiting and loose motion. 12 stool samples were collected and sent to District Hospital Udupi; showed growth of Salmonella enteritis. All cases treated symptomatically. Health education given regarding personal hygiene and sanitation."
Maharashtra,Ratnagiri,Acute Diarrheal Disease,45,0,30-03-19,31-03-19,Under Control,"Cases reported from Village Solgaon, PHC Tal Rajapur. District RRT investigated the outbreak. House to house survey done. All 3 stool samples were collected and sent to DPHL Ratnagiri; were negative for enteropathogens. Chlorination of water sourced done. All cases treated symptomatically. Health education given regarding personal hygiene and sanitation. 6 | P a g e"
Madhya Pradesh,Dhaar,Food Poisoning,8,1,30-03-19,31-03-19,Under Control,Cases reported from Village/Block Teesgava. District RRT investigated the outbreak. House to house survey done. All cases consumed food in a social ceremony and presented symptoms with vomiting and loose motion. All cases treated symptomatically. Health education given regarding personal hygiene and sanitation.
Rajasthan,Jhunjhunu,Brucellosis,1,0,29-03-19,29-03-19,Under Control,A case reported from CHC Malsisar Block Malsisar. District RRT and Animal husbandry tem investigated the outbreak. House to house survey done. 10 cattle blood samples were collected and sent to Regional laboratory (AH) Jaipur; result awaited. Case treated symptomatically. Health education given.
Telangana,Kamareddy,Food Poisoning,72,3,25-03-19,25-03-19,Under Control,"Cases reported from Villages Maqdoompur, Galipur, Komalancha. District RRT investigated the outbreak. Active search of cases done. All the cases consumed food and presented symptoms with loose motion and vomiting. 7 stool samples were collected and sent to IPM Hyderabad; no enteropathogen were identified. Death occurred in 3yr old (f); 6yr old (m) and 32yr old (f). ORS packets were distributed in the affected areas. Health camp organized and all cases treated symptomatically. Health education given regarding food hygiene and sanitation."
Telangana,Medak,Food Poisoning,20,0,25-03-19,25-03-19,Under Control,"Cases reported from Jyothi Rao Pule Gurukulam Girl School, Haveli Ghanpur, SC Haveli Ghanpur. District RRT investigated the outbreak. Active search of cases done. All the cases consumed food and presented symptoms with loose motion and vomiting. ORS packets were distributed in the academy. Health camp organized and all cases treated symptomatically. Health education given regarding food hygiene and sanitation."
Tamil Nadu,Tirunelveli,Dengue,35,0,26-03-19,28-03-19,Under Surveillance,"Cases reported from Village Keelavayali, PHC Subbulapuram, Block Sankarankoil. District RRT investigated the outbreak. House to house survey done. Out of 8 serum samples sent to Tirunelveli Medical College; 4 samples were positive for Dengue (IgM ELISA). Vector control activities undertaken. All cases treated symptomatically. Health education given. 7 | P a g e"
Tamil Nadu,Madurai,Chikungunya,39,0,27-03-19,30-03-19,Under Control,"Cases reported from Village Muruganaeri, SC M.Sengulam, PHC M.Subbalapuram, Block T.Kallupatty. District RRT investigated the outbreak. House to house survey done. Out of 6 serum samples collected sent to Madurai Medical college; 5 samples were positive for Chikungunya (IgM ELISA). All cases treated symptomatically. Anti-larval activities were undertaken in the affected area. Health education given regarding personal protection measures."
Uttarakhand,Almora,Acute Diarrheal Disease,28,0,31-03-19,31-03-19,Under Control,"Cases reported from Village Guruda, SC- Bijoriya, Block Takula. District RRT investigated the outbreak. House to house survey done. 2 stool and 2 water samples were collected and sent to DPHL Almora; All stool samples were positive for Citrobacter and water samples were not potable. Chlorination of water sources done. All cases treated symptomatically. Health education given regarding personal hygiene and sanitation."
West Bengal,Murshidabad,Measles?,79,0,25-03-19,25-03-19,Under Surveillance,"Cases reported from Villages Tofapur, Shibnagar, Bhavanipur & Joyrampur, SC Tofapur.. District RRT investigated the outbreak. House to house survey done. 5 blood samples and 1 throat swab collected and sent to WHO (sentinel site); result awaited. Vitamin A supplementation given to all cases. All cases treated symptomatically. Health education given. 8 | P a g e FOLLOW-UP OF DISEASE OUTBREAKS OF PREVIOUS WEEKS Unique ID. Name of State/UT Name of District Disease/ Illness No. of Cases No. of Deaths Date of Start Outbreak Current Status Comments/ Action Taken"
Gujarat,Bhavnagar,CCHF,1,0,26-03-19,,Under Surveillance,"A Shepard by occupation presented symptoms with fever, headache, myalgia from Village Reva, SC Dharuka, PHC Ranghola, Block Umrala. District RRT investigated the outbreak. Active search of cases done. The index case blood sample was sent to NIV, Pune and was positive for CCHF (Ig M ELISA). Out of 30 human close contacts samples were collected and sent to NIV, Pune; 1 sample of lab technician was positive for CCHF (IgG ELISA). 40 animal, 37 tick samples were collected and sent to NIV Pune; result awaited. Contacts were traced and were monitored. All cases treated symptomatically. Anti-tick measures were carried out. Malathion and Lime dusting done in affected areas. Health education given."
Bihar,Jahanabad,Chickenpox,15,0,02-04-19,03-04-19,Under Control,"Cases reported from Village Badki Bhabhanpura, APHC Lakhawar, PHC Ghosi, Block Ghosi, Jehanabad. District RRT investigated the outbreak. House to house survey done. Majority of cases were between 5-10 years of age. Medical team (RRT) from PHC along with WHO Monitor and RBSK Team visited the area. All cases were treated. Awareness given regarding hygiene, sanitation and isolation of patient."
Bihar,Madhubani,Chickenpox,7,0,05-04-19,05-04-19,Under Control,"Cases reported from Village Baghaniya Mushahri, HSC Bakuwa, PHC Madhepur. District RRT investigated the outbreak. House to house survey done. Cases presented with fever and rash. Cases were from 3 yrs of age to 30 yrs of age. All the affected cases were treated symptomatically. Health Education given regarding isolation of cases."
Bihar,Patna,Measles,5,0,01-04-19,06-04-19,Under Surveillance,"Cases reported from Village/SC Bhushaul danapur, AIIMS, Block/PHC Phulwarishariff. District RRT investigated the outbreak. House to house survey done. Cases were resident of AIIMS hostel. 4 Blood samples collected and tested at PMCH Patna for Measles, result awaited. Block RRT with Dist. RRT & WHO team visited the affected area. All patients were treated accordingly."
Bihar,Sheikhpura,Suspected Measles,4,0,02-04-19,09-04-19,Under Control,"Cases reported from Village Pathlaphar, SC Bajidpur, PHC/Block Sheikhpura. District RRT investigated the outbreak. House to house survey done. Preventive measures taken. Vitamin A supplementation given. IEC done regarding isolation of cases. 4 | P a g e"
Chhattisgarh,Bijapur,Chickenpox,24,0,02-04-19,05-04-19,Under Surveillance,"Cases reported from Jidipara of Timapur, Village Timapur under, PHC Basaguda, Block Usoor. District RRT investigated the outbreak. House to house survey done. After an investigation by the district RRT, it is found that the index case was present at the Govt. Balak Ashram Murdunda. No blood samples were collected from the patients. All cases were clinically diagnosed. Instructions for Isolation of active cases were given. All cases treated symptomatically."
Chhattisgarh,Durg,Acute Diarrheal Disease,15,0,01-04-19,05-04-19,Under Surveillance,"Cases reported from Village Purai, CHC Utai, Block Nikum. District RRT investigated the outbreak. House to house survey done. Possible cause is contaminated water which is supplied from hand pump. Water Sample collected for test by PHE Department Durg, result awaited. Water supplied by water tanker. All cases treated symptomatically."
Jharkhand,Latehar,Food Poisoning,85,0,06-04-19,07-04-19,Under Surveillance,"Cases reported from Village Serandagh, PHC Herhanj, Block Balumath. District RRT investigated the outbreak. House to house survey done. Cases occurred after consuming food in a marriage ceremony. Cases developed vomiting and loose motions. All cases treated at PHC. No food samples could be collected."
Jharkhand,West Singhbhum,Chickenpox,15,0,03-04-19,06-04-19,Under Surveillance,"Cases reported from Village Churgi, HSC Salai, Block Manoharpur West Singhbhum. District RRT investigated the outbreak. House to house survey done. All cases presented with fever and macula-popular rash. 05 blood serum samples sent to DPHL Sadar Hospital Chaibasa, result awaited. All cases were isolated and treated symptomatically. All affected patients were in age group less than 15 years. Health education and IEC activities done regarding isolation of cases and hygienic practices. 5 | P a g e"
Jammu And Kashmir,Ganderbal,Influenza Type B,64,0,02-04-19,03-04-19,Under Control,Cases reported from Village Kachnambal Preng Block Kangan. District RRT investigated the outbreak. House to house survey done. 04 throat swab samples collected and sent to SKIMS Soura for analysis. All 04 samples found positive for Influenza B. Impart Heath Education regarding spread and prevention of Disease. Distributed Health Advisory. Focus Made on Safe Sanitation Practices and Washing Hands Properly. School Authorities and Local Health Staff were advised to have complete vigil over the situation. All cases treated symptomatically. Health education given.
Jammu And Kashmir,Kulgam,Enteric Fever,19,0,01-04-19,02-04-19,Under Surveillance,"Cases reported from Village Devsar and Sopat Block Qazigund. District RRT investigated the outbreak. House to house survey done. Symptoms were fever with general body aches, chills. All affected patients are in the age group of 09 years - 50 years. All patients are being treated at PHC Devsar. 02 water samples from village Devsar and 02 water samples from village Sopat have been collected for analysis and sent to IDSP Provincial Lab, Barzulla Sgr, reports awaited. People were advised to use boiled water for drinking proposes and dispose the sanitary waste properly. Health advisory regarding Enteric Fever in the form of Pamphlets were distributed and also pasted on walls at public places."
Karnataka,Ballari,Enteric Fever,26,0,01-04-19,05-04-19,Under Control,"Cases reported from Village Deshnoor Village, 04th Ward, PHC/CHC Bagewadi, Taluk Siruguppa. District RRT investigated the outbreak. House to house survey done. 06 Blood Serum samples collected and sent to VIMS, Ballari and 02 Water Samples collected result awaited. 26 blood smears examined for Malaria Parasite, result awaited. All cases treated symptomatically. Health education given. Larval surveillance started in the area."
Karnataka,Chittapur,Suspected Measles,33,0,02-04-19,03-04-19,Under Surveillance,"Cases reported from Village/PHC/CHC Ravoor, Taluk Chittapur. District RRT investigated the outbreak. House to house survey done. 05 Serum samples collected sent to NIV, Bangalore, result awaited. Vitamin A supplements given. All cases treated symptomatically. Health education given. 6 | P a g e"
Karnataka,Dharwad,Chikungunya,20,0,01-04-19,04-04-19,Under Surveillance,"Cases reported from Village Kalle, SC Kabenur, PHC Uppin Betageri, Taluk Dharwad. District RRT investigated the outbreak. House to house survey done. Cases presented with fever and joint pain. Water storage practices for long time is the cause for larval growth. Three serum samples collected and tested for both dengue & Chikungunya at KIMS Hubli, 2 samples tested positive for Chikungunya by IgM ELISA. Larval survey is being carried out in the village. IEC activities done regarding water storage practices."
Karnataka,Tumkur,Suspected Mumps,21,0,02-04-19,03-04-19,Under Control,"Cases reported from Village Doddasarangi Palya, PHC/CHC Guluru, Taluk Tumkur. District RRT investigated the outbreak. House to house survey done. All cases treated symptomatically. Health education given."
Karnataka,Tumkur,Suspected Mumps,15,0,04-04-19,05-04-19,Under Control,"Cases reported from Village Lakkavanahalli Gollarahatti, PHC/CHC Dwaranakuntte, Taluk Sira. District RRT investigated the outbreak. House to house survey done. All cases treated symptomatically. Health education given."
Kerala,Kozhikode,West Nile Fever,1,0,04-04-19,04-04-19,Under Control,"A 65yr old female resident of municipal corporation area, Kommeri Post presented symptoms with acute febrile illness associated with photophobia and disorientation. District RRT investigated the outbreak. House to house survey done. 1 CSF sample collected and sent to ICMR-Alapuzha lab was positive for West Nile Virus IgM ELISA. Vector survey conducted, source reduction activities undertaken and IRS spraying done. Health education given."
Odisha,Mayurbhanj,Food Poisoning,65,0,01-04-19,02-04-19,Under Control,"Cases reported from Govt. High School Kamali, SC Kamali, CHC Dukura. District RRT investigated the outbreak. House to house survey done. All cases consumed food in a ceremony. 04 Rectal Swab taken and did not exhibited any growth on culture. 04 Water samples collected and found unfit for consumption. IEC activity done. Health camp organized in the school and all cases treated symptomatically. Health education given. 7 | P a g e"
Manipur,Noney,Food Poisoning,8,0,07-04-19,08-04-19,Under Surveillance,Cases reported from Village T. Kholmung. District RRT investigated the outbreak. House to house survey done. All cases treated and discharged. No new cases reported.
Puducherry,Puducherry,Chikungunya,7,0,01-04-19,01-04-19,Under Surveillance,"Cases reported from Village Ashok Nagar, PHC Lawspet, Block Oulgaret. District RRT investigated the outbreak. House to house survey done. 5 serum samples tested positive for Chikungunya by IgM ELISA at IGGHPGI. All cases treated symptomatically. Health education given. Fogging carried out as per guidelines."
Rajasthan,Ajmer,Food Poisoning,57,0,04-04-19,04-04-19,Under Surveillance,"Cases reported from Village Mohalla Chamada ghar Sarana, Block Kishangarh. District RRT investigated the outbreak. Cases consumed food in a marriage ceremony. Most affected were children between 6 to 14 years and majority of them had history of consuming some particular dishes. 4 samples taken by FSSO team, result awaited. Health education given."
Uttar Pradesh,Bareilly,Chickenpox,4,0,02-04-19,03-04-19,Under Control,"Cases reported from Urban colony Ashok Nagar. District RRT investigated the outbreak. House to house survey done. Cases presented with fever, rash and vesicles. All cases isolated and treated. IEC given regarding isolation and hygienic practices."
Uttar Pradesh,Lucknow,Chickenpox,7,0,02-04-19,02-04-19,Under Surveillance,"Cases reported from Village Bairysalpur, PHC Nigoha, CHC Mohanlalganj. District RRT investigated the outbreak. House to house survey done. Cases presented with fever, Maculopapular rashes. Most common age group affected was 10- 25yrs. 4 Samples for anti VZV were sent to Virology Lab KGMU, result awaited. All cases treated."
West Bengal,Bishnupur,Acute Diarrheal Disease,83,0,05-04-19,09-04-19,Under Surveillance,"Cases reported from Village Jaljala, Sub-centre: Jhenia, Block Kotulpur. District RRT investigated the outbreak. House to house survey done. All affected people attended a wedding ceremony on previous. All of the affected people developed similar kind of symptoms like diarrhea, pain abdomen and vomiting. All cases treated symptomatically. Health education given. 8 | P a g e"
West Bengal,Diamond Harbour,Food Poisoning,155,0,04-04-19,04-04-19,Under Surveillance,"Cases reported from Village / SC Kshetromohonpur, GP Brajaballavpur, Block Patharpratima. District RRT investigated the outbreak. House to house survey done. About 100 families attended halkhata occasion of a shop & consumed sweets on that occasion at afternoon. 1 Food sample sent to West Bengal Public health Laboratory, Kolkata & 2 vomitus samples sent to SSKM Hospital, result awaited. Health education given. DISEASE OUTBREAKS OF PREVIOUS WEEKS REPORTED LATE Unique ID. Name of State/UT Name of District Disease/ Illness No. of Cases No. of Deaths Date of Start Outbreak Current Status Comments/ Action Taken"
Karnataka,Chitradurga,Dengue,18,0,15-03-19,,Under Surveillance,"Cases reported from Village Megalahatti, PHC/CHC Nagasamudra, Taluk Molakalmuru. District RRT investigated the outbreak. House to house survey done. 02 blood Samples collected and sent to DPHL Chitradurga and 01 found positive for Dengue, 6 blood smears collected, result awaited. All cases treated symptomatically. Health education given."
Karnataka,Mysuru,Acute Diarrheal Disease,61,0,31-03-19,,Under Control,"Cases reported from Village/PHC/CHC Beriya, Taluk KR Nagar. District RRT investigated the outbreak. House to house survey done. 03 Water samples collected sent to MMCRI, Mysuru and all found potable. 12 stool sample collected and 01 found positive for Shigella Sonnei. Health camp organized in the school and all cases treated symptomatically. Health education given."
Kerala,Kozhikode,West Nile Fever,1,0,23-03-19,,Under Control,"An 80yr old male case resident of Village Naduvannur SC Karuvannur, PHC Naduvannur, Block Ulliyer. The case presented symptoms with acute respiratory illness and later developed altered sensorium and was admitted at GMCH, Kozhikode District RRT investigated the outbreak. House to house survey done. The CSF sample was collected and sent to ICMR-Alapuzha was found positive for West Nile Virus (IgM ELISA). Anti-larval measures were undertaken (guppy fishes released in water bodies –wells). Health education given. 9 | P a g e"
Kerala,Thrissur,Hepatitis A,16,0,10-03-19,,Under Control,"Cases reported from Village Thrissur Corporation, HSC Punit G,H Thrissur, PHC G.H Thrissur-Division 36-Thekkinkadu Bramasamadam, Block Thrissur Corporation. District RRT investigated the outbreak. House to house survey done. 4 water samples taken, result awaited. 2 blood sample taken and send to DMOH lab, and found positive for Hepatitis A by IgM ELISA. Super chlorination of two wells used for drinking water done on alternate days for one week and twice in a week for next four months."
Madhya Pradesh,Dhar,Food Poisoning,72,0,04-03-19,,Under Control,"Cases reported from Village Begenda, Block Dhammal. District RRT investigated the outbreak. House to house survey done. Cases occurred after consumption of Prasad. Food samples collected and sent to State Food Laboratory, result awaited."
Telangana,Mahabubnagar,Chikungunya,46,0,30-03-19,,Under Control,"Cases reported from Village Gaddeguden, SC Venkataipally, PHC Devarakadra. District RRT investigated the outbreak. House to house survey done. Malaria parasite found negative in 32 Blood Smears, 6 cases were positive for Chikungunya by Ig M ELISA. All cases treated symptomatically. Health education given. Pyrethrum spraying done."
Arunachal Pradesh,Lohit,Shigellosis,49,0,13-04-19,14-04-19,Under Control,"Cases reported from Wakro Town, CHC Wakro. District RRT investigated the outbreak. House to house survey done. 10 stool samples collected and sent to ICMR Dibrugrah; all stool samples were positive for Enteroinvasive E.coli/Shigell spp by Real Time PCR. All cases treated symptomatically. Health education given."
Assam,Dhubri,Jaundice,19,0,12-04-19,12-04-19,Under Surveillance,"Cases reported from Village Sundari Part -1, SC Talli Halakura. District RRT investigated the outbreak. House to house survey done. 15 serum samples collected and sent to DPHL; result awited.4 water samples collected from two hand pump; result awaited. All cases treated symptomatically. Health education given."
Assam,Dhubri,Malaria?,15,0,11-04-19,11-04-19,Under Control,"Cases reported from Village Kuntirchar pt II, SC of Dharmasala BPHC. District RRT investigated the outbreak. House to house survey done. Out of 15 blood slides collected and sent to Geramari MPHC, 1 blood smear was positive for Malarai (Pv). All cases are treated symptomatically. Health education given."
Assam,Karimganj,Measles,4,0,09-04-19,09-04-19,Under Surveillance,"Cases reported from Village Sadarahi, Block Girishganj. District RRT investigated the outbreak. House to house survey done. All cases treated symptomatically. Health education given."
Bihar,Muzaffarpur,Mumps?,43,0,10-04-19,14-04-19,Under Surveillance,"Cases reported from Village Pakari, SC Narkatia, PHC/Block Bochahan. District RRT investigated the outbreak. House to house survey done. Cases belonged to low socio-economic condition with poor sanitary conditions. All cases treated symptomatically. Health education regarding isolation of cases was imparted in the community. 4 | P a g e"
Gujarat,Rajkot,Acute Diarrheal Disease,70,0,06-04-19,12-04-19,Under Control,"Cases reported from Village Pipaliya, PHC Sanosra, Taluk Rajkot. District RRT investigated the outbreak. House to house survey done. 03 Water samples collected sent to Water and Sanitation Management Organisation, Rajkot; 1 sample was non potable. 01 stool sample sent to PDU Medical College, Rajkot was negative for cholera culture. All cases treated symptomatically. Health education given."
Jharkhand,Godda,Measles,10,0,14-04-19,14-04-19,Under Surveillance,"Cases reported from Village Meherma, Thakurgangti, Baniadih. District RRT investigated the outbreak. House to house survey done. 5 blood samples collected and sent to RIMS, Ranchi; result awaited. All cases treated symptomatically. Health education given."
Karnataka,Hassan,Food Poisoning,33,0,12-04-19,12-04-19,Under Control,"Cases reported from Village Anugu, PHC/CHC Honnavara, Taluk Hassan. District RRT investigated the outbreak. All the cases consumed food distributed at Bruhdeshwara Muta and presented symptoms with loose motion and vomiting. All 03 water samples collected and sent to DPHL wer potable. All cases treated symptomatically. Health education given regarding food hygiene and sanitation."
Kerala,Kollam,Food Poisoning,15,0,11-04-19,12-04-19,Under Control,Cases reported from PHC/Block Oachira. District RRT investigated the outbreak. All cases consumed food in a marraige ceremony and presented symptoms with vomiting and loose motion. All cases treated symptomatically. Health education given regarding personal hygiene and sanitation.
Maharashtra,Akola,Food Poisoning,111,0,14-04-19,14-04-19,Under Control,"Cases reported from Village Hingani Bhimtekadi, SC/PHC Dahihanda, Block Akola. District RRT investigated the outbreak. Active search of cases done. All cases consumed food and presented symptoms with vomiting and loose motion. 2 water samples collected and sent to DPHL Akola; 1 water sample was non potable. All cases treated symptomatically. Health education given regarding food hygiene and sanitation. 5 | P a g e"
Maharashtra,Amravati,Food Poisoning,15,0,11-04-19,11-04-19,Under Control,"Cases reported from Village Wagholi, PHC Vichori, Block Morshi. District RRT investigated the outbreak. Active search of cases done. All cases consumed food in a death ceremony and presented symptoms with vomiting and loose motion. All cases treated symptomatically. Health education given regarding personal hygiene and sanitation."
Nagaland,Mon,Scrub Typhus,8,0,04-04-19,04-04-19,Under Control,"Cases reported from Village Mon, Block Aboi. District RRT investigated the outbreak. House to house survey done. 08 blood samples collected; were positive for scrub typhus (Weil - Felix Agglutination test). All cases treated symptomatically. Health education given."
Odisha,Khurda (Bhuvneshwar),Viral Hepatitis A,5,0,11-04-19,11-04-19,Under Surveillance,"Cases reported from Village Utaramunda Muhana, SC Janla, CHC/Block Jatni. District RRT investigated the outbreak. House to house survey done. Out of 3 blood samples collected and sent DPHL; 1 blood samples were positive for Hepatitis A (IgM ELISA). Out of 3 water samples collected and sent to DPHL; 2 samples were nonpotable. All cases treated symptomatically. Chlorination of water sources done. Health education given."
Odisha,Cuttack,Viral Hepatitis A & E,7,0,13-04-19,14-04-19,Under Surveillance,"Cases reported from urban area of Ward No-23, KatahagadaSahi. District RRT investigated the outbreak. House to house survey done. Out of 4 blood samples collected and sent to Dept of Microbiology, SCBMCH; 2 blood samples were positive for Hepatitis A (IgM ELISA); 2 blood samples were positive for Hepatitis E (IgM ELISA). All cases treated symptomatically. Chlorination of water sources done. Health education given."
Punjab,Sasnagar,Mumps,11,0,08-04-19,09-04-19,Under Surveillance,Cases reported from Government Primary School Village Jhanjheri. District RRT investigated the outbreak. Active search of cases done. All the cases were below 10 yrs of age. Out of 08 blood samples collected and sent to DPHL SAS Nagar; 6 samples were positive fof Mumps (IgM ELISA). All cases treated symptomatically. Health camp organized in the school. Health education given to school staff and students. 6 | P a g e
Punjab,Sasnagar,Mumps,8,0,12-04-19,14-04-19,Under Surveillance,"Cases reported from Village Batta, PHC Gahrauan. District RRT investigated the outbreak. House to house survey done. 05 blood samples collected & sent to DPHL SAS Nagar; 3 samples were positive for Mumps (IgM ELISA). All cases treated symptomatically. Health education given."
Punjab,Mansa,Mumps,9,0,06-04-19,10-04-19,Under Control,"Cases reported from Village Birewala Dogra, SC Bhawa, PHC Kulrian, Block Budhlada. District RRT investigated the outbreak. House to house survey done. 04 blood samples collected & sent to DPHL SAS Nagar; 3 samples were positive for Mumps (IgM ELISA). All cases treated symptomatically. Health education given."
Punjab,Mansa,Mumps,22,0,07-04-19,10-04-19,Under Control,"Cases reported from Village/SC Reond Kalan, PHC Kulrian, Block Budhlada. District RRT investigated the outbreak. House to house survey done. All 9 blood samples collected & sent to DPHL SAS Nagar were positive for Mumps (IgM ELISA). All cases treated symptomatically. Health education given."
Rajasthan,Dausa,Food Poisoning,123,0,14-04-19,14-04-19,Under Control,"Cases reported from Village Theekaria, PHC Golada, Block Bandikui.. District RRT investigated the outbreak. Active search of cases done. All cases consumed food and presented symptoms with vomiting and loose motion. 4 water samples collected and sent to PHED Lab, Dausa; result awaited. 7 food samples (rice, gulab jamun, laddu, jalebi, dal ke pakode & moong ka Halwa) collected & sent to CPA lab Jaipur; result awaited. 1 stool sample collected & sent to Microbiology Lab, SMS Medical College, Jaipur; result awaited. All cases treated symptomatically. Health education given."
Tamil Nadu,Virudhunagar,Typhoid,25,0,12-04-19,12-04-19,Under Control,"Cases reported from Village Melendhal, SC Mithilaikulam, PHC Kaloorani, Block Thiruchulli. District RRT investigated the outbreak. House to house survey done. Out of 5 serum samples collected and sent to DPHL, Virudhunagar: 2 samples were positive for Typhoid. 5 water samples collected and sent to DPHL, Virudhunagar were nonpotable. All cases treated symptomatically. Health education given. 7 | P a g e"
Tamil Nadu,Villupuram- Kallakurichi,Food Poisoning,12,0,09-04-19,14-04-19,Under Control,"Cases reported from Village Thirukoilur, SC Vilandai, PHC Arakandanallur, Block Mugaiyur. District RRT investigated the outbreak. Active search of cases done. All school children consumed food in lunch and presented symptoms with vomiting and loose motion. 5 water samples & Food samples sent to DPHL, Kallakurichi; result awaited. ORS packets distributed. Health camp organized in the school and all cases treated symptomatically. Health education given."
Tamil Nadu,Dharmapuri,Fever,20,0,09-04-19,12-04-19,Under Control,"Cases reported from Village/HSC Adagapadi, PHC Solaikottai, Block Dharmapuri. District RRT investigated the outbreak. House to house survey done. 2 serum samples sent to DPHL Dharmapuri; result awaited. All cases treated symptomatically. Health education given."
Tamil Nadu,Ariyalur,Acute Diarrheal Disease,11,0,14-04-19,14-04-19,Under Control,"Cases reported from Village/SC Kattathur, PHC Anikuthichan, Block Andimadam. District RRT investigated the outbreak. House to house survey done. 3 water samples and 1 stool sample sent to DPHL Ariyalur; result awaited. ORS packets were distributed in the community. Chlorination of water sources done. All cases treated symptomatically. Health education given."
Uttar Pradesh,Ghazipur,Chickenpox,9,0,11-04-19,11-04-19,Under Control,"Cases reported from Villages Salarpurchc Karanda, Block Karanda. District RRT investigated the outbreak. House to house survey done. All cases treated symptomatically. Health education given regarding isolation of cases."
West Bengal,Bankura,Acute Diarrheal Disease,83,0,05-04-19,05-04-19,Under Control,"Cases reported from Village Jaljala, SC Jhenia, GP Mirzapur, Block Kotulpur. District RRT investigated the outbreak. House to house survey done. 2 rectal swab samples collected and sent to BSMCH; rectal swab culture was negative for enteropathogens. Chlorination of water sources done. All cases treated symptomatically. Health education given. 8 | P a g e"
West Bengal,South 24 Paragana,Food Poisoning,155,0,04-04-19,04-04-19,Under Control,"Cases reported from Village Kshetromohonpur, SC Kshetromohonpur, GP Brajaballavpur, Block Patharpratima. District RRT investigated the outbreak. House to house survey done. 1 Food sample collected and sent to West Bengal Public health Laboratory; result awaited. 2 vomitus samples were collected and sent to SSKM Hospital; result awaited. All cases treated symptomatically. Health education given. 9 | P a g e DISEASE OUTBREAKS OF PREVIOUS WEEKS REPORTED LATE Unique ID. Name of State/UT Name of District Disease/ Illness No. of Cases No. of Deaths Date of Start Outbreak Current Status Comments/ Action Taken"
Bihar,Patna,Chickenpox,14,0,28-02-19,,Under Control,"Cases reported from Village Chamuchal, Allaidinchal, Balwa, Bahrampur, Panpura. PHC/CHC Punpun, Fatuha, Dhanarua. District RRT investigated the outbreak. House to house survey done. 2 serum samples were positive for Varicella Zoaster Virus (IgM ELISA). All cases treated symptomatically. Health education given."
Bihar,Patna,Chickenpox,14,0,28-02-19,,Under Control,"Cases reported from Village Pbhedi, PHC/CHC Dhanarua. District RRT investigated the outbreak. House to house survey done. Serum samples collected result 1 serum samples were positive for Varicella Zoaster Virus (IgM ELISA). All cases treated symptomatically. Health education given."
Karnataka,Dakshina Kannada,Viral Hepatitis E,10,0,30-03-19,,Under Surveillance,"Cases reported from Village Shakthi Nagar, PHC/CHC/UPHC Shakthinagar, Taluk Mangalore. District RRT investigated the outbreak. House to house survey done. Out of 4 blood samples collected and sent DPHL; 3 blood samples were positive for Hepatitis E (IgM ELISA). All 4 water samples collected and sent to DPHL from various sources were nonpotable. All cases treated symptomatically. Chlorination of water sources done. Health education given."
Kerala,Pathanamthitta,Malaria,3,0,14-03-19,,Under Control,"Cases reported from Village Kalanjoor, HSC Padom, PHC Koodal, Block Enadimangalam. District RRT investigated the outbreak. House to house fever survey done. All cases were migrant laborers/workers. Out of 17 blood smears collected and sent to GH Pathanamthitta; 3 blood smears were positive for Malaria (mixed- PV +PF). All cases treated locally. Source reduction activities undertaken. IRS and ISS done in the rooms in the quarry area. Health education regarding personal and environmental hygiene, control of Mosquito borne diseases and other communicable diseases were given for the workers."
Odisha,Bhadrak Viral,Hepatitis?,9,0,23-03-19,,Under Surveillance,"Cases reported from Village Ranipur, SC Kadabaranga, PHC Kadabaranga, Block Bonth. District RRT investigated the outbreak. House to house survey done. 8 blood samples collected and sent DPHL; result awaited. All 4 water samples collected were nonpotable. All cases treated symptomatically. Chlorination of water sources done. Health education given."
Andhra Pradesh,Kurnool,Acute Diarrheal Disease,42,0,14-04-19,14-04-19,Under Control,"Cases reported from Village Chennuru Kurnool, SC Gangavaram, PHC Gajulapalli. District RRT investigated the outbreak. People had history of consumption of Prasad in a festival. The Prasad is known as vadapappu and panakam. 2 water samples collected and sent to Regional Lab Kurnool, both samples found not satisfactory for drinking and Kleibseilla was isolated. Chlorinated the Water Sources (Over Head Tank) along with other sanitation measures. Health education given."
Arunachal Pradesh,Siang,Food Poisoning,14,0,15-04-19,22-04-19,Under Surveillance,"Cases reported from Village Pangin Town, CHC Pangin. District RRT investigated the outbreak. Cases suffered from vomiting, abdomen pain with loose motion after consuming community fest food during election voting. All cases treated symptomatically. Health education given."
Chhattisgarh,Kanker,Acute Diarrheal Disease,104,0,17-04-19,22-04-19,Under Surveillance,"Cases reported from Village Tuegahan, SC/PHC Hattkarra, Block Bhanuprat. District RRT investigated the outbreak. House to house survey done. Health Camp Organized in village. All cases hospitalized and treated symptomatically. Health education given."
Gujarat,Mahesana,Measles,16,0,18-04-19,18-04-19,Under Surveillance,"Cases reported from Village Della, SC Jesangpura PHC-Medha Taluk-Kadi. District RRT investigated the outbreak. House to house survey done. 05 Serum samples collected and sent to BJMC Ahmedabad, 04 samples tested positive for Measles by IgM ELISA. Vit-A supplementation given to cases treated. Health education given. 4 | P a g e"
Gujarat,Panchmahal,Food Poisoning,46,2,15-04-19,15-04-19,Under Control,"Cases reported from Village Sarasva, PHC Bakrol, Block Ghoghamba. District RRT investigated the outbreak. Cases had history of consumption of food in a marriage ceremony. Food history revealed that most of the affected had consumed dal, bhat and bundi. 8 Stool samples collected out of which 06 tested negative for V Cholera and 02 result awaited. House to house Surveillance done in affected area. All cases treated symptomatically. Health education given. A 11 year old female and 8 year old male died of illness."
Jharkhand,Dhanbad,Chickenpox,36,0,16-04-19,18-04-19,Under Surveillance,"Cases reported from Village West Modidih, PHC Katras, Block Baghmara. District RRT investigated the outbreak. House to house survey done. Cases had fever with rash. 5 blood samples collected and sent to RIMS ranchi, samples rejected by laboratory. Health education given. All cases treated symptomatically."
Kerala,Kollam,Chickenpox,20,0,01-04-19,17-04-19,Under Surveillance,"Cases reported from Village ward 3, HSC FWC Eram, PHC Chathannoor, CHC/Block Kalakkode. District RRT investigated the outbreak. House to house survey done. All cases treated symptomatically. Health education given."
Karnataka,Belagavi,Chikungunya,8,0,16-04-19,22-04-19,Under Control,"Cases reported from Village Chikkabudanur, PHC Chachadi, Block Savadatti. District RRT investigated the outbreak. House to house survey done. 2 serum samples tested at DSL Belagavi and one found positive for Chikungunya by Ig M ELISA. Fever and larva survey initiated. Indoor fogging started. Health education given regarding vector control. All cases treated symptomatically. Hi 25%, CI 6%, BI 30% 5 | P a g e"
Karnataka,Belagavi,Chikungunya,5,0,16-04-19,22-04-19,Under Control,"Cases reported from Village Itnal, PHC Kababi, Block Savadatti. District RRT investigated the outbreak. House to house survey done. 2 serum samples tested at DSL Belagavi and both negative for Chikungunya by Ig M ELISA. Fever and larva survey initiated. Indoor fogging started. Health education given regarding vector control. All cases treated symptomatically. HI 52%, CI 13%, BI 81%."
Madhya Pradesh,Dhar,Acute Diarrheal Disease,12,1,20-04-19,22-04-19,Under Control,"Cases reported from Village Aawli, SC Aawli Block Kukshi. District RRT investigated the outbreak. House to house survey done. One food samples taken and sent to State food laboratory, Bhopal, result awaited. All cases treated symptomatically. Health education given."
Odisha,Jajpur Viral,Hepatitis,7,0,15-04-19,20-04-19,Under Surveillance,"Cases reported from Village Uttimara, PHC (N) Aruha, GPHC-Aruha, Block Dharmasala. District RRT investigated the outbreak. House to house survey done. 6 Serum Sample & 3 water samples collected, result awaited. Sensitization meeting conducted at the village to generate awareness regarding safe drinking water use, hand washing practices & use of Halogen tabs etc. ORS Packets, and chlorine tablets distributed. 2 Dug well disinfected. HW (MF) & ASHA are directed to keep watch over the situation & report to the Headquarter. All cases treated symptomatically. Health education given."
Odisha,Jajpur,Acute Diarrheal Disease,16,0,21-04-19,22-04-19,Under Control,"Cases reported from Village Chandannagar (Bichhakhandi), SC Bichhakhand, Block Dharmasala. District RRT investigated the outbreak. House to house survey done. Poor sanitary conditions were prevalent in the area. 5 Rectal swab samples collected and sent to SCBMCH, Cuttack for Lab. confirmation. All cases treated symptomatically. Health education given. 6 | P a g e"
Odisha,Sundargarh,Food Poisoning,162,0,19-04-19,19-04-19,Under Control,"Cases reported from Village Chamrapada, SC Kutunia, CHC Laing, Block Rajgangpur. District RRT investigated the outbreak. House to house survey done. 03 water sample & 03 H2S collected & sent to DPHL, Sundargarh. IEC/BCC, disinfection of water and group meeting done. Health camp organized in the school and all cases treated symptomatically."
Punjab,Sasnagar,Acute Diarrheal Disease,18,0,18-04-19,22-04-19,Under Surveillance,"Cases reported from Government Meritorious School, Sector 70. District RRT investigated the outbreak. All children had history of consumption of food in a hostel mess previous night. All had developed pain in abdomen and loose stools. 01 stool sample, 04 water samples, 09 blood samples taken and sent to, result awaited. All cases treated. Health education given."
Punjab,Fazilka,Food Poisoning,6,1,16-04-19,18-04-19,Under Surveillance,"Cases reported from Village/SC Bahadur Khera, CHC Sitto Gunno, Fazilka. District RRT investigated the outbreak. House to house survey done. All affected were female labourers. They gave history of drinking water from a pot that was kept for last 3 days. Health talk given to the community."
Punjab,Jalandhar,Mumps,3,1,20-04-19,22-04-19,Under Surveillance,"Cases reported from Village Devidasspur,Block Kartarpur. Cases presented with swelling of parotid glands and fever. Blood samples were taken, result awaited."
Telangana,Adilabad,Food Poisoning,58,0,16-04-19,16-04-19,Under Control,"Cases reported from Village Savapur, Mdl. Jainath. District RRT investigated the outbreak. House to house survey done. 2 Water samples collected and sent to RIMS, Adilabad, result awaited. Medical camp organized in the area. Health education given on personal hygiene. All cases treated symptomatically. 7 | P a g e"
Uttar Pradesh,Lucknow,Chickenpox,5,1,18-04-19,20-04-19,Under Surveillance,"Cases reported from Slum Area near Madiyaon Bridge, Near Petrol Pump, Sitapur Rd. District RRT investigated the outbreak. House to house survey done. Cases had fever with maculopapular rashes and pustules in whole body. 5 Blood samples collected and sent to SGPGI Lucknow, result awaited. All cases treated symptomatically. Health education given."
Uttar Pradesh,Lucknow,Chickenpox,9,0,20-04-19,20-04-19,Under Surveillance,"Cases reported from Village Bhadesua, PHC Sisendi, CHC Mohanlalganj, Lko. District RRT investigated the outbreak. House to house survey done. Fever with maculopapular purchase in whole body. 4 Blood samples collected and sent to SGPGI Lucknow, result awaited. All cases treated symptomatically. Health education given."
West Bengal,Nadia,Acute Diarrheal Disease,332,0,22-04-19,23-04-19,Under Surveillance,"Cases reported from multiple villages of Block Chapra. District RRT investigated the outbreak. House to house survey done. Drinking water source was closed for some days. When it was restored people developed loose stools. 2 stool and 1 vomitus samples were taken and sent to NRS MCH, stool samples showed growth of E Coli while vomitus samples had no growth. 02 water samples sent to WBPHL, result awaited. Health education given. Chlorinated water supplied from municipality. PHE was instructed to repair the leakages and supply chlorinated water. DISEASE OUTBREAKS OF PREVIOUS WEEKS REPORTED LATE Unique ID. Name of State/UT Name of District Disease/ Illness No. of Cases No. of Deaths Date of Start Outbreak Current Status Comments/ Action Taken 8 | P a g e"
Goa,North Goa,Dengue,5,0,27-03-19,,Under Control,"Cases reported from Village Mapusa, UHC Mapusa, Taluka /Block Bardez. Water collections were found having larval breeding. 05 Blood samples tested at DPHL, North Goa, all positive for dengue by IgM Mac Eliza. District RRT investigated the outbreak. House to house survey done. All cases treated symptomatically. Source reduction activities undertaken. Health education given."
Kerala,Kozhikode,West Nile Fever,1,0,10-03-19,,Under Surveillance,"Cases reported from Village/HSC/PHC Kuruvatoor, Block Kunnamangalam. District RRT investigated the outbreak. House to house survey done. Blood samples collected result CSF-IgM Elisa positive at ISMR-Alappuzha. Health education, fever surveillance, vector study done. All cases treated symptomatically. Health education given. FOLLOW-UP DISEASE OUTBREAKS OF PREVIOUS WEEKS Unique ID. Name of State/UT Name of District Disease/ Illness No. of Cases No. of Deaths Date of Start Outbreak Current Status Comments/ Action Taken Arunachal Pradesh Follow up Arunachal Pradesh Lohit Shigellosis 78 00 13-04-19 Under Surveillance Cases reported from Village Wakro Town, under CHC Wakro. District RRT investigated the outbreak. House to house survey done. 3 stool samples were tested at RMRC, ICMR Dibrugarh all found positive (Enter invasive Escherichia coli/ Shigella spp.) All cases treated symptomatically. Health education given."
Arunachal Pradesh,Papumpare,Chickenpox,6,0,26-04-19,27-04-19,Under Control,Cases reported from Village/SC Sood. District RRT investigated the outbreak. House to house survey done. All cases treated symptomatically. Health education given regarding isolation of cases.
Arunachal Pradesh,Assam Bongaigaon,Food Poisoning,7,0,26-04-19,26-04-19,Under Control,"Cases reported from Village New Bongaigaon, SC Bhawlaguri, PHC Bongaigaon. District RRT investigated the outbreak. Active search of cases done. Cases consumed food (rice & mixture of Prawn & Pumpkin) in morning and presented symptoms with vomiting and loose motion. Cases treated at Bongaigaon CHC. Health education given regarding food hygiene and sanitation."
Assam,Darrang (Mangaldoi),Japanese Encephalitis,1,1,22-04-19,28-04-19,Under Surveillance,"Cases reported from Village Maharipara, SC Duni, PHC/Block Patharighat. District RRT investigated the outbreak. House to house survey done. 01 csf sample collected and sent to GMCH, Guwahati was positive for JE (IgM ELISA). On death occurred in male child. Socio economic condition was poor and at the vicinity paddy fields were located. Health education given regarding personal protection measures."
Assam,Kokrajhar,Food Poisoning,7,0,23-04-19,25-04-19,Under Control,"Cases reported from Village New Dhardhara, SC Nandipur, PHC Kachugaon, CHC Kachugaon. District RRT investigated the outbreak. Active search of cases done. Cases consumed food (wild mushroom) and presented symptoms with vomiting and loose motion. 02 stool samples were collected and sent to DPHL, Kokrajhar; result awaited. Cases treated at Kachugaon CHC. Health education given regarding food hygiene and sanitation. 4 | P a g e"
Assam,Lakhimpur,Food Poisoning,4,1,26-04-19,28-04-19,Under Control,"Cases reported from Tea Estate Ananda, Village Line no-27, BPHC Boginodi. District RRT investigated the outbreak. Active search of cases done. Cases consumed food in dinner and presented symptoms with vomiting and loose motion. 02 water samples were collected; result awaited. Cases treated symtomatically. Health education given regarding food hygiene and sanitation."
Assam,Lakhimpur,Acute Diarrheal Disease,37,0,22-04-19,28-04-19,Under Control,"Cases reported from Tea Estate Joyhing, BPHC Boginodi MPHC Seajuli. District RRT investigated the outbreak. House to house survey done. 05 stool samples collected; result awaited. 01 water sample collected; result awaited. All cases treated symptomatically. Halogen tablets and ORS packets were distributed in the community. IEC done regarding safe drinking water and personal hygiene."
Assam,Dima Hasao,Food Poisoning,2,1,22-04-19,26-04-19,Under Control,"Cases reported from Village Daoblipdisa, SC Bongkai, PHC/Block Langting. District RRT investigated the outbreak. Active search of cases done. Cases consumed food (wild mushroom) and presented symptoms with vomiting and loose motion. One death occurred in female of age 32yrs. Cases treated at Haflong Civil Hospital. Health education given regarding food hygiene and sanitation."
Assam,Nagaon,Acute Diarrheal Disease,20,0,25-04-19,25-04-19,Under Surveillance,"Cases reported from C.R.P.F.RAF-101 Camp, Silongani, Nagaon, PHC Silongani Amtola MPHC, BPHC Buragohaithan. District RRT investigated the outbreak. House to house survey done. 4 stool samples collected and sent to DPHL Nagaon were negative for enteropathongens. 2 water samples were collected and sent to DPHL Nagaon were not potable. All cases treated symptomatically. Health education given regarding personal hygiene, Hand hygiene practices and safe drinking water. 5 | P a g e"
Assam,Sonitpur (Tezpur),Acute Diarrheal Disease,22,0,22-04-19,28-04-19,Under Surveillance,"Cases reported from Villages Siporia Botabari, Patiapukhuri 1, SC Teliagaon SC, Patia Pukhuri, BPHC Bihaguri. District RRT investigated the outbreak. House to house survey done. 4 stool samples collected and sent to DPHL Nagaon; result awaited. Symptomatic treatment provided to all the cases. Health education given regarding personal hygiene, Hand hygiene practices and safe drinking water."
Assam,Udalguri,Acute Diarrheal Disease,52,0,26-04-19,26-04-19,Under Surveillance,"Cases reported from Tea Estate Majbat, BPHC Orang Udalguri. District RRT investigated the outbreak. House to house survey done. 02 water sample collected and sent to DPHL Darrang; result awaited. All cases treated symptomatically ORS packets were distributed in the community. IEC done regarding safe drinking water and personal hygiene."
Bihar,Jahanabad,Food Poisoning,22,0,25-04-19,28-04-19,Under Control,"Cases reported from Village Salemapur, PHC Sikariya, Block Jehanabad. District RRT investigated the outbreak. Active search of cases done. All the cases consumed food in a marriage ceremony and presented symptoms with loose motion and vomiting. Cases treated symptomatically. Health education given regarding food hygiene and sanitation."
Bihar,Nawada,Chickenpox,9,0,22-04-19,26-04-19,Under Control,"Cases reported from Village Chhatarbar, PHC/Block Pakribarawan. District RRT investigated the outbreak. House to house survey done. Affected children were in the age group between 3-7yrs. All cases treated symptomatically. Health education given."
Chhattisgarh,Kawardha,Food Poisoning,26,0,22-04-19,28-04-19,Under Control,"Cases reported from Village Kothar, SC Chardongri, Block Kawardha. District RRT investigated the outbreak. House to house survey done. Active search of cases done. All the cases consumed food in a marriage ceremony and presented symptoms with loose motion and vomiting. Cases treated symptomatically. Health education given regarding food hygiene and sanitation. 6 | P a g e"
Gujarat,Anand,Food Poisoning,310,0,24-04-19,24-04-19,Under Surveillance,"Cases reported from Village/SC Napa, PHC Nepa, Block Borsad. District RRT investigated the outbreak. House to house survey done. Cases consumed food in a marriage ceremony. 01 food sample collected sent to Food Department Ahmedabad; result awaited. Cases treated symptomatically. Health education given regarding food hygiene and sanitation."
Himachal Pradesh,Hamirpur,Jaundice?,12,0,26-04-19,28-04-19,Under Control,"Cases reported from Villages Karoha, Lakroh, Bal-Bihal, Lokhar, Kohra, SC Chakmoh VPO. Chakmon, Kotla, SC Kathiana VPO- Paplah, SC Pairwin, CHC Bijhari, Block Barsar. District RRT investigated the outbreak. House to house survey done. All cases treated symptomatically. Health education given."
Himachal Pradesh,Mandi,Acute Diarrheal Disease,74,0,23-04-19,24-04-19,Under Surveillance,"Cases reported from Village Chhatri, Baryogi, PHC Chhatri, Block Janjehli. District RRT investigated the outbreak. House to house survey done. 04 water sample collected and sent to IPH Department; result awaited. All cases treated symptomatically ORS packets were distributed in the community. IEC done regarding safe drinking water and personal hygiene."
Haryana,Kaithal,Acute Diarrheal Disease,28,0,26-04-19,28-04-19,Under Control,"Cases reported from Villages Mohalla Prem Nagar Pharalwala Road and VPO Kaul, CHC Kaul. District RRT investigated the outbreak. House to house survey done. 1 stool sample collected ans sen to DPHL Karnal; result awaited. 4 water samples collected for bacteriological examination; result awaited. All cases treated symptomatically. Health education given."
Jammu And Kashmir,Leh (Ladakh),Mumps?,30,0,26-04-19,26-04-19,Under Surveillance,Cases reported from Sankar Govt. Middle School Block Leh. District RRT investigated the outbreak. House to house survey done. All cases treated symptomatically. Health education regarding isolation of cases was imparted in the community. 7 | P a g e
Karnataka,Chickaballapura,Food Poisoning,22,0,21-04-19,23-04-19,Under Control,"Cases reported from Village Mangalamadaguvarapalli, PHC/CHC Shivapura, Taluk Bagepalli. District RRT investigated the outbreak. Active search of cases done. All cases consumed food and presented symptoms with vomiting and loose motion. Out of 4 water samples collected and sent to PHI, Bangalore; 1 sample was non potable. All cases treated symptomatically. Health education given."
Karnataka,Raichur,Dengue,7,0,24-04-19,26-04-19,Under Control,"Cases reported from Village Mustur, PHC/CHC Masarakal, Taluk Deodurga. District RRT investigated the outbreak. House to house survey done. Out of 5 blood sample collected and sent to VIMS Ballari; 2 samples were found positive Dengue (IgM ELISA). All cases treated symptomatically. Source reduction activities undertaken. Health education given."
Karnataka,Tumkur,Shigellosis,140,0,27-04-19,28-04-19,Under Control,"Cases reported from Village Chinappanahalli, PHC/CHC Tharur, Taluk Sira. District RRT investigated the outbreak. Active search of cases done. All cases consumed food in a religious ceremony and presented symptoms with vomiting and loose motion. Out of 7 stool samples sent to DPHL Tumkur; 5 samples were positive for shigella dysenterie. All cases treated symptomatically. Health education given regarding personal hygiene and sanitation."
Kerala,Kasaragod,Viral Hepatitis A,16,0,26-04-19,27-04-19,Under Control,"Cases reported from Village Talangara, SC/PHC Urban PHC Kasaragod, Block Muliyar. District RRT investigated the outbreak. House to house survey done. All 2 blood samples collected and sent GH Kasargod were positive for Hepatitis A (IgM ELISA). All cases treated symptomatically. Chlorination of water sources done. Health education given. 8 | P a g e"
Madhya Pradesh,Alirajpur,Food Poisoning,82,1,26-04-19,27-04-19,Under Control,"Cases reported from Village Baladmung Holi Faliya, SC Baldmung, Block Jobat. District RRT investigated the outbreak. Active search of cases done. All cases consumed food in a marriage ceremony and presented symptoms with vomiting and loose motion. 5 stool samples collected and sent to MGM Medical College, Indore were negative for enteropathogens. All cases treated symptomatically. Health education given regarding personal hygiene and sanitation."
Madhya Pradesh,Chhatarpur,Chickenpox,5,0,24-04-19,28-04-19,Under Control,Cases reported from District Jail. District RRT investigated the outbreak. Active search of cases done. All cases treated symptomatically. Health education given.
Odisha,Khurda (Bhuvaneshwar),Food Poisoning,8,0,27-04-19,27-04-19,Under Control,"Cases reported from Village Botalama, SC Bengitangi, CHC Batalama, Block Begunia. District RRT investigated the outbreak. House to house survey done. All cases consumed food in a marriage ceremony and presented symptoms with vomiting and loose motion. 3 water samples collected; result awaited. All cases treated symptomatically. Health education given regarding personal hygiene and sanitation."
Punjab,Hoshiarpur,Measles?,8,0,26-04-19,27-04-19,Under Control,"Cases reported from Govt. Primary School, Golia, Block Possi, Taluk Garhshanker. District RRT investigated the outbreak. Active search of cases done. 08 blood samples collected; result awaited. All cases treated symptomatically. Health education given."
Punjab,Patiala,Mumps?,7,0,25-04-19,26-04-19,Under Control,"Cases reported from Village Ageti, Block Bhadson, Tehsil Nabha. District RRT investigated the outbreak. House to house survey done. 7 blood samples were collected & sent to DPHL, Patiala; results awaited. Medical camp organized at Subsidiary Health Center Ageti and affected cases were quarantined. All cases treated symptomatically. Health education given. 9 | P a g e"
Tamil Nadu,Nagapttinam,Food Poisoning,144,0,22-04-19,28-04-19,Under Control,"Cases reported from Village Vanagiri, HSC Vanagiri East, PHC Poompuhar, Block Sirkali. District RRT investigated the outbreak. House to house survey done. All cases consumed food (stick ice cream) and presented symptoms with vomiting and loose motion. 5 stick ice cream samples collected and sent to FSO, Nagapattinam; result awaited. Chlorination of water sources done. All cases treated symptomatically. Health education given."
Tamil Nadu,The Nilgris,Kyasanur Forest Disease,1,0,27-04-19,27-04-19,Under Surveillance,"Case reported from Village Amaikulam, HSC Marapalam, UPHC Nelliyalam, Block Gudalur. District RRT investigated the outbreak. House to house survey done. 1 serum sample collected sent to MCVR Gudalur GH; was positive for KFD Positive. Symptomatic treatment given. Health education given."
Uttar Pradesh,Ghazipur,Chickenpox,16,0,24-04-19,28-04-19,Under Control,"Cases reported from Village Chaukiya, Sahabuddinpur, CHC Subhakar, Block Ghazipur. District RRT investigated the outbreak. House to house survey done. All cases treated symptomatically. Health education given."
Uttar Pradesh,Ghazipur,Chickenpox,5,0,24-04-19,28-04-19,Under Control,"Cases reported from Village Sariya, CHC Subhakarpu, Block Haipur. District RRT investigated the outbreak. House to house survey done. All cases treated symptomatically. Health education given."
Uttar Pradesh,Ghazipur,Food Poisoning,20,0,24-04-19,28-04-19,Under Control,"Cases reported from Village Garhi, CHC Zamaniya, Block Ghazipur. District RRT investigated the outbreak. Active search of cases done. All cases consumed food in a social ceremony and presented symptoms with vomiting and loose motion. All cases treated symptomatically. Health education given."
Uttar Pradesh,Siddharth Nagar,Chickenpox,15,0,23-04-19,27-04-19,Under Surveillance,"Cases reported from Village Phoolwariya, SC Uskabazar Second, PHC/Block Uskabazar. District RRT investigated the outbreak. House to house survey done. All cases treated symptomatically. IEC activities undertaken regarding isolation and early treatment of cases. 10 | P a g e DISEASE OUTBREAKS OF PREVIOUS WEEKS REPORTED LATE Unique ID. Name of State/UT Name of District Disease/ Illness No. of Cases No. of Deaths Date of Start Outbreak Current Status Comments/ Action Taken"
Kerala,Thrissur Viral,Hepatitis?,21,0,17-04-19,,Under Control,"Cases reported from Village Madakthara, SC Ponganamkadu, PHC Madakathara, Block Vilvattom. District RRT investigated the outbreak. House to house survey done. All the cases consumed welcome drink in a marriage ceremony. 4 water samples collected and sent to the Microbiology lab MCH; result awaited. 2 blood sample collected and sent to DMOH lab; result awaited. All cases treated symptomatically. Chlorination done. Health education given."
Rajasthan,Alwar,Food Poisoning,227,0,12-04-19,,Under Control,"Cases reported from Village Khermaida, sunyana' BhojPura, CHC Kathumar, Block Kherli. District RRT investigated the outbreak. Active search of cases done. All cases consumed food in marriage ceremony and presented symptoms with vomiting and loose motion. ORS packets distributed. All cases treated symptomatically. Health education given."
Rajasthan,Banswara,Food Poisoning,33,2,07-04-19,,Under Control,"Cases reported from Village Danpur Manpuri, PHC Danpur, Block Choti Sarwan. District RRT investigated the outbreak. Active search of cases done. All cases consumed food and presented symptoms with vomiting and loose motion. ORS packets distributed. 2 food samples, 1 water sample, 1 stool sample and 1 vomitus sample were collected; result awaited. All cases treated symptomatically. Health education given."
Rajasthan,Kota,Viral Hepatitis E,26,0,01-04-19,,Under Surveillance,Cases reported from CHC Khatoli. District RRT investigated the outbreak. House to house survey done. Bore well leakage and contaminated water pits were observed. Community used bore well water for drinking purposes. 10 blood samples collected and sent to MBS (Central Lab) were positive for Hepatitis E (IgM ELISA). All cases treated symptomatically. Chlorination of water sources done. Borewell was repaired and chlorinated; water supply was restored. Health education given regarding safe drinking water and personal hygiene.
Assam,Nagaon,Malaria,9,0,04-05-19,04-05-19,Under Surveillance,"Cases reported from various villages of SC Sarkebasti Baluhandar, BPHC Lanka. District RRT investigated the outbreak. House to house fever survey done and a total of 9 positive malaria cases were identified. A total of 10054 blood slides have been examined since 01-01-19 out of which only 9 have turned positive. 7 were positive for P Falciparum and 1 each for P Vivax and mixed infection. All cases have been provided with antimalarial treatment. VBD camps were organized in the area. A total of 5200 ITBN were provided to the people."
Bihar,Gopalganj,Chickenpox,37,0,02-05-19,03-05-19,Under Surveillance,"Cases reported from Village Sisai NP Ward No-5, PHC Barauli, Block Barauli. District RRT investigated the outbreak. Cases presented with fever and maculopapular rash. Both males and females were equally affected. Children and young adults were predominantly affected. Cases belonged to low socio economic status. All cases treated and advised isolation."
Bihar,Gopalganj,Chickenpox,15,0,02-05-19,03-05-19,Under Surveillance,"Cases reported from Village/SC Sareya Narendra, PHC/Block Barauli District RRT investigated the outbreak. House to house survey done. Cases presented with fever and maculopapular rash. Both males and females were equally affected. Children and young adults were predominantly affected. Cases belonged to low socio economic status. All cases treated and advised isolation."
Bihar,Muzaffarpur,Chickenpox,9,0,29-04-19,02-05-19,Under Control,"Cases reported from Village Basantpur, HSC Raipur Mahadeo, PHC-Saraiya, Muzaffarpur. District RRT investigated the outbreak. House to house survey done. Cases presented with red eyes, maculo papular eruption on body. Majority of them belonged to low socio-economic condition with poor sanitary conditions. MOICs & RRT Medical Team visited affected area. All cases treated symptomatically. Health education given. 4 | P a g e"
Bihar,Nawada,Food Poisoning,28,0,02-05-19,05-05-19,Under Surveillance,"Cases reported from Village Chaube, PHC/Block Sirdala. District RRT investigated the outbreak. House to house survey done. Cases had history of consumption of food in a gathering and children were mainly affected, most affected age group was 3-12yrs. The suspected cause of the outbreak was lack of proper hygiene in food handling. Hygiene & sanitation related awareness given. All cases treated symptomatically. Health education given."
Bihar,Siwan,Chickenpox,5,0,05-05-19,06-05-19,Under Surveillance,"Cases reported from Village/SC Panchayat Sarsar, APHC Amlori, Block Sadar. District RRT investigated the outbreak. House to house survey done. All cases presented with fever and maculopapular rash and conjunctivitis. All cases treated. Health education given."
Chhattisgarh,Korba,Food Poisoning,16,0,02-05-19,06-05-19,Under Control,"Cases reported from Village Kutelamuda, SHC Rajkamma, PHC Chaitma, Block Pali. District RRT investigated the outbreak. House to house survey done. All cases had history of consumption of food in a marriage ceremony after which they developed vomiting and diarrhea. All cases treated. Chlorine tablets were distributed in affected area. Purification of water done by health team and health education regarding hand washing given by RRT."
Karnataka,Davangere,Food Poisoning,48,0,02-05-19,02-05-19,Under Surveillance,"Cases reported from Village Hatti, PHC/CHC Kagathur, Taluk Channagiri. District RRT investigated the outbreak. House to house survey done. 3 Stool samples, 4 water samples and 1 vomitus sample sent to DPHL Davangere, result awaited. 06 food samples sent to PHI Lab, result awaited. Health camp organized in the school and all cases treated symptomatically. Health education given."
Kerala,Ernakulam,Food Poisoning,13,1,04-05-19,06-05-19,Under Control,"Cases reported from Village Nayathode, PHC/Block Angamal. Cases had history of consumption of beef which was the possible source of infection. 2 water sample collected from the well and sent to RPH Lab Ernakulam, result awaited. All cases treated. A 30 years old male expired of the illness. Health education given. 5 | P a g e"
Kerala,Kollam,Food Poisoning,107,0,30-04-19,01-05-19,Under Surveillance,"Cases reported from UHC PP Unit Kadakkal, PHC Nilamel, Block Nilamel. District RRT investigated the outbreak. House to house survey done. No food samples availed. Cases occurred after attending marriage ceremony at Sreesailam Auditorium and presented with vomiting, mild fever and diarrhea. Detailed food history was taken and it was observed that cases who consumed milk developed illness. No food samples were collected. Health education given."
Maharashtra,Ahmednagar,Food Poisoning,14,0,02-05-19,04-05-19,Under Surveillance,"Cases reported from Village Shrigonda, SC Erondoli, PHC / Block Sonwane Wasti."
Maharashtra,Gadchiroli,Food Poisoning,31,0,30-04-19,02-05-19,Under Surveillance,"Cases reported from Village Paraswadi, SC Dudhmala, PHC Godalwahi, Block Dhanora. District RRT investigated the outbreak. Cases had history of attending a marriage ceremony. All of them presented with vomiting, abdominal pain and loose motions. All cases treated symptomatically. RRT visited the affected area. Control room was established in the area. Water samples were taken, result awaited. Drinking water sources were chlorinated."
Maharashtra,Sindhudurg,KFD,1,1,29-04-19,30-04-19,Under Surveillance,"Case reported from Village Konashi, SC Asniye, PHC Talkat, Block Dodamarg. 4 blood samples from suspected persons were taken and all found negative for Malaria at PHC Talkat and 1 sample found positive for KFD at GMC Goa. Rapid survey done. Larvicides were used. Health education given. A 60 year old male died of illness."
Maharashtra,Yavatmal,Food Poisoning,32,0,02-05-19,03-05-19,Under Surveillance,"Cases reported from Village/SC Walasa, PHC Saikheda, Block Darawha. District RRT investigated the outbreak. Cases occurred after consumption of food in “Tervi” held in village. Cases complained of vomiting, dysentery and pain abdomen. Patient admitted to nearest SDH Darawha and given treatment. 5 food sample taken, result awaited. Chlorination of common water source done. Cleanliness activity done in the village. Health education given. 6 | P a g e"
Madhya Pradesh,Datia Suspected,Pertussis,1,0,04-05-19,04-05-19,Under Surveillance,"Case reported from Village Gondan, SC Gondan, Block Bhander. Case presented with cough, Paroxymal coughing and posttussive vomiting. Nasopharyngeal swab and serum sample was collected and sent to Shivpuri Lab for culture, result awaited. Isolation was advised. Health education given."
Madhya Pradesh,Khargon,Food Poisoning,94,0,03-05-19,03-05-19,Under Control,"Cases reported from Village Karhi, Block Maheshwar. District RRT investigated the outbreak. Cases had history of consuming food in a marriage ceremony. Food history revealed that cases who consumed rasmalai developed symptoms. Symptoms consisted of pain in abdomen and loose motions 2- hours after consumption of food. 1 food sample, 5 stool samples collected and sent to Department of MGM Medical college, result awaited. 2 water samples collected and sent to PHE Department, result awaited. District RRT investigated the outbreak. House to house survey done. All cases treated."
Punjab,Gurdaspur,Chickenpox,14,0,03-05-19,03-05-19,Under Surveillance,"Cases reported from Village Ganji, PHC Behrampur. District RRT investigated the outbreak. House to house survey done. All cases isolated and treated. Health education given."
Punjab,Kapurthala Suspected,Pertussis,1,0,29-04-19,29-04-19,Under Surveillance,"Case reported from Village Thakkari, Block Phagwara. The case is a 5 year old child and belonged to a migratory settlement. Blood sample collected and sent to PGI, Chandigarh. Case was isolated and treated. Health education given."
Tamil Nadu,Villupuram- Kallakurichi,Acute Diarrheal Disease,22,0,30-04-19,02-05-19,Under Surveillance,"Cases reported from Village/HSC Thenkeeranur, PHC Malaikottalam, Block Kallakurichi. District RRT investigated the outbreak. House to house survey done. 3 water samples sent to DPHL Kallakurichi and 2 found non potable. All cases treated symptomatically. Overhead water tanks cleaned and chlorinated. Disinfection done in households. 7 | P a g e"
Tripura,North Tripura,Food Poisoning,7,1,03-05-19,,Under Control,"Cases reported from Village/PHC Kalikapur Under Bungung. District RRT investigated the outbreak. House to house survey done. All cases had attended a family function after which they fell ill. They developed fever, vomiting and loose motions. All of them were taken to PHC for treatment. A 10 year old child died of the illness. Health camp organized in the area."
Uttar Pradesh,Lucknow,Chickenpox,7,0,04-05-19,04-05-19,Under Surveillance,"Cases reported from Village Godwa, SC Rahim Nagar Padiyana, PHC Harauni, CHC Sarojninagar. District RRT investigated the outbreak. House to house survey done. Cases presented with fever and maculopapular rash. Age Distribution 13-24 yrs. 6 Blood Samples sent to Virology Lab, KGMU, Lucknow. All cases treated. Health education given."
West Bengal,Howrah,Food Poisoning,350,0,29-04-19,29-04-19,Under Control,"Cases reported from Village -Sauria, Kamargoria, G.P-Jhamtia, Block Amta. District RRT investigated the outbreak. House to house survey done. Cases had history of consumption of taking Prasad in ""Mahaprobhvu utsav"". 2 Food Samples and 2 vomitus samples collected and sent to CCL Kolkata and SSKM respectively, result awaited. All cases treated symptomatically. Health education given. 8 | P a g e DISEASE OUTBREAKS OF PREVIOUS WEEKS REPORTED LATE Unique ID. Name of State/UT Name of District Disease/ Illness No. of Cases No. of Deaths Date of Start Outbreak Current Status Comments/ Action Taken"
Karnataka,Chitradurga,Fever,47,0,24-04-19,,Under Control,"Cases reported from a jail in Chitradurga Urban, PHC/CHC Buddanagara UPHC, Taluk Chitradurga. District RRT investigated the outbreak and visited the jail and examined jail inmates. 3 Blood samples, 47 Blood smears collected and sent to DPHL Chitradurga, all found negative for Dengue, Chikungunya and Typhoid. Jail authorities were asked to undertake vector control activities. Health education given."
Kerala,Alappuzha,Food Poisoning,60,0,28-04-19,,Under Surveillance,"Cases reported from Village Ambalappuzha, HSC Komana, PHC/Block Ambalappuzha. District RRT investigated the outbreak. All cases occurred after consuming food in a house warming celebration. Cases presented with vomiting, abdominal pain and diarrhea. All cases treated. Chlorination of well done. Health education given regarding food hygiene and personal hygiene."
Kerala,Wayanad,Scrub Typhus,24,1,25-04-19,,Under Surveillance,"Cases reported from Changamoola Nayka colony in Village Poothadi, HSC Kenichira, PHC Poothadi, Block Sulthan bathery. District RRT investigated the outbreak. House to house survey done. 11 Blood samples taken and sent to MCVR lab out of which - 6 samples tested positive for Scrub Typhus by Ig M ELISA. No history of tick bites could be elicited. The affected area was surrounded by dense forests. All cases treated symptomatically and Doxycycline prophylaxis given to contacts. Health education given. A 28 year old female died of the illness."
West Bengal,"Rampurhat HD, Birbhum",Acute Diarrheal Disease,72,0,27-04-19,,Under Surveillance,"Cases reported from Village Mathpara, Ward-8, Rampurhat Municipality. District RRT investigated the outbreak. House to house survey done. 3 rectal swab samples have been sent to Burdwan Medical College on 30.04.2019 and no pathogenic organism could be isolated in all 3 samples. All cases hospitalized at Rampurhat Govt. Medical College & Hospital. Alternative Water supply provided by water tanker by Municipal authority. Blocking regular pipeline water supply done by PHE. Necessary repair & action on pipeline will be done. Health education given. 9 | P a g e FOLLOW-UP DISEASE OUTBREAKS OF PREVIOUS WEEKS Unique ID. Name of State/UT Name of District Disease/ Illness No. of Cases No. of Deaths Date of Start Outbreak Current Status Comments/ Action Taken Follow up of 14th week (359) Kerala Thrissur Hepatitis A 20 00 23-04-19 Under Control Cases reported from Village Thrissur Corportaion, HSC/PHC G.H Thrissur, Block Thrissur Corporation. District RRT investigated the outbreak. House to house survey done. 4 water samples taken and send to Envirochem lab Thrissur, 4 Blood samples taken and send to DMOH lab. Result awaited. Index case tested positive for Hepatitis A by a private lab and all others had history of contact with index case. All affected were between 18-25 years of age and were living as paying guest and attending same coaching centre. All cases treated. Health education given. Superchlorination of wells done in 1 km radius. Follow up of 17th week (428) Himachal Pradesh Hamirpur Jaundice 36 00 26-04-19 Under Control Cases reported from multiple villages and Sub centres of CHC Bijhari, Block Barsar. District RRT investigated the outbreak. House to house survey done. Lab samples collected, result awaited. All cases treated symptomatically. Health education given."
Assam,Dibrugarh,Acute Diarrheal Disease,9,0,09-05-19,10-05-19,Under Control,"Cases reported from Village/SC Naharpara Borbill, PHC/Block Naharani. District RRT investigated the outbreak. House to house survey done. Water samples from tube well were collected and sent to Microbiology Dept, AMCH, Dibrugarh; result awaited. All cases treated symptomatically. Halogen tablets and ORS packets were distributed in the community. IEC done regarding safe drinking water and personal hygiene."
Assam,Dibrugarh,Food Poisoning,8,0,10-05-19,11-05-19,Under Control,"Cases reported from Longboi Tea Estate, SC Rajgarh, PHC/Block Naharani. District RRT investigated the outbreak. Active search of cases done. Cases consumed food (wild mushroom) and presented symptoms with vomiting and loose motion. Symptomatic treatment given to all cases. Health education given regarding food hygiene and sanitation."
Assam,Sibsagar,Food Poisoning,14,0,09-05-19,10-05-19,Under Control,"Cases reported from Village/SC Dabohibil & Nogakata Gaon & Nogakata Grant, BPHC, Japisajia, Block Sapekhati. District RRT investigated the outbreak. Active search of cases done. All the cases consumed food (wild mushroom) and presented symptoms with loose motion and vomiting. Cases treated symptomatically. Health education given regarding food hygiene and sanitation."
Bihar,Goapalganj,Chickenpox,20,0,10-05-19,10-05-19,Under Surveillance,"Cases reported from Village Lakari Banbir, SC Lakari, PHC Phulwariya, Block Phulwariya. District RRT investigated the outbreak. House to house survey done. Affected children were in the age group between 14 - 40yrs. 05 blood samples collected and sent to PMCH Patna; result awaited. All cases treated symptomatically. Health education given. 1358833/2019/O/O NCDC 435 4 | P a g e"
Gujarat,Junagadh,Food Poisoning,176,0,11-05-19,11-05-19,Under Surveillance,"Cases reported from Village/SC Khirasara, PHC Balagam, Block Keshod. District RRT investigated the outbreak. Active search of cases done. All cases consumed food in marriage ceremony and presented symptoms with vomiting and loose motion. Food samples collected; result awaited. ORS packets distributed. All cases treated symptomatically. Health education given."
Jharkhand,Dumka,Chickenpox,8,0,11-05-19,11-05-19,Under Control,"Cases reported from Villages Tinghara, Birna, Kashijore, Jamua, SC Rajon amrakunda, CHC Jarmundi Dumka Block Tinghara. District RRT investigated the outbreak. House to house survey done. Out of 2 blood samples were collected and send to RIMS Ranchi; 1 sample was positive for chickenpox (IgM ELISA). Symptomatically treatment was given all cases. Health education given."
Karnataka,Bellary,Food Poisoning,53,0,06-05-19,06-05-19,Under Control,"Cases reported from Hampi University Girls Hostel, PHC/CHC Kamalapura, Taluk Hospet. District RRT investigated the outbreak. Active search of cases done. All cases consumed food in dinner and presented symptoms with vomiting and loose motion. Food samples were collected and sent to Divisional food lab; result awaited. All cases treated symptomatically. Health education given regarding personal hygiene and sanitation."
Karnataka,Davangere,Food Poisoning,14,0,08-05-19,09-05-19,Under Control,"Cases reported from Village Kumbaluru, PHC/CHC Malebennuru, Taluk Harihara. District RRT investigated the outbreak. Active search of cases done. All cases consumed food in dinner and presented symptoms with vomiting and loose motion. 3 water samples collected; result awaited. All cases treated symptomatically. Health education given regarding personal hygiene and sanitation. 1358833/2019/O/O NCDC 436 5 | P a g e"
Kerala,Wayanad,Cholera,15,0,06-05-19,07-05-19,Under Control,"Cases reported from Village Pullorkunnu, PHC Moopainad, Block Kalpetta. District RRT investigated the outbreak. All the cases were labourers from Assam working in a tea estate. Cases presented symptoms of diarrhea and were admitted in District Hospital. 4 stool samples were collected and sent to WIMS & MCVR; were positive for cholera culture. All cases treated symptomatically. Chlorination of water sources done. Disinfection of the surrounding area done by bleaching powder. Health education given regarding personal hygiene and sanitation."
Kerala,Kozhikode,West Nile Fever,1,0,01-05-19,11-05-19,Under Surveillance,"A 15yr old boy resident of Kallai area of Kozhikode Corporation presented symptoms of fever, neck stiffness and meningitis was admitted in MCH Kozhikode on 1st 01-05-19. District RRT investigated the outbreak. House to House survey done. Blood and CSF sample were collected and sent to ICMR Alapuzha were positive for West Nile (IgM ELISA). Entomological survey done (HI 13.9; CI 12.3; BI 15.9). IRS and anti-larval measures were carried out in the affected area. Case discharged on 9th 01-05-19. Health education given regarding personal protection measures."
Maharashtra,Amravati,Food Poisoning,86,0,11-05-19,11-05-19,Under Control,"Cases reported from Village Bhawar and Laktu, PHC Sadrawadi, Block Dharni. District RRT investigated the outbreak. Active search of cases done. All cases consumed food in marriage ceremony and presented symptoms with vomiting and loose motion. All cases treated symptomatically. Health education given regarding personal hygiene and sanitation."
Madhya Pradesh,Dhaar,Food Poisoning,133,0,07-05-19,11-05-19,Under Surveillance,"Cases reported from Village Saattalai PHC kroli Block Manwar. District RRT investigated the outbreak. Active search of cases done. All cases consumed food in marriage ceremony and presented symptoms with vomiting and loose motion. All cases treated symptomatically. Food samples were collected and sent to FSO, Bhopal; result awaited. Stool samples collected an sent to MGM, Indore; result awaited. Health education given. 1358833/2019/O/O NCDC 437 6 | P a g e"
Madhya Pradesh,Shivpuri,Food Poisoning,60,0,06-05-19,08-05-19,Under Control,"Cases reported from Village Kherona, SC Budi Badod, CHC Satanwada, Block Satanwada. District RRT investigated the outbreak. Active search of cases done. All cases consumed food in dinner and presented symptoms with vomiting and loose motion. All cases treated symptomatically. Health education given regarding personal hygiene and sanitation."
Meghalaya,West Khasi Hills (Nongstoin),Food Poisoning,3,2,06-05-19,07-05-19,Under Control,"Cases reported from SC Tynhiang, CHC Riangdo, Block Mawshynrut. District RRT investigated the outbreak. District RRT investigated the outbreak. Active search of cases done. All cases consumed food (mushroom) in dinner and presented symptoms with vomiting and loose motion. All cases treated symptomatically. Health education given regarding personal hygiene and sanitation."
Odisha,Kalahandi,Acute Diarrheal Disease,27,0,10-05-19,11-05-19,Under Surveillance,"Cases reported from Village Durbhata (Khairapada) under Biswanathpur CHC, Kalahandi. District RRT investigated the outbreak. House to house survey done. 03 water samples collected and sent to DPHL Kalahandi; result awaited. All cases treated symptomatically ORS packets were distributed in the community. IEC done regarding safe drinking water and personal hygiene."
Odisha,Balangir,Acute Diarrheal Disease,17,0,03-05-19,10-05-19,Under Surveillance,"Cases reported from Village Salepali, PO Salepali, SC Jarasingha, PS Tusura, CHC/Block Deogaon. District RRT investigated the outbreak. House to house survey done. 01 water sample collected and sent to DPHL Balangir showed no growth of enteropathogens. All cases treated symptomatically ORS packets were distributed in the community. IEC done regarding safe drinking water and personal hygiene."
Punjab,SAS Nagar,Jaundice,9,0,11-05-19,11-05-19,Under Surveillance,"Cases reported from Village Madanhery PHC Gharuan. District RRT investigated the outbreak. House to house survey done. 9 blood samples collected and sent to DPHL SAS Nagar; result awited. 5 water samples were collected; result awaited. All cases treated symptomatically. Health education given regarding personal hygiene, Hand hygiene practices and safe drinking water. 1358833/2019/O/O NCDC 438 7 | P a g e"
Punjab,Ferozepur,Chickenpox,16,0,07-05-19,07-05-19,Under Control,"Cases reported from Village Hussainiwala & Chak Bare Ke, Block Mamdot. District RRT investigated the outbreak. House to house survey done. All cases treated symptomatically. Health education given."
Tamil Nadu,Ariyalur,Food Poisoning,18,0,06-05-19,06-05-19,Under Control,"Cases reported from Village/SC G.K Puran, PHC Meensuriti, Block Jayankondam. District RRT investigated the outbreak. Active search of cases done. All cases consumed food in a social ceremony and presented symptoms with vomiting and loose motion. 2 water and 2 food samples were collected; result awaited. All cases treated symptomatically. Health education given regarding personal hygiene and sanitation."
Tamil Nadu,Dindigul - Palani,Acute Diarrheal Disease,19,0,08-05-19,09-05-19,Under Surveillance,"Cases reported from Village Sembarankulam, HSC Vedakavunji, PHC Perumpallam, Block Kodaikana. District RRT investigated the outbreak. House to house survey done. 09 stool sample collected were negative for enteropathogens. 02 water sample collected and sent to DPHL Dindigul were non potable. All cases treated symptomatically ORS packets were distributed in the community. IEC done regarding safe drinking water and personal hygiene."
Telangana,Adilabad,Food Poisoning,27,3,08-05-19,09-05-19,Under Control,"Cases reported from Village Kolamguda, SC Kothapally, Mdl. Narnoor. District RRT investigated the outbreak. Active search of cases done. All the cases consumed food in dinner and presented symptoms with loose motion and vomiting. Cases treated symptomatically. Health education given regarding food hygiene and sanitation."
Uttar Pradesh,Aligarh,Food Poisoning,5,1,06-05-19,09-05-19,Under Surveillance,"Cases reported from Village/SC Rampur, CHC/Block Jawan. District RRT investigated the outbreak. Active search of cases done. All the cases consumed food in dinner (chola and rice) and presented symptoms with loose motion and vomiting. One death occurred in a 5yr old male child. Cases treated symptomatically. Health education given regarding food hygiene and sanitation. 1358833/2019/O/O NCDC 439 8 | P a g e"
West Bengal,South 24 Paraganas,Food Poisoning,274,0,10-05-19,10-05-19,Under Surveillance,"Cases reported from Village Borokanaigachi, SC Raghunathnagar, GP Moshat, Block Diamond Harbour I. District RRT investigated the outbreak. Active search of cases done. Cases consumed food (iftar party) and presented symptoms with vomiting and loose motion. 04 stool samples were collected and sent to SSKM Kolkata; result awaited. Cases treated symptomatically. Health education given regarding food hygiene and sanitation."
West Bengal,Coochbehar,Food Poisoning,123,0,10-05-19,11-05-19,Under Control,"Cases reported from Village Dhanirtori, Dineswari, Hatidhura SC Bararangrash GP, Cooch Behar-II. District RRT investigated the outbreak. Active search of cases done. Cases consumed food (prasad) in a religious ceremony and presented symptoms with vomiting and loose motion. 03 stool samples and 1 food sample were collected and sent to NBMCH; result awaited. Cases treated symptomatically. Health education given regarding food hygiene and sanitation. 1358833/2019/O/O NCDC 440 9 | P a g e DISEASE OUTBREAKS OF PREVIOUS WEEKS REPORTED LATE Unique ID. Name of State/UT Name of District Disease/ Illness No. of Cases No. of Deaths Date of Start Outbreak Current Status Comments/ Action Taken"
Andhra Pradesh,Ananthapur,Measles,3,1,27-04-19,,Under Control,"Cases of fever, cough and maculopapular rash reported from Village Yerraguntapalli, SC Ravi Venkatampalli, PHC Chukkalur. District RRT investigated the outbreak. House to house survey done. 2 blood samples collected and sent to IPM, Hyderabad; results awaited. All cases treated symptomatically. Vitamin A supplementation provided. Health education given regarding isolation of cases."
Arunachal Pradesh,Namsai,Enteric Fever,15,0,23-04-19,,Under Control,"Cases reported from Chhowkham Town, CHC Chhowkham. District RRT investigated the outbreak. House to house survey done. Out of 18 blood samples collected sent to CHC Chowkham; 15 blood samples were positive for widal test. 40 water samples collected were potable. Symptomatic treatment given to cases. Health education given regarding safe drinking water and sanitation."
Delhi,South East,Typhoid?,43,0,27-04-19,,Under Surveillance,"Cases reported from Village Tuglakabad (Churiya Mohalla, Kumhaar Mohallah, Kangar Mohalla), PHC Kangar Nohallah, Block Churiya Mohallah. District RRT investigated the outbreak. House to house survey done. All 43 blood samples were collected were positive for Typhi dot test (ELISA). 13 blood sample collected and sent to Pt Madan Mohan Malviya; result awaited. Water samples collected and sent to Delhi Jal Board showed presence of ammonia confirming sewage contamination and the samples were bacteriologically unsatisfactory. All cases treated symptomatically. Food safety officer instructed to collect water samples from the water supply and shops for testing. Chlorine tablets were distributed in the community. Health education given safe drinking water and personal hygiene."
Meghalaya,Jaintia Hills,Chickenpox,9,0,15-04-19,,Under Control,"Cases reported from Village Lura, Birna, SC Ngaibang, PHC Saipung Block Saipung. District RRT investigated the outbreak. House to house survey done. All cases were children less than 5yr of age. Symptomatic treatment was given all cases. Health education given. 1358833/2019/O/O NCDC 441"
Andhra Pradesh,Guntur,Acute Diarrheal Disease,23,2,14-05-19,15-05-19,Under Control,"Cases reported from Village Rayapudi, Mandal Thulluru. District RRT investigated the outbreak. Cases had history of consumption of food consisting of fish, chicken and liquor after which they developed Diarrhea and admitted at NRI General Hospital. 3 stool samples collected at NRI Hospital and tested Negative. 2 water samples collected and sent to regional lab for biological & chemical analysis and found negative. One stool sample sent to Guntur Medical college, result awaited. All cases treated symptomatically. Health education given. Protection from heat wave also advised and a big tent with jumbo air coolers also installed at shelter for these workers. A 26 year old female and 70 year male died of illness."
Andhra Pradesh,Visakhapatnam,Food Poisoning,9,0,19-05-19,20-05-19,Under Surveillance,"Cases reported from Village Kotta Vedurupalli, PHC R.V.Nagar, Mandal Chintapalli. District RRT investigated the outbreak. 6 members of the same family collected mushrooms from the surrounding area and consumed it. No samples were collected. Villagers are educated to take only eatable mushrooms and to take fresh hot food. Para Medical Staff concerned have been instructed to continue door to door surveillance for one week. All cases treated symptomatically. Health education given."
Andhra Pradesh,Visakhapatnam,Acute Diarrheal Disease,16,0,19-05-19,19-05-19,Under Surveillance,"Cases reported from Village Pothangi, PHC Dumbriguda. District RRT investigated the outbreak. 1 water samples have been collected and send to the Regional Public Health Laboratory for analysis, result awaited. Water sources Chlorinated by the Panchayat. Health education given to take fresh, hot food and clean water and also to maintain environmental sanitation in the village. Para Medical Staff concerned have been instructed to continue door to door surveillance for 3 days. All cases treated symptomatically. 4 | P a g e"
Assam,Lakhimpur,Mushroom Poisoning,7,0,17-05-19,17-05-19,Under Surveillance,"Cases reported from Village Seajuli Tiniali, MPHC Seajuli, BPHC Boginodi. All cases were from two families and had history of consuming mushrooms harvested from vicinity. After consumption they developed abdominal pain, vomiting and diarrhea. All of them admitted in Civil hospital and treated. 3 stool samples collected for culture and sensitivity test, Result awaited. RRT investigated the outbreak. Active Surveillance is going on by the health workers in the affected area. Awareness camp organized in the affected area."
Assam,Tinsukia,Mushroom Poisoning,25,0,14-05-19,14-05-19,Under Surveillance,"Cases reported from Various villages of District Tinsukia. All had history of consuming mushrooms harvested from jungle. After consumption they developed abdominal pain, vomiting and diarrhea. All of them admitted in Tinsukia Civil hospital and further referred to Assam medical college and treated. RRT investigated the outbreak. Active Surveillance is going on by the health workers in the affected area. Awareness camp organized in the affected area"
Bihar,Muzaffarpur,Chickenpox,18,0,14-05-19,17-05-19,Under Control,"Cases reported from AT Vashudev Patti and Chakia Mohammadpur, HSC Saraiya, PHC/Block Saraiya. District RRT investigated the outbreak. Symptoms of red eyes, maculo popular eruption on body reported by cases. Majority of them belonged to low socio-economic condition, poor sanitary conditions found. MOICs & RRT Medical Team, visited affected area for investigating and taking control measures. All affected person and others sensitized about their personal hygiene and cleanliness. All cases treated symptomatically. Health education given. 5 | P a g e"
Bihar,Sheikhpura,Chickenpox,14,0,10-05-19,17-05-19,Under Control,"Cases reported from Village ToyBigha, HSC Kajifattuchak, PHC Barbigha, Block Barbigha. All patients are having fever with maculo popular rash. All patients given treatment & medicine under supervision of MOIC & Medical team. All affected were between 2 to 25 years of age. RRT investigated the outbreak. House to house survey done. IEC activity done regarding personal hygiene and isolation of cases. All cases treated symptomatically."
Karnataka,Chamarajanagar Suspected,Chikungunya,31,0,17-05-19,18-05-19,Under Surveillance,"Cases reported from Village Tille Gowdana Doddi & Rasi Boli Thanda, PHC/CHC Sathegala, Taluk Kollegal. District RRT investigated the outbreak. Index case had history of travel to Gundal, Duganikote Tq, Dharmapuri District, Tamilnadu one week prior to development of symptoms. He developed fever and joint pain and within one week other people of village developed same symptoms. 5 blood samples tested negative for Dengue and Chikungunya, 15 blood smears tested negative for Malaria."
Karnataka,Davangere,Food Poisoning,73,0,16-05-19,16-05-19,Under Surveillance,"Cases reported from Village Aurundi, PHC/CHC Nyamathi CHC, Taluk Honnali. District RRT investigated the outbreak. All cases attended a ceremony. 05-water sample tested by H2S method at DSU and 02 found unfit. 01 stool sample collected and found negative for any enteropathogen. All cases treated. Health education given. Active surveillance is continuing in the area."
Karnataka,Koppal,Acute Diarrheal Disease,49,0,13-05-19,14-05-19,Under Control,"Cases reported from Village Koradkera, PHC/CHC Chalgera, Taluk Kustagi. District RRT investigated the outbreak. Leakages in water pipeline have been observed causing mixing of drinking water with sewage. Leakages have been repaired and chlorination done. Alternate water supply provided. 3 stool samples tested negative for Salmonella, Cholera and Shigella and 4 water samples sent to DPHL Lab found potable. Health education given. 6 | P a g e"
Karnataka,Shimoga,Hepatitis E,36,0,16-05-19,21-05-19,Under Surveillance,"Cases reported from Village Alkola, PHC/CHC Seegihatti, Taluk Shimoga. District RRT investigated the outbreak. Well-Water contamination was suspected for the Outbreak. Government well is a common source of drinking water, through which water is supplied to households through pipelines. Well water contamination has been suspected as the cause of outbreak. 36 blood samples and 4 water samples were collected and sent to DSU lab. 20 blood samples tested positive for Hepatitis E by Ig M ELISA and 3 out of 4 water samples tested unfit for drinking. Well has been chlorinated and all cases treated at health facility."
Kerala,Ernakulam,Food Poisoning,55,0,19-05-19,21-05-19,Under Control,"Cases reported from Village Manjapra, PHC/Block Angamaly. District RRT investigated the outbreak. All cases had history of consumption of food in a marriage ceremony. Possible source of infection was pasta salad as per case history. All cases had abdominal pain, vomiting and loose stools. 2 water samples collected and sent to RPH lab Ernakulam, result awaited."
Kerala,Kollam,Food Poisoning,44,0,13-05-19,15-05-19,Under Surveillance,"Cases reported from Village Div12, HSC Thevally, PHC Thrikkadavoor, Block Kollam Corporation. All cases had history of consumption of food in a marriage ceremony. Food handlers were examined and none of them had health card. Kitchen premises were unhygienic and water used for cooking was also unchlorinated. Cases had abdominal pain, loose motions and vomiting. 2 water samples taken and sent to PH lab Kollam for culture and found satisfactory. All cases treated. Water chlorinated. Health education given."
Kerala,Kannur,Hepatitis A,24,0,09-05-19,18-05-19,Under Surveillance,"Cases reported from Village/HSC Chendayad, PHC Kunnothuparamba, Block Panoor. District RRT investigated the outbreak. 2 Blood samples collected and tested at RPH Lab Kannur and found positive for Hepatitis A. Water sample from the wells used for cooking purpose in the function collected and sent to quality analysis. Cases had history of consuming food in a marriage ceremony. Mass super chlorination done. Fever survey done. 7 | P a g e"
Kerala,Trivandrum,Leptospirosis,3,0,18-05-19,20-05-19,Under Control,"Cases reported from Village Ponganad, HSC Nil, PHC/Block Kilimanoor. District RRT investigated the outbreak. It was observed that around 50 children were being given swimming training in village pond by some private agency. All 03 affected had history of going to this pond. They developed fever and body ache. 3 blood samples taken and all found positive for Leptospirosis by Ig M ELISA. Panchayat was alerted and people asked not to take a dip in the pond. Pond cleaning started."
Meghalaya,East Khasi Hills,Food Poisoning,8,0,18-05-19,18-05-19,Under Surveillance,"Cases reported from Village Jaiaw, Shillong. Four males and four females were affected with age group ranging from 20 to 60 years. The common symptoms were multiple episodes of diarrhea and vomiting, nausea, chills and abdominal pain. Two stool samples collected and sent to ICMR Dibrugarh, result awaited. No food sample was available for collection. Investigated by RRT. The cases were admitted to a private hospital in Shillong and provided symptomatic treatment and at present are responding well to the treatment."
Maharashtra,Amravati Suspected,Hepatitis A,24,0,18-05-19,18-05-19,Under Surveillance,"Cases reported from Boys Government Residential Hostel Nimbhora under Amravati Muncipal Corporation. District RRT investigated the outbreak. Pipe-lines and Valve leakages, irregular chlorination, Junk food and bad dietary habits, all these factors caused Viral Hepatitis A. 1 water sample collected and sent to DPHL Amravati. Result – Awaited. Active case search done. Super- chlorination of main water source (Bore-well) done. Alternate water supply started. All cases treated symptomatically. 8 | P a g e"
Madhya Pradesh,Khargon,Acute Diarrheal Disease,49,0,18-05-19,20-05-19,Under Control,"Cases reported from Village/CHC/Block Segaon. District RRT investigated the outbreak. Leakeages were observed in water pipelines supplying water to households. 4 stool samples were collected and sent to department of microbiology MGM medical college Indore, result is awaited. 5 water samples collected by PHE department, result are awaited. District RRT investigated the outbreak. House to house health survey done, chlorine tablets and ORS packets distributed. Medical camp organized and all cases treated symptomatically. Health education given among community."
Odisha,Balangir,Food Poisoning,13,0,16-05-19,20-05-19,Under Control,"Cases reported from Village Shanpur, PO/SC Sikachhida, CHC/Block Chudapali. District RRT investigated the outbreak. Some cases found with stomach ache with loose motion after consumption of Raw mango fruit in a field and those people were professionally kendu leaf worker. 05 Nos of water samples sent to DPHL, Balangir and 3 found unfit for drinking. ORS distributed. All cases treated symptomatically. Health education given."
Odisha,Rayagada,Food Poisoning,11,0,18-05-19,21-05-19,Under Control,"Cases reported from Village Bariapali, GP Seriguma, SC Deulabadi, CHC/Block K. Singpur. District RRT investigated the outbreak. All patients were labourers and staying at a camp near Bariapali village. All had history of consumption of poisonous wild Mushroom collected from the nearby Jungle. They developed hematemesis and unconsciousness. All patients were immediately shifted to DHH Rayagada for treatment. Affected cases are treated at DHH Rayagada HW (M) &HW (F) is in search of new cases. MO I/C CHC K. Singpur is advised to keep the village under surveillance for 2 weeks from the date of reporting of last case. MHU K.Singpur deployed for 7 days to the village for case management & MAT. IEC activity regarding safe water and food items. All cases treated symptomatically. Health education given. 9 | P a g e"
Rajasthan,Pratapgarh,Measles,5,0,13-05-19,13-05-19,Under Surveillance,"Cases reported from Village Urban Pratapgarh. District RRT investigated the outbreak. 5 Suspected Patient Found with Fever & maculopapular Rashes with Cough & Coryza in Scatted Population in Urban Area of Pratapgarh. 5 Serum Sample sent to Microbiology Lab. SMS Medical College Jaipur for Confirmation of Measles & Rubella by ELISA, result awaited. DRRT Visited Affected Area. House to House surveillance is ongoing. All cases treated under isolation."
Rajasthan,Sri Ganganagar,Brucellosis,1,0,09-05-19,12-05-19,Under Surveillance,"Cases reported from 2 RKM, Kundal Village Gharsana. District RRT investigated the outbreak. The affected case had history of consumption of raw milk from a cow he owned. His blood sample was tested positive at Bikaner Medical College Four blood samples from house member taken and sent to Bikaner Medical College, result awaited. 10 blood samples from cattle were also taken and sent to animal husbandry department. RRT visited the area. Patient was treated and discharged asymptomatic. House to house survey done. Health education given."
Telangana,Nagarkurnool,Food Poisoning,21,0,18-05-19,,Under Control,"Cases reported from Village/SC Gattunellikuduru, PHC Pedduru. District RRT investigated the outbreak. House to house survey done. 2 Stool samples collected and sent to Dist. Public Health Lab (IDSP), Mahabubnagar for bacteriological investigations and 5 water samples collected and sent to RWS Lab Nagarkurnool for bacteriological investigations, result awaited. Health Education given to people on personal Hygiene and maintain the sanitation in and around the kitchen. Did the Pot Chlorination in the Village."
Uttar Pradesh,Barabanki,Food Poisoning,56,0,15-05-19,16-05-19,Under Surveillance,"Cases reported from Village Murtaza Nagar, Post kheuli, SC Mittai, CHC/Block Dewa. Cases had history of consumption of food in a marriage ceremony. RRT investigated the outbreak. It was observed that left over food was eaten in morning also. 1 food sample taken, result awaited. All cases were treated. 10 | P a g e"
Uttar Pradesh,Budaun,Chickenpox,11,0,15-05-19,16-05-19,Under Surveillance,"Cases reported from Village Abdullaganj, CHC Ujhani, Block Ujhani. Cases presented with fever with rash. RRT visited the area. Health education given."
West Bengal,Howrah,Cholera,108,2,08-05-19,13-05-19,Under Surveillance,"Cases reported from Village Howrah, WARD Panchla, GP Jujasha, Municipalty/Block Malipukur Samaj Unnayan Samiti. It was observed that inmates were living in very poor sanitary conditions. The kitchen were food was prepared was also dirty without proper water and food storage facilities. 4 water samples collected and sent to public health lab Kolkatta. 07 rectal swabs were taken and sent to SSKM Kolkatta, out of which 4 had pathogenic E Coli and 01 had V Cholera. Control measures were undertaken. All cases treated."
West Bengal,South 24 Parganas,Food Poisoning,61,0,19-05-19,19-05-19,Under Surveillance,"Cases reported from Village Bishaipara, S/CHarendranagar & Ramgopalpur, GP Ramgopalpur, Block Kakdwip. District RRT investigated the outbreak. People were affected after eating Sinni (Suji+Raw milk Fruits), Puri, Chana Daal, Fruits on the occasion of Satya Narayan Puja in the evening of 18-05-2019. One (1) stool sample collected on 19.05.2019 (5 PM) and sent to SSKM, Kolkata on 20.05.2019. Result awaited. Block RRT visited the affected area. Active search done. Medicine distributed & IV fluids & ORS given. IEC done & Health education imparted. All cases treated symptomatically. Health education given. 11 | P a g e DISEASE OUTBREAKS OF PREVIOUS WEEKS REPORTED LATE Unique ID. Name of State/UT Name of District Disease/ Illness No. of Cases No. of Deaths Date of Start Outbreak Current Status Comments/ Action Taken"
Goa,South Goa,Dengue,17,0,10-04-19,,Under Surveillance,"Cases reported from Village Gogal Salcete, UHC Margao. District RRT investigated the outbreak. 15 blood samples tested positive for NS1 and 2 cases positive by IgM Mac Elisa for Dengue. All cases treated symptomatically. Mosquito breeding was found in overhead tanks. Fever survey done. Overhead tanks were checked and cleaned. Source reduction activities undertaken. Health education given."
Himachal Pradesh,Solan,Hepatitis A,32,0,11-02-19,,Under Surveillance,"Cases reported from Village Oachghat, Bajhol, SC Jatoli, PHC Sultanpur, Block Dharampur. District RRT investigated the outbreak. Patients had fever and yellowish skin discoloration. 2 water samples were sent to Pune virology lab for viral testing and also for coliform count. Water supply was chlorinated."
Kerala,Kozhikode,Dengue,20,0,20-04-19,,Under Surveillance,"Cases reported from Village Maruthomkara, HSC Pashukadavu, PHC Maruthomkara, Block Kunnumal. The area had lot of water collections in rubber estates, coco planters, arecanut trees. Intersectoral meeting was done to take control measures. Source reduction activities done. Fogging done. Indoor residual spray done. Miking done in the area to spread awareness. 3 blood samples tested positive for Dengue by Ig M ELISA at. 17 blood samples tested positive for NS1 Antigen."
Kerala,Malappuram,West Nile,1,0,20-04-19,,Under Surveillance,"Cases reported from Chappappadi Area, Village Neduva, HSC Chappapadi, PHC/HSC/Block Neduva. District RRT investigated the outbreak. 01 Blood & CSF sample tested positive for Anti – WNV IgM antibody – ELISA Positive at ICMR Alappuzha. Culex mosquito breeding was found abundantly. RRT team visited area. Vector study done. Area under observation. No other similar cases were found in the area. Vector control measures initiated in the area. 12 | P a g e FOLLOW-UP DISEASE OUTBREAKS OF PREVIOUS WEEKS Unique ID. Name of State/UT Name of District Disease/ Illness No. of Cases No. of Deaths Date of Start Outbreak Current Status Comments/ Action Taken"
Himachal Pradesh,Hamirpur,Hepatitis A,120,0,26-04-19,,Under Control,"Cases reported from various villages and SCs of CHC Bijhari, Block Barsar. District RRT investigated the outbreak. Majority of cases are seen in age group of 11 -20 years of age and have history of attending educational institutions. 9 Blood samples have been taken and tested at LBSMC Ner Chowk Mandi and all found positive for Hepatitis A. All cases treated symptomatically. Source reduction activities undertaken. Health education given."
Assam,Dhubri,Malaria,12,0,21-05-19,21-05-19,Under Control,"Cases reported from Village Bochakata, SC Bhurakata, BPHC Gazarikandi. District RRT investigated the outbreak. Paddy fields and water loggings seen in the affected areas. Active search of cases done. Out of 12 blood smear collected 02 blood samples were found positive for malaria parasite (PV) tested at Gazarikandi BPHC. All cases treated locally. Source reduction activities undertaken. Awareness camp regarding prevention and control of vector borne disease were carried out in the affected areas."
Chhattisgarh,Balod,Food Poisoning,28,0,23-05-19,24-05-19,Under Control,"Cases reported from Village Mudpaar, PHC Mangchuwa, Block Dondilohara. District RRT investigated the outbreak. Active search of cases done. All cases consumed food in a social ceremony. Water samples collected: result awaited. All cases treated symptomatically. ORS packets and zinc tablets were distributed in the community. Health education given."
Chhattisgarh,Mahasamund,Acute Diarrheal Disease,34,0,23-05-19,25-05-19,Under Surveillance,"Cases reported from Village Kaundkera, SC Sorid, PHC Garhsiwani, Block Tumgaon. District RRT investigated the outbreak. House to house survey done. Water samples were collected and sent to Microbiology Dept, Pt JNM College, Raipur; result awaited. All cases treated symptomatically. ORS packets were distributed in the community. Chlorination of water sources done. IEC done regarding safe drinking water and personal hygiene."
Gujarat,Kheda,Acute Diarrheal Disease,55,0,25-05-19,25-05-19,Under Surveillance,"Cases reported from Village/SC Vadad, PHC Vanghroli, Block Galteshwar. District RRT investigated the outbreak. House to house survey done. 03 stool samples collected and sent to DPHL Nadiad; result awaited. All cases treated symptomatically. ORS packets and chlorine tablets were distributed in the community. IEC done regarding safe drinking water and personal hygiene. 4 | P a g e"
Gujarat,Botal,CCHF,1,1,17-05-19,23-05-19,Under Surveillance,"A suspected case of CCHF was admitted at Sir Takhtsingh General Hospital reported from Village/SC Ningala, PHC Khopala, Block Gadhada. The case presented symptoms of fever with rigor, body ache and headache since 08th 01-05-19. Serum samples collected and tested at NIV, Pune was positive for Crimean Congo Hemorrhagic Fever on 17th 01-05-19. The case expired on 18th 01-05-19. District RRT visited & investigated outbreak. Active search of cases done. Lime dusting done in village. IEC regarding CCHF done. Health education given."
Haryana,Yamunanagar,Jaundice,19,0,22-05-19,24-05-19,Under Surveillance,"Cases reported from Village Bhagwanpur SC/PHC Kharwan, CHC Khizabad. District RRT investigated the outbreak. House to house survey done. 4 water samples were collected and sent to DPHL Karnal; result awaited. All cases treated symptomatically. ORS packets and chlorine tablets were distributed in the community. Health education given regarding personal hygiene, Hand hygiene practices and safe drinking water."
Jharkhand,Bokaro,Chickenpox,43,0,24-05-19,25-05-19,Under Surveillance,"Cases reported from Village Tisri, Block Gomia. District RRT investigated the outbreak. House to house survey done. Out 06 blood samples collected sent to RIMS Ranchi; 05 blood samples were positive for Chickenpox. Symptomatic treatment was given all cases. Health education given."
Jammu And Kashmir,Badgam,Chickenpox,5,0,24-05-19,25-05-19,Under Control,"Cases reported from Noorani Public School, Village Arigam, Block Khanshab. District RRT investigated the outbreak. Active search of cases done. All cases treated symptomatically. Health education given."
Karnataka,Dharwad,Acute Diarrheal Disease,96,0,24-05-19,25-05-19,Under Surveillance,"Cases reported from urban Ward No-10, 12 & 13, PHC/CHC Yaraguppi, Taluk Kundagol. District RRT investigated the outbreak. House to house survey done. 08 stool samples collected and sent to KIMS Referral Lab, Hubballi; result awaited. Out of 04 water samples sent to DSU Lab; 4 samples are not potable. All cases treated symptomatically. Health education given. 5 | P a g e"
Karnataka,Shimoga,Food Poisoning,38,0,24-05-19,25-05-19,Under Control,"Cases reported from Village Annapura-A, PHC/CHC Hothanakatte, Taluk Shikaripura. District RRT investigated the outbreak. Active search of cases done. All cases consumed food in a social ceremony. 02 stool and 05 water samples collected and sent to SIMS Microbiology Department, Shimoga for culture & sensitivity; result awaited. All cases treated symptomatically. ORS packets and halogen tablets were distributed in the community. Health education given."
Karnataka,Tumkur,Food Poisoning,13,1,22-05-19,22-05-19,Under Control,"Cases reported from Village Nidagallu, PHC/CHC Mangalawada, Taluk Pavagada. District RRT investigated the outbreak. Active search of cases done. All cases consumed food in a religious ceremony. Out of 04 water samples collected; 3 samples were non-potable. All cases treated symptomatically. ORS packets and halogen tablets were distributed in the community. Health education given."
Karnataka,Tumkur,Food Poisoning,21,0,22-05-19,24-05-19,Under Control,"Cases reported from Village Mallenahalli Tanda Bevinahalli, PHC/CHC Kuppur, Taluk CN Halli. District RRT investigated the outbreak. Active search of cases done. All cases consumed food in a religious ceremony and presented symptoms with vomiting and loose motion. 3 stool samples and 2 water samples collected were negative for enteropathogens and water samples were non potable. All cases treated symptomatically. Health education given regarding personal hygiene and sanitation."
Kerala,Kasaragod,Hepatitis A,13,0,21-05-19,23-05-19,Under Surveillance,"Cases reported from Village Mundakai Valappu, SC Pouval, PHC/CHC Muliyar, Block Muliyar. District RRT investigated the outbreak. House to house survey done. All 2 blood samples collected and sent GH Kasargod were positive for Hepatitis A (IgM ELISA). All cases treated symptomatically. Chlorination of water sources done. Health education given. 6 | P a g e"
Kerala,Trivandrum,Diphtheria,1,0,21-05-19,25-05-19,Under Surveillance,"A 9yr and 10month old fully immunized boy presented symptoms fever sore throat vomiting and headache was admitted in Sri Avittom Thirunal Hospital on 22nd 01-05-19. Throat swabs collected and seen to Govt. Medical College & Hospital, Trivandrum was positive for C.diphtheria. District RRT investigated the outbreak. House to house survey done. 64 close contacts were given Erythromycin chemoprophylaxis. All cases treated symptomatically. Health education given."
Kerala,Kozhikode,Hepatitis A,13,0,23-05-19,25-05-19,Under Surveillance,"Cases reported from Village Chengaroth, HSC Kalloor, PHC Chengaroth, Block TH Perambra. District RRT investigated the outbreak. House to house survey done. All the cases consumed mango juice which was prepared from well water. All 2 blood samples collected and sent GH Kasargod were positive for Hepatitis A (IgM ELISA). All cases treated symptomatically. Chlorination of water sources done. Health education given."
Odisha,Khurda (Bhuvneshwar),Chickenpox,16,0,21-05-19,22-05-19,Under Surveillance,"Cases reported from Village Chadeibas (Das Sahi), SC Bisuniapada, CHC Balakati, Block Balianta. District RRT investigated the outbreak. All cases treated symptomatically. Health education given."
Odisha,Koraput,Food Poisoning,56,0,22-05-19,27-05-19,Under Control,"Cases reported from Village Hadia, CHC Rabanaguda. District RRT investigated the outbreak. Active search of cases done. All cases consumed food in marriage ceremony and presented symptoms with vomiting and loose motion. 2 rectal swabs and 2 water samples (tube well) were collected; result awaited. ORS packets distributed. All cases treated symptomatically. Health education given."
Odisha,Deogarh,Food Poisoning,21,0,20-05-19,22-05-19,Under Surveillance,"Cases reported from Village Tulispur, Budpasi, SC Palsama, CHC Chatabar, Block Reamai. District RRT investigated the outbreak. Active search of cases done. All cases consumed food (suji bhoga) in social ceremony (Trinath Mela) and presented symptoms with vomiting and loose motion. ORS packets distributed. All cases treated symptomatically. Health education given. 7 | P a g e"
Punjab,Ludhiana,Mumps,13,0,21-05-19,21-05-19,Under Surveillance,"Cases reported from Senior Secondary School, Baba Deep Singh Nagar. District RRT investigated the outbreak. Active search of cases done. 6 blood samples were collected & sent to DPHL, Ludhiana; results awaited. All cases treated symptomatically. Health education given regarding isolation of cases."
Punjab,Rupnagar,Chickenpox,5,0,21-05-19,22-05-19,Under Control,"Cases reported from Village Bhallian, Tehsil Chamkaur Sahib. District RRT investigated the outbreak. Active search of cases done. All cases treated symptomatically. Health education given."
Punjab,Rupnagar,Mumps,8,0,21-05-19,22-05-19,Under Control,"Cases reported from Village Makkowal, Tehsil Chamkaur Sahib. District RRT investigated the outbreak. Active search of cases done. 08 blood samples collected and sent to DPHL Rupnagar; result awaited. All cases treated symptomatically. Health education given."
Uttar Pradesh,Kushi Nagar,Chickenpox,44,0,21-05-19,25-05-19,Under Surveillance,"Cases reported from Village Rajpurbagha, Siswania Tola. District RRT investigated the outbreak. Active search of cases done. Age wise distribution of cases Age group No of cases 0-5yrs 7 5-10yrs 11 10-15yrs 11 >15yrs 15 All cases treated symptomatically. Health education given."
West Bengal,Howrah,Food Poisoning,19,0,18-05-19,20-05-19,Under Control,"Cases reported from S.M.M Home Liluah, Howrah Municipal Corporation, Howrah. District RRT investigated the outbreak. Active search of cases done. All cases consumed food (sarbat) and presented symptoms with vomiting and loose motion. 3 rectal swabs collected and sent to SSKM were negative for enteropathogens. 4 water samples (tube well) were collected; result awaited. ORS packets distributed. All cases treated symptomatically. Health education given. 8 | P a g e"
West Bengal,South 24 Paraganas,Food Poisoning,44,0,24-05-19,25-05-19,Under Control,"Cases reported from Village Raytala, SC Ramkishorepur, GP Ramkishorepur, Block Kulpi. District RRT investigated the outbreak. Active search of cases done. All cases consumed food in religious function (Iftar party) and presented symptoms with vomiting and loose motion. 2 rectal swabs and 1 vomitus samples were collected; result awaited. ORS packets distributed. All cases treated symptomatically. Health education given. 9 | P a g e DISEASE OUTBREAKS OF PREVIOUS WEEKS REPORTED LATE Unique ID. Name of State/UT Name of District Disease/ Illness No. of Cases No. of Deaths Date of Start Outbreak Current Status Comments/ Action Taken"
Gujarat,Devbhoomi Dwarka,Chikungunya,5,0,14-05-19,,Under Surveillance,"Cases of high grade fever and severe joint pain reported from Village Ugamnabara, SC Vachlabara-2, PHC Vachlabara, Block Khambhaliya. District RRT investigated the outbreak. Out of 9 blood sample collected and sent to General Hospital Khambhaliya & GGH Hospital, Jamnagar; 5 samples were found positive Chikungunya (IgM ELISA). All cases treated symptomatically. Source reduction activities undertaken. Health education given."
Karnataka,Chikkamagaluru,Dengue?,45,0,02-05-19,,Under Control,"Cases reported from Village Timmanahalli, PHC/CHC Kalasapura, Taluk Chikkamagaluru. District RRT investigated the outbreak. House to house survey done. Since the affected area has scarcity of water; water storage practices observed in the community. Out of 4 blood sample collected; 1 samples were found positive Dengue (IgM ELISA). All cases treated symptomatically. Source reduction activities undertaken. Health education given."
Kerala,Kozhikode,Dengue,23,0,12-04-19,,Under Surveillance,"Cases reported from Village Kunduthode, SC Pashukadavu, PHC Kunduthode, Block Kunnuma. District RRT investigated the outbreak. Affected area has rubber plantation, arecanut plantation and coconut plantation and large number of coconut shell and rubber leaves filled with rainwater scattered around the field. These shells and leaves are good breeding places of Aedes mosquitoes. Out of 5 blood samples collected 2 samples were found positive Dengue (IgM ELISA). All cases treated symptomatically. Source reduction activities undertaken. Health education given."
Kerala,Thrissur,Kala azar,1,0,15-01-19,,Under Control,"Case reported from Village Elijipra, SC Marancode, PHC/Block Elijipra. District RRT investigated the outbreak. The case belonged to a tribal community presented symptoms of fever, weight loss and hepatosplenomegaly. Bone marrow examination at Pathology lab, MCH Thrissur showed Leishmania donovani. Vector surveillance done. Medical camp organized. IRS and control measures done. Health education given. 10 | P a g e"
Meghalaya,West Jaintia Hills,Chickenpox,18,0,10-05-19,,Under Surveillance,"Cases reported from Village Thangbuli, PHC Jarain, Block Amlarem. District RRT investigated the outbreak. Symptomatically treatment was given all cases. Health education given."
Andhra Pradesh,Ananthpur,Food Poisoning,9,0,29-05-19,30-05-19,Under Control,"Cases reported from urban area of S.C. Colony Karamukkala, PHC Palthru, Vidapanakal Mandal. District RRT investigated the outbreak. Active search of cases done. Cases consumed food in marriage ceremony and presented symptoms with vomiting and loose motion. 1 stool sample collected and sent to VRD Lab, Dept. of Microbiology, GMC Ananthapur; sample showed growth of E.coli. Symptomatic treatment given to all cases. Health education given regarding food hygiene and sanitation."
Assam,Dhemaji,Acute Diarrheal Disease,15,0,01-06-19,01-06-19,Under Control,"Cases reported from Village Ghilghuri (2 & 3), Deogharia, SC Gowal Chapori, PHC Dhemaji. District RRT investigated the outbreak. House to house survey done. Water samples from tube well were collected and sent to PHED Dhemaji were found potable for drinking. All cases treated symptomatically. ORS packets and zinc tablets were distributed in the community. IEC done regarding safe drinking water and personal hygiene."
Bihar,Supaul,Chickenpox,6,1,27-05-19,02-06-19,Under Surveillance,Cases reported from PHC Kishanpur Phulkaha. District RRT investigated the outbreak. House to house survey done. Affected children were less than 10yr age group. 05 blood samples collected and sent to PMCH Patna; result awaited. All cases treated symptomatically. Health education given.
Gujarat,Junagadh,Food Poisoning,144,0,30-05-19,31-05-19,Under Control,"Cases reported from Village Mendarda, PHC Dedakiyali, Taluk Mendarda. District RRT investigated the outbreak. Active search of cases done. All cases consumed food (milk product) in marriage ceremony and presented symptoms with vomiting and loose motion. 1 food sample collected; result awaited. ORS packets distributed. All cases treated symptomatically. Health education given. 4 | P a g e"
Jharkhand,Pakur,Measles,6,0,29-05-19,30-05-19,Under Control,"Cases reported from Village Bhawanipur (Mukhiyatola), SC Bhawanipur, CHC Pakur Block Pakur. District RRT investigated the outbreak. House to house survey done. Out of 5 blood samples collected and sent to RIMS Ranchi; 1 sample was positive for Measles (IgM ELISA). All cases treated symptomatically. Vitamin A supplementation provided. Health education given regarding isolation of cases."
Jammu And Kashmir,Doda,Acute Diarrheal Disease,615,0,27-05-19,27-05-19,Under Surveillance,Cases of loose motion and vomiting and pain abdomen reported from several blocks of District Doda. District RRT investigated the outbreak. House to house survey done. Water samples sent to PHE Dept; result awaited. ORS and zinc tablets were distributed in the blocks. A meeting was organized by District Development Commissioner regarding provision of safe drinking water to the community followed by water testing once in a month. Chlorine tablets distributed in the community. Chlorination of water sources done in the community. All cases treated symptomatically. Health education given regarding drinking boiled and cooled water for daily consumption.
Jammu And Kashmir,Bandipora,Hepatitis E,15,0,27-05-19,02-06-19,Under Surveillance,"Cases reported from Village Gujjarpa Malagam, SC Malagam NTPC Quil Maquam, Block Bandipora. District RRT investigated the outbreak. House to house survey done. Out of 11 blood samples collected and sent to DPHL Srinagar; 2 samples were positive for Hepatitis E (IgM ELISA). 3 water samples were collected and tested were found non potable. All cases treated symptomatically. Health education given regarding personal hygiene, Hand hygiene practices and consumption of safe drinking water."
Karnataka,Belagavi,Dengue,7,2,28-05-19,29-05-19,Under Surveillance,"Cases reported from Village Khilegaov, PHC/CHC Anathapur, Taluk Athani. District RRT investigated the outbreak. House to house survey done. Out of 5 blood sample collected and sent to BIMS; 2 samples were found positive Dengue (IgM ELISA). All cases treated symptomatically. Source reduction activities undertaken. Health education given. 5 | P a g e"
Karnataka,Ramanagara,Mumps,12,0,23-05-19,28-05-19,Under Control,"Cases of fever with swelling of parotid glands reported from Village Gollaradoddi, PHC/CHC Lakshmipura, Taluk Ramanagara. District RRT investigated the outbreak. All the cases were in the the age group of 3-12yrs. Out of 7 serum samples collected and sent to BMC Bangalore; 5 samples were positive for Mumps (Ig M ELISA). All cases treated symptomatically. Isolation of cases and hygiene practices were imparted in the community."
Maharashtra,Amravati,Chickenpox,11,0,30-05-19,30-05-19,Under Control,"Cases reported from Village Pipadhari, SC Satti, PHC Tembrusonda, Block Chikhaldara. House to house survey done. Affected children were less than 10yr of age. 03 blood samples collected; result awaited. All cases treated symptomatically. Health education given."
Maharashtra,Raigad,Acute Diarrheal Disease,53,0,01-06-19,02-06-19,Under Surveillance,"Cases reported from SC Kamarli, PHC Kamarli, Taluka Pen. District RRT investigated the outbreak. House to house survey done. 4 water samples were collected and sent to DPHL Pen; result awaited. Chlorination of water sources done. All cases treated symptomatically. Health education given."
Madhya Pradesh,Vidisha,Measles,12,0,28-05-19,29-05-19,Under Control,"Cases reported from Village Vidisha, SC Vidisha Urban, PHC Mohalla, Block Chopra. District RRT investigated the outbreak. House to house survey done. 6 blood samples collected and sent to Hamidia Hospital Lab, Bhopal; result awaited. Vitamin A supplementation provided to all cases. All cases treated symptomatically. Health education given."
Nagaland,Tuensang,Suspected Meningitis,1,0,24-05-19,02-06-19,Under Surveillance,"A 28yr old male resident of Chendong Sadle presented symptoms of severe headache, vomiting, fever and dizziness was admitted in District Hospital Tuensang on 24th 01-05-19. Blood samples were collected and tested for Typhoid (Widal), JE (Rapid test), Scrub typhus and Malaria; were negative for all the above test. Symptomatically treated the case. He was discharged on 28th 01-05-19. Health education given. 6 | P a g e"
Tamil Nadu,Madurai,Chikungunya,79,0,27-05-19,28-05-19,Under Surveillance,"Cases reported from Maiyanuthampatty, Village Maiyanuthampatty, HSC Anaikaraipatty, PHC Saptur, Block Sedapatti. District RRT investigated the outbreak. House to house survey done. Out of 5 serum samples collected and sent to DPHL Madurai; 4 samples were positive for Chikungunya (IgM ELISA), 2 samples were positive for Typhoid, 1 sample was positive for Dengue (IgM ELISA). All cases treated symptomatically. Health education given."
Uttar Pradesh,Ballia,Food Poisoning,2,2,28-05-19,01-06-19,Under Surveillance,"Cases reported from Village Hardia, PHCBaghudi, Block Nawanagar. District RRT investigated the outbreak. Active search of cases done. All the cases consumed stale food and presented symptoms with loose motion and vomiting. Cases treated symptomatically. Health education given regarding food hygiene and sanitation."
Uttar Pradesh,Jhansi,Chickenpox,11,0,28-05-19,31-05-19,Under Control,Cases reported from Village Siyavani Khurd Block Mauranipur Jhansi. District RRT investigated the outbreak. House to house survey done. Cases presented with fever and maculopapular rash. Affected children were in age group between 8 months to 29yrs. All cases treated symptomatically. Health education given. 7 | P a g e DISEASE OUTBREAKS OF PREVIOUS WEEKS REPORTED LATE Unique ID. Name of State/UT Name of District Disease/ Illness No. of Cases No. of Deaths Date of Start Outbreak Current Status Comments/ Action Taken
Kerala,Kozhikode,West Nile Fever,1,0,04-05-19,,Under Control,"A 49yr old female case resident from Kottooly, UHC Ponomkode, Khozikode Corporation Area presented symptoms of fever, headache and vomiting on 4th 01-05-19 and was admitted in the hospital. District RRT investigated the outbreak. House to house survey done. Migratory birds (crane) were observed in the affected area. Blood and CSF samples of the case was collected and sent to NIV, Allapuzha. The samples were found positive for West Nile virus (IgM ELISA). Entomological survey done. IRS and anti-larval measures were carried out in the affected area. Case cured and discharged. Health education given regarding personal protection measures."
Kerala,Trivandrum,Food Poisoning,43,0,21-05-19,,Under Control,"Cases reported from Mar Ivanios Bethany Girls Hostel, Nalanchira Village Mannanthala, SC/PHC/Block Pangappara. District RRT investigated the outbreak. All cases consumed food (pickle, potato curry, papad) in dinner and presented symptoms with loose motion, vomiting and abdominal pain. All cases treated symptomatically. Health education given."
Kerala,Ernakulam,Nipah,1,0,20-05-19,,Under Surveillance,"A 23 year old male residing at Vadakkekara, Paravur a student of Al Akbar College Thodupuzha, presented symptoms of fever with altered sensorium was referred to a private hospital at Eranakulam on 30th 01-05-19. Throat swab, CSF, blood and urine were collected and sent to NIV Pune; the samples were found positive for Nipah Virus (Real-time RT-PCR, nested RT-PCR and for anti-Nipah human IgM and IgG antibodies by ELISA assay). Presently the case is stable. Central team and State/District RRT investigated the outbreak. Control room was set up at State Headquarter (Trivandrum) and District Headquarter (Ernakulum). 330 contacts were traced and 13 suspected cases samples were found negative for Nipah. 141 bats were captured and samples were collected (rectal and throat swabs) were tested. Out of these one bat sample was found positive for Nipah viral RNA. Standard NIPAH outbreak guidelines were implemented in the hospital and community settings. Health education given."
Andaman And Nicobar Islands,Island Andaman,Acute Diarrheal Disease,8,0,06-06-19,06-06-19,Under Control,Cases reported from PHC Chouldari. District RRT investigated the outbreak. All affected were males and labourers. All took meal from a dhaba after which they developed vomiting and dizziness. All of them treated at PHC. Health education given.
Arunachal Pradesh,Kra Daadi,Acute Diarrheal Disease,27,0,05-06-19,10-06-19,Under Surveillance,"Cases reported from Village Dimum Puring School, Palin Town, under CHC Palin. District RRT investigated the outbreak. All affected children were taken back by parents. No samples could be taken. Contaminated food and water were probable sources of infection. Health education given regarding safe drinking water and sanitation."
Arunachal Pradesh,West Kameng,Scrub Typhus,3,0,06-06-19,10-06-19,Under Surveillance,"Cases reported from Village Angkaling, under CHC Kalaktang, Block Kalaktang. District RRT investigated the outbreak. 3 blood samples collected and confirmed positive for Scrub Typhus by Immuno Chromatographic Assay Rapid Test at CHC Kalaktang. Cases reported with fever, chills, and headache. Typical eschar/lesion observed under arms. All cases treated symptomatically. Health education given."
Jharkhand,Dumka,Acute Diarrheal Disease,67,0,04-06-19,08-06-19,Under Surveillance,"Cases reported from Village Dhawadangal, HSC Phuljhinjri, CHC Kathikund Dumka. District RRT investigated the outbreak. All the affected were using water from unprotected well. All belonged to poor socioeconomic status with poor sanitation. Medical camp was organized in the area. All cases were treated. Health education given."
Jammu And Kashmir,Baramulla,Jaundice,19,0,06-06-19,08-06-19,Under Surveillance,"Cases reported from Village Deewan bagh, PHC NTPHC Old Town, Block Sheeri. District RRT investigated the outbreak. 6 blood samples and 2 water samples collected, result awaited. Chlorine tablets distributed. Health education regarding use of boiled water, hand washing, proper cooking and handling of food given. All cases treated symptomatically. 4 | P a g e"
Jammu And Kashmir,Shopian,Chickenpox,20,0,08-06-19,09-06-19,Under Control,"Cases reported from Shopian Shahi-hamdan school Batpora, Shopian. District RRT investigated the outbreak. Cases presented with fever and maculopapular rash. All cases were treated under isolation. Health education regarding the disease, its modes of transmission imparted among children as well as school Staff."
Kerala,Thiruvananthap uram,Food Poisoning,43,0,03-06-19,03-06-19,Under Surveillance,"Cases reported from Village Mar Ivanios Bethany Girls Hostel –Nalanchira. MCH Unit Pangappara, Mannanthala (Corp). Students had Fried rice, Chicken curry, salad, Pickle, Potato curry, Papad for dinner and on next early morning developed abdominal pain, vomiting, loose stools. All the students were discharged after treatment by same evening. No other cases were reported later. Public Health Team from MCH-Unit Pangapara inspected the area. Health education given and suggestions were given to prevent future outbreak."
Karnataka,Hassan,Fever,10,0,03-06-19,03-06-19,Under Surveillance,"Cases reported from Village Ramji halli, PHC/CHC Bageshpura, Taluk Arasikere. District RRT investigated the outbreak. 5 blood samples for Dengue, 3 blood samples for Typhoid culture collected, result awaited. All cases treated symptomatically. Health education given."
Karnataka,Hassan,Acute Diarrheal Disease,35,0,04-06-19,07-06-19,Under Control,"Cases reported from Village Jodigubbi, PHC/CHC Keragod, Taluk H.N. Pura. District RRT investigated the outbreak. All the affected attended a ceremony and had history of consuming chicken in the function after which they developed stomach pain. 2 water samples collected for H2S and found potable & 1 water sample collected for MPN, result awaited. 1 stool sample tested negative for Cholera. All cases treated symptomatically. Health education given. 5 | P a g e"
Karnataka,Hassan,Acute Diarrheal Disease,25,0,04-06-19,07-06-19,Under Control,"Cases reported from Village Bijapura colony, PHC/CHC Mallipatna, Taluk Arakalagud. District RRT investigated the outbreak. All the affected attended a ceremony and had history of consuming chicken in the function after which they developed stomach pain. 3 water samples collected for H2S and found potable & 1 water sample collected for MPN, result awaited. 1 stool sample collected, result awaited. All cases treated symptomatically. Health education given."
Karnataka,Kalaburagi,Acute Diarrheal Disease,21,0,08-06-19,10-06-19,Under Surveillance,"Cases reported from Village Lakshmipur Wadi, PHC/CHC Ravoor, Taluk Chittapur. District RRT investigated the outbreak. Investigation shows: The gastroenteritis cases occurred due to People consuming contaminated water from draw well situated near Yallamma temple. House to house survey done for active case search. Distribution of 25000 Halogen tablets. IEC activities and advice on drinking safe water given. Super chlorination of drinking water sources. All cases treated symptomatically. Health education given."
Karnataka,Koppal,Food Poisoning,13,0,04-06-19,07-06-19,Under Surveillance,"Cases reported from Village /SC Tippanal, PHC/CHC Hire-Vankulkunta, Taluk Yalburga. District RRT investigated the outbreak. Cases were reported from children consuming mid-day meal consisting of Rice, Sambar, Egg and poyasa. All children admitted at District hospital. 3 water samples tested by H2S found potable. Active case search done. IEC on food safety and safe water drinking has been done. All cases treated symptomatically."
Karnataka,Shimoga,Chikungunya,32,0,06-06-19,06-06-19,Under Surveillance,"Cases reported from Village Navule Bsavapura, PHC/CHC Donabhaghatta, Taluk Bhadravathi. District RRT investigated the outbreak. Water collections inside and outside of houses was noted with larval breeding. House to house fever survey done. Additional health team deployed for surveillance of fever cases. All cases treated. 14 blood samples collected and sent to DSU Shimoga for testing, all found positive for Chikungunya by IgM ELISA. Health education given. 6 | P a g e"
Odisha,Kalahandi,Jaundice,16,0,03-06-19,04-06-19,Under Surveillance,"Cases reported from Village Makraguda, Mahaling SC, Chapuria, Kalahandi. District RRT investigated the outbreak. Contaminated water supply was supposed to cause the jaundice. Serum Sample collected-6, Water Samples collected-5. Tube well premises were cleaned. Water chlorinated. Handwashing promoted. All cases treated symptomatically. Health education given."
Odisha,Sundargarh,Anthrax,1,0,04-06-19,07-06-19,Under Control,"Cases reported from Village Tetrabahal, SC Dullarpur, GP Andalijambahal, and CHC/Block Kuarmunda. District RRT investigated the outbreak. Infection spread after handling & taken dead goat meat. House to house search continuing, IEC activities, Group meeting done, Contact Doses Given."
Punjab,Bathinda,Mumps,8,0,03-06-19,04-06-19,Under Surveillance,"Cases reported from Partap Nagar BTI, Aggarwal Colony BTI, Krishan Colony Bti, VPO Gari Bhagi, Block Goniana, VPO Mehta Block Sangat, Qila Road Bti, VPO Jassi Pauwali Block Goniana, and VPO Bhagwangarh Block Sangat. District RRT investigated the outbreak. Fever with malaise, swelling tenderness present over parotid region. All blood samples tested were positive for Mumps by ELISA. All cases treated symptomatically. Health education given."
Punjab,Shahid bhagat singh nagar,Hepatitis A,8,0,03-06-19,03-06-19,Under Control,"Cases reported from Village Banga town, District SBS Nagar. District RRT investigated the outbreak. House to house survey done. Patients are reporting with symptoms of abdominal pain, loss of appetite, yellowish discoloration of skin and fatigue. 5-6 cases are from same school rest belong to different areas of the city. 15 blood samples collected out of which 13 tested positive for Hepatitis A by IgM ELISA at SPHL. 16 water samples collected out of which 15 found non potable at SPHL. Chlorine tablets distributed in school, IEC activity done, Patients being educated to take proper hygiene measures. Survey in the affected areas is in process. 7 | P a g e"
Punjab,Fatehgarh Sahib,Hepatitis E,18,0,07-06-19,08-06-19,Under Surveillance,"Cases reported from Village Raipur Majri, PHC Sanghol. District RRT investigated the outbreak. 06 blood samples were collected out of which 04 were positive for Hepatitis E by IgM ELISA at DPHL Patiala. 05 water samples collected and all found nonpotable by H2S test. Advise for sanitation awareness given regarding the mode of transmission. All cases symptomatically. Health education given."
Tamil Nadu,Dharmapuri,Suspected Dengue,63,0,03-06-19,11-06-19,Under Surveillance,"Cases reported from Village Barathinagar, Veerappanaickenpatti, HSC Veerappanaikanpatti, PHC Theerthamalai, Block Harur. District RRT investigated the outbreak. 5 serum samples sent to IVCZ, Hosur, Krishnagiri for Dengue, result awaited. Due to scarcity and insufficient supply of water, public used to store water without proper cleanliness and waste is disposed in improper way. Break in pipeline is also identified. Pipeline repair, Source reduction, antilarval activities done. OHT chlorination done. All cases treated symptomatically. Health education given."
Tamil Nadu,Dindigul-Palani,Leptospirosis,20,0,05-06-19,11-06-19,Under Control,"Cases reported from Hill Area, Village/HSC Patchalur, PHC Poolathur, Block Palani. District RRT investigated the outbreak. 5 serum samples sent to DPHL Dindigul, 2 positive for Leptospirosis. Water samples collected from well and overhead tank and sent to DPHL, result awaited. Chlorination work is monitored for all drinking water sources. Mass cleaning campaign conducted. All cases treated."
Telangana,Adilabad,Food Poisoning,21,0,05-06-19,10-06-19,Under Control,"Cases reported from Village Chimanguda, SC Kondapur Mdl. Pittabongaram. District RRT investigated the outbreak. They had history of consuming rice and mutton in a ceremony, after which they developed symptoms of vomiting and loose motion. 1 rice sample tested was negative for any pathogen, 1 sample of mutton tested positive for Staphylococcus Aureus, 1water sample tested positive for E Coli. All cases treated. Medical camp organized. Health education given. 8 | P a g e"
Telangana,Nizamabad,Food Poising,11,0,05-06-19,10-06-19,Under Surveillance,"Cases reported from Village Sangem, Saloora PHC, Bodhan Mandal. District RRT investigated the outbreak. All cases had history of consumption of food in a ceremony. All had abdominal pain and loose stools. All ages were affected. Health education given in the village no further cases in the village. All cases treated symptomatically. Health education given."
Uttar Pradesh,Lakhimpur Kheri,Food Poisoning,29,0,04-06-19,07-06-19,Under Surveillance,"Cases reported from Village Amanatpur Salreli and Bhudkuda. District RRT investigated the outbreak. House to house survey done. All cases treated. Medicine, Chlorine, Bleaching Powder and ORS Distributed. Health education given. Samples of ice-cream taken from factory of that area and sent to Lab by FSDA. Health camp organized in the school and all cases treated symptomatically. Health education given."
Uttar Pradesh,Sant Ravi Das Nagar,Food Poisoning,8,0,04-06-19,04-06-19,Under Control,"Cases reported from Village ll Mohalla Alampur (Nayi Basti), PHC Bhadohi, SC-CHC Bhadohi. Block Bhadohi. District RRT investigated the outbreak. IEC in the affected area done regarding personal hygiene, consumption of fresh food and clean drinking water. All cases treated at MBS hospital Bhadohi. Distribution of ORS, Chlorine tablets and bleaching powder done in the area. Health camp organized in the school and all cases treated symptomatically. Health education given."
West Bengal,Basirhat,Acute Diarrheal Disease,27,0,05-06-19,05-06-19,Under Surveillance,"Cases reported from Village Uttar Mamudpur and Boltala, G.P Hingalganj, Block Hingalganj, District RRT investigated the outbreak. Cases reported from hamlets situated close to roads. Drinking water was provided by van. . Four stool samples collected and send to NICED, Beleghata for bacteriological test, result awaited. Active case finding done in the community. Essential medicines were given. PHE department was requested to provide chlorinated water. Health education given. 9 | P a g e DISEASE OUTBREAKS OF PREVIOUS WEEKS REPORTED LATE Unique ID. Name of State/UT Name of District Disease/ Illness No. of Cases No. of Deaths Date of Start Outbreak Current Status Comments/ Action Taken"
Assam,Kamrup Metro,Acute Diarrheal Disease,13,0,30-04-19,,Under Surveillance,"Cases reported from Village Amchung Tea garden SC Ghogua SD Digaru BPHC Sonapur. District RRT investigated the outbreak. Cases reported from the labourers of a tea estate. All of them were using water from a common stream. All of them were treated at PHC. 3 water samples from stream sent to DPHL, Sonapur for MPN & H2S test, fecal contamination found. 6 stool samples collected sent to DPHL, Sonapur, negative for Cholera. RRT visited the area, house to house survey done. Counseling regarding personal health and hygiene and safe drinking water was given. ORS and Zinc tablet was distributed among the community. Informed the PHE Dept. and requested to take necessary action."
Assam,Marigaon,Chickenpox,6,0,17-04-19,,Under Control,"Cases reported from Village Balipathar, SC-Thekaraguri under Ahatguri SHC of Jhargaon BPHC. District RRT investigated the outbreak. All cases were from same family. All of them presented with fever, cough and maculopapular rash. All were treated. House to house visit done to identify more cases. Health education given."
Assam,Nalbari,Scrub Typhus,4,0,26-05-19,,Under Surveillance,"Cases reported from Village Makhibaha, Village Milanpur, Village/SC Borajol, Village Kakaya. All affected were adults. All had fever, headache, body ache, gastrointestinal pain and chest pain. No eschar or change in mental status was observed. There was no travel history. No contact with cattle or pets. 4 blood samples collected and sent to DPHL, SMK Civil Hospital, Nalbari and all found positive. All cases treated symptomatically. Health education given."
Assam,Cachar,Japanese Encephalitis,1,1,20-05-19,,Under Control,"Case reported from Village Soligram, SC Kalain, PHC Jalalpur. This case presented with history of fever and neurological symptoms. One CSF sample was taken and it tested positive for JE by IgM ELISA at SRL Lab SMCH. Fever surveillance done in the area. Fogging and other mosquito control measures were taken. The case died due to illness. 10 | P a g e"
Bihar,Muzaffarpur,Acute Encephalitis Syndrome (AES),729,153,22-04-19,,Under Control,"Cases reported from Village Sahebganj, PHC Bochahan, Mushahari, Block Aurai. District RRT investigated the outbreak. Rise in cases was observed in first week of June. All the cases were between 1-12 years of age. Majority of affected were between 3-4 years of age. Majority of affected were females. Cases were also reported from other districts as well with maximum affected being East Champaran, Vaishali, Musahiri. Central team investigated the outbreak. A team of pediatricians from central level hospitals were stationed at Muzaffarpur for providing treatment to cases. Teams from NIE Chennai, NIV Pune, NIMHANS, CDC also visited the affected areas."
Bihar,Nalanda,Measles,40,2,04-11-18,,Under Control,"Cases reported from Village Sakri, HSC Sakri, Block Islampur. District RRT investigated the outbreak. First case was reported on 4.11.2018. A total no of 40 cases were reported with fever, cough, coryza and conjunctivitis. Of all affected only 4 had history of non-immunization. 5 samples sent to PMCH, Patna and found positive for Measles by IgM ELISA. All cases treated symptomatically. Health education given."
Chhattisgarh,Rajnandgaon,Acute Diarrheal Disease,112,0,13-05-19,,Under Control,"Cases reported from CHC A. Chowki urban. District RRT investigated the outbreak. 2 Water sample collected by PHE department, no bacteria found; 2 stool sample collected and sent to GMCH Rajnandgaon, result awaited. District RRT visited the area. Active case search was done. All cases treated symptomatically. Health education given."
Jharkhand,Sahebganj,Acute Diarrheal Disease,7,0,20-05-19,,Under Control,"Cases reported from Village Bichmako, kitajhor, PHC Kitajhor, CHC Barhait. District RRT investigated the outbreak. Probable source of infection was drinking water of handpump. Patient treated in CHC Barhait. RRT team visited affected area and organized a medical camp. Provided essential medicines antibiotics, ORS, PCM, Zinc tab and suggested to drink clean boiled water, hand wash and cleaning area of hand pump."
Jharkhand,Sahebganj,Acute Diarrheal Disease,23,0,21-05-19,,Under Control,"Cases reported from Village Argori, PHC Simra and Village Babupur, PHC Raxi of CHC Barhait. District RRT investigated the outbreak. Probable source of infection was contaminated water from a handpump. All patients treated at CHC Barhait, RRT team visited affected area and organized a medical camp on 21.5.19 to treat & create awareness among community. Provided essential medicine, antibiotics, ORS, PCM and Zinc tab. Health education was given to maintain sanitary practices. 11 | P a g e"
Kerala,Idukki,Dengue,15,0,18-05-19,,Under Surveillance,"Cases reported from Hilly Area, Village/HSC Mullaringadu, PHC Vannapuram, Block Purapuzha. District RRT investigated the outbreak. Water reservoir with larval breeding found in cocoa and rubber plantations and indoor unattended reservoirs. 35 blood samples collected and sent to District hospital, Todupura and 15 found positive NS1 IgM Elisa Positive. All cases treated symptomatically. Source reduction activities undertaken. Health education given."
Kerala,Ernakulam,Dengue,36,0,21-05-19,,Under Surveillance,"Cases reported from Village Angamaly, Block Angamaly. District RRT investigated the outbreak. A total of 5 samples tested at RPH Lab Ernakulam tested positive for Dengue by IgM ELISA. RRT visited the area. Fogging done. Source reduction activities done. Health education given."
Karnataka,Chikkamagaluru,Dengue,15,0,21-05-19,,Under Control,"Cases reported from Village Gowdanahalli, PHC/CHC KR Pete, Taluk Chikkamagaluru. District RRT investigated the outbreak. Primary treatment given to all fever cases. Relevant blood investigation were done to rule out Malaria, Dengue and Chikungunya. IEC regarding Dengue and other vector born disease have been given to the community. Door to door fever survey done. Aedes larva survey and breeding site source reduction being done. One blood samples for Dengue and Chikungunya, tested positive for Dengue by NS1 ELISA. Blood smears-Negative for MP. All cases treated symptomatically. Health education given."
Karnataka,Haveri,Dengue,65,0,31-03-19,,Under Surveillance,"Cases reported from Village Kalalakonda, PHC/CHC Hattimathur, Taluk Savanur. District RRT investigated the outbreak. Poor sanitary conditions were prevalent in the village. 6 blood samples taken for dengue testing and 2 found positive by IgM ELISA. Water stored in houses for domestic purposes had larval breeding. Fogging done. Fever survey started. All cases treated. Indoor spraying done."
Karnataka,Tumkur,Food Poisoning,11,0,25-05-19,,Under Control,"Cases reported from Village Shasamaru, PHC/CHC Doddahulikunte, Taluk Sira. District RRT investigated the outbreak. 50 members have attended marriage function in the village of which 11 members complained of vomiting and loose stools after consuming food. All cases treated at PHC. Health education given. Potable water made available. 1 vomitus sample sent to DPHL and 2 water samples sent to DPHL Tumkur, result awaited. Vomitus tested positive for Aeromonas Hydrophillia. 12 | P a g e"
Karnataka,Vijayapur,Acute Diarrheal Disease,21,0,27-05-18,,Under Surveillance,"Cases reported from Village Harnal, PHC/CHC konnur, Taluk Muddebihal. District RRT investigated the outbreak. Cases occurred after people consumed water from a contaminated source. Regular Chlorination of all water sources was instructed Pipeline leakages were repaired. Health education given. 7 water samples collected and 4 found unfit for consumption by H2S test. All cases treated. Health education given."
Maharashtra,Buldhana,Acute Diarrheal Disease,48,0,19-05-19,,Under Control,"Cases reported from Village Dhamangaon Badhe, PHC Dhamangaon Badhe, Block Motala. District RRT investigated the outbreak. Due to the collapse of pipeline in the adjoining area the water supply got contaminated. All cases treated. Pipeline damage repaired. Water supply chlorinated."
Maharashtra,Palaghar,Dengue,8,0,24-05-19,,Under Surveillance,"Cases reported from Village Chaudhari pada, Bauddhawadi, SC Khupri, PHC Kudus, Block Wada. District RRT investigated the outbreak. Larval breeding observed in water storage tank in the village. 9 samples tested out of which 5 were NS1 ELISA positive & 2 IgM ELISA positive. House to house monitoring done, container survey done. All cases treated symptomatically. Source reduction activities undertaken. Health education given."
Maharashtra,Raigad,Dengue,24,0,20-05-19,,Under Surveillance,"Cases reported from JSW Company Tata Project, L&T Company Wadkhal, L&T Company Kharpale, SC Bori & Dolvi, PHC Gadab, Taluka Pen. District RRT investigated the outbreak. Non Cleanliness in company premises was leading to mosquito breeding. Entomological survey done HI - 20.0, BI - 33.0, CI - 13.0. 4 Sample Sent to JJ Hospital and all 4 found positive for Dengue by IgM ELISA. 13 Blood Sample Tested for Malaria and Found Negative. Fogging done. All cases treated symptomatically. Source reduction activities undertaken. Health education given."
Odisha,Koraput,Anthrax,8,0,10-05-19,,Under Control,"Cases reported from Village Anlajodi, GP/SC Chipakhur. Block Boipariguda. District RRT investigated the outbreak. 7 no. Of samples collected, result awaited. Patients Treated with Doxycycline, Ciprofloxacin. Povidone Iodine ointment. All cases treated symptomatically. Health education given. 13 | P a g e"
Tamil Nadu,Karur,Hepatitis A,6,0,30-05-19,,Under Surveillance,"Cases reported from Plain, Village Nehrunagar, HSC Vedichipalayam, PHC Vengal, Block Karur. District RRT investigated the outbreak. 6 serum samples sent to DPHL Karur, 5 found positive for Hepatitis A by IgM ELISA. OHT cleaning and water chlorinated daily. Leakages in pipeline were identified and repaired. House to house survey done. All cases treated. Health education given."
Uttar Pradesh,Siddharth Nagar,Chickenpox,7,0,26-05-19,,Under Surveillance,"Cases reported from Village Pikaura, SC Khantara, PHC Dumariyagunj, Block Dumariyagunj. District RRT investigated the outbreak. District RRT investigated the outbreak. Cases presented with fever and maculopapulovesicular rash. IEC activities undertaken regarding isolation and early treatment of cases. All cases treated symptomatically."
Assam,Bongaigaon,Acute Encephalitis Syndrome,1,1,09-06-19,15-06-19,Under Surveillance,"A case resident of Village/SC Choto Borjona, PHC Srijangram presented symptoms of fever, vomiting, headache, semi-consciousness, neck pain on 9th 01-06-19 and was admitted to Bongaigaon Civil Hospital on 13th 01-06-19. Case had no travel history and was unaware of immunization status for JE. Case was discharged on leave against medical advice (LAMA) and later died on the way to home on 13th 01-06-19. District RRT investigated the outbreak. House to house survey done. 54 blood slides were collected; result awaited. Fogging done in that affected area. Awareness campaign regarding vector borne disease were carried out in the affected area."
Assam,Lakhimpur,Food Poisoning,75,0,11-06-19,12-06-19,Under Surveillance,"Cases reported from Village Murtia, SC Batomari. BPHC Dhakuakhana. District RRT investigated the outbreak. District RRT members investigated the outbreak. All cases consumed Maha Prasad in a religious ceremony and presented symptoms with loose motion and vomiting. 3 rectal swabs were collected and sent to DPHL Lakhimpur showed growth of normal flora and 1 swab sample showed the growth of Klebshiella oxytoca. 2 water samples collected and tested at DPHL Lakhimpur wer satisfactory (MPN test). Food samples (Banana, Gram) collected and sent to NLP; result awaited. All cases treated symptomatically. Health education given regarding safe drinking water and prsonsl hygiene."
Assam,Sonitpur (Tezpur),Diphtheria,1,0,06-06-19,13-06-19,Under Surveillance,"A Case reported from Village/SC Ghoramara, Dhekiajuli Singri Ghoramara. The case was admitted in Infectious Disease Hospital on 11th 01-06-19. District RRT investigated the outbreak. House to house survey done. 1 throat swab was collected and sent to GMCH, Guwahati showed growth of C.diptheriae. Health education given. 4 | P a g e"
Assam,Udalguri,Acute Encephalitis Syndrome,1,1,10-06-19,14-06-19,Under Surveillance,"A 6yr old female resident of Dunseri Tea Estate, SC Dalanibasti, BPHC Orang presented symptoms of Fever, headache, neck rigidity, change in mental status was admitted in Tezpur Medical College & hospital on 28th 01-05-19. And later expired on the same day. Serum sample collected and tested at TMCH were negative for JE. District RRT investigated the outbreak. House to house survey done. Awareness campaign regarding vector borne disease were carried out in the affected area."
Chhattisgarh,Janjgir,Acute Diarrheal Disease,24,0,10-06-19,13-06-19,Under Control,"Cases reported from Village Dhabadih, CHC Pamgarh, Sector Dongargoha, Section Shashah. District RRT investigated the outbreak. House to house survey done. ORS packets and chlorine tablets distributed in the community. IEC done regarding safe drinking water and personal hygiene."
Delhi,North Delhi,Cholera,4,0,10-06-19,12-06-19,Under Surveillance,"Cases reported from urban area of Malik Pur, Model Town. District RRT investigated the outbreak. House to house survey done. Out of 26 stool samples were collected and sent to MVIDH, Delhi; 4 samples were positive for Cholera culture. All cases treated locally. ORS packets were distributed in the affected area. DJB and other civic bodies were involved in awareness campaign regarding safe water drinking and personal hygiene. Health education given."
Gujarat,Mahesana,Acute Diarrheal Disease,13,0,13-06-19,13-06-19,Under Control,"Cases of loose motion and vomiting reported from Village Virsoda, PHC Nadasa Ta-Jotana. District RRT investigated the outbreak. House to house survey done. Pipeline leakages were observed in the community. Water samples collected and sent to Jal Bhavan; result awaited. All cases treated symptomatically. Chlorine tablets and ORS packets were distributed in the community. Pipeline leakages were repaired. Health education given regarding personal hygiene and sanitation. 5 | P a g e"
Gujarat,Gandhi Nagar,Cholera,3,0,12-06-19,18-06-19,Under Control,"Cases reported from Village Dharisana, PHC Patnakuva, Block Dahegam. District RRT investigated the outbreak. 03 stool samples collected and sent to GMERS Gandhinagar; were positive for cholera culture. Cases treated symptomatically. Chlorine tablets and ORS packets were distributed in the affected area. Health education given regarding personal hygiene and sanitation."
Haryana,Nuh,Measles,7,0,07-06-19,12-06-19,Under Control,"Cases of fever with rash, cough, coryza and conjunctivitis reported from Village Sirolli, PHC Shikrawa. District RRT investigated the outbreak. All cases were found partially immunized. 02 blood samples collected, sent to NCDC Delhi; result awaited. All cases treated symptomatically. Vitamin A supplementation provided. Health education given regarding isolation of cases."
Jammu And Kashmir,Shopian,Hand Foot Mouth Disease,40,0,08-06-19,11-06-19,Under Surveillance,"Cases of fever, headache, poor appetite, sore throat, rashes on hands and soles reported from Block Shopian. District RRT investigated the outbreak. House to house survey done. Cases treated symptomatically. Awareness on personal hygiene and sanitation imparted in the affected area. Health education given regarding isolation of cases."
Kerala,Kannur,Malaria,3,0,10-06-19,15-06-19,Under Control,"Cases reported from Village Pinarayi, Kottayam (M), Purakkalam. District RRT investigated the outbreak. A family comprising of mother and children travelled to Chennai on 1st 01-05-19. On 8th 01-06-19 they returned to Kannur and presented symptoms of fever and later blood smear were positive for Malaria PV; tested at Shemi Hospital Thalassery. District RRT investigated the outbreak. House to house survey done. IRS, fogging and other IVM activities were carried out in the affected area. Health education given. 6 | P a g e"
Karnataka,Hassan,Food Poisoning,35,0,06-06-19,11-06-19,Under Control,"Cases reported from Village Holenarasipura, Keragod, Jodigubbi. District RRT investigated the outbreak. Active search of cases done. All the cases consumed food (chicken) and presented symptoms with loose motion and vomiting. 1 stool collected and sent to DSU was negative for cholera culture. 3 water samples collected; result awaited. Cases treated symptomatically. Health education given regarding food hygiene and sanitation."
Karnataka,Chitradurga,Shigellosis,46,0,09-06-19,10-06-19,Under Surveillance,"Cases reported from Village Tonachenahalli, PHC Srirampura, Taluk Hosadurga. District RRT investigated the outbreak. Active search of cases done. All the cases consumed food and presented symptoms with loose motion and vomiting. Out of 8 stool samples collected and sent to District Hospital Chitradurga; 1 sample showed growth of Shigella. All cases treated symptomatically. Health education given regarding food hygiene and sanitation."
Karnataka,Kalaburagi,Acute Diarrheal Disease,40,0,11-06-19,12-06-19,Under Control,"Cases reported from Village Gudur, PHC/CHC Naribol, Taluk Jewargi. District RRT investigated the outbreak. House to house survey done. Out of 7 water samples were collected and sent to DPHL; 5 samples were non potable. All 3 stool samples collected and tested at DPHL were negative for enteropathogens. Chlorination of water sources done. All cases treated symptomatically. Health education given."
Maharashtra,Jalgaon,Shigellosis,32,0,08-06-19,11-06-19,Under Surveillance,"Cases reported from Village Kolnhavi, SC Dambhurni, PHC Kingaon, Block Block Yawal. District RRT investigated the outbreak. District RRT investigated the outbreak. House to house survey done. Pipe line leakages were observed in the affected area. 06 stool samples collected and sent to GMC Aurangabad; 1 sample showed growth of Shigella. Out of 10 water samples sent to DPHL Lab; 2 samples were not potable. All cases treated symptomatically. Pipeline leakages were repaired by the Panchayat. Chlorination of water sources done. Health education given. 7 | P a g e"
Maharashtra,Sangli,Malaria,7,0,04-06-19,11-06-19,Under Surveillance,"Cases reported from Aditi Juice Factory, Village/PHC Nerle, SC Nerle 2, Block Walwa. District RRT investigated the outbreak. Active search of cases done. All the 7 blood smear collected were found positive for malaria parasite. All the cases were migrant labours from District Badaun of Uttar Pradesh. All cases treated locally. Source reduction activities undertaken. Awareness camp regarding prevention and control of vector borne disease were carried out in the affected areas."
Madhya Pradesh,Badwani,Acute Diarrheal Disease,31,0,12-06-19,14-06-19,Under Surveillance,"Cases reported from Village Panjhriya (Khartya Faliya), SC Panjhriya, PHC Dhawali, Sendhwa. District RRT investigated the outbreak. House to house survey done. 03 stool samples collected and sent to MGM, Indore; result awaited. 02 water samples sent to PHE Barwani Lab; result awaited. Chlorination of water sources done. ORS packets and chlorine tablets were distributed in the community. All cases treated symptomatically. Health education given."
Madhya Pradesh,Dhaar,Food Poisoning,30,0,11-06-19,14-06-19,Under Control,Cases reported from Village Rajgarh PHC Rajgarh Block Sardarpur. District RRT investigated the outbreak. Active search of cases done. All cases consumed food (ice gola). All cases treated symptomatically. ORS packets were distributed in the community. Health education given.
Madhya Pradesh,Dhaar,Acute Diarrheal Disease,63,0,09-06-19,11-06-19,Under Control,Cases reported from Village Dhapla PHC Guraj Blok Dharmpuri. District RRT investigated the outbreak. House to house survey done. All cases treated symptomatically. ORS packets were distributed in the community. Chlorination of water sources done. IEC done regarding safe drinking water and personal hygiene. 8 | P a g e
Odisha,Angul,Acute Diarrheal Disease,8,1,11-06-19,14-06-19,Under Control,"Cases reported from Village Pokanda (Guriamunda Sahi), SC G. Tapdhola, CHC Madhapur, Block Anthamalik. District RRT investigated the outbreak. House to house survey done. All the 4 water samples were collected were tested potable for drinking purposes. Out of 2 rectal swabs collected; 1 swab showed growth of Citrobacter spp. All cases treated symptomatically. One death occurred in a 60yr old female. ORS packets were distributed in the community. Chlorination of water sources done. IEC done regarding safe drinking water and personal hygiene."
Punjab,Patiala,Cholera,141,2,16-06-19,16-06-19,Under Surveillance,"Cases reported from Village Bathonia, Block Harpalpur. District RRT investigated the outbreak. District RRT investigated the outbreak. House to house survey done. Pipe line leakages were observed in the community. 5 water samples collected were non potable. Out of 8 stool samples were collected and sent to DPHL Patiala; 4 samples were positive for cholera (ogawa). Death occurred in 20yr old female and 30yr old male. All cases treated symptomatically. Temporary medical camps organized. Alternative drinking water supply provided. Pipe line leakages were repaired. ORS packets were distributed in the community. Chlorination of water sources done. IEC done regarding safe drinking water and personal hygiene."
Tamil Nadu,Dindigul,Leptospirosis,15,0,10-06-19,11-06-19,Under Control,"Cases reported from Village/SC Adalur, PHC Kannivadi, Block Reddiarchatram. District RRT investigated the outbreak. House to house survey done. 15 blood smear collected were negative for malaria. Out of 5 serum samples collected; 3 samples were positive for Leptospirosis (IGM ELISA). All cases treated symptomatically. Health education given. 9 | P a g e"
Tamil Nadu,The Nilgiris,Acute Diarrheal Disease,16,0,13-06-19,16-06-19,Under Control,"Cases reported from Village Nedugula and Selakorai, SC VOC Nagar, PHC/Block Nedugula (Kotagiri). District RRT investigated the outbreak. House to house survey done. All 02 water samples were collected and sent to DPHL Nilgiris were non potable for drinking purposes. 3 stool sample collected; result awaited. All cases treated symptomatically. ORS packets were distributed in the community. Chlorination of water sources done. IEC done regarding safe drinking water and personal hygiene."
Tamil Nadu,Dharmapuri,Dengue,52,0,16-06-19,16-06-19,Under Control,"Cases reported from Village Kondagarahalli, SC Thippireddihally, PHC B.Mallapuram, Block Pappireddipatti. District RRT investigated the outbreak. House to house survey done. Out of 5 serum samples sent to DPHL Dharmapuri; 4 samples were found positive for Dengue (IgM ELISA); 2 samples were found positive for Leptospirosis (IgM ELISA) and 1 sample was positive for Scrub Typhus. All cases treated symptomatically. Health education given."
Uttar Pradesh,Auraiya,Acute Diarrheal Disease,70,0,08-06-19,13-06-19,Under Surveillance,"Cases reported from Village Daulatpur, Block Bhagyanagar, SC Ramnagar, PHC Dewarpur, CHC Dibiyapur. District RRT investigated the outbreak. House to house survey done. Water sample collected were non potable. All cases treated symptomatically ORS packets and chlorine tablets were distributed in the community. IEC done regarding safe drinking water and personal hygiene."
Uttar Pradesh,Auraiya,Food Poisoning,35,0,11-06-19,12-06-19,Under Control,"Cases reported from Village Biriya, SC Kakhautoo, PHC Khanpur, Block Ayana. District RRT investigated the outbreak. District RRT investigated the outbreak. Active search of cases done. All cases consumed food in marriage ceremony and presented symptoms with vomiting and loose motion. All cases treated symptomatically. Food samples were collected; result awaited. Health education given. 10 | P a g e"
Uttar Pradesh,Bara-Banki,Chickenpox,6,0,12-06-19,14-06-19,Under Control,"Cases reported from Village Post-Gadiya, CHC Jatabarauli, Block Banki. District RRT investigated the outbreak. House to house survey done. Affected children were below 15yrs of age group. Symptomatically treatment was given all cases. Health education given."
Uttar Pradesh,Bara-Banki,Food Poisoning,14,0,13-06-19,14-06-19,Under Control,"Cases reported from Village Usmanpur, Post/CHC Kothi, Block Siddhaur. District RRT investigated the outbreak. Active search of cases done. All cases consumed food in a social ceremony. All cases treated symptomatically. ORS packets were distributed in the community. Health education given."
Uttar Pradesh,Bara-Banki,Chickenpox,36,0,11-06-19,13-06-19,Under Control,"Cases reported from Village Lalapur, Post/CHC/Block Dewa. District RRT investigated the outbreak. Active search of cases done. All cases treated symptomatically. Health education given."
Uttar Pradesh,Jhansi,Food Poisoning,36,0,11-06-19,13-06-19,Under Control,"Cases reported from urban area of Ward No- 41, K K Puri Colony, Awas Vikas Jhansi. District RRT investigated the outbreak. All cases consumed food in marriage ceremony and presented symptoms with vomiting and loose motion. Food samples were collected; result awaited. All cases treated symptomatically. Health education given."
Uttar Pradesh,Fatehpur,Food Poisoning,32,0,06-06-19,10-06-19,Under Control,"Cases reported fromVillage Manjhkhor Eitgaon, CHC Khaga, Block Aeranya. District RRT investigated the outbreak. All cases consumed food in social ceremony and presented symptoms with vomiting and loose motion. Food samples were collected; result awaited. All cases treated symptomatically. Health education given."
Uttar Pradesh,Kaushambi,Chickenpox,17,0,06-06-19,10-06-19,Under Control,"Cases reported from Village Mozampur, SC Pindara Sahawanpur, PHC Manjhanpur NPHC Karari. District RRT investigated the outbreak. Active search of cases done. Affected children were below 15yrs of age group. Symptomatic treatment given to cases. IEC done regarding isolation of cases and personnel hygiene. 11 | P a g e"
Uttar Pradesh,Lucknow,Chickenpox,8,0,08-06-19,10-06-19,Under Control,Cases reported from Village Jagdishpur CHC Malihabad Lucknow. District RRT investigated the outbreak. House to house survey done. 05 blood samples collected sent to KGMC Lucknow; result awaited. Symptomatic treatment was given all cases. Health education given.
Uttar Pradesh,Lucknow,Chickenpox,11,0,08-06-19,10-06-19,Under Control,"Cases reported from Village Gayatri Nagar, NauBasta Madarsa Madiyaon UPHC Dudauli, and Lucknow. District RRT investigated the outbreak. House to house survey done. 01 blood samples collected sent to KGMC Lucknow; result awaited. Symptomatic treatment was given all cases. Health education given."
West Bengal,Purulia,Acute Diarrheal Disease,25,0,10-06-19,10-06-19,Under Surveillance,"Cases reported from Village Manpur, Hamlet- Kalindipar, SC Bamundiha, Block Barabazar. District RRT investigated the outbreak. Community utilized pond water and tube well water for drinking and domestic purposes. 02 rectal swab collected and sent to BSMCH Lab; showed growth of normal commensal bacteria. Water sample from pond and Tube well collected (H2S vial) were non potable for drinking purposes. All cases treated symptomatically. Health education given regarding personal hygiene and sanitation. 12 | P a g e DISEASE OUTBREAKS OF PREVIOUS WEEKS REPORTED LATE Unique ID. Name of State/UT Name of District Disease/ Illness No. of Cases No. of Deaths Date of Start Outbreak Current Status Comments/ Action Taken"
Andhra Pradesh,Visakhapatnam,Dengue,14,0,03-06-19,,Under Surveillance,"Cases reported from Urban area of Ramalayam Veedhi, Chintapalli, PHC R.V.Nagar, Chintapalli Mandal. District RRT investigated the outbreak. House to house survey done. Out of 14 blood samples collected and sent to the Virology Laboratory, AMC, 6 samples were positive for Dengue (IgM ELISA). All cases treated symptomatically. Elimination of mosquito breeding places were carried out. Panchayat was instructed to provide sanitation and repairs drainages. Pyrethrum spraying done in the affected area. Anti-larval operations were carried out in the affected areas. Health education given."
Assam,Barpeta,Chickenpox,18,0,01-06-19,,Under Control,"Cases of fever with rash reported from Village Kathalmari, SC Pachimkathalmari, CHC Baghmara, BPHC Nityananda. District RRT investigated the outbreak. House to house survey done. 5 blood samples were collected and sent to GMCH, Microbiology; were found positive for Chickenpox (IgM ELISA). Affected children were in the age group as below: Age group No of cases 0-5 yrs 2 6-14 yrs 7 >15yrs 9 All cases treated symptomatically. Health education given."
Assam,Cachar,Fever,8,0,01-06-19,,Under Control,"Cases reported from Village Angarjun, SC Rongpur IV, BPHC Udharbond. District RRT investigated the outbreak. House to house survey done. All cases treated symptomatically. Awareness regarding mosquito control activities done by health workers. Health education given."
Assam,Cachar,Acute Diarrheal Disease,8,0,02-06-19,,Under Control,"Cases reported from Village Angarjun, SC Rongpur Pt IV, BPHC Udharbond. District RRT investigated the outbreak. House to house survey done. All cases treated symptomatically. ORS packets were distributed in the community. IEC done regarding safe drinking water and personal hygiene. 13 | P a g e"
Assam,Jorhat,Fever,32,0,03-06-19,,Under Surveillance,"Cases reported from Village Gayanchuk, Phultol, Da Gharphalia, Kapilachuk, SC Kapilachuk, BPHC Bhogamukh. District RRT investigated the outbreak. House to house survey done. All 32 blood slides collected were negative for malaria parasite. All cases treated symptomatically. Awareness regarding vector borne, water borne diseases was done. Health education given."
Assam,Jorhat,Fever,13,0,03-06-19,,Under Surveillance,"Cases reported from Village Gaon, Sowguri Gaon, Goriasapori Gaon, Gandhali Gaon, SC Eporia, BPHC Solmora BPHC. District RRT investigated the outbreak. Active search of fever cases done. All 13 blood slides collected were negative for malaria parasite. All cases treated symptomatically. Awareness regarding vector borne, water borne diseases was done. Health education given."
Assam,Kamrup Metro,Hepatitis B,6,0,31-05-19,,Under Surveillance,"Cases reported from Village Kamarkuchi, PHC Hahara, BPHC Sonapur. District RRT investigated the outbreak. House to house survey done. All the 6 serum samples collected and tested at DPHL Sonapur were found positive for Hepatitis B (IgM ELISA). Cases were treated at District hospital. Health education given."
Assam,Kamrup Metro,Chickenpox,18,0,06-05-19,,Under Control,"Cases reported from Marwari Maternity Hospital, Athgaon, Zone South. District RRT investigated the outbreak. Active search of cases done. 3 serum samples collected and sent to DPHL Sonapur; result awaited. Symptomatic treatment was given all cases. Health education given."
Assam,Kamrup,Chickenpox,11,0,14-05-19,,Under Control,"Cases reported from Village Rangamati and urban area Ward No -10 & Ward No-4, Polashbari, BPHC Rampur, BPHC Uparhali SC Dohali. District RRT investigated the outbreak. Active search of cases done. All cases treated symptomatically. Health education given."
Assam,Kamrup,Japanese Encephalitis,2,0,06-05-19,,Under Surveillance,"Cases reported from Villages Satdola and Garal Kohaban, SC Satdola and Garal, BPHC Hajo and Azara. District RRT investigated the outbreak. House to house survey done. Rice field were observed in the affected area. 2 serum samples collected and sent to GMCH were positive for JE (IgM ELISA). All cases treated symptomatically. Health education given. 14 | P a g e"
Assam,Nagaon,Chickenpox,29,0,31-05-19,,Under Surveillance,"Cases reported from several villages Chotakandoli-1, Kuhiartoli, Pamtoli, Jargaon, Kamarpar, Darangial, SC Chotakandoli, BPHC Kathiatoli, SD Nanoi. District RRT investigated the outbreak. House to house survey done. 4 blood samples collected and sent to DPHL (IDSP), Kamrup (Metro); result awaited. Majority of the cases were children less than 15yrs of age group. Cases treated at Nonoi SD and Kathiatoli BPHC. IEC done regarding personal hygiene and sanitation. Health education given regarding isolation of cases."
Assam,Nalbari,Acute Encephalitis Syndrome,1,1,02-06-19,,Under Surveillance,"A case resident of Village Borkuriha, SC Gangapukhuri, BPHC Kamarkuchi presented symptoms of fever, vomiting was admitted in SMK Civil Hospital, Nalbari on 03rd 01-06-19. And later shifted to GNRC Hospital. CSF and serum samples collected and tested at GNRC were negative for JE. District RRT investigated the outbreak. House to house survey done. Paddy field and pig farm were observed in the affected area. 9 blood slides were collected were negative for malaria. Fogging done in that affected area. Awareness campaign regarding vector borne disease were carried out in the affected area."
Assam,Sonitpur (Tezpur),Fever,32,0,13-05-19,,Under Control,"Cases reported from Village North Jamuguri Tewaripal, PHC Ghiladharimukh, Majorati, Bokabil, Pokakhati, No-2 Adaveti, Ghiladhaarimukh. District RRT investigated the outbreak. Active search of fever cases done. All 32 blood slides collected were negative for malaria parasite. All cases treated symptomatically. Awareness regarding vector borne, water borne diseases was done. Health education given."
Chhattisgarh,Janjgir,Acute Diarrheal Disease,19,0,26-04-19,,Under Control,"Cases reported from Village Mudpar, PHC Salkhan, Kachanda, CHC Navagarh. District RRT investigated the outbreak. House to house survey done. ORS packets and chlorine tablets distributed in the community. IEC done regarding safe drinking water and personal hygiene."
Chhattisgarh,Janjgir,Chickenpox,19,0,02-04-19,,Under Control,"Cases reported from Village Masaniyakala, PHC Masaniyakala, Block Sakti. District RRT investigated the outbreak. House to house survey done. Symptomatic treatment given all cases. Health education given."
Jharkhand,Ranchi,Japanese Encephalitis,1,1,27-05-19,,Under Surveillance,"A case resident of urban area of Kurban Gali Hindpiri Mohalla, presented symptoms of fever, vomiting was admitted in a hospital. Serum sample collected was positive for Japanese Encephalitis (IgM ELISA). District RRT investigated the outbreak. House to house survey done. Awareness campaign regarding vector borne disease were carried out in the affected area. 15 | P a g e"
Kerala,Kannur,West Nile Fever,1,0,13-05-19,,Under Control,"A 43yr old male resident of Azhikode presented symptoms with fever, altered sensorium was admitted in Kozhikode Medical College. District RRT investigated the outbreak. House to house survey done. Serum sample was collected and sent to NIV, Alappuzha; was positive for West Nile Virus (IgM ELISA). Cases treated symptomatically. Mosquito vector (Culex quinquefasciatus) were identified in the community. Entomological survey done (BI=50); fogging activities were undertaken along with larvicidal spraying in the affected area. Integrated Vector Management activities were carried out in the affected area."
Karnataka,Bangalore Urban,Chikungunya,40,0,05-06-19,,Under Control,"Cases reported from Village Mantapa, PHC/CHC Jigani, Taluk Anekal. District RRT investigated the outbreak. House to house survey done. All 3 serum samples collected were positive for Chikungunya (IgM ELISA). All cases treated symptomatically. Fogging and source reduction activities undertaken. Health education given."
Kerala,Kannur,Dengue,20,0,30-04-19,,Under Surveillance,"Cases reported from Village Payam, HSC Kunntoh, PHC Vallithode, Block Iritty. District RRT investigated the outbreak. House to house survey done. Rubber cultivation is carried out in the affected area. All the 3 blood sample collected and sent to RPH Kannur were found positive Dengue (IgM ELISA). All cases treated symptomatically. Fogging and source reduction activities undertaken. Health education given."
Meghalaya,RI-Bhoi (Nongpoh),Fever,5,0,30-05-19,,Under Control,"Cases reported from Village Tasku-A, Block Jirang. District RRT investigated the outbreak. House to House survey done. Blood samples collected and send to State Referral Lab; result awaited. All cases treated symptomatically. Health education given."
Maharashtra,Chandrapur,Acute Diarrheal Disease,142,0,05-06-19,,Under Surveillance,"Cases reported from Village Wowala, SC Palasgaon, PHC Talodhi, Taluka Nagbhid. District RRT investigated the outbreak. House to house survey done. Out of 07 water samples sent to DPHL Lab; 5 samples were not potable. All cases treated symptomatically. Health education given."
Maharashtra,Sangli,Dengue,12,0,29-05-19,,Under Surveillance,"Cases reported from Village Gavan, PHC Manerajuri, Block Tasgaon. District RRT investigated the outbreak. Out of 5 blood sample collected and sent to General Medical College, Miraj; 5 samples were found positive Dengue (IgM ELISA). All cases treated symptomatically. Entomological survey done. Source reduction activities undertaken. Health education given. 16 | P a g e"
Maharashtra,Sangli,Chikungunya,10,0,13-05-19,,Under Control,"Cases reported from Village/SC Kasabe Digraj, PHC Kavthepiran, Block Miraj. District RRT investigated the outbreak. Out of 4 blood sample collected and sent to Sentinel Lab, Govt Medical College, Miraj; 2 samples were found positive Chikungunya (IgM ELISA). All cases treated symptomatically. Fogging and source reduction activities undertaken. Health education given."
Maharashtra,Sindhudurg (Kudal) Viral,Hepatitis,16,0,25-05-19,,Under Surveillance,"Cases reported from Village/SC Khanoli, PHC Adeli, Taluk Vengurla. District RRT investigated the outbreak. House to house survey done. All 6 blood samples collected and sent NIV Pune were positive for Hepatitis A (IgM ELISA). Out of 2 water samples collected and sent to DPHL; 1 sample found positive for coliform bacteria. All cases treated symptomatically. Chlorination of water sources done. Health education given. FOLLOW UP OF DISEASE OUTBREAKS PREVIOUS WEEKS Unique ID. Name of State/UT Name of District Disease/ Illness No. of Cases No. of Deaths Date of Start Outbreak Current Status Comments/ Action Taken"
Bihar,Muzaffarpur,Acute Encephalitis Syndrome (AES),842,168,22-04-19,,Under Surveillance,"A total of 729 cases and 153 deaths due to AES were reported from Bihar till 26th 01-06-19. Further 113 cases and 15 death were reported till 4th 01-07-19. Out of reported cases and deaths of AES from Bihar, 544 cases and 99 deaths were from alone Muzaffarpur District of Bihar and followed by East Champaran (106 cases, 24 deaths); Sitamarhi (30 cases, 11 deaths); Vaishali (73 cases , 15 deaths) till 4th 01-07-19. Central Team and Medical officer from ROHFW Patna are deputed at State level to support State and District Teams."
Andhra Pradesh,Chittoor,Acute Diarrheal Disease,35,0,19-06-19,19-06-19,Under Control,"Cases reported from Village T.P.Palyam, SC TP.Kota, PHC/Block Nagalapuram Mandal. District RRT investigated the outbreak. 03 Water samples collected and sent to I.P.M, District Public health lab, Tirupati for Bacterial & Chemical examination. House to house survey & Medical Camp conducted in the village for identifying new cases and treatment. Alternated chlorinated water supplied by water tankers. Chlorine tablets, O.R.S packets distributed to the people in the village. Health education given."
Arunachal Pradesh,East Siang,Fever,29,0,18-06-19,19-06-19,Under Control,"Cases reported from Kasturba Gandhi School, under SC Motum, Block Mebo. District RRT investigated the outbreak. 18 blood samples were collected and all found negative for Dengue and JE tested at DPHL Pasighat. Necessary advice for prevention and control in terms of IEC has been imparted to the school teachers and patients. All cases treated symptomatically. Health education given."
Assam,Darrang (Mangaldoi),Food Poisoning,11,0,16-06-19,18-06-19,Under Control,"Cases reported from Village Mollapara, SC Mollapara, BPHC Jaljali. District RRT investigated the outbreak. All had history of consuming food in a ceremony. Of all 12 people who consumed food 11 felt sick with abdominal pain and vomiting. All case treated. The source of drinking water is tube-well. 8 rectal swabs collected and sent to DPHL Darrang. Water sample collected for MPN and H2S bacteriological test. IEC done for safe drinking water, hygiene and sanitation 4 | P a g e"
Gujarat,Ahmedabad,Acute Diarrheal Disease,34,0,24-06-19,25-06-19,Under Surveillance,"Cases reported from Village Mirkua, UHC Dholka, Block Urban Dholka. District RRT investigated the outbreak. There was mixing of drinking water and sewage in the affected area. 2 stool sample taken and sent to Sola Civil Hospital, result awaited. 3 water sample taken for microbiological investigation, result awaited. House to house survey done. IEC done. All cases treated."
Haryana,Panipat,Measles,7,0,19-06-19,24-06-19,Under Control,"Cases reported from Ganpati Factory, Sector 13- 17 CHC Dadlana. District RRT investigated the outbreak. 5 blood samples taken and sent to NCDC Delhi, result awaited. All cases treated under isolation. Health education given."
Jammu And Kashmir,Poonch,Acute Diarrheal Disease,117,0,16-06-19,20-06-19,Under Control,Cases reported from Village Chajala Mendhar. District RRT investigated the outbreak. The affected people had gathered for a religious ceremony and used water from a tanker. All cases treated. Health education given.
Jammu And Kashmir,Pulwama,Hepatitis E,11,0,18-06-19,21-06-19,Under Surveillance,"Cases reported from Village/SC Reshipora, PHC Gulzarpora, Block Pulwama. District RRT investigated the outbreak. 09 Blood Samples collected and sent to out of which 4 found positive for Hepatitis E by .All cases treated. Health education given."
Jammu And Kashmir,Pulwama,Chickenpox,11,0,20-06-19,21-06-19,Under Surveillance,"Cases reported from Village Tengpuna, SC Pathan, PHC Pinglena, Block Pulwama. District RRT investigated the outbreak. Cases were found with febrile illness with acute onset of diffuse (generalized) maculopapulovesicular rash. Health education given to the population about the disease and its preventive measures imparted. All cases treated under isolation."
Karnataka,Hassan,Dengue,11,0,17-06-19,18-06-19,Under Surveillance,"Cases reported from Village Marenahalli, PHC/CHC Gangur, Taluk Belur. District RRT investigated the outbreak. 4 blood samples were collected of which one was positive for Dengue, result for chikungunya is awaited. Entomological survey done. All cases treated. Health education given. 5 | P a g e"
Karnataka,Tumkur,Fever,22,0,16-06-19,18-06-19,Under Control,"Cases reported from Village/PHC/CHC Pattanayakanahalli, Taluk Sira. District RRT investigated the outbreak. 2 serum samples taken and found negative for Dengue and Chikungunya, 1 blood sample was subjected to culture and yielded no growth after 72 hours, result for chicken pox is awaited. All samples were sent to DPHL Tumkur. House to house survey done. IED done."
Kerala,Kasaragod,Dengue,19,0,17-06-19,21-06-19,Under Surveillance,"Cases reported from Hilly, Village Punnakunnu, Eleri and Elerithattu, HSC Narkkilakkad and Bheemanadi, PHC Narkkilakad, Block Nileshwer. District RRT investigated the outbreak. 2 blood serum samples tested positive for Dengue by IG M ELISA at SSH Lab Kanhangad. Water collections and aedes breeding was observed. Health education given. Fogging done. House to house visit done. Personal protective measures recommended."
Kerala,Kozhikode,Food Poisoning,45,0,20-06-19,21-06-19,Under Surveillance,"Cases reported from Manampoyil, Village Meppayur, PHC Meppayur, Block Melady. District RRT investigated the outbreak. Cases were reported from a LP school from students after consuming mid day meal. The meal consisted of Rice, soyabeen curry, cabbage and milk. The food samples were collected by Food and safety department, stool samples were also collected, water samples were also collected. Age group of affected children was between 4-9 years of age. Health education given. All cases treated."
Kerala,Pathanamthitta Suspected,Hepatitis A,8,0,18-06-19,22-06-19,Under Surveillance,"Cases reported from Village Kulanada, HSC Manthuka, PHC Kulanada, Block Vallana. District RRT investigated the outbreak. 2 blood samples and sent to GH Pathanamthitta, result awaited. District RRT investigated the outbreak. It was observed that to disrupted water supply in the area private water tanker was hired for water supply. The water samples were taken, result awaited. House to house survey done. All cases treated. Health education given. 6 | P a g e"
Kerala,Wayanad,Dengue,17,0,17-06-19,19-06-19,Under Surveillance,"Cases reported from Amarakuni, Village Pulpally, HSC Aadikolly and vandikadavu, PHC/CHC CHC Pulpally, Block Sulthan Bathery. District RRT investigated the outbreak. 3 blood samples tested at DH Manathavdi were positive for Dengue by NS1 Ag. It was observed that water was collected over areca palm leaves and having aedes mosquito breeding. House to house survey done. Indoor spraying done. Water bodies were treated with antilarval measures. Health education given."
Maharashtra,Sangli,Acute Diarrheal Disease,58,0,20-06-19,21-06-19,Under Control,"Cases reported from Village/SC/PHC Khanderajuri, Block Miraj. RRT investigated the outbreak. It was observed that unchlorinated water was supplied few days prior to the onset of illness. 3 stool samples taken and sent to GMC Miraj, result awaited. House to house survey done. Chlorinated water supply started. Leakages were repaired. Health education given."
Madhya Pradesh,Nimach,Acute Diarrheal Disease,123,0,20-06-19,22-06-19,Under Surveillance,"Cases reported from Village Kundla, SC KhanKhedi, Sector PHC Mahaghar, Block Manasa. District RRT investigated the outbreak. It was observed that there was leakages in water pipeline. 05 Stool samples taken and sent to PHED. Alternate water was provided till the leakages were repaired. Health education given."
Nagaland,Zunheboto,Chickenpox,5,0,17-06-19,18-06-19,Under Surveillance,"Cases reported from Village Old Town Colony, Zunheboto Sadar. Cases presented with fever, rash and body ache. Diagnosis made on clinical grounds. All the cases treated and advised isolation. Health education given. 7 | P a g e"
Odisha,Cuttack,Jaundice,8,0,22-06-19,24-06-19,Under Control,"Cases reported from Ganga Mandir, Block CMC Cuttack Ward No 18. District RRT investigated the outbreak. Contamination of water due to leakage of pipeline. 04 water and 03 Blood Serum samples collected result awaited. District RRT visit the affected area along with CMC and NUHM staffs. Active surveillance done by distribution of ORS/ Halo zone distributes and IEC activities done. Information shared with PHED for repairing of supply pipeline and supply of alternate water tanker. All cases treated symptomatically. Health education given."
Tamil Nadu,Pudukottai,Leptospirosis,30,0,21-06-19,22-06-19,Under Surveillance,"Cases reported from Village K.Nangupatti (Keela seethakudipatti, Mela Seethakudipatti), HSC Maruthampatti, PHC Neerpalani, Block Viralimalai. District RRT investigated the outbreak. 4 water samples sent to Water lab, Trichy. 15 serum samples sent to DPHL, Aranthangi and 7 found positive for Leptospirosis by IgM ELISA. Health camp organized in the area. All cases treated symptomatically. Health education given."
Tripura,Gomati,Malaria,190,0,18-06-19,18-06-19,Under Control,Cases reported from Village Area Under Ompi Rural Hospital & Ghorakappa PHC Gomati. District RRT investigated the outbreak. Blood samples collected and tested in RDK & Slide and found positive. All cases treated locally. Source reduction activities undertaken. Health education given. Mass screening programme undertaken. Mosquito nets distributed.
Uttar Pradesh,Lucknow,Chickenpox,5,0,17-06-19,18-06-19,Under Surveillance,"Cases reported from Village Kaliya Kheda, Sarojninagar, Lko. District RRT investigated the outbreak. Cases presented with fever and Maculopapular rashes in whole body. 5 Blood Samples taken by RRT, result awaited. Essential Medicines and IEC given by the RRT. All cases treated symptomatically. Health education given. 8 | P a g e"
West Bengal,Burdwan,Acute Diarrheal Disease,40,0,23-06-19,24-06-19,Under Surveillance,"Cases reported from Village Purba Bardhaman/Raina-1/Narugram/Sipta Dighirpar. District RRT investigated the outbreak. Mainly adult people are affected and male, female are equally affected. One rectal swab has been collected on 20.6.2019 and sent to BMC&H. 2 water sample (Tube well) has been collected and sent to DD&PH Lab. Water quality was good of both the sample. MPN 01/100 ml in both the sample. Block RRT visited the area And investigated the outbreak. Medical team has been visiting in area and treated the cases. Serious cases have been admitted to Mahesbati BPHC. Halogen Tabs, ORS have been distributed in the affected area. Health education has been given on hygiene and sanitation. Disinfection of the Tube well has been done. The area is under surveillance. All cases treated symptomatically. Health education given. DISEASE OUTBREAKS OF PREVIOUS WEEKS REPORTED LATE Unique ID. Name of State/UT Name of District Disease/ Illness No. of Cases No. of Deaths Date of Start Outbreak Current Status Comments/ Action Taken"
Assam,Multiple districts,AES,1350,177,25-05-19,,Under Surveillance,"Cases of AES reported from various villages of multiple districts of Assam. State and Central level RRT investigated the outbreak. A total of 3175 blood samples were tested for JE of which 348 were tested positive. A total of 1720628 blood smears were examined of which 238 were positive for P Falciparum, 142 for P Vivax and 3 for both. Of all 177 deaths 76 were due to JE. Extensive vector control measures were taken. Fogging done. Various RRTs constituted. Insecticide treated bed nets distributed. 9 | P a g e"
Assam,Dibrugarh,Acute Diarrheal Disease,70,0,15-06-19,,Under Surveillance,"Cases reported from Village Barbaruah, Khamtighat, Konwergaon. District RRT investigated the outbreak. 3 rectal swabs samples collected and sent to AMCH Dibrugarh and found positive for Shigella Flexineri by Culture. 1 water sample tested at AMCH Dibrugarh was also found positive for Shigella Flexineri. All cases treated. A health camp organized and health education given."
Assam,Sonitpur (Tezpur),Suspected Enteric Fever,6,0,10-06-19,,Under Surveillance,"Cases reported from various villages of PHC Rangapara. District RRT investigated the outbreak. All cases treated. 4 blood samples collected and sent to DPHL Darrang for Culture for Typhoid, result awaited. 5 water samples collected and sent to SRL, IDSP, TMCH, Tezpur, Sonitpur for bacteriological examination, Result awaited. Awareness done in the affected area. Source reduction activities undertaken. Health education given."
Assam,Tinsukia,Food Poisoning,6,3,13-06-19,,Under Surveillance,"Cases reported from Village Bordubi TE BPHc Kakopather. All affected cases were women in the age group of 30-60 years who work in the garden and took lunch together with sharing. The food items were rice, edible ferns, Pumpkin, Cucumber and Bamboo shoot. DRRT visited the affected garden for investigation on 14062019. Three women died of illness in hospital. Raw Rice and Flour samples have been collected by Food Safety Officer and sent to State Public Health Laboratory Guwahati for Biochemical analysis, Result awaited."
Bihar,Gopalganj,Chickenpox,6,0,14-06-19,,Under Surveillance,"Cases reported from Village Kushahar, SC Pakhri, PHC / Block Sidhwaliya. District RRT investigated the outbreak. All affected were males and belonged to low socio economic class. All were treated and advised isolation for atleast 8 days. 5 Blood Sample collected and sent to PMCH Patna for chicken pox, result awaited. Health education given."
Bihar,Gopalganj,Chickenpox,9,0,13-06-19,,Under Surveillance,"Cases reported from Village Jagdishpur, SC Rajapatti,, PHC Baikunthpur,, Block Baikunthpur. District RRT investigated the outbreak. All affected belonged to low socio economic class. All were treated and advised isolation for atleast 8 days. 5 Blood Sample collected and sent to PMCH Patna for chicken pox, result awaited. Health education given. 10 | P a g e"
Chhattisgarh,Raipur,Hepatitis E,8,0,14-06-19,,Under Control,"Cases reported from Village Tulsi Nagar, Kushalpur, Ward No.64, Raipur. District RRT investigated the outbreak. During investigation it was found that drinking municipal water got mixed with sewage. 13 blood samples were collected and 8 were confirmed Hepatitis E at Government Medical college Raipur by IgM ELISA. All cases treated. Health education given. PHE department was informed to take sanitation and hygiene work."
Jharkhand,East Singhbhum,Dengue,8,0,15-06-19,,Under Surveillance,"Cases reported from Block Jugsalai Cum Golmuri., East Singhbhum. Cases presented with fever, body ache headache and weakness. A total of 42 serum samples collected and sent to referral Lab MGM Medical College Jamshedpur and 8 Samples found positive for Dengue by IgM ELISA. DRRT investigated the outbreak. House to house survey is done. Source reduction being carried out. IEC & BCC activity done and all preventive measures are being taken. All cases treated symptomatically."
Jammu And Kashmir,Baramulla,Chickenpox,8,0,15-06-19,,Under Surveillance,"Cases reported from Village Kawachak, SC Sheikhpora, Block Kreeri. District RRT investigated the outbreak. Health education regarding spread of the disease. Isolation of the affected children done. Pamphlets with health advisories distributed. Making done in the local mosque. All cases treated symptomatically."
Karnataka,Chamarajanagar,Chikungunya,32,0,15-06-19,,Under Surveillance,"Cases reported from Village Chikkabegur, PHC/CHC Aralikatte, Taluk Chamarajanagar. District RRT investigated the outbreak. It was observed that pipeline leakages have created fresh water pits in which aedes mosquito breeding was found. Indoor breeding was also observed during house to house visit. Cases presented with fever, bodyache and joint pains. Source reduction activities undertaken. 4 blood samples taken and sent to DSL Chamrajnagar, 2 found positive for Chikungunya by IgM ELISA."
Karnataka,Dakshina Kannada,Hepatitis E,10,0,10-06-19,,Under Surveillance,"Cases reported from Village Kudumbur, PHC UPHC Kulai, Taluk Mangalore. District RRT investigated the outbreak. Cases presented with symptoms like fever, anorexia, nausea, vomiting along with Jaundice. A total of 4 blood samples taken and sent to DPHL and tested positive for Hepatitis E. 4 water samples were also taken and found unpotable by MPN and H2S test. Health education given. 11 | P a g e"
Karnataka,Dakshina Kannada,Dengue,21,0,03-06-19,,Under Surveillance,"Cases reported from Village Gorakshadandu, PHC/CHC UPHC Jeppu, Taluk Mangalore. District RRT investigated the outbreak. Cases presented with fever, headache, body ache and vomiting. All of them were positive for Dengue by card test for NS1 antigen. A total of 16 samples were taken and sent to DPHL of which 5 were positive for Dengue by ELISA. House to house fever survey done. Health education given. Fogging was carried out in the area."
Meghalaya,West Garo Hill,Japanese Encephalitis,13,1,08-04-19,,Under Surveillance,"Cases reported from Village West Garo Hills. District RRT investigated the outbreak. Symptoms of the majority patients are headache, Joint pain and fever, cough. Most of the patients are above the age of 15 years. 67 blood samples tested out of which 13 were positive for JE by Ig M ELISA. Health education given."
Maharashtra,Kolhapur,Dengue,7,0,15-06-19,,Under Surveillance,"Cases reported from (Tipugade and Nikam galli) Kalamba, SC Kalamba, PHC Kaneri, Block Karveer. District RRT investigated the outbreak. Entomological indices are HI: 16.86 %, CI: 8.90 %, BI: 20.48 %. 8 Blood Serum taken out of which 5 are positive for Dengue by IgM ELISA at SSH CPRH Kohlapur. House to house survey done. Pit holes were filled. Breeding places were destroyed. Fogging done. Personal protective measures recommended."
Maharashtra,Satara,Dengue,6,0,28-05-19,,Under Surveillance,"Cases reported from Village Varade, SC Belawade, PHC Umbraj, Block Karad. District RRT investigated the outbreak. House to house fever survey done. Water collections were dried or emptied. People were advised to cover water collected for domestic purposes. Increase in larval density found. 6 Blood samples taken and sent to Civil hospital Satara out of which 5 found positive for Dengue by IgM ELISA. Fogging done."
Madhya Pradesh,Bhind,Acute Diarrheal Disease,34,0,12-06-19,,Under Surveillance,"Cases reported from Village Arjuddhpura, PHC Surpura, CHC Ater. District RRT investigated the outbreak. House to House survey done. 08 stool samples collected for Bacteriological test and sent to Microbiology Gwalior, water sample collected sent to PHE Bhind and found faecally contaminated. All cases treated. Chlorination done of all water source of village. Health education given. 12 | P a g e"
Odisha,Balasore,Jaundice,7,0,10-06-19,,Under Surveillance,"Cases reported from Village Munipada Malliksahi Under Balasore Municipality, UPHC Sunhat. District RRT investigated the outbreak. The affected area was a socioeconomically backward area. The water line was mixing with sewage line. 04 Water samples collected from Govt. Tube well and affected house for testing at DPHL, result awaited. All cases treated symptomatically. Health education given. Chlorine tablets distributed to the community for household chlorination."
Rajasthan,Baran,Hepatitis,6,0,14-06-19,,Under Surveillance,"Cases reported from Village Baran City Colony, Jhalriya Kua Baran. District RRT investigated the outbreak. 05 Serum samples collected and sent to MBS Hospital Kota and all found positive for Hepatitis E by IgM ELISA. 9 water samples taken and sent to PHED Baran and all found satisfactory. House to house survey done. Health education given. All cases treated."
Uttar Pradesh,Bahraich,Measles,13,1,12-06-19,,Under Surveillance,"Cases reported from Village Keshwapur, Block- Tejwapur. District RRT investigated the outbreak. District RRT visited the affected village and found 13 suspected measles cases on house to house survey. Out of 13 cases 7 were male and 6 were female. No travel history recorded. Out of 13 cases 6 cases were found vaccinated with 2 doses of measles vaccine while the status of 7 cases was unknown. One case aged 15 years died of illness. 5 serum samples taken, result awaited. Vitamin A supplementation given. IEC done. All cases treated."
Uttar Pradesh,Bareilly,Malaria,2102,0,28-01-19,,Under Surveillance,"Cases reported from Tehsil Aonla, Bloks- Majhgawan, Ramnagar, Bhamora, Kyara and less Affected other blocks Bareilly. District RRT investigated the outbreak. 19942 Blood slides examined out of which 130 were PF positive and 1972 were PV positive. Active Surveillance is being carrying out, daily fever tracking. Daily fever camps organised in the affected areas. All cases treated locally. Source reduction activities undertaken. Health education given."
Uttar Pradesh,Lucknow,Chickenpox,7,0,15-06-19,,Under Surveillance,"Cases reported from Village Bhadwana, PHC Kasmandikala, CHC Malihabad. District RRT investigated the outbreak. Cases presented with fever and Maculopapular rashes in body. 3 blood samples taken by RRT, result awaited. Essential Medicines and IEC given by RRT. All cases treated symptomatically. Health education given."
Assam,Dhemaji,Suspected Meningitis,1,1,23-06-19,25-06-19,Under Surveillance,"A case resident of Nepali Basti, Block Jonai presented symptoms of headache, vomiting and fever was admitted in AMCH, Dibrugarh and later expired on 12th 01-06-19. Blood and CSF samples were collected and tested for JE; were negative for JE (IgM ELISA). District RRT investigated the outbreak. House to house survey done. 71 blood smears were collected; result awaited. All cases treated symptomatically. Fogging done. Health education given."
Bihar,Buxar,Measles,9,0,20-06-19,29-06-19,Under Control,"Cases reported from Villages Pandeypatti, Naya Bazar, SC Pandey Patti, Block Buxar Sadar. District RRT investigated the outbreak. 05 blood samples collected, sent to WHO lab; result awaited. All cases treated symptomatically. Vitamin A supplementation provided. Health education given regarding isolation of cases."
Chhattisgarh,Rajnandgaon,Acute Diarrheal Disease,39,0,21-06-19,24-06-19,Under Surveillance,"Cases reported from Village Malpuri, PHC/SC Surgi, Block Ghumka. District RRT investigated the outbreak. House to house survey done. 01 stool sample collected and sent to GMCH Rajnandgaon; result awaited. Cases treated symptomatically. Chlorine tablets and ORS packets were distributed in the affected area. Health education given regarding personal hygiene and sanitation."
Himachal Pradesh,Kangra Viral,Hepatitis?,13,0,24-06-19,25-06-19,Under Surveillance,"Cases reported from Village Chowki Khalet (Tea Garden), SC Chowki Khalet, Block Gopalpur. District RRT investigated the outbreak. House to house survey done. Blood samples collected; result awaited. All cases treated symptomatically. Chlorination of water sources done. Health education given."
Jammu And Kashmir,Srinagar,Chickenpox,12,0,29-06-19,29-06-19,Under Control,"Cases reported from Sangri Khonmoh Govt boys Middle school, Block Hazratbal. District RRT investigated the outbreak. House to house survey done. Symptomatic treatment given all cases. Health education given regarding isolation of cases. 4 | P a g e"
Jharkhand,Dumka,Food Poisoning,91,0,29-06-19,29-06-19,Under Control,"Cases reported from Village Bagmari & Chandanpahari, PHC Sahara, CHC Jarmundi. District RRT investigated the outbreak. All cases consumed food in marriage ceremony and presented symptoms with vomiting and loose motion. All cases treated symptomatically. Health education given."
Jharkhand,East Singhbhum,Malaria,44,1,28-06-19,29-06-19,Under Surveillance,"Cases of fever with chill and rigor reported from Tola Gumrikocha, Village Jungle, SC Rangamatia, Block Dumaria. District RRT investigated the outbreak. House to house survey done. Out of 44 blood samples collected and tested (RDK); 25 samples were positive for malaria (24 blood samples were P. falciparum and 1 sample was P. vivax). Symptomatic treatment provided to all cases. Entomological survey done. DDT spraying and LLIN distributed in the block. Source reduction activities undertaken. Health education done."
Jharkhand,East Singhbhum,Japanese Encephalitis,50,0,20-09-19,29-06-19,Under Surveillance,"Cases reported from Village Baraol, SC Kesherda. District RRT investigated the outbreak. House to house survey done. Rice fields and pig rearing were observed in the affected area. 48 blood samples tested were negative for malaria (RDK). Out of 29 serum samples collected and sent to MGM Medical College; 8 samples were positive for JE and 2 samples were positive for Chikungunya (IgM ELISA). All cases treated symptomatically. Awareness regarding mosquito control activities done by health workers. Health education given."
Jharkhand,Latehar,Measles,13,0,24-06-19,25-06-19,Under Control,"Cases reported from Rose Children Home (anathalay). District RRT investigated the outbreak. 05 blood samples collected, sent to RIMS Ranchi; result awaited. All cases treated symptomatically. Vitamin A supplementation provided. Health education given regarding isolation of cases. 5 | P a g e"
Jharkhand,West Singhbhum,Food Poisoning,12,0,28-06-19,29-06-19,Under Control,"Cases reported from Faizul Kuran Madarsha, Ward No-18, Tola Dandasai. District RRT investigated the outbreak. Active search of cases done. All the cases consumed food and presented symptoms with loose motion and vomiting. Out of 4 stool samples collected and sent to DPHL, Chaibasa; result awaited. All cases treated symptomatically. Health education given regarding food hygiene and sanitation."
Jharkhand,West Singhbhum,Malaria?,49,0,25-06-19,27-06-19,Under Control,"Cases reported from Village Tirlipee, SC Kelende, CHC Jhinkpani. District RRT investigated the outbreak. House to house survey done. Out of 49 blood samples collected; 1 sample was positive for malaria (P. falciparum). Symptomatic treatment provided to all cases. Entomological survey done. DDT spraying and LLIN distributed in the block. Source reduction activities undertaken. Health education done."
Kerala,Kasaragod,Malaria,5,0,28-06-19,29-06-19,Under Surveillance,"Cases reported from Village Majbael, HSC Moodambayal, PHC Meenja, Block Mangalpady. District RRT investigated the outbreak. Active search of cases done. All cases were migrant from Uttar Pradesh working in the construction site. Out of 7 blood smear collected 5 sample were positive for malaria (P.V). Vector survey and larval survey done. All cases treated locally. Source reduction activities undertaken. Health education given."
Karnataka,Bangalore Rural,Dengue?,27,0,26-06-19,28-06-19,Under Control,"Cases reported from Village Honnagangaihnapalya, PHC/CHC Modalkote, Taluk Nelamangala. District RRT investigated the outbreak. House to house survey done. 1 sample was positive for Dengue (IgM ELISA). All cases treated symptomatically. Fogging and source reduction activities undertaken. Health education given. 6 | P a g e"
Maharashtra,Godchiroli,Acute Diarrheal Disease,11,0,24-06-19,25-06-19,Under Control,"Cases reported from Village Janala, SC Rekhegaon, PHC Amgaon, Block Chamorshi. District RRT investigated the outbreak. House to house survey done. 10 water samples collected and sent to SDL Chamorshi; 2 samples were non potable. All cases treated symptomatically. Chlorination of water sources done. Health education given regarding personal hygiene and sanitation."
Maharashtra,Raigad,Dengue,15,0,26-06-19,28-06-19,Under Surveillance,"Cases reported from Karambeli, SC Usroli, PHC Wavoshi, Block Khalapur. District RRT investigated the outbreak. House to house survey done. Out of 10 serum samples sent to DPHL Raigad; 5 samples were found positive for Dengue (IgM ELISA). All cases treated symptomatically. Fogging and source reduction activities undertaken. Health education given."
Maharashtra,Ratnagiri,Acute Diarrheal Disease,26,0,26-06-19,28-06-19,Under Surveillance,"Cases reported from Village Terav, SC Terav, PHC Sawarda, Tal Chiplun. District RRT investigated the outbreak. House to house survey done. All 03 water samples were collected and sent to SDH Kamathe were non potable for drinking purposes. All cases treated symptomatically. Chlorination of water sources done. IEC done regarding safe drinking water and personal hygiene."
Madhya Pradesh,Hoshangabad,Viral Hepatitis E,32,0,20-06-19,26-06-19,Under Surveillance,"Cases reported from Village Sirwad, Furtala, Senderwada, SHC Sirwad, Chauraha, Block Babai. District RRT investigated the outbreak. House to house survey done. Out of 8 blood samples collected and sent to GMC Virology Lab Bhopal; 6 samples were positive for HEV (IgM ELISA). 5 water samples were collected sent to PHE lab Hoshangabad; were potable. All cases treated symptomatically. Health education given regarding personal hygiene, Hand hygiene practices and safe drinking water. 7 | P a g e"
Madhya Pradesh,Datia,Acute Diarrheal Disease,17,0,26-06-19,28-06-19,Under Control,"Cases reported from Village Bsbaha, Sub health Centre Dursada, Block PHC Unao. District RRT investigated the outbreak. House to house survey done. 05 stool samples collected and sent to Datia Medical Collage; result awaited. Water samples from tube well were collected and sent to PHE Lab. Datia; result awaited. All cases treated symptomatically. Halogen tablets and ORS packets were distributed in the community. IEC done regarding safe drinking water and personal hygiene."
Manipur,West Imphal,Japanese Encephalitis,3,0,28-06-19,30-06-19,Under Surveillance,"Cases reported from Village Yaikongpao, Kangpokpi, Moidangpokpi Mayai Leikai and Irom Meijao. District RRT investigated the outbreak. House to House survey done. 1 CSF and 4 blood samples collected and sent to SRL JNIMS; 3 samples were positive for JE (IgM ELISA). All cases treated symptomatically. Awareness regarding mosquito control activities done by health workers. Health education given."
Odisha,Nabarangpur,Food Poisoning,12,0,28-06-19,30-06-19,Under Control,"Cases reported from Village: Badamasigaon, Block Nabarangapur. District RRT investigated the outbreak. Active search of cases done. All the cases consumed food (wild mushroom curry) and presented symptoms with loose motion and vomiting. All cases treated symptomatically. Health education given regarding food hygiene and sanitation."
Odisha,Ganjam,Acute Diarrheal Disease,19,0,26-06-19,29-06-19,Under Control,"Cases reported from Village Parvatipur, SC Baranga, Block Patrapur. District RRT investigated the outbreak. House to house survey done. Community consumed contaminated well water for drinking purposes. 06 water samples collected and sent to MKCG MCH, Berhampur; result awaited. All cases treated symptomatically. Halogen tablets and ORS packets were distributed in the community. IEC done regarding safe drinking water and personal hygiene. 8 | P a g e"
Punjab,Kapurthala,Chickenpox,8,0,27-06-19,27-06-19,Under Control,"Cases reported from Village Togawal, PHC Bhanolanga, CHC Kala Sanghian. District RRT investigated the outbreak. House to house survey done. Symptomatic treatment given all cases. Health education given regarding isolation of cases."
Punjab,Shahid Bhagat Singh Nagar,Jaundice,9,0,29-06-19,30-06-19,Under Surveillance,"Cases reported from Village Pojewal, Block Saroya. District RRT investigated the outbreak. House to house survey done. All cases treated symptomatically. Health education given regarding personal hygiene, hand hygiene practices and safe drinking water."
Punjab,Muktsar,Acute Diarrheal Disease,12,0,26-06-19,27-06-19,Under Control,"Cases reported from Village Baba Deep Singh Nagar, Malout. District RRT investigated the outbreak. House to house survey done. 08 stool samples collected; result awaited. All cases treated symptomatically. Halogen tablets and ORS packets were distributed in the community. IEC done regarding safe drinking water and personal hygiene."
Rajasthan,Kota,Viral Hepatitis A,18,0,26-06-19,26-06-19,Under Surveillance,"Cases reported from Village Makbara (Rampura Hospital), UPHC Chandraghata. District RRT investigated the outbreak. House to house survey done. All 9 blood samples collected were positive for HAV (IgM ELISA). 7 water samples were collected; result awaited. All cases treated symptomatically. Chlorination of water sources done. Chlorine tablets distributed in the affected area. Health education given regarding personal hygiene and safe drinking water."
Tamil Nadu,Dharmapuri,Chikungunya,39,0,26-06-19,26-06-19,Under Surveillance,"Cases reported from Village Dhombaragampatti, SC Palayampudur, PHC Palayampudur, Block Nallampalli. District RRT investigated the outbreak. House to house survey done. Out of 5 serum samples sent to DPHL Dharmapuri; 3 samples were found positive for Chikungunya (IgM ELISA); 1 samples were found positive for Leptospirosis (IgM ELISA) and 1 sample was positive for Dengue. All cases treated symptomatically. Health education given. 9 | P a g e"
West Bengal,Paschim Medinipur,Food Poisoning,135,0,26-06-19,27-06-19,Under Control,"Cases reported from Khirpai Municipality, Ward No-1 Chandrakona-I Paschim Medinipur. District RRT investigated the outbreak. Active search of cases done. All the cases consumed food and presented symptoms with loose motion and vomiting. Out of 4 stool samples collected and sent to MMCH; result awaited. All cases treated symptomatically. Health education given regarding food hygiene and sanitation."
Uttar Pradesh,Lucknow,Chickenpox,7,0,28-06-19,29-06-19,Under Control,"Cases reported from Villages Basi Tola, Jauhar Mehlar, Gadhaiya, UFWC Chitwapur. District RRT investigated the outbreak. Active search of cases done. All cases treated symptomatically. Health education given. DISEASE OUTBREAKS OF PREVIOUS WEEKS REPORTED LATE Unique ID. Name of State/UT Name of District Disease/ Illness No. of Cases No. of Deaths Date of Start Outbreak Current Status Comments/ Action Taken"
Arunachal Pradesh,East Siang,Dengue,15,0,03-06-19,,Under Surveillance,"Cases reported from Pasighat Town. District RRT investigated the outbreak. House to house survey done. Out of 31 serum samples sent to RMRC, ICMR, Dibrugarh, Assam; 15 samples were found positive for Dengue (IgM ELISA). All cases treated symptomatically. Source reduction activities undertaken. Health education given."
Chhattisgarh,Baster,Japanese Encephalitis,6,1,19-06-19,,Under Surveillance,"Cases reported from Villages Cholnar, Damaguda, PHC Pandanar, Block Bakawand Darbha. District RRT investigated the outbreak. House to house survey done. Rice fields and duck shelters were observed in the affected area. Out of 6 blood serum samples collected and sent to Lt. Baliram Memorial Govt. Medical College Virology Lab; 3 samples were positive for JE (IgM ELISA). Entomological survey done in the affected area. All cases treated symptomatically. Health education given. 10 | P a g e"
Chhattisgarh,Raipur,Acute Diarrheal Disease,39,0,17-06-19,,Under Surveillance,"Cases reported from urban area of Ward No. 4,5,6 & 7, CHC Abhanpur, Block Abhanpur. District RRT investigated the outbreak. House to house survey done. Water samples collected and sent to JNM Medical College; were not potable. All cases treated symptomatically. Chlorine tablets and ORS packets were distributed in the community. Health education given regarding personal hygiene and sanitation."
Chhattisgarh,Raipur,Food Poisoning,24,0,01-04-19,,Under Control,"Cases reported from Thakur Pyarelal State Institute of Panchayat & Rural Development, Nimora, CHC Abhanpur, Block Abhanpur. District RRT members investigated the outbreak. All cases consumed food in dinnerand presented symptoms with loose motion and vomiting. Stool samples were collected and sent to JNM Medical College; were negative for enteropathogens. Water samples collected and tested at JNM Medical College were non potable. All cases treated symptomatically. Health education given regarding safe drinking water and personal hygiene."
Jharkhand,Lohardaga,Measles,5,0,01-06-19,,Under Control,"Cases reported from Village/SC/PHC/ Rampur, Block Lohardaga. District RRT investigated the outbreak. 05 blood samples collected, sent to RIMS Ranchi; result awaited. All cases treated symptomatically. Vitamin A supplementation provided. Health education given regarding isolation of cases."
Kerala,Kollam,Viral Hepatitis A,11,0,06-06-19,,Under Surveillance,"Cases of fever, myalgia, vomiting, abdominal pain, nausea and yellowish discoloration of urine reported from Ward 1 (Kunnicode North), SC Avaneeshwaram, PHC Vilakkudy, Block Pathanapuram. District RRT investigated the outbreak. House to house survey done. Water is supplied through pond. The pond water is stored into water tanks and consumed for drinking. Out of 5 serum samples collected and sent to District PH Lab; 2 samples were found positive for Hepatitis A (HAV IgM Elisa). All cases treated symptomatically. Chlorination done. Health education given."
Kerala,Kozhikode,Viral Hepatitis A,30,0,23-05-19,,Under Surveillance,"Cases of fever, nausea, vomiting, abdominal pain, dark urine and yellowish eyes reported from Village/PHC Panangad, Block Balussery. District RRT investigated the outbreak. House to house survey done. Pipeline leakages were observed in the community. All the 7 serum samples collected and sent to RPH Lab; were found positive for Hepatitis A (HAV IgM Elisa). Pipeline leakages were repaired. All cases treated symptomatically. Chlorination done. Health education given. 11 | P a g e"
Kerala,Ernakulam,Dengue,30,0,01-05-19,,Under Surveillance,"Cases reported from Village Mamalakandam, PHC Kuttampuzha, Block Varapetty. District RRT investigated the outbreak. District RRT investigated the outbreak. House to house survey done. 7 samples were positive for Dengue (IgM ELISA tested as RPH lab Ernakulum. All cases treated symptomatically. Entomological survey done in the affected area. Fogging and source reduction activities undertaken. Health education given."
Karnataka,Chickaballapura,Fever,26,0,19-06-19,,Under Control,"Cases reported from Village Akkibikki Colony, PHC/CHC Kurudi, Taluk Gowribidanur. District RRT investigated the outbreak. 2 serum samples sent to SSL and 2 blood sample sent to BMRCI; result awaited. All cases treated symptomatically. Health education given"
Karnataka,Haveri,Dengue,33,0,18-06-19,,Under Surveillance,"Cases reported from Village Savasagi, PHC/CHC Belagalpet, Taluk Hanagal. District RRT investigated the outbreak. House to house survey done. Out of 8 blood samples collected and sent to KIMS; 1 sample was positive for Dengue (IgM ELISA). All cases treated symptomatically. Fogging and source reduction activities undertaken. Health education given."
Karnataka,Kolar,Chikungunya,23,0,07-06-19,,Under Control,"Cases reported from Village Hunkunda, PHC/CHC Betamangala, Taluk Bangarpet. District RRT investigated the outbreak. House to house survey done. Out of 6 blood samples collected; 2 samples were positive for Chikungunya (IgM ELISA) & 2 samples were positive for Leptospirosis. Temporary clinic established to treat fever cases. All cases treated symptomatically. Entomological survey done in the affected area. Fogging and source reduction activities undertaken. Health education given."
Maharashtra,Nagpur,Food Poisoning,13,0,17-06-19,,Under Control,"Cases reported from Village Bhadura, PHC Panchgaon, Taluka Umred. District RRT investigated the outbreak. Active search of cases done. All the cases consumed food and presented symptoms with loose motion and vomiting. All cases treated symptomatically. Health education given regarding food hygiene and sanitation."
Maharashtra,Mumbai,Hepatitis (E & A),207,0,27-04-19,,Under Surveillance,"Cases reported from Village Kurla (West), L Ward, Mumbai. District RRT investigated the outbreak. House to house survey done. Pipeline leakages were observed in the community. Out of 1097 samples collected and sent to KEM; 169 samples were positive for HEV and 38 samples were positive for HAV (IgM ELISA). Pipeline leakages were repaired. All cases treated symptomatically. Chlorination done. Health education given. 12 | P a g e"
Odisha,Koraput,Suspected Anthrax,7,0,17-06-19,,Under Control,"Cases reported from Village Tikarapada CHC/Block Lamtaput. District RRT investigated the outbreak. House to house survey done. All the cases handled dead cattle and consumed the meat of the dead cattle. Out of 6 smears collected; 2 smears showed growth of bacillus anthrax like organisms on Gram staining. All cases treated symptomatically. Disinfection of drains and cattle sheds done in the affected area. IEC done regarding safe food, safe drinking water, personal hygiene, avoiding consumption & handling of carcasses and safe disposal of carcasses."
Odisha,Koraput,Chickenpox,8,0,05-06-19,,Under Control,"Cases reported from Village/SC Tikarapada, CHC/Block Lamtaput. District RRT investigated the outbreak. House to house survey done. 2 blood samples collected were positive for varicella zoster virus (IgM ELISA). Symptomatic treatment given all cases. Health education given regarding isolation of cases."
Uttar Pradesh,Ballia,Chickenpox,38,0,04-06-19,,Under Control,"Cases reported from Village Devdih, CHC Bansdih, Block Bansdih. District RRT investigated the outbreak. Active search of cases done. All cases treated symptomatically. Health education given. 13 | P a g e FOLLOW UP OUTBREAKS OF PREVIOUS WEEKS REPORTED LATE Unique ID. Name of State/UT Name of District Disease/ Illness No. of Cases No. of Deaths Date of Start Outbreak Current Status Comments/ Action Taken"
Assam,Multiple Districts,Acute Encephalitis Syndrome,1481,207,25-05-2019,,Under Surveillance,A total of 1481 cases and 207 deaths due to AES reported from various villages of multiple Districts of Assam till 17th 01-07-19. Out of 1481 cases of AES; 406 cases were of JE and; out of 207 deaths of AES; 94 deaths were due to JE. State and Central RRT investigated the outbreak. Majorly affected Districts were District AES JE Cases Deaths Cases Deaths Barpeta 43 11 10 5 Darrang 49 13 20 6 Dibrugarh 227 25 26 9 Jorhat 82 17 25 8 Kamrup R 45 16 27 11 Lakhimpur 105 11 35 5 Nalbari 25 9 17 5 Sonitpur 116 10 26 1 Extensive vector control measures were taken. Fogging done. Insecticide treated bed nets distributed. Health education done.
Andhra Pradesh,Kadapa,Acute Diarrheal Disease,282,0,30-06-19,06-07-19,Under Surveillance,"Cases reported from Village Ramanapally, SC Chinnamachupalli, PHC/Block Chennur. District RRT investigated the outbreak. The cases occurred after drinking water from contaminated source. Pipeline leakages identified in the water distribution line. 5 water samples collected from various water outlet points and found potable. 6 stool samples collected and sent to GGH lab for culture, result awaited."
Andhra Pradesh,Vizianagaram,Acute Diarrheal Disease,14,0,30-06-19,30-06-19,Under Control,"Cases reported from Village Bhallu Kota, PHC N K Puram. District RRT investigated the outbreak. 4 water samples collected and send to RWS department & 9 stool Samples collected and send to Andhra Medical College Virology & Microbiology Department, result awaited. Water Chlorination and sanitation work done. All cases treated symptomatically. Health education given."
Assam,Nalbari,Food Poisoning,5,0,04-07-19,06-07-19,Under Control,"Cases reported from Village Ukhura, SC Kotalkuchi, BPHC Kamarkuchi. District RRT investigated the outbreak. All cases were family members and had history of consuming fermented rice with brown chickpeas chutney that was made in home. Cases presented with fever and vomiting. 3 water samples sent to DPHL Nalbari, result awaited."
Himachal Pradesh,Solan,Acute Diarrheal Disease 46 00,3,719,30-06-19,,Under Control,"Cases reported from Village Palog SC Manjoo Block Arki. District RRT investigated the outbreak. Cases had history of attending a funeral and suspected of getting infection after using water from a contaminated source. 4 water samples were collected, result awaited. All cases treated. Health education given. 4 | P a g e"
Jammu And Kashmir,Pulwama,Enteric Fever,13,0,06-07-19,06-07-19,Under Surveillance,"Cases reported from NTPHC Pingleena, Village Pingleena. District RRT investigated the outbreak. Cases had history of fever of more than one week. 2 blood samples for blood culture was taken and sent to PHL JLNM hospital Sri nagar, result awaited. 2 water samples collected and sent to PHL JLNM hospital Sri nagar result awaited. All cases treated. Health education given."
Jharkhand,Khunti,Food Poisoning,31,1,03-07-19,03-07-19,Under Surveillance,Cases reported from Khunti Jail. District RRT investigated the outbreak. Cases had history of having breakfast in jail after which they felt dizzy and had vomiting. All cases treated.
Karnataka,Bangaluru,Dengue,13,0,02-07-19,04-07-19,Under Control,"Cases reported from Village Uttasipalya, PHC/CHC Modalkote, Taluk Nelamangala. District RRT investigated the outbreak. Cases presented with fever and rash. 01 water sample and 01 blood serum sample collected and sent to PHI, results awaited. Mosquito breeding was found in the area. All cases treated. Health education given."
Karnataka,Dharwad,Mumps,5,0,01-07-19,03-07-19,Under Surveillance,"Cases reported from Village/SC Kotabagi, PHC Uppin Betageri, Taluk Dharwad. District RRT investigated the outbreak. Cases presented with fever and bilateral swelling of parotid glands. House to house survey done. Health camp organized in the area. Serum samples collected result awaited. Health education given."
Kerala,Alappuzha,Acute Diarrheal Disease,94,0,05-07-19,06-07-19,Under Surveillance,"Cases reported from Eruva Mavileth NPV School in Village/HSC Kayamkulam, PHC Kayamkulam THQH, Block Muthukulam. District RRT investigated the outbreak. All students had consumed food in the school. 01 Rice sample collected and sent to PH lab Trivandrum, result awaited 04 water & 09 stool samples collected and sent to Microbiology lab, Vandanam, Alappuzha, 02 stool samples found positive for Shigella. Health Education given. Chlorination, IEC material distributed in the entire affected ward. All cases treated locally. Source reduction activities undertaken. 5 | P a g e"
Meghalaya,Jaintia Hills,Food Poisoning,23,0,03-07-19,04-07-19,Under Surveillance,"Cases reported from Village/SC Mooshrot (Laskein), PHC Sahsniang. District RRT investigated the outbreak. Cases had history of consumption of food in a funeral function, after which they developed loose stools and vomiting. Most of the affected were above 40 years of age. All cases treated. Health education given."
Madhya Pradesh,Dhaar,Food Poisoning,6,0,03-07-19,01-07-19,Under Control,"Cases reported from Village Khadi Biloda, PHC Kesur, Block Teesgaon."
Punjab,Moga,Acute Diarrheal Disease,13,0,01-07-19,01-07-19,Under Control,"Cases reported from Village Basti Mohan Singh. District RRT investigated the outbreak. As per survey of affected area 13 children age 5-8 are suffering from abdomen pain with vomiting. Survey of the affected area started. Stool samples taken and Municipal Corporation informed. 3 stool samples taken. ORS and Zinc, chlorine tabs distributed. IEC activity started and pamphlets distributed. Alternate water supply arranged. All cases treated symptomatically. Health education given."
Rajasthan,Bikaner,Enteric Fever,14,0,04-07-19,04-07-19,Under Surveillance,"Cases reported from SC Kunpalsar, PHC Ridi, Block Shri Dugargarh. District RRT investigated the outbreak. Cases presented with fever, headache, fatigue, cough and abdominal pain. 9 blood samples and 2 water samples sent to SPMC Bikaner, result awaited. Active fever survey done in the area. All cases treated symptomatically. Health education given."
Tamil Nadu,Coimbatore,Food Borne Illness,22,0,01-07-19,02-07-19,Under Surveillance,"Cases reported from GRT Jewelleries Coimbatore Gandhinagar. 7 Rectal swabs sent to KMCH Coimbatore, Result awaited. All cases treated symptomatically. Health education given."
Tamil Nadu,Tiruvallur,Acute Diarrheal Disease,11,0,06-07-19,07-07-19,Under Surveillance,"Cases reported from Village Enathi melpakkam, HSC Rettambedu, PHC Equarpalayam, Block Gummudipoondi. District RRT investigated the outbreak. 01 stool sample and 06 water samples sent to DPHL Tiruvallur, result awaited. All 11 patients were treated and all are now stable. Total affected patients 11 (male 7 and female 4). Chlorination of the water done. Health education was given on personal hygiene. All cases treated. 6 | P a g e"
Telangana,Mahabubnagar,Chikungunya,26,0,04-07-19,08-07-19,Under Control,"Cases reported from Village Achyapally, SC/PHC Janampet, Moosapet Mandal. District RRT investigated the outbreak. Cases presented with fever, jointpain and malaise. 26 blood smears were prepared and all found negative for Malaria parasite. 10blood samples were taken and 05 found positive for Chikungunya by IGM ELISA. Pyrethrum sprayed in houses. Health education given."
Telangana,Mahabubnagar,Food Poisoning,9,0,04-07-19,08-07-19,Under Control,"Cases reported from Village Aparna Constructions, Masjid Banda Serlingampally. District RRT investigated the outbreak. All the cases were laborers at construction site. They had consumed dinner together. They developed loose motion and vomiting after that. Chlorination was done. Health education given on personal hygiene. All cases treated symptomatically."
Tripura,Gomoti,Suspected Diphtheria,13,1,03-07-19,08-07-19,Under Surveillance,"Cases reported from Village Kurma, Kanchanchara, Gobindabari Amarpur SDH & Thentharai para. District RRT investigated the outbreak. All samples are sent for examination. Only one was found positive and results of others are awaited. All cases treated symptomatically. Health education given. Vaccination drive started in the area."
Tripura,West Tripura,Food Poisoning,29,0,04-07-19,08-07-19,Under Surveillance,"Cases reported from Village/SC Tulabagan, Block Mohanpur R.D. District RRT investigated the outbreak. All had history of consuming food in a ceremony after which they developed diarrhea and vomiting. Drinking water and mustard oil were sent to AGMC Lab, result awaited. All cases treated."
Uttar Pradesh,Azamgarh Viral,Hepatitis,27,0,01-07-19,05-07-19,Under Control,"Cases reported from Village Mohalla Alinagar. CHC Mubarakpur, Block Sathiyaon. District RRT investigated the outbreak. All cases treated Outbreak was started after drinking infected water. 27 patients of different families were found suffering from Viral Hepatitis. All cases treated. 7 | P a g e DISEASE OUTBREAKS OF PREVIOUS WEEKS REPORTED LATE Unique ID. Name of State/UT Name of District Disease/ Illness No. of Cases No. of Deaths Date of Start Outbreak Current Status Comments/ Action Taken"
Andhra Pradesh,Kadapa,Dengue,6,0,01-05-19,,Under Control,"Cases reported from Village Komantharajupuram HW, SC Narayana Nellore, PHC/Block Penagalur. District RRT investigated the outbreak. Larval breeding was found in the water collections. Due to water scarcity people were storing water. 6 serum samples taken and sent to GGH lab Kadapa 2 found positive for Dengue by MAC ELISA. House to house larval survey done. Anti-larval survey was conducted. All cases treated symptomatically. Source reduction activities undertaken. Health education given."
Andhra Pradesh,Visakhapatnam,Anthrax,2,0,27-06-19,,Under Surveillance,"Cases reported from Village Madagada, Dumbriguda Mandal. District RRT investigated the outbreak. Cases had history of consumption of row meat. 2 smear samples from lesions were collected and tested at AMC Virology lab, 1 sample found positive for Anthrax, 2nd result awaited. House to house survey done. Animal husbandry department alerted for necessary action. All cases treated. Health education given."
Arunachal Pradesh,East Siang,Scrub Typhus,18,0,22-06-19,,Under Surveillance,"Cases reported from various villages of East Siang. District RRT investigated the outbreak. 18 blood samples were collected and all found positive for Scrub Typhus and tested at RMRC-ICMR, Dibrugarh. All cases treated education given."
Arunachal Pradesh,Tawang,Chickenpox,12,0,28-06-19,,Under Control,Cases reported from Mt. Ghesela Eng. School under District Hospital Tawang. District RRT investigated the outbreak. Cases presented with fever with rash and majority of them were between 5-14 year of age. All cases treated under isolation. Health education given.
Arunachal Pradesh,Tirap,Enteric Fever,42,0,07-01-19,,Under Control,"Cases reported from Village Deomali, CHC Deomali. District RRT investigated the outbreak Cases of Fever with weakness reported. 42 blood samples were collected and all found positive by Widal test at CHC Deomali. Majority of cases were in 7-15 year age group. Necessary advice for prevention and control in terms of IEC has been imparted. All cases treated symptomatically. 8 | P a g e"
Bihar,Jahanbad,Acute Diarrheal Disease,10,0,26-06-19,,Under Surveillance,"Cases reported from Village Chaklarsa, HSC Karauna, PHC/Block Sadar. District RRT investigated the outbreak. Cases presented with vomiting and loose stools. All belonged to poor socio economic status. 2 stool samples sent to PMCH Patna, no entero pathogen detected. House to house survey done. All cases treated. Health education given."
Bihar,Purnia Suspected,Chickenpox,21,0,23-01-19,,Under Control,"Cases reported from Village/HSC Jianganj, PHC/Block Banmankhi. District RRT investigated the outbreak. Cases presented with fever and rash. Of all the cases 09 were females and 12 were males. The affected were in age group of 02 years to 10 Years of age. House to house survey done. All cases treated under isolation. Health education given."
Chhattisgarh,Baster,Food Poisoning,6,0,26-06-19,,Under Surveillance,"Cases reported from Village/PHC Dimrapal, Block Tokapal. District RRT investigated the outbreak. 05 Food samples collected, result awaited. Health education given."
Chhattisgarh,Kawardha,Acute Diarrheal Disease,10,0,24-06-19,,Under Control,"Cases reported from Village Urban Navapara, Block S Lohara. District RRT investigated the outbreak. House to house survey done. All cases treated. Health education given."
Chhattisgarh,Raipur Viral,Hepatitis,6,0,28-06-19,,Under Surveillance,"Cases reported from Village Jagannath Nagar,Ward No.-34, Raipur. District RRT investigated the outbreak. It was observed that water supply line was contaminated with sewage. 10 blood samples collected and sent to JNM Medical college 6 found positive for Hepatitis A and E. House to house survey done. All cases treated. Municipal department communicated for sanitation and hygiene."
Himachal Pradesh,Mandi,Acute Diarrheal Disease,104,0,29-06-19,,Under Control,"Cases reported from Village Upper Barot, SC Chuku Paunta, PHC Fatehpur, Block Baldwara. District RRT investigated the outbreak. 3 stool samples collected and sent to IPH department result, awaited. House to house survey done. All cases treated. Health education given."
Jharkhand,Dhanbad,Chickenpox,8,0,19-06-19,,Under Surveillance,"Cases reported from Village Nayadih, Tundi Dhanbad. District RRT investigated the outbreak. Cases presented with fever, cough and rash. 5 blood samples collected and sent to RIMS Ranchi, result awaited. All cases treated Under isolation. 9 | P a g e"
Karnataka,Chickaballapura,Chikungunya,45,0,20-06-19,,Under Surveillance,"Cases reported from Village Devekunte, PHC/CHC margankunte, Taluk Bagepalli. District RRT investigated the outbreak. Fever and larval surveillance has been initiated in the village. All the patients have been treated locally. 4 serum samples collected and sent to SSL and found positive for Chikungunya. All cases treated symptomatically. Health education given."
Maharashtra,Ahmednagar,Fever,4,1,26-06-19,,Under Control,"Cases reported from Village Sonari, SC Dharangaon, PHC Takli Brahamangaon, Block Kopergaon. District RRT investigated the outbreak. In entomological survey, out of 190 containers, 3 found positive for larva. HI-6.66, CI-1.57, BI- 6.66. 4 Blood sample taken for PV and PF and all found negative. 3 serum sample sent to sentinel center for Dengue, result awaited. House to house survey done. Fogging done Health education given. 1 male age 26 yr died of illness."
Maharashtra,Beed,Food Poisoning,74,0,11-06-19,,Under Control,"Cases reported from Village Dhanora Road, Beed PHC Mominpura Beed City. District RRT investigated the outbreak. Cases had history of consumption of food in a ceremony after which they developed loose motions and vomiting. The consumed food item was meat curry. All cases treated."
Madhya Pradesh,Nimach,Chickenpox,4,0,26-06-19,,Under Surveillance,Cases reported from Village CISF Colony Nimach. District RRT investigated the outbreak. Cases presented with fever and maculopapular rash. All cases were adults. Active surveillance done in the area. All cases treated under isolation. Health education given.
Odisha,Keonjhar,Acute Diarrheal Disease,13,0,29-06-19,,Under Control,"Cases reported from Village Masinajodi, SC Binida, CHC/Block Ghatagaon. District RRT investigated the outbreak. 01 rectal swab & 03 water samples collected, result awaited. All cases treated symptomatically. Health education given."
Puducherry,Puducherry,Hepatitis A,6,0,14-06-19,,Under Surveillance,"Cases reported from Village Pudupet, Mannadipet CHC, Villianur Block, Puducherry. District RRT investigated the outbreak. 20 days prior to the onset of illness the area was receiving foul smelling and stained water which was subsequently stopped and new pipe line laid in the area. After one index case was detected active case search was done and further 12 cases were detected. 10 blood samples were taken out of which 5 were tested positive for Hepatitis A by IgM ELISA at RVRDL JIPMER. Health education given. All cases treated. 10 | P a g e"
Telangana,Karimnagar,Food Poisoning,51,0,25-06-19,,Under Control,"Cases reported from TS Model School Girls Hostel, Shankarapatnam. District RRT investigated the outbreak. Students consumed dinner in the hostel After which they developed loose motion, vomiting, abdomen pain. All cases treated. 34 blood samples taken, result awaited. Health education given. And handwashing on personal hygiene."
Telangana,Nalgonda,Food Poisoning,40,0,26-06-19,,Under Control,"Cases reported from Kasturba Gandhi Girls High School, Village &PHC Chandampet, Nalgonda. District RRT investigated the outbreak. Students had consumed breakfast in the hostel after which they developed vomiting and loose motion. All cases treated. Food samples were taken and sent to state food laboratory Hyderabad, result awaited. Health education given. And handwashing on personal hygiene."
Uttar Pradesh,Mathura,Acute Diarrheal Disease,194,0,27-06-19,,Under Control,"Cases reported from Village Anyore, Block Goverdhan. District RRT investigated the outbreak. Probable cause of infection was contaminated water. Pipeline leakages were observed in the supply line. 4 water samples collected and tested at SN Medical College and 3 found positive for Klebseilla Pneumonia. Chlorination of water sources done. All cases treated. Health education given."
West Bengal,West Medinipur,Food Poisoning,135,0,26-06-19,,Under Surveillance,"Cases reported from Village Khirpai Municipality, Ward No - 1 Chandrakona-I Paschim Medinipur. District RRT investigated the outbreak. During 'Hari Nam Sankritan' at night, pilgrims cases had history of consuming Prasad in a religious ceremony after which they developed loose motions and vomiting. 4 stool samples were taken and sent to MMCH, no enteropathogen detected. Health education given. 11 | P a g e FOLLOW UP OUTBREAKS OF PREVIOUS WEEKS REPORTED LATE Unique ID. Name of State/UT Name of District Disease/ Illness No. of Cases No. of Deaths Date of Start Outbreak Current Status Comments/ Action Taken 26th week Follow-up Outbreaks ID 0712 Assam Multiple districts AES 1824 257 25-05-19 Under Surveillance Cases of AES reported from various villages of multiple districts of Assam. State and Central level RRT investigated the outbreak. A total of 5087 blood samples were tested for JE of which 521 were tested positive. A total of 2044319 blood smears were examined of which 272 were positive for P Falciparum, 156 for P Vivax and 3 for both. Of all 257 deaths 118 were due to Japanese Encephalitis. Extensive vector control measures were taken. Fogging done. Various RRTs constituted. Insecticide treated bed nets distributed."
Andhra Pradesh,Cuddapha,Food Poisoning,49,0,13-07-19,14-07-19,Under Control,"Cases reported from Govt. ST Welfare Boys Hostel, Bose Nagar, SC Rayachoti PPU Of Rayachoty Mandal. District RRT investigated the outbreak. Active search of cases done. All the cases consumed food and presented symptoms with pain abdomen, loose motion and vomiting. Food samples were collected and sent to Regional Public Health Lab; Guntur; result awaited. All cases treated symptomatically. Health education given regarding food hygiene and sanitation."
Andhra Pradesh,Guntur,Food Poisoning,15,0,10-07-19,12-07-19,Under Control,"Cases reported from Ramakrishna Mission High School (Telugu) Seethnagaram, Tadepalli Mandal. District RRT investigated the outbreak. Active search of cases done. All the cases consumed food in mid-day meal organized by Akshaya Patra Foundation and presented symptoms with loose motion and vomiting. All cases treated symptomatically. ORS packets were distributed to all the school children. Health education given regarding food hygiene and sanitation."
Arunachal Pradesh,East Siang,Japanese Encephalitis,33,0,09-07-19,09-07-19,Under Surveillance,Cases reported from Pasighat town. District RRT investigated the outbreak. House to House survey done. Out of 33 serum samples collected and sent to DPHLBP Genral Hopital; 21 samples were positive for JE (IgM ELISA). All cases treated symptomatically. Awareness regarding mosquito control activities done by health workers. Health education given.
Arunachal Pradesh,East Siang,Chikungunya,21,0,07-07-19,14-07-19,Under Surveillance,Cases reported from Pasighat Town. District RRT investigated the outbreak. House to house survey done. Out of 21 serum samples collected and sen to DPHL BP General Hospital; 13 sample was positive for Chikungunya (IgM ELISA). All cases treated symptomatically. Fogging and source reduction activities undertaken. Health education given. 4 | P a g e
Assam,Kamrup,Food Poisoning,62,0,07-07-19,09-07-19,Under Surveillance,"Cases reported from Village South Lemga, SC Lemga, PHC North Guwahati. District RRT investigated the outbreak. Active search of cases done. All the cases consumed food (Prasad) and presented symptoms with loose motion and vomiting. 4 stool and 2 water samples collected and sent to MMCH; result awaited. All cases treated symptomatically. Health education given regarding food hygiene and sanitation."
Chhattisgarh,Balodabazar,Acute Diarrheal Disease,47,0,10-07-19,11-07-19,Under Surveillance,"Cases reported from Village Datan, PHC Lachhanpur, Block Palari. District RRT investigated the outbreak. House to house survey done. Water sample collect and sent to PHE; result awaited result All cases treated symptomatically. Halogen tablets and ORS packets were distributed in the community. IEC done regarding safe drinking water and personal hygiene."
Chhattisgarh,Balod,Acute Diarrheal Disease,65,0,10-07-19,11-07-19,Under Surveillance,"Cases reported from Village Jhikatola, SHC Kodekasa Sector Bhawarmara, Block Dondilohara. District RRT investigated the outbreak. House to house survey done. Water sample collect and sent to PHE; result awaited result All cases treated symptomatically. Halogen tablets and ORS packets were distributed in the community. IEC done regarding safe drinking water and personal hygiene."
Chhattisgarh,Janjgir,Acute Diarrheal Disease,72,0,04-07-19,08-07-19,Under Surveillance,"Cases reported from Village Pakariya Jhulan, PHC Naryara, Section Pakariya Jhulan, CHC Akaltara. District RRT investigated the outbreak. House to house survey done. Water sample collect and sent to PHE; result awaited result All cases treated symptomatically. Halogen tablets and ORS packets were distributed in the community. IEC done regarding safe drinking water and personal hygiene. 5 | P a g e"
Jammu And Kashmir,Kulgam Viral,Hepatitis?,18,0,09-07-19,10-07-19,Under Surveillance,"Cases reported from Village Ahmadabad Block D H Pora. District RRT investigated the outbreak. House to house survey done. Out of 11 blood samples collected and sent to GMC Srinagar; result awaited. 3 water samples were collected; result awaited. All cases treated symptomatically. Health education given regarding personal hygiene, Hand hygiene practices and safe drinking water."
Jammu And Kashmir,Shopian,Food Poisoning,45,0,10-07-19,12-07-19,Under Control,"Cases reported from Village Tashloo Institute: Darul Ashia Sidiquee, PHC Herman, Block Shopian. District RRT investigated the outbreak. Active search of cases done. All the cases consumed food and presented symptoms with loose motion and vomiting. All cases treated symptomatically. Health education given regarding food hygiene and sanitation."
Kerala,Alappuzha,Food Poisoning,17,0,11-07-19,11-07-19,Under Control,"Cases reported from Kerala State Sports Council Hostel, Village Aryad S, SC Punnamada, Block Ambalappuzha. . District RRT investigated the outbreak. Active search of cases done. All the cases consumed food and presented symptoms with loose motion and vomiting. 2 water samples collected and sent to DPHL; result awaited. All cases treated symptomatically. Health education given regarding food hygiene and sanitation."
Kerala,Kollam,Chickenpox,23,0,07-07-19,08-07-19,Under Control,"Cases reported from Govt Model UPS Piravanthoor Ward XII, CHC/Block Pathanapuram. District RRT investigated the outbreak. House to house survey done. Symptomatic treatment given all cases. Health education given regarding isolation of cases."
Kerala,Idukki,Food Poisoning,23,0,10-07-19,11-07-19,Under Control,"Cases reported from Village Kalkoonthal, SC PP Unit Nedumkandam, PHC Nedumkandam, Block Nedumkandam. District RRT investigated the outbreak. Active search of cases done. All the cases consumed food and presented symptoms with loose motion and vomiting. All cases treated symptomatically. Health education given regarding food hygiene and sanitation. 6 | P a g e"
Nagaland,Mokokchung,Measles,1,0,05-07-19,17-07-19,Under Surveillance,"Cases reported from Village Penli Ward Mokokchung. District RRT investigated the outbreak. Blood samples collected sent to GMCH Guwahati, Assam; result awaited. All cases treated symptomatically. Health education given."
Meghalaya,East Khasi Hills,Food Poisoning,21,0,10-07-19,12-07-19,Under Surveillance,"Cases reported from Village Phanniewlah Langiong, SC Thainthynroh, CHC Mawphlang, Block Mawphlang. District RRT investigated the outbreak. Active search of cases done. All the cases consumed food (pork salad - Dohkhleh) and presented symptoms with loose motion and vomiting. 3 stool samples collected and sent to NEIGRIHMS were negative for enteropathogens. All cases treated symptomatically. Health education given regarding food hygiene and sanitation."
Maharashtra,Amravati,Acute Diarrheal Disease,16,0,08-07-19,12-07-19,Under Control,"Cases reported from Village Dehanda, PHC Kalamkhar, Block Dharni. District RRT investigated the outbreak. House to house survey done. Pipeline leakages were observed in the community. 3 water samples collected and sent to DPHL Amravati; result awaited. Pipeline leakages were repaired. All cases treated symptomatically. Chlorination done. Health education given."
Maharashtra,Nagpur,Acute Encephalitis Syndrome,2,2,08-07-19,11-07-19,Under Surveillance,"Cases reported from Village Zopadi, Moragaon PHC Bela and Khat, Block Umred and Moud. District RRT investigated the outbreak. House to house survey done. 02 blood samples collected and sent to NIV, Pune were negative for JE (IgM ELISA). All cases treated symptomatically. Entomological survey done in the affected area. Fogging done. Health education given. 7 | P a g e"
Maharashtra,Nashik,Food Poisoning,21,0,06-07-19,09-07-19,Under Control,"Cases reported from Village Dadmali Mala, PHC Sawargaon, Block Yeola. District RRT investigated the outbreak. On 6th July food prepared under Sahley Poshan Aahar was consumed by 21 students. All the cases consumed food and presented symptoms with loose motion and vomiting. Active search of cases done. 2 food samples (khichidi and milk) 2 vomitus sample were collected and sent to bacteriological examination; result awaited. All cases treated symptomatically. Health education given regarding food hygiene and sanitation."
Maharashtra,Sindhudurg (Kundal),Malaria,1,1,06-07-19,09-07-19,Under Surveillance,"Cases reported from Village Ijali Nagar, Kankavli, SC Kasaral, PHC-Waravade, Block Kankavli. District RRT investigated the outbreak. House to house survey done. Out of 06 blood samples collected and sent to DH Sindhudurg; 1 sample was positive for malaria (P. falciparum). Symptomatic treatment provided to all cases. Entomological survey done. Source reduction activities undertaken. Health education done."
Odisha,Bolangir,Food Poisoning,10,0,08-07-19,11-07-19,Under Control,"Cases reported from Village Ampada, SC Ghunsar, CHC/Block Khaprakhol. District RRT investigated the outbreak. Active search of cases done. All the cases consumed food (wild mushroom curry) and presented symptoms with loose motion and vomiting. All cases treated symptomatically. Health education given regarding food hygiene and sanitation."
Odisha,Koraput,Food Poisoning,7,0,07-07-19,12-07-19,Under Control,"Cases reported from Village Kakalpada, SC/Block Lamtaput. District RRT investigated the outbreak. Active search of cases done. All the cases consumed food (wild mushroom curry) and presented symptoms with loose motion and vomiting. All cases treated symptomatically. Health education given regarding food hygiene and sanitation. 8 | P a g e"
Odisha,Koraput,Food Poisoning,10,0,08-07-19,12-07-19,Under Control,Cases reported from Village Sana Dhadriguda G.PSC- Konga CHC- Rabanaguda. District RRT investigated the outbreak. Active search of cases done. All the cases consumed food (wild mushroom curry) and presented symptoms with loose motion and vomiting. All cases treated symptomatically. Health education given regarding food hygiene and sanitation.
Odisha,Angul,Acute Diarrheal Disease,14,0,06-07-19,10-07-19,Under Control,"Cases reported from Village Gopinathapur(Harijana Sahi), SC/G.P Khalari, CHC Bantala, Block Angul. District RRT investigated the outbreak. House to house survey done. 01 stool samples collected; result awaited. 2 water samples from tube well were collected; result awaited. All cases treated symptomatically. Halogen tablets and ORS packets were distributed in the community. IEC done regarding safe drinking water and personal hygiene."
Rajasthan,Pratapgarh,Acute Diarrheal Disease,90,0,11-07-19,12-07-19,Under Surveillance,"Cases reported from Village/SC Viravali (Raidas Mohalla), CHC Arnod, Block Arrnod. District RRT investigated the outbreak. House to house survey done. 04 stool samples collected and sent to RNT Medical College Udaipur; result awaited. All cases treated symptomatically. Halogen tablets and ORS packets were distributed in the community. IEC done regarding safe drinking water and personal hygiene."
Tamil Nadu,Erode,Diphtheria,2,0,09-07-19,13-07-19,Under Surveillance,"Cases reported from Village Malliamman Durgam, SC/PHC Kadambur, Block Sathyamangalam. District RRT investigated the outbreak. House to house survey done. All cases treated symptomatically. Health education given."
Tamil Nadu,Erode,Dengue,19,0,05-07-19,09-07-19,Under Surveillance,"Cases reported from Plain, Village Veera Sivaji nagar, HSC Virumandampalayam, PHC/Block Chithode. District RRT investigated the outbreak. House to house survey done. Out of 2 blood sample collected and sent to DPHL Erode; 1 sample was positive for Dengue (IgM ELISA). All cases treated symptomatically. Source reduction activities undertaken. Health education given. 9 | P a g e"
Telangana,Hyderabad,Food Poisoning,34,0,11-07-19,12-07-19,Under Control,"Cases reported from Telangana Minority Residential School (TMREIS), Asif Nagar, UPHC Nilofur & Nampally. District RRT investigated the outbreak. Active search of cases done. All cases consumed food in a social ceremony and presented symptoms with vomiting and loose motion. Stool samples were collected; result awaited. ORS packets distributed. All cases treated symptomatically. Health education given."
Uttar Pradesh,Maharajganj,Fever,35,0,05-07-19,08-07-19,Under Surveillance,"Cases reported from Village Matihanwa Tola- Dudharwa, Block-Brijmanganj PHC Bahaduri. District RRT investigated the outbreak. House to house survey done. All blood slides collected were negative for malaria. All cases treated symptomatically. Health education given."
Uttarakhand,Rudraprayag,Mumps,9,0,08-07-19,10-07-19,Under Surveillance,"Cases reported from Village Dungri, SC Jawari, Block Agastymuni. District RRT investigated the outbreak. 3 serum sample collected and sent to Govt. Medical College Haldwani Nainital (IDSP referral lab); result awaited. All cases treated symptomatically. Health education given."
West Bengal,Midnapore East,Acute Diarrheal Disease,22,0,10-07-19,14-07-19,Under Surveillance,"Cases reported from Bagicha Hazra Para, Village Bagicha, Block Kolaghat. District RRT investigated the outbreak. House to house survey done. 3 stools samples collected and sent to District Public Health Lab; result awaited. All cases treated symptomatically. ORS packets were distributed in the community. Chlorination of water sources done. IEC done regarding safe drinking water and personal hygiene. 10 | P a g e DISEASE OUTBREAKS OF PREVIOUS WEEKS REPORTED LATE Unique ID. Name of State/UT Name of District Disease/ Illness No. of Cases No. of Deaths Date of Start Outbreak Current Status Comments/ Action Taken"
Arunachal Pradesh,Papumpare,Japanese Encephalitis,4,0,07-06-19,,Under Surveillance,Cases reported from various places of Itanagar. District RRT investigated the outbreak. House to House survey done. 2 serum and 2 CSF samples collected were positive for JE (IgM ELISA). All cases treated symptomatically. Awareness regarding mosquito control activities done by health workers. Health education given.
Bihar,Jahanabad,Acute Encephalitis Syndrome,4,1,15-06-19,,Under Surveillance,"Cases reported from Villages Sikariya, Kakariya, Gaurakshni Mohalla and Erki, PHC Sikariya,, Block Sadar (Sikariya). District RRT investigated the outbreak. House to house survey done. All cases treated symptomatically. Technical malathion fogging done at the affected area. Immunization for JE was done in the affected area. Health education given."
Bihar,Nawada,Japanese Encephalitis,1,1,29-06-19,,Under Surveillance,"A 4yr old male child resident of Village Bhola Bigha, PHC/Block Hisua presented symptoms of fever with convulsions and was admitted in PMCH, Patna on 29th 01-06-19. 1 blood & csf sample collected & tested at PMCH, Patna were found positive for JE (IgM ELISA). District RRT investigated the outbreak. Active survey of cases done in the affected area. Technical Malathion fogging was done in affected area. Health education given."
Kerala,Ernakulam,Dengue,24,0,23-06-19,,Under Surveillance,"Cases reported from Kochi Corporation, UPHC Kaloor. District RRT investigated the outbreak. House to house survey done. 10 serum samples collected and sent to DPHL Ernakulum; result awaited. All cases treated symptomatically. Fogging and source reduction activities undertaken. Health education given."
Maharashtra,Chandrapur,AES/JE,101,10,01-07-19,,Under Surveillance,Cases reported from several talukas of the District. District RRT investigated the outbreak. House to house survey done. Out of 86 blood serum samples collected and sent to GMC Chandrapur; 3 samples were positive for JE (IgM ELISA). All cases treated symptomatically. Entomological survey done in the affected area. Fogging done. Health education given. 11 | P a g e
Maharashtra,Thane,Dengue?,5,1,01-07-19,,Under Control,"Cases reported from Village Vartak Nagar, Thane Municipal Corporation. District RRT investigated the outbreak. House to house survey done. 5 blood samples collected; result awaited. All cases treated symptomatically. Entomological survey done (H.I. - 14.6, C.I. - 7.3, B.I. – 14). Fogging and source reduction activities undertaken. Health education given. TL/---/2019/28/0855 Telangana Wanaparthy Dengue 19 00 02-07-19 Under Surveillance Cases reported from Village/SC Amudalakunta Thanda, PHC /Mandal Polikipadu. District RRT investigated the outbreak. House to house survey done. Since the affected area has scarcity of water; water storage practices observed in the community. Out of 7 blood sample collected; 4 samples were found positive Dengue (IgM ELISA). All cases treated symptomatically. Pyrethrum spraying done in the affected areas. Source reduction activities undertaken. Health education given."
Uttar Pradesh,Jalaun,Acute Diarrheal Disease,47,3,03-07-19,,Under Control,"Cases reported from Village Khadgui, SC Nymatpur, PHC Babai, BlockMahewa. District RRT investigated the outbreak. House to house survey done. Water samples sent to Jal Nigam; result awaited. All cases treated symptomatically. Health education given."
Uttar Pradesh,Lucknow,Chickenpox,15,0,02-07-19,,Under Surveillance,"Cases reported from Villages Tulaganj, Behta, Banthara, Sikandarpur CHC Sarojninagar. District RRT investigated the outbreak. House to house survey done. 5 blood samples collected were positive for Chickenpox (IgM ELISA). Symptomatic treatment was given all cases. Health education given."
Arunachal Pradesh,Subansiri,Japanese Encephalitis,3,1,07-07-19,07-07-19,Under Surveillance,"Cases reported from Subansiri, Daporijo town, DH- Daporijo. District RRT investigated the outbreak. 3 Serum samples collected and tested at IDSP-DPHL, Naharlagun and all found positive for JE by IgM ELISA. Source reduction activities undertaken. Health education given."
Arunachal Pradesh,Tezu (Lohit),Japanese Encephalitis,2,0,09-07-19,06-07-19,Under Surveillance,Cases reported from Tezu town under Zonal GH Tezu. District RRT investigated the outbreak. 4 Serum samples were tested at RMRC Dibrugarh out of which 2 found positive for JE by IgM ELISA. All cases treated symptomatically. Health education given.
Arunachal Pradesh,West Kameng,Japanese Encephalitis,1,1,04-07-19,05-07-19,Under Surveillance,"Cases reported from Village Tippi, CHC Bhalukpong under West Kameng District. District RRT investigated the outbreak. 1 Serum sample found IgM ELISA positive for JE tested at GNRC-Hospital Dibrugarh. All cases treated symptomatically. Source reduction activities undertaken. Health education given."
Bihar,Buxar,Suspected Measles,11,0,13-07-19,16-07-19,Under Surveillance,"Cases reported from PHC/Block Sadar, Urban Bangali Tola. District RRT investigated the outbreak. 05 Lab samples collected, and result awaited. All cases treated, vitamin A supplementation given."
Bihar,Nawada,Food Poisoning,30,0,05-07-19,15-07-19,Under Control,"Cases reported from Village Rajaundh, PHC Sirdala, Block Sirdala. District RRT investigated the outbreak. All cases had history of consumption of food in a ceremony after which they fell ill. Majority of affected were males. It was observed that stale food was served, however food samples could not be collected. All cases treated symptomatically. Health education given. 4 | P a g e"
Gujarat,Sabakrantha,Hepatitis A,8,0,03-07-19,17-07-19,Under Surveillance,"Cases reported from Village/SC Raigadh, PHC Viravada, Taluka Himatnagar. District RRT investigated the outbreak. 12 blood serum samples collected, and sent to GMERS Medical College, Himatnagar for Hepatitis A & E testing. 04 samples found positive for Hepatitis A by IgM ELISA. 7 Water samples sent for culture test and found Unsatisfactory (coliform Bac.). All cases treated. Health education given."
Gujarat,Vadodara,Acute Diarrhoeal Disease,20,0,13-07-19,15-07-19,Under Surveillance,"Cases reported from UHC Karjan, Block Karjan. District RRT investigated the outbreak. 03 water samples and 08 stool samples collected and sent to Medical college public health laboratory, all stool samples negative for Vibrio Cholera and result awaited for water samples. All cases treated. Several Pipeline leakages were found. Municipal water supply was stopped till repair work done and pot chlorination done. Health education given."
Jammu And Kashmir,Jharkhand Dumka,Acute Diarrheal Disease,16,0,20-07-19,20-07-19,Under Surveillance,"Cases reported from Village Vikrampur, CHC Masaliya. District RRT investigated the outbreak. House to house to survey done. The affected area was having poor sanitary conditions and all affected belonged to low socio economic status. All cases treated. Health education given."
Jammu And Kashmir,Kupwara,Acute Diarrheal Disease,21,0,17-07-19,17-07-19,Under Surveillance,"Cases reported from Dardsun, Kralpora. District RRT investigated the outbreak. House to house survey done. 03 Stool samples sent to Public Health Laboratory Barzulla, Srinagar, result awaited. 02 Water samples sent to District Public Health Lab Chogal, Handwara for MPN, Result awaited. All cases treated. Health education given and IEX material distributed among the people."
Karnataka,Bangalore Rural,Chikungunya /Dengue,28,0,02-07-19,03-07-19,Under Control,"Cases reported from Village Karehalli, PHC/CHC Thadsightatta, Taluk Nelamangala. District RRT investigated the outbreak. Larval breeding was found in the water collections in and around houses in the affected village. 01 blood sample collected and sent to PHI Bangalore and found positive for Dengue and Chikungunya. All cases treated. Health education given. 5 | P a g e"
Karnataka,Bagalkot,Food Poisoning,10,0,19-07-19,19-07-19,Under Control,"Cases reported from Village Bilagi, PHC/CHC Bilagi TH, Taluk Bilagi. Cases occurred after students consumed food in a coaching centre and developed vomiting and loose motion.. District RRT investigated the outbreak. 05 stool samples and 04 water samples collected and sent to DPHL Balakot, 1 water sample found unfit and no pathogen isolated from stool. All cases treated and recovered on same day. Health education given."
Karnataka,Belagavi,Food Poisoning,81,0,16-07-19,17-07-19,Under Surveillance,"Cases reported from Village/PHC/CHC/ Vantamuri. District RRT investigated the outbreak. Cases occurred after students consumed food provided in a Government school. A dead lizard was also observed in the food. All students had history of consuming rice and sambhar. Food samples collected and sent to divisional food lab Belagavi, result awaited. All cases treated. Health education given."
Karnataka,Chitradurga,Food Poisoning,54,0,17-07-19,17-07-19,Under Control,"Cases reported from Village Channabasayyanahatti, PHC/CHC Nelagetanahatti, Taluk Challakere. District RRT investigated the outbreak. All cases had history of consuming mid-day meal in the school. 06 blood samples collected and food samples sent to PHI Bangalore, result awaited. Food and water samples taken, result awaited.All cases treated. Health education given."
Karnataka,Dharwad,Suspected Food Poisoning,23,0,10-07-19,10-07-19,Under Control,"Cases reported from Village Kundagol, PHC Kalidas Nagar Kundagol town, Taluk, Yaraguppi. District RRT investigated the outbreak. All had history of consuming food in the hostel, after which they developed loose motion, stools and vomiting. 02 water samples collected and sent to DSU Dharwad and both found non potable. All cases treated symptomatically. Health education given. 6 | P a g e"
Karnataka,Davanagere,Dengue,32,0,16-07-19,16-07-19,Under Surveillance,"Cases reported from Village Hallekundavada, SC Doddabathi, PHC Davangere, Block Davangere. District RRT investigated the outbreak. 05 serum samples collected and sent to DPHL lab for confirmation of Dengue and Chikungunya and 03 samples found positive for Dengue by IgM ELISA. 04 water samples taken, result awaited. Active case search done in the area. All cases treated. Health education given."
Kerala,Kollam,Mumps,10,0,17-07-19,19-07-19,Under Surveillance,"Cases reported from Village Arippa, HSC Chozhiyakkode, PHC/Block Kulathupuzha. District RRT investigated the outbreak. Index case had history of travel to Palakkad after which he developed fever and bilateral cheek swelling, on same day other children with similar findings were also reported from the same area. All the cases were in age group of 11-15 years. All cases treated under isolation. Health education given."
Meghalaya,East Khasi Hills,Mushroom Poisoning,4,0,11-07-19,15-07-19,Under Surveillance,"Cases reported from Mawsynram, SC Wahmawpat, CHC Sawsymper, Block Mawsynram. District RRT investigated the outbreak. Mushroom samples collected and sent for lab analysis and identification. All affected from same family and had vomiting and diarrhea an hour after consuming mushrooms harvested from vicinity of house. All cases treated. Health education given."
Maharashtra,Chandrapur,Japanese Encephalitis,6,1,13-07-19,19-07-19,Under Surveillance,"Cases reported from Village Bhagat Singh ward, PHC/Block Ballarpur. District RRT investigated the outbreak. 01 serum sample collected and found JE positive at GMC Chandrapur. 6 Blood smears examined and all found negative for Malaria. Entomological survey done CI (6.02), HI (3.31), BI (8.26). All cases treated. Health education given."
Maharashtra,Chandrapur,Japanese Encephalitis,23,1,17-07-19,20-07-19,Under Surveillance,"Cases reported from Village Navegaon Pandav, PHC Navegaon Pandav, Taluka Nagbhid. District RRT investigated the outbreak. 01 serum sample collected and found JE positive. 23 blood smears examined and found negative for malaria. Entomological survey done CI (7.04), HI (2.27), BI (10.67). All cases treated. Health education given. 7 | P a g e"
Maharashtra,Gadchiroli,Acute Diarrheal Disease,24,0,15-07-19,16-07-19,Under Surveillance,"Cases reported from Village/SC Sakhara, CHC Porla, Block Gadchiroli. District RRT investigated the outbreak. 22 water samples collected and sent to DPHL Gadchiroli, and 09 stools samples collected and sent to DPHL, result awaited. Cases had history of consuming water from a single well which according to local was not chlorinated. All cases were above 15 years of age. House to house survey done. All cases treated. Health education given. All water sources chlorinated."
Madhya Pradesh,Raisen,Acute Diarrheal Disease,16,0,07-07-19,15-07-19,Under Surveillance,"Cases reported from Village Rashidour, PHC Jugharpur, Block Gairatganj. District RRT investigated the outbreak. House to house survey done. Cases occurred due to consumption of drinking water. All cases treated. Health education given."
Nagaland,Dimapur,Japanese Encephalitis,9,0,17-07-19,17-07-19,Under Surveillance,"Cases reported from Supply colony, Forest colony, Chumu. District RRT investigated the outbreak. All cases treated. Health education given."
Odisha,Bolangir,Food Poisoning,7,0,17-07-19,19-07-19,Under Surveillance,"Cases reported from Village Jhalap, SC Bhuslad, CHC Sindhekela, Block Bangomunda. District RRT investigated the outbreak. Cases had history of consumption of food in a mid-day meal, after which they developed vomiting. All cases treated. Health education given."
Odisha,Bolangir,Food Poisoning,8,0,11-07-19,15-07-19,Under Control,"Cases reported from Losingha Ksaturba Gandhi Balika Vidyalaya. District RRT investigated the outbreak. Cases presented with vomiting and loose motion after consumption of meal. 01 water sample collected and sent to DPHL Balangir, and found non potabel. All cases treated. Health education given."
Odisha,Bolangir,Food Poisoning,9,0,16-07-19,18-07-19,Under Control,"Cases reported from CHC Jamgaon, Block Puintala, District RRT investigated the outbreak. Cases presented with vomiting. 01 water sample collected and sent to DPHL Balangir, result awaited. All cases treated. Health education given. 8 | P a g e"
Odisha,Bolangir,Acute Diarrheal Disease,30,0,16-07-19,19-07-19,Under Control,"Cases reported from CHC Harijanpada, Block Belpada. District RRT investigated the outbreak. Cases presented with vomiting. All cases treated. Health education given."
Odisha,Balasore,Dysentery,17,0,13-07-19,18-07-19,Under Surveillance,"Cases reported from Village Banabhuin Seba Ashram TRW School, SC Banabhuin, CHC Berhampur, Block Nilgiri. District RRT investigated the outbreak. 04 water samples and 10 rectal swab samples collected sent to DPHL, result awaited. All cases treated. Health education given."
Punjab,Jalandhar,Suspected Cholera,6,0,18-07-19,18-07-19,Under Surveillance,"Cases reported from Gandhi Camp, Urban Jalandhar. District RRT investigated the outbreak. House to house survey done. Cholera was suspected based on a positive stool sample hanging drop method done in a private hospital. 01 stool sample collected and sent to DPHL, result awaited. All cases treated. Health education given."
Punjab,Hoshiarpur,Acute Diarrheal Disease,11,0,18-07-19,18-07-19,Under Surveillance,"Cases reported from Roop Nagar Hoshiarpur (Ward no. 21 & 22). District RRT investigated the outbreak. 20 water samples collected and sent to S.P.H.L, Kharara. 01 stool samples collected and result awaited. Contamination of potable water with sewer line was observed. All cases treated. Health education given."
Punjab,Gurdaspur,Cholera,2,1,20-07-19,22-07-19,Under Surveillance,"Cases reported from Mohalla Hathi gate, Batala. A case 11 years old male died of diarrhea immediately after admission. Other 9 year old child admitted with similar symptoms and was tested positive for Vibrio cholera at CH Babri. Both were siblings. House to house survey done. Water contamination was observed due to mixing of water with sewage line. Treatment given to admitted child and recovered. 9 | P a g e"
Puducherry,Puducherry,Food Poisoning (Salmonellosi s),14,0,21-07-19,22-07-19,Under Surveillance,"Cases reported from JIPMER Campus, PHC Gorimedu, Block Oulgaret. District RRT investigated the outbreak. All cases presented with diarrhea. Source of infection was traced to a nearby restaurant serving shawarma and mayonnaise. 08 Stool samples and 01 Food sample collected and sent to JIPMER Lab. Stool samples were positive for Salmonella Enterica. Surveillance started to trace other people. All cases treated symptomatically. Health education given."
Rajasthan,Baran,Acute Diarrheal Disease,59,0,08-07-19,15-07-19,Under Surveillance,"Cases reported from Village/SC Rampur Upareti, PHC/Block Shahabad. District RRT investigated the outbreak. 05 stool samples collected and sent to Microbiology Central Lab M.B.S Hospital Kota 05 samples found Escherichia Coli Positive. 09 water samples collected and sent to PHED Lab, result awaited. All cases treated. House to house surveyo done. Health education given."
Rajasthan,Dholpur,Food Poisoning,41,0,17-07-19,18-07-19,Under Surveillance,"Cases reported from Village Basailalu, PHC Bareh, Block Rajakhera. District RRT investigated the outbreak. Cases had history of consumption of food in a ceremony. 10 stool and vomitus samples collected and sent to DPHL Dholpur, result awaited. All case treated. Health education given."
Rajasthan,Jhalawar,Acute Diarrheal Disease,25,0,15-07-19,17-07-19,Under Surveillance,"Cases reported from Village Bhanpuriya, SC Thobriya Kurd, CHC/Block Bakani. District RRT investigated the outbreak. The cases occurred after drinking water from contaminated source. 06 stool samples collected sent to Microbilogy Lab, Medical College Jhalawar and 08 water samples collected and sent to PHED Lab Jhalawar, result awaited. House to house survey done. Medical camp organized in the area. All cases treated. Health education given."
Tamil Nadu,Ariyalur,Food poisoning,18,0,20-07-9,22-07-19,Under Surveillance,"Cases reported from Amman Kovil street, Village/HSC/PHC/Block Ulkottai. District RRT investigated the outbreak. 03 water samples 03 food samples and 03 stool samples collected sent to GH Ariyalur, result awaited. All cases treated. Health education given. 10 | P a g e"
Uttar Pradesh,Kanpur (Dehat),Acute Diarrheal Disease,153,2,09-07-19,17-07-19,Under Surveillance,"Cases reported from Village Sujaur, PHC/Block Amraudha. District RRT investigated the outbreak. The cases occurred after drinking water from contaminated source. Pipe line leakage identified in the water distribution line. 09 water samples collected by Jal Nigam, result awaited. All cases treated. Health education given."
Uttarakhand,Dehradun,Acute Diarrheal Disease,29,0,17-07-19,21-07-19,Under Surveillance,"Cases reported from Shivaji Colony Marg Urban Health, Post Khurbura, Block Raipur. District RRT investigated the outbreak. 03 stool samples collected sent to DPHL Haridwar, samples found negative for Cholera and Coliforms. All cases treated. Health education given."
West Bengal,Purulia,Cholera,31,0,12-07-19,13-07-19,Under Control,"Cases reported from Village/SC Hetgugui, Block Arsha. District RRT investigated the outbreak. 02 rectal swab samples collected sent to BSMCH, one sample found positive for Vibrio Cholera and other for E Coli. All cases treated. Health education given. DISEASE OUTBREAKS OF PREVIOUS WEEKS REPORTED LATE Unique ID. Name of State/UT Name of District Disease/ Illness No. of Cases No. of Deaths Date of Start Outbreak Current Status Comments/ Action Taken"
Assam,Cachar,Fever,38,0,05-07-19,,Under Surveillance,"Cases reported from Village Salganga, Champatila & Tikolparghat, SC Salganga, BPHC Udharbond. District RRT investigated the outbreak. 19 RDT and 12 Blood slides collected and sent to Udharbond BPHC and all found negative for Malaria. All cases treated symptomatically. Health education given."
Bihar,Nalanda,Food poisoning,49,0,19-06-19,,Under Surveillance,"Cases reported from Village Jati Bhagawanpur, HSC Nekpur, PHC/Block Silao. District RRT investigated the outbreak. Cases were reported from village after consuming food in a ceremony. Cases presented with loose motion and abdominal pain. All cases treated. Health education given. 11 | P a g e"
Chhattisgarh,Janjgir,Acute Diarrheal Disease,13,0,14-07-19,,Under Surveillance,"Cases reported from Ward No, 04, PHC Naila, Block Navagarh. District RRT investigated the outbreak. House to house survey done. Water samples collected and sent to PHE Department, result awaited. It was observed that drinking water was contaminated with sewage line. All cases treated symptomatically. Health education given."
Chhattisgarh,Surajpur,Acute Diarrheal Disease,74,0,12-06-19,,Under Surveillance,"Cases reported from Village Banshipur, SC Durti, PHC Songara, Block Pratapur. District RRT investigated the outbreak. Lab samples collected and result awaited. All cases treated. Health education given. All water sources were chlorinated."
Chhattisgarh,Surajpur,Food Poisoning,68,0,12-05-19,,Under Control,"Cases reported from Village Nawaparakala, SC Nawaparakala, PHC Tara, Block Prem nagar, District RRT investigated the outbreak. House to house survey done. Cases had history of consumption of food in a social function. After which they developed vomiting and diarrhoea. All cases treated. Health education given."
Gujarat,Kheda,Chandipura viral encephalitis,1,0,16-07-19,,Under Surveillance,"Case reported from Village Siholadi, SC Alindra, PHC Alindra, Block Vaso. District RRT investigated the outbreak. Affected case was a 6 year old male presenting with fever, foul smelling vomiting and foul smelling stools and convulsions. 1 Serum sample collected by Shree Krishna Hospital and sent to NIV Pune and found positive for CHPV by PCR. House to house survey done. All cases treated. Health education given. 5% Malathion Dusting done. Cleanliness drive initiated in the area."
Gujarat,Valsad,Food poisoning,19,0,17-07-19,,Under Surveillance,"Cases reported from SC Aslona, PHC Aslona, Block Kaparada. District RRT investigated the outbreak. Cases occurred after consuming stale food in an Ashram school. 02 water samples collected and sent to GMERS College, 01 sample found positive for Pseudomonas aeruginosa and other for Kleibseilla. House to house survey done. All cases treated. Health education given."
Jharkhand,Khunti,Chickenpox,8,0,16-07-19,,Under Surveillance,"Cases reported from Village Sahyog, Dugdugia, Gutjora, Block Khunti. District RRT investigated the outbreak. Cases presented with fever and rash. 07 Blood samples collected and result awaited. All cases treated under isolation. Health education given. 12 | P a g e"
Karnataka,Dharwad,Chikungunya,12,0,14-07-19,,Under Surveillance,"Cases reported from Village Adarsh Nagar, PHC/CHC PHQ UPHC, Taluk Dharwad. District RRT investigated the outbreak. Cases presented with fever and headache. 03 serum samples collected and sent to KIMS referral Lab and 02 found positive for Chikungunya by IgM ELISA and 1 found positive for Dengue by NS1 ELISA. Rapid fever survey done in the area. Vector indices were HI 29.6%, CI 4.5% and BI 45.5%. All cases treated. Health education given."
Karnataka,Uttara Kannada,Acute Diarrheal Disease,20,0,16-07-19,,Under Control,"Cases reported from Village Watnal, PHC/CHC Belwatgi, Taluk Haliyal. District RRT investigated the outbreak. The cases occurred after drinking water from contaminated source. Pipe line leakage identified in the water distribution line. 02 water samples collected and sent to DSL Karwar, result awaited. All cases treated. Health education given."
Kerala,Idukki,Chikungunya,10,0,05-07-19,,Under Control,"Cases reported from Village Kumily, HSC Rosapookandam, PHC Kumily, Block Vaniperiyar. District RRT investigated the outbreak. Lab samples collected and result PCR & Elisa positive. All cases treated. Health education given."
Kerala,Kasaragod,Hepatitis A,47,0,14-07-19,,Under Surveillance,"Cases reported from Village Badira, HSC PP Unit, PHC Urban Kasaragod, and Block Muliyar. District RRT investigated the outbreak. 06 serum samples collected and sent to SSH Lab Kasaragod and found IgM ELISA Positive for Hepatitis A. All cases treated. Health education given. Medical camp organized in the area."
Meghalaya,RI- Bhoi (Nongpoh),Japanese Encephalitis,4,0,01-07-19,,Under Surveillance,Cases reported from CHC/Block Umsning. District RRT investigated the outbreak. All affected had fever and associated change in mental status. 04 CSF collected and sent to NEIGRIHMS and found JE positive. All cases treated. Health education given.
Maharashtra,Kolhapur,Scrub Typhus,4,0,04-07-19,,Under Surveillance,"Cases reported from Ghalwad, SC Kutwad, PHC Ghalwad, Block Shirol. District RRT investigated the outbreak. Affected area is a remote place and having cattle sheds in all around in the area. Sanitation was poor. 03 blood serum samples collected and tested positive for Scrub typhus by Weil Felix test. House to house survey done. All cases treated. Health education given. Antimite dusting was done in the area along with the management of shrubs. 13 | P a g e"
Maharashtra,Satara,Dengue,28,0,03-06-19,,Under Surveillance,"Cases reported from Block Khatav, Block Satara, Block Karad. District RRT investigated the outbreak. 21 blood serum samples collected and sent to Civil Hospital and 15 found positive for Dengue by IgM ELISA. All cases treated. Active fever surveillance done in the area. IEC done for using personal protective methods against mosquito bite. Fogging done."
Maharashtra,Thane,Suspected Dengue,5,1,28-06-19,,Under Surveillance,"Cases reported from Ulhasnagar Corporation from UHC Shantinagar. Increase larval density found in the area. A 18 year old male died of illness while admitted at Sion hospital Mumbai. 04 blood samples tested for Dengue found negative at UHC Ulhas Nagar 4, 02 blood samples collected and sent to JJ Hospital Thane result awaited. Fogging done."
Maharashtra,Wardha,Japanese Encephalitis,14,2,04-07-19,,Under Control,"Cases reported from Village Bhivapur, SC Neri, PHC Talegaon (T) and slum area of Itwara Ward of Block Wardha. District RRT investigated the outbreak. 12 bloods smears samples taken for the evaluation of Malaria all found negative. 12 serum samples collected sent to MGIMS and 02 sample positive for JE. Culex and Aedes density was found to be very high. Poor sanitary conditions favored mosquito breeding. Manure pits with intense mosquito breeding was found. Lindane dusting done on the pits. Fogging done. Dry day observed in the area. All cases treated. Health education given. FOLLOW UP OF DISEASE OUTBREAKS PREVIOUS WEEKS Unique ID. Name of State/UT Name of District Disease/ Illness No. of Cases No. of Deaths Date of Start Outbreak Current Status Comments/ Action Taken 26th week Follow-up Outbreaks ID 0712 Assam Multiple districts AES 2417 318 25-05-19 Under surveillance Cases of AES reported from various villages of multiple districts of Assam. State and Central level RRT investigated the outbreak. A total of 7776 blood samples were tested for JE of which 609 were tested positive. A total of 2608853 blood smears were examined of which 488 were positive for P Falciparum, 180 for P Vivax and 3 for both. Of all 318 deaths 145 were due to Japanese Encephalitis. Extensive vector control measures were taken. Fogging done. Various RRTs constituted. Insecticide treated bed nets distributed."
Andhra Pradesh,Krishna,Food Poisoning,17,0,19-07-19,19-07-19,No new cases reported,"Cases reported from BC College Girls Hostel Kaikaluru, Krishna. District RRT investigated the outbreak. Active search for cases done. Cases consumed food (stale chicken dish) and presented with symptoms of vomiting and loose motion. Water samples collected and sent to IPM Vijayawada; result awaited. All cases treated symptomatically. Health education given regarding food hygiene and sanitation."
Chhattisgarh,Balodabazar,Acute Diarrheal Disease,47,1,21-07-19,26-07-19,No new cases reported,"Cases reported from Village Chandidih, SC Sel, PHC Katgi, Block Kasdol. District RRT investigated the outbreak. House to house survey done. One death occurred in a 16yr old female. Water sample collected and sent to PHE; result awaited. All cases treated symptomatically. IEC done regarding safe drinking water and personal hygiene."
Delhi,North Delhi,Cholera,5,0,25-07-19,25-07-19,No new cases reported,"Cases reported from urban area of Azadpur, Sub- Division Model Town, Delhi. District RRT investigated the outbreak. 5 stool samples collected and sent to MVIDH were positive for Cholera culture. House to house survey done. 10 stool samples collected by North Municipal Corporation Delhi were negative for cholera culture. ORS packets were distributed in the affected area. All cases treated symptomatically. Health education given regarding safe water drinking and personal hygiene."
Gujarat,Kheda,Acute Diarrheal Disease,18,0,24-07-19,24-07-19,No new cases reported,"Cases reported from Village Dhunadra (Navi Nagari), SC/PHC Dhunadra, Block Thasra. District RRT investigated the outbreak. House to house survey done. 1 stool sample collected and sent to DPHL Nadiad was found negative for enteropathogens by culture. All cases treated symptomatically. Halogen tablets and ORS packets were distributed in the community. IEC done regarding safe drinking water and personal hygiene. 4 | P a g e"
Gujarat,Navsari,Cholera,25,0,24-07-19,25-07-19,No new cases reported,"Cases reported from Village Sadlav, PHC Nagdhara, Block Navsari. District RRT investigated the outbreak. House to house survey done. 12 water samples collected and tested were not suitable for drinking purpose. Out of 9 stool samples were collected; 2 stool samples were positive for cholera culture. All cases treated symptomatically. Halogen tablets and ORS packets were distributed in the community. IEC done regarding safe drinking water and personal hygiene."
Gujarat,Surendranagar,Viral Hepatitis E,26,0,23-07-19,24-07-19,No new cases reported,"Cases reported from Popatpara, UHC Veparimandal, Taluka Wadhwan. District RRT investigated the outbreak. House to house survey done. 2 water samples collected and sent to DPHL Rajkot; were non potable. Out of 4 blood sample collected and sent to PDUMC Rajkot; 2 samples were positive for Hepatitis E (IgM ELISA). All cases treated symptomatically. Chlorination of water sources done. Halogen tablets were distributed in the community. Health education given."
Gujarat,Amreli,Food Poisoning,155,0,28-07-19,28-07-19,No new cases reported,"Cases reported from Village Bhurakhiya, PHC Jarakhiya Rural, Taluk Lathi. District RRT investigated the outbreak. All cases consumed food in social ceremony and presented symptoms with loose motion, vomiting and abdominal pain. 09 stool samples collected and sent to DPHL, Amreli were negative for cholera culture. 03 food samples sent to Govt, Lab. result awaited. All cases treated symptomatically. Health education given."
Jharkhand,Godda,Influenza B,29,0,22-07-19,26-07-19,No new cases reported,"Cases of fever, chest pain, headache, sore throat reported from Village Sadarprakhand, Sadarprakhand, Dama, Jhilwa-Majhitoal. District RRT investigated the outbreak. Active search of cases done. 3 blood samples and 2 nasopharyngeal swab were collected and sent to NICED, Beleghata, Kolkata; 1 nasopharyngeal swab was found to be positive for Influenza-B. All cases treated symptomatically. Health education given. 5 | P a g e"
Jammu And Kashmir,Baramulla,Chickenpox,5,0,21-07-19,23-07-19,No new cases reported,"Cases reported from Ghanai Mohalla, Village Sherabad Khor PHC Khor, Block Kunzer. District RRT investigated the outbreak. House to house survey done. All cases treated symptomatically. Health education given."
Jammu And Kashmir,Baramulla,Enteric Fever,31,0,21-07-19,25-07-19,Under Surveillance,"Cases reported from Village Takya Batpora, PHC/Block Kunzer. District RRT investigated the outbreak. The water treatment plant supplied contaminated water to the affected area. 2 water samples and 6 blood samples were collected; result awaited. All cases treated symptomatically. Chlorine tablets distributed in the affected areas. Health education given regarding personal hygiene, hand hygiene practices and consumption of safe drinking water."
Jammu And Kashmir,Jammu |& Kashmir Srinagar,Chickenpox,9,0,24-07-19,26-07-19,No new cases reported,"Cases reported from Village Rahat Manzil (Orphanage) Bemina, SC Bemina, Batamaloo. District RRT investigated the outbreak. House to house survey done. All cases treated symptomatically. Health education given."
Karnataka,Dharwad,Chikungunya,6,0,22-07-19,22-07-19,No new cases reported,"Cases reported from Village Bhadrapur, PHC Annigeri, Taluk Navalgund. District RRT investigated the outbreak. House to house survey done. 1 serum samples collected was found positive for Chikungunya (IgM ELISA). All cases treated symptomatically. Entomological survey done. Source reduction activity and fogging done in the affected area. Health education given."
Karnataka,Mandya,Dengue,19,0,22-07-19,26-07-19,No new cases reported,"Cases reported from Village Shikaripura, SC Thuppudamadu, PHC Haradanahalli, Taluk Nagamangala. District RRT investigated the outbreak. House to house survey done. Out of 3 serum samples collected; 1 sample was found positive for Dengue (IgM ELISA). All cases treated symptomatically. Entomological survey done. Source reduction activity and fogging done in the affected area. Health education given. 6 | P a g e"
Karnataka,Raichur,Dengue,4,0,22-07-19,24-07-19,No new cases reported,"Cases reported from Village/SC Idabhavi, PJHC Gurugunta, Block Lingsugur. District RRT investigated the outbreak. House to house survey done. Out of 4 serum samples collected; 1 sample was found positive for Dengue (IgM ELISA). All cases treated symptomatically. Entomological survey done. Source reduction activity and fogging done in the affected area. Health education given."
Kerala,Kasaragod,Melioidosis,2,2,24-07-19,24-07-19,Under Surveillance,"A 6 month old female child and 4.5 year old male child resident of Mugu Village, PHC Puthige, Block Kumbala presented fever and were referred to Fr. Muller Hospital Mangalore on 21st 01-07-19. Later children died on 23rd 01-07-19. District RRT investigated the outbreak House to house survey done. Blood and body fluids of the children were collected and sent to Fr Mullers Hospital; were found positive for Burkhoideria pseudomallei. Endotracheal aspirate sample collected and tested at MCVR was positive for Burkhoideria mallei/pseudomallei by Real Time PCR. Soil, water samples collected and sent to State Public Health lab; result awaited. Veterinary Dept collected goats and cats samples were negative for Burkhoideria. Health education given."
Kerala,Kottayam,Food Poisoning,13,0,23-07-19,25-07-19,No new cases reported,"Cases reported from Sreenipram, Kanakappalam area of Erumeli Panchyath (Ward 21 & 22), SC Kanakappalam, PHC Erumeli, Block Erumeli. District RRT investigated the outbreak. Active search of cases done. All the cases consumed food (mushroom) and presented symptoms with loose motion and vomiting. Food samples collected and sent to Food Analytical Lab of Trivandrum; result awaited. All cases treated symptomatically. Health education given regarding food hygiene and sanitation. 7 | P a g e"
Meghalaya,RI-Bhoi (Nongpoh),Viral Hepatitis A,15,1,22-07-19,24-07-19,No new cases reported,"Cases of yellow discoloration of urine and sclera, weakness and fatigue reported from CHC Umsning. District RRT investigated the outbreak. House to house survey done. One death occurred in a 5yr old male child. Out of 0 3 blood samples collected and send to NEIGRIHMS ;To samples were positive for hepatitis A (IgM ELISA). All cases treated symptomatically. Chlorination of water sources done. Health education given regarding personal hygiene, hand hygiene practices and safe drinking water."
Maharashtra,Palaghar,Acute Diarrheal Disease,9,0,19-07-19,22-07-19,No new cases reported,"Cases reported from Village Poshera (Bijalpada), SC Poshera, PHC/Block Morhanda. District RRT investigated the outbreak. House to house survey done. Water sample collect and sent to PHE; result awaited. All cases treated symptomatically. Halogen tablets and ORS packets were distributed in the community. IEC done regarding safe drinking water and personal hygiene."
Odisha,Koraput,Anthrax,13,0,19-07-19,25-07-19,No new cases reported,"Cases reported from Village Rupuguda, CHC/Block Boipariguda. District RRT investigated the outbreak. House to house survey done. All cases consumed meat of a dead goat. 6 swabs were collected and sent to DPHL & MCVR; 5 swabs were positive for Anthrax bacillus by RT PCR. All cases treated symptomatically. Health education given."
Odisha,Mayurbhanj,Food Poisoning,24,0,25-07-19,26-07-19,No new cases reported,"Cases reported from Village Mankadkenda, SC Purna Baripada, CHC Khunta. District RRT investigated the outbreak. Active search of cases done. All the cases consumed food from a common source and presented with symptoms of loose motion and vomiting. 02 water and 03 rectal swabs samples were collected; were negative for enteropathogens. All cases treated symptomatically. Health education given regarding food hygiene and sanitation. 8 | P a g e"
Odisha,Balasore,Food Poisoning,25,0,23-07-19,24-07-19,No new cases reported,"Cases reported from Village Tapundia (Giri Sahi), SC Tapundia, Sector Sriram, GP Kumbhari Under, CHC Baliapal, Block Baliapal. District RRT investigated the outbreak. Active search of cases done. All the cases consumed food from a common source and presented with symptoms of loose motion and vomiting. 04 water samples collected were found non-potable. All cases treated symptomatically. Health education given regarding food hygiene and sanitation."
Odisha,Sundargarh,Food Poisoning,24,0,26-07-19,28-07-19,No new cases reported,"Cases reported from Bad Dalki ST Girl’s Hostel, SC Bad Dalki, CHC Birkera, Block Lathikata. District RRT investigated the outbreak. Active search of cases done. All the cases consumed food from a common source and presented with symptoms of loose motion and vomiting. 05 stool samples were collected and sent to DPHL Sundargarh; were negative for enteropathogens. All cases treated symptomatically. Health education given regarding food hygiene and sanitation."
Punjab,SAS Nagar,Acute Diarrheal Disease,24,0,24-07-19,25-07-19,No new cases reported,"Cases reported from Village Bhabat, Block Derabassi. District RRT investigated the outbreak. House to house survey done. 1 stool sample collected and sent to DPHL SAS Nagar; negative for cholera culture. Water sample collect; result awaited result All cases treated symptomatically. Halogen tablets and ORS packets were distributed in the community. IEC done regarding safe drinking water and personal hygiene."
Punjab,Muktsar,Mumps,8,0,19-07-19,26-07-19,No new cases reported,Cases reported from a school in an urban area. District RRT investigated the outbreak. Active search for cases done. All 7 blood samples collected and sent to DPHL Bathinda were positive for Mumps (IgM ELISA). All the cases were less than 15yr of age. All cases treated symptomatically. Health education given. 9 | P a g e
Tamil Nadu,Tiruvallar,Acute Diarrheal Disease,43,0,26-07-19,27-07-19,No new cases reported,"Cases reported from urban area Optima Upgrade, Sector-4, UPHC Paruthipattu, Avadi Municipality. District RRT investigated the outbreak. House to house survey done. 9 water sample collect and sent to DPHL Tiruvallur; result awaited result All cases treated symptomatically. Halogen tablets and ORS packets were distributed in the community. IEC done regarding safe drinking water and personal hygiene."
Tamil Nadu,Namakkal,Food Poisoning,60,0,22-07-19,26-07-19,No new cases reported,"Cases reported from Village Anna nagar, Ethir medu, Vattamalai, SC Olappalayam, PHC Pallakkapalayam, Block Pallipalayam. District RRT investigated the outbreak. Active search of cases done. All the cases consumed food in a social ceremony and presented symptoms with loose motion and vomiting. 04 stool samples and 2 water samples were collected and sent to DPHL Namakkal; were negative for Salmonella, Cholera, Shigella culture. All cases treated symptomatically. Health education given regarding food hygiene and sanitation."
Telangana,Hyderabad Rural,Food Poisoning,13,0,28-07-19,28-07-19,No new cases reported,"Cases reported from Gundla Pochampally, PHC Srirangavaram. District RRT investigated the outbreak. Active search of cases done. All the cases consumed food (chicken) in a restaurant and presented symptoms with loose motion and vomiting. All cases treated symptomatically. Health education given regarding food hygiene and sanitation."
Uttar Pradesh,Ghazipur,Acute Diarrheal Disease,12,0,25-07-19,25-07-19,No new cases reported,"Cases reported from Village Sardarpur, CHC Birno. District RRT investigated the outbreak. House to house survey done. All cases treated symptomatically. Halogen tablets and ORS packets were distributed in the community. IEC done regarding safe drinking water and personal hygiene. 10 | P a g e DISEASE OUTBREAKS OF PREVIOUS WEEKS REPORTED LATE Unique ID. Name of State/UT Name of District Disease/ Illness No. of Cases No. of Deaths Date of Start Outbreak Current Status Comments/ Action Taken"
Bihar,Jahanabad,Food Poisoning,29,1,09-07-19,,No new cases reported,"Cases reported from Village Rattu Bigha, PHC/Block Ghosi. District RRT investigated the outbreak. Active search of cases done. Cases consumed food (pork) and presented symptoms with vomiting and loose motion. Symptomatic treatment given to all cases. Health education given regarding food hygiene and sanitation."
Bihar,Munger,Acute Encephalitis Syndrome,2,1,23-06-19,,No new cases reported,"Cases reported from PHC/Block Jamalpur and Sadar. District RRT investigated the outbreak. 2 cases were admitted in JLNMCH, Bhaglpur and one death occurred on 24th 01-06-19. House to house fever survey done. Health education given."
Gujarat,Vadodara,Chandipura (Viral Encephalitis),1,1,12-07-19,,No new cases reported,"A 4yr and 11moth old female child resident of Village Bhayli- 1, PHC Bhayli, Taluka Vadodara was admitted in GMERS Medical College on 28th 01-06-19. The child presented symptoms with diarrhea, vomiting and unconsciousness and later died on 30th 01-06-19. Blood and csf samples were positive for Chandipura virus from NIV, Pune. District RRT investigated the outbreak. House to house survey done. Malathion dusting done in the affected area. Health education given."
Jharkhand,Simdega,Chickenpox,21,0,05-06-19,,No new cases reported,"Cases reported from Village Japlanga Tangratoli, SC Koramia, PHC Salgapoch, CHC/Block T. Tanger. District RRT investigated the outbreak. House to house fever survey done. All 5 blood samples collected and sent to RIMS Ranchi were positive for chickenpox (IgM ELISA). All cases treated symptomatically. Health education given."
Karnataka,Chikkaballapur,Diphtheria?,3,0,07-07-19,,No new cases reported,"Cases reported from Village Mustoor, PHC Muddenahalli, Taluk Chickaballaprua; Villages Jaraganahalli and S Devaganahalli, PHC Sadali, Taluk Sidlaghatta. District RRT investigated the outbreak. Active search of cases done. 1 throat swab was collected and sent to BMCRI was found negative for C.diphtheriae. All the cases were fully immunized. ADT for management of Diphtheria stocked at District. DPT and Td vaccine given to all eligible children. All cases treated symptomatically. Health education given. 11 | P a g e"
Karnataka,Chikkaballapur,Dengue,17,0,10-07-19,,No new cases reported,"Cases reported from Village Chandrahalli, PHC/CHC Chinnasandra, Taluk Chintamani. District RRT investigated the outbreak. House to house survey done. Out of 5 serum samples collected; 4 sample was found positive for Dengue (IgM ELISA). All cases treated symptomatically. Source reduction activity and fogging done in the affected area. Entomological survey done. Health education given."
Karnataka,Udupi,Malaria,13,0,10-07-19,,No new cases reported,"Cases reported from Village Kodavoor A, PHC/CHC Malpe, Taluk Udupi. District RRT investigated the outbreak. Active search of cases done. Cases were migrant laborers from other Districts. Out of 60 blood smear were collected; 13 smears were positive for Malaria (Pf) and 1 smear positive for (Pv). All cases treated locally. Source reduction activities undertaken. Awareness camp regarding prevention and control of vector borne disease were carried out in the affected areas."
Kerala,Trivandrum,Mumps?,15,0,20-06-19,,No new cases reported,"Cases of fever with swelling of right parotid glands reported from BHV High School, Village/SC/PHC Thiruvallam, Block Vizhinjam. District RRT investigated the outbreak. All the cases were children less than 15yrs of age group. All cases treated symptomatically. Health education given regarding isolation of cases."
Rajasthan,Kota,Viral Hepatitis E,21,0,15-07-19,,No new cases reported,"Cases reported from PHC Ayana. District RRT investigated the outbreak. District RRT investigated the outbreak. House to house survey done. Pipeline leakages were observed in the community. Out of 21 blood samples collected and sent to GMC, Kota; 10 samples were positive for Hepatitis E and 1sample was positive for Hepatitis A (IgM ELISA). 3 water samples collected were non potable. Pipeline leakages were repaired. All cases treated symptomatically. Chlorination done. Health education given."
Telangana,Hyderabad Rural,Food Poisoning,9,0,04-07-19,,No new cases reported,"Cases reported from Aparna Constructions, Masjid Banda Serlingampally. District RRT investigated the outbreak. Active search of cases done. All the cases consumed food (chicken) in a restaurant and presented symptoms with loose motion and vomiting. All cases treated symptomatically. Health education given regarding food hygiene and sanitation. 12 | P a g e"
Uttar Pradesh,Aligarh,Acute Diarrheal Disease,75,2,16-07-19,,No new cases reported,"Cases reported from Village Salgawan Siroli, SC Bhamori Kala, PHC Gangiri, Block Charra. District RRT investigated the outbreak. House to house survey done. 4 water sample collected and sent to Jal Nigam; result awaited. 6 rectal swabs collected and sent to JNMC; were negative for enteropathogens. Two deaths occurred 1.5 yrs and 7 yrs male children. All cases treated symptomatically. Halogen tablets and ORS packets were distributed in the community. IEC done regarding safe drinking water and personal hygiene"
Uttar Pradesh,Mirzapur,Food Poisoning,20,0,16-07-19,,No new cases reported,"Cases reported from Village/SC Rampur, PHC Patehra. District RRT investigated the outbreak. Active search of cases done. All the cases consumed food (fish) and presented symptoms with loose motion and vomiting. All cases treated symptomatically. Health education given regarding food hygiene and sanitation."
Assam,Golaghat,Food Poisoning,16,0,31-07-19,01-08-19,Under Surveillance,"Cases reported from Village Duboroni, SC Kachomari Notional, PHC Kachomari, Block Kamarbandha. District RRT investigated the outbreak. The affected individuals’ age ranged between 0 and 61 years. All cases gave history of consuming in the area. A total of 02 stool samples were collected and sent to DPHL, Golaghat for culture sensitivity test the result of which reported growth of E.coli. A total of 02 water samples were collected and sent for H2S test the result was reported as not contaminated. All cases treated symptomatically. Health education given."
Assam,Nagaon,Scrub Typhus,1,1,01-08-19,01-08-19,Under Surveillance,"Case reported from Village Bohuabheti, SC/PHC Kasamari, Block Buragohaithan. District RRT investigated the outbreak. A 45 year old female presented in a semiconscious state with fever, vomiting and pain abdomen in a K/C/O hypetension and stroke. The patient expired at home after discharge against medical advice. Serum sample was collected and sent to DPHL, Nagaon, and reported negative for Japanese Encephalitis and positive for Scrub Typhus. Fever survey conducted in the affected area. Health education given."
Assam,Tinsukia,Acute Diarrheal Disease,10,0,03-08-19,03-08-19,Under Surveillance,"Cases reported from tea garden workers in Village Gellapukhuri, BPHC Hapjan. District RRT investigated the outbreak. A total of 03 water samples and 2 stool samples were collected and sent to AMCH Microbiology for MNP and culture sensitivity, results awaited. All cases treated symptomatically. Health education given. Tea garden authorities were instructed to improve sanitation. 4 | P a g e"
Bihar,Munger,Suspected Food Poisoning,23,0,30-07-19,03-08-19,Under Surveillance,"Cases reported from Village Bhuna, HSC Manjura Panchyat, Block Tetia Bamber. District RRT investigated outbreak. All cases gave history of consuming food in a religious ceremony. All cases developed loose motions and vomiting. All cases treated symptomatically. Health education given."
Chhattisgarh,Balodabazar,Food Poisoning,17,0,30-07-19,31-07-19,Under Control,"Cases reported from Village Jhabadhi, SC Jhabadhi, PHC Katgi, Block Kasdol. Cases presented with vomiting and loose motions. All cases were treated symptomatically. Health education given."
Dadra And Nagar Haveli,Dadra & Nagar Haveli,Suspected Mumps,5,0,31-07-19,31-07-19,Under Surveillance,"Cases reported from Village/SC Kheradi (Kathiyapada), PHC Amboli, Block Silvassa. District RRT investigated the outbreak. House to house survey done. Most of the affected cases were under 5 years of age. A 32 year old female was also affected. A total of 05 blood samples were collected and sent to NIV Pune, result awaited. All cases treated symptomatically under isolation."
Gujarat,Panchmahal,Chandipura Viral Encephalitis,1,0,31-07-19,31-07-19,Under Surveillance,"Case reported from Village Kaliyavav, PHC Samp, Block Godhra. District RRT investigated outbreak. Serum sample collected and sent to NIV Pune, result reported as positive by CHPV PCR Test. Samples of contact also sent to NIV, Pune and reported as Not Positive. House to house survey done. Case treated symptomatically. Health education given."
Karnataka,Chikkaballapur,Fever,12,0,27-07-19,03-08-19,Under Surveillance,"Cases reported from Polanayakanahalli, PHC Kencharlahalli, Taluk Chintamani. District RRT investigated outbreak. Lab samples collected and result awaited. Mosquito density has been reported as high in the area. All cases treated symptomatically. Health education given."
Karnataka,Chikkaballapur,Dengue,8,0,27-07-19,03-08-19,Under Control,"Cases reported from Village Gotlagunte, PHC Nakkalahalli, Taluk Gowribidanur. District RRT investigated the outbreak. Lab samples collected and result reported as Dengue IgM ELISA positive. All cases treated symptomatically. Health education given. 5 | P a g e"
Karnataka,Dharwad,Dengue,10,0,30-07-19,30-07-19,Under Control,"Cases reported from Hubballi KIMS Campus, PHC Medaroni, Taluk Hubballi. District RRT investigated the outbreak. Cases presented with fever, headache and vomiting. On survey it was found that hostel was surrounded by waste collections serving as water reservoirs and subsequent mosquito breeding. A total of 03 serum samples collected and sent to laboratory Hubballi and one found positive for Dengue by NS1 Ag and negative for Rickettsial fever by RTPCR. All cases treated symptomatically. Health education given."
Odisha,Bargarh,Food Poisoning,27,0,29-07-19,31-07-19,Under Control,"Cases reported from Village Katharpali, SC Dumerpali, CHC Sohela, Block Sohela. District RRT investigated the outbreak. Cases had history of consuming food at a religious gathering, after which they developed pain abdomen, vomiting and loose motions. All cases treated symptomatically. Health education given."
Rajasthan,Pali,Acute Diarrheal Disease,15,0,31-07-19,01-08-19,Under Surveillance,"Cases reported from Kasturba Balika Hostel, Naya Gaon Pali City. District RRT investigated the outbreak. Cases presented with nausea, pain abdomen and loose motions. A total of 09 stool samples sent to Medical college Jodhpur, result awaited. All cases treated symptomatically. Health education given."
Telangana,Medchal,Acute Diarrheal Disease,13,0,28-07-19,31-07-19,Under Control,"Cases reported from Labor Colony (V), Gundla Pochampally, PHC Srirangavaram. District RRT investigated the outbreak. Cases gave history of consumption of food in the area, following which they developed loose stools and vomiting. All cases treated symptomatically. Health camp organized in the area. Health education given regarding personnel hygiene and sanitation."
Tripura,Gomati,Jaundice,36,0,28-07-19,28-07-19,Under Control,"Cases reported from Shantipalli, Udaipur town. District RRT investigated the outbreak. The affected area was localized around a housing board comples and had water supply supplied by a common overhead tank. Water samples were collected, result awaited. Blood samples collected and sent to AGMC, result awaited. All cases treated symptomatically. Health camp organized in the area. Health education given. 6 | P a g e"
Uttar Pradesh,Firozabad,Acute Diarrheal Disease,32,3,26-07-19,01-08-19,Under Control,"Cases reported from Mohalla Azaad Nagar, UPHC Sant Nagar and Mohalla Anand nagar. District RRT investigated the outbreak. It was observed that unchlorinated water was supplied in the area in the past few days. 14 water samples were tested by OT test and chlorination found unsatisfactory. Health camp organized in the area. All cases treated. Health education given. DISEASE OUTBREAKS OF PREVIOUS WEEKS REPORTED LATE Unique ID. Name of State/UT Name of District Disease/ Illness No. of Cases No. of Deaths Date of Start Outbreak Current Status Comments/ Action Taken"
Arunachal Pradesh,Kamle,Suspected Enteric Fever,19,0,19-07-19,,Under Surveillance,"Cases reported from Boasimla Town under PHC Boasimla, Block Raga. District RRT investigated the outbreak. A total of 29 blood samples were collected and sent to PHC Boasimla out of which 19 were positive for Typhoid by Widal test. All cases treated symptomatically. Health education given."
Arunachal Pradesh,West Siang,Japanese Encephalitis,5,0,19-07-19,,Under Surveillance,"Cases reported from Aalo Town. District RRT investigated the outbreak. A total of 30 Serum samples were collected and sent to IDSP-DPHL, BPGH Pasighat out of which 05 samples found Ig M ELISA positive for Japanese Encephalitis. All cases treated symptomatically. Health education given."
Assam,Goalpara,Hepatitis A,18,0,15-07-19,,Under Surveillance,"Cases reported from Village Bakhrapara, SC Ambuk, PHC Bikali Model Hospital, Dhupdhara, Block Rangjuli. District RRT investigated the outbreak. House to house survey done. Maximum number of cases belonged toge 6-15 years. Poor sanitation and unhygienic conditions were observed in the village. A total of 05 serum and 05 water samples were collected and sent to DPHL, Goalpara. All serum samples were tested for Hepatitis A & E and 04 found positive for Hepatitis A by IgM ELISA. Result awaited for water samples. Cases treated symptomatically. Health education given. Disinfection of water sources done. 7 | P a g e"
Bihar,Vaishali,Mumps,6,0,19-06-19,,Under Control,"Cases reported from Village Seikhopur, Block Sahdeibuzurg. District RRT investigated outbreak. Cases presented with fever, swelling of parotid gland. Cases belonged to the age group 3 to 5 years. A total of 4 blood samples were collected and of which 2 were found positive for Mumps by IgM ELISA. All cases were treated symptomatically. Health education given."
Chhattisgarh,Durg,Acute Diarrheal Disease,40,0,22-07-19,,Under Surveillance,"Cases reported from Village Godpendri, SHC Achanakpur, CHC Patan, Block Patan. District RRT investigated outbreak. Cases probably occurred due to consumption of contaminated water. Water samples collected and sent to PHE Dept. Result awaited. House to house survey done. All cases treated. Health education given. Chorination of water done in the area."
Delhi,South Delhi,Trypanosomiasis,1,0,11-07-19,,Under Surveillance,"Case reported from Humayupur Safdarganj, Enclave, New Delhi. District RRT the investigated outbreak. Case presented with high fever with chills, vomiting, and irritability and also gave history of bleeding from nostril and terminal neck rigidity which relieved on its own. Peripheral blood examination revealed anisocytosis, microcytic hypochromic RBCs. PS also revealed Trypanosoma sp and negative for Malaria."
Gujarat,Dahod,Chandipura Viral Encephalitis,1,1,05-07-19,,Under Control,"Case reported from Village Surpur, SC Bor, PHC Kaliyavad, Block Dhanpur. District RRT investigated outbreak. The serum sample of the case was collected and sent to NIV Pune and SSGH, Vadodara, result reported as positive for Chandipura by CHPV PCR Test by NIV, Pune. A total of 6 contact serum samples collected and sent to NIV, Pune for investigation, result awaited. Dusting and spraying done in 35 houses. Health education given."
Karnataka,Chikkaballapur,Dengue,28,0,24-07-19,,Under Surveillance,"Cases reported from Village Giddappanahalli, PHC Beechaganahalli, Taluk Gudibande. District RRT investigated the outbreak. Blood samples collected and found positive for Dengue by NS1 at SSL Chikkaballapur. All cases treated symptomatically. Fogging done in the affected area. Use of mosquito net was advocated. Health education given."
Karnataka,Chikkaballapur,Fever,17,0,23-07-19,,Under Surveillance,"Cases reported from Village Chandralahalli, PHC Beechaganahalli, Taluk Gudibande. District RRT investigated outbreak. Larval survey done. Lab samples collected and result awaited. All cases treated. Health education given. 8 | P a g e"
Karnataka,Chikkaballapur,Diphtheria,1,1,26-07-19,,Under Control,"Case reported from Village/PHC Manchenahalli, Taluk Gowribidanur. District RRT investigated outbreak. 1 Throat swab samples collected and result reported as positive by culture. The case was admitted at Indiragandhi hospital and became non responsive to treatment and died after 2 days of admissions with the complications of Myocarditis and cardiogenic shock. House to house survey done. Health education given."
Karnataka,Dharwad,Chikungunya,9,0,22-07-19,,Under Control,"Cases reported from Village Hosalli, PHC Saunshi, Taluk Kundagol. District RRT investigated the outbreak. Cases presented with fever, headache and arthralgia. 01 serum sample collected sent to laboratory KIMS, Hubli, result awaited. All cases treated symptomatically. Active case search done. Health education given."
Madhya Pradesh,Jabalpur,Measles,41,0,20-04-19,,Under Control,"Cases reported from Village Dadargawan, PHC Chorai, CHC Kundum, Block Kundum. District RRT investigated the outbreak. Blood samples collected and sent to ICMR, result awaited. Vitamin A syrup administered. All cases treated symptomatically. Health education given."
Madhya Pradesh,Jabalpur,Acute Diarrheal Disease,6,0,28-12-19,,Under Control,"Cases reported from near Bandariya Tiraha, Rampur. District RRT investigated the outbreak. All the cases were members of the same family and gave history of consuming pizza from a near by shop. Food samples of left over pizza was taken by the food department, result awaited. All cases treated."
Madhya Pradesh,Jabalpur,Acute Diarrheal Disease,29,0,27-06-19,,Under Control,"Cases reported from Village Gauri, SC Kuwarhat, CHC Kundum, Block Kundum. District RRT investigated the outbreak. Contamination of drinking water sources like tube well and well due to rains was the cause of infection. 2 water samples were taken from Khalli Mohalla by PHE department and found positive for Coliforms. Authorities were requested to safeguard water sources by constructing parapet wall. Chlorination was done. All cases treated."
Madhya Pradesh,Jabalpur,Acute Diarrheal Disease,8,0,14-07-19,,Under Control,"Cases reported from Village Aamateetha, SC Kuwarhat. CHC/Block Kundum. District RRT investigated the outbreak. 03 water samples collected and found negative for any contamination. Contamination of water source was the probable cause of infection. The cases also gave history of consuming locally grown Kudai millet. All cases treated. Health education given. Halogen tablets were given for chlorination of water at house hold level. 9 | P a g e"
Madhya Pradesh,Jabalpur,Chickenpox,13,0,12-06-16,,Under Control,"Cases reported from Ward No. 18, PHC Khitola, Block Sihora. District RRT investigated the outbreak. Cases presented with Fever and rash. All affected belonged to the age group range 1.5 to 28 yrs. All cases were treated symptomatically. Health education given."
Puducherry,Mahe,Dengue,4,0,29-06-19,,Under Surveillance,Cases reported from 1 GH Mahe- Block Mahe. District RRT investigated the outbreak. A total of 19 blood serum samples collected and sent for Dengue NS1 Ag and 04 found positive. All 4 had history of travel to Assam prior to onset of illness. All cases treated symptomatically. Health education given. Fogging done in the area.
Rajasthan,Baran,Acute Diarrheal Disease,61,0,25-07-19,,Under Surveillance,"Cases reported from Village/SC Chachoda, PHC Jepla, Block Chabara. District RRT investigated the outbreak. A total of 06 stool samples collected and sent to Microbiology Central Lab M.B.S Hospital Kota and all found positive for Escherichia coli and 07 water samples were also collected and found unsatisfactory. All cases treated symptomatically. Health education given."
Uttar Pradesh,Gonda,Acute Diarrheal Disease,4,1,20-07-19,,Under Control,"Cases reported from Village Gyanipur Ramprasad Gonda, PHC Thanpurwa, Block Mankapur. Cases presented with vomiting and pain abdomen. District RRT investigated the outbreak. All cases were under 10 years of age. One female died of illness. All cases treated symptomatically. Health education given."
Uttar Pradesh,Gonda,Acute Diarrheal Disease,15,1,20-07-19,,Under Control,"Cases reported from Village VII- Panditpurwa, PHC Quazidewar, Block Jhanjhari. District RRT investigated the outbreak. Cases presented with loose stools, vomiting and pain abdomen. All cases treated symptomatically. Health education given. FOLLOW UP OF DISEASE OUTBREAKS PREVIOUS WEEKS Unique ID. Name of State/UT Name of District Disease/ Illness No. of Cases No. of Deaths Date of Start Outbreak Current Status Comments/ Action Taken Arunachal Pradesh (Follow up) Arunachal Pradesh Tezu Japanese Encephalitis 05 00 06-07-19 Under Surveillance Cases reported from Tezu town under Zonal GH Tezu. District RRT investigated the outbreak. A total of 02 serum samples were collected and both samples were Ig M ELISA positive for Japanese Encephalitis.. All cases treated symptomatically. Health education given. 10 | P a g e Arunachal Pradesh (Follow up) Arunachal Pradesh East Siang Japanese Encephalitis 43 00 09-07-19 Under Surveillance Cases reported from Pasighat town. District RRT investigated the outbreak. A total of 43 samples were collected and sent to IDSP DPHL, BP General Hospital Pasighat, all samples were IgM ELISA positive for Japanese Encephalitis. All cases treated symptomatically. Health education given. Arunachal Pradesh (Follow up) Arunachal Pradesh Papumpare Japanese Encephalitis 06 01 06-07-19 Under Surveillance Cases reported from various places of Itanagar. District RRT investigated the outbreak. A total of 02 serum and 04 CSF samples were collected and all samples found IgM ELISA positive for Japanese Encephalitis. All cases treated symptomatically. Health education given. Arunachal Pradesh (Follow up) Arunachal Pradesh East Siang Chikungunya 77 00 07-07-19 Under Surveillance Cases reported from Pasighat town. District RRT investigated the outbreak. Cases presented with fever, headache, chills, rigors and vomiting. A total of 111 blood samples were collected and sent to IDSP-DPHL, BP General Hospital Pasighat, out of which 77 samples were found positive for Chikungunya by IgM ELISA. All cases treated symptomatically. Health education given. Arunachal Pradesh (Follow up) Arunachal Pradesh East Siang Dengue 158 00 22-06-19 Under Surveillance Cases reported from Pasighat Town, BP General Hospital Pasighat. District RRT investigated the outbreak. A total of 278 blood samples were collected and sent to RMRC, IDSP, DPHL BPGH, Pasighat of which 158 samples found positive for Dengue. All cases were treated symptomatically. Health education given. Karnataka (Follow up) Karnataka Uttara Kannada Acute Diarrheal Disease 43 00 02-08-19 Under Control Cases reported from Village Watnal, PHC Belawatgi, Block Haliyal. District RRT investigated the outbreak. It was observed that drinking water supply line was contaminated by sewage water. A total of 04 stool samples were collected and result reported as no enteric bacterial pathogen isolated. All cases treated symptomatically. Health education given. Authorities were requested to repair drinking water line and provide chlorinated water."
Assam,Sonitpur (Tezpur),Food Poisoning,11,0,03-08-19,07-08-19,No new cases reported,"Cases reported from Village Soibari Kurmi Gaon, PHC Itakhola, Block North Jamuguri. District RRT investigated the outbreak. Active search for cases done. Cases consumed food (fish pumpkin curry) and presented with symptoms of vomiting and loose motion. Water samples collected and sent to Microbiology Dept. TMCH Sonitpur; result awaited. All cases treated symptomatically. Health education given regarding food hygiene and sanitation."
Bihar,West Champaran,Acute Diarrheal Disease,15,3,01-08-19,07-08-19,No new cases reported,"Cases reported from Village Harpur, PHC Bagha. District RRT investigated the outbreak. House to house survey done. All cases treated symptomatically. Halogen tablets and ORS packets were distributed in the community. IEC done regarding safe drinking water and personal hygiene."
Karnataka,Chikkaballapur,Acute Diarrheal Disease,71,0,06-08-19,08-08-19,No new cases reported,"Cases reported from Village Kagati, PHC Murugurumala, Taluk Chintmaani. District RRT investigated the outbreak. Pipeline leakages were observed in the community. Water and stool sample collected and sent to BMRCI; result awaited. All cases treated symptomatically. Halogen tablets and ORS packets were distributed in the community. IEC done regarding sanitation and personal hygiene."
Karnataka,Tumkur,Food Poisoning,21,0,06-08-19,07-08-19,No new cases reported,"Cases reported from Village Devarayapattana, PHC/CHC Taluk Tumkur. District RRT investigated the outbreak. Active search of cases done. All cases consumed food in a social ceremony and presented symptoms of vomiting and loose motion. 4 stool samples collected and sent to DPHL Tumkur were negative for enteropathogens. ORS packets distributed. All cases treated symptomatically. Health education given. 4 | P a g e"
Karnataka,Tumkur,Dengue,14,0,06-08-19,07-08-19,No new cases reported,"Cases reported from Village Jayanagara, PHC/CHC Badavanahalli, Taluk Madhugiri. District RRT investigated the outbreak. House to house fever survey done. Out of 2 blood sample collected and sent to DPHL Tumkur; 1 sample was positive for Dengue and 1 sample was positive for Dengue and Chikungunya (IgM ELISA). All cases treated symptomatically. Source reduction activities undertaken. Health education given."
Kerala,Kollam,Diphtheria,1,1,05-08-19,11-08-19,No new cases reported,"A 13yr old partially immunized boy resident of Village Mayyanad, SC Dhavalkuzhy, PHC Mayyanad, Block Palathara presented symptoms fever, sore throat vomiting and headache was referred to District Hospital Kollam on 9th 01-08-19. Further the case was referred to MCH Trivandrum and later died on 11th 01-08-19. Throat swabs collected and sent to Govt Medical College Hospital, Trivandrum was positive for C.diptheriae. District RRT investigated the outbreak. House to house survey done. Health education given."
Maharashtra,Nagpur,Acute Diarrheal Disease,12,0,05-08-19,07-08-19,No new cases reported,"Cases reported from Village Mangrul, PHC Nand, Taluk Bhivapur. District RRT investigated the outbreak. House to house survey done. Pipeline leakages were observed in the community. Water samples collected; result awaited. All cases treated symptomatically. Chlorination of water sources done. Alternative water supply provided. Pipeline leakages were repaired. Health education given regarding personal hygiene and sanitation."
Madhya Pradesh,Datia,Acute Diarrheal Disease,7,1,07-08-19,08-08-19,No new cases reported,"Cases reported from Village Anandpur, SC Pipraua, CHC Indergarh. District RRT investigated the outbreak. House to house survey done. 2 stool samples collected; result awaited. 01 water samples collected and sent to PHE; result awaited. All cases treated symptomatically. ORS packets and chlorine tablets were distributed in the community. IEC done regarding safe drinking water and personal hygiene. 5 | P a g e"
Madhya Pradesh,Datia,Acute Diarrheal Disease,20,0,06-08-19,06-08-19,No new cases reported,"Cases reported from Village Nadai, SC Kumhrra, Block PHC Unao. District RRT investigated the outbreak. House to house survey done. 5 stool samples collected; result awaited. 01 water samples collected and sent to PHE; result awaited. All cases treated symptomatically. ORS packets and chlorine tablets were distributed in the community. IEC done regarding safe drinking water and personal hygiene."
Odisha,Koraput,Food Poisoning,6,0,04-08-19,07-08-19,No new cases reported,"Cases reported from Village Bhaluguda SC Pujariput, CHC Boiapriguda. District RRT investigated the outbreak. Active search of cases done. All cases consumed food (rice & dal) in a social ceremony and presented symptoms of vomiting and loose motion. 2 water samples collected and tested were potable for drinking purposes. ORS packets distributed. All cases treated symptomatically. Health education given."
Odisha,Bhadrak,Food Poisoning,19,0,08-08-19,11-08-19,No new cases reported,"Cases reported from Village Tihidi, Pirhat, Rajnagar, Charitaraf (School). District RRT investigated the outbreak. Active search of cases done. All cases consumed food (mid-day meal) and presented symptoms of vomiting and loose motion. ORS packets distributed. All cases treated symptomatically. Health education given."
Odisha,Rayagada,Acute Diarrheal Disease,13,0,11-08-19,11-08-19,No new cases reported,"Cases reported from Villages Jhunurguda, Mariguda & Jhariponga, SC Jhumurguda, Block Padmapur. District RRT investigated the outbreak. House to house survey done. 05 rectal swab samples collected sent to DPHL Rayagada; were negative for cholera culture. 3 water samples collected and tested at DPHL Rayagada were potable for drinking purposes. All cases treated symptomatically. Health education given."
Punjab,Sasnagar,Acute Diarrheal Disease,10,0,03-08-19,09-08-19,No new cases reported,Cases reported from Village Mubarkpur Block derabassi. District RRT investigated the outbreak. House to house survey done. 06 water samples collected; result awaited. All cases treated symptomatically. ORS packets and chlorine tablets were distributed in the community. IEC done regarding safe drinking water and personal hygiene. 6 | P a g e
Punjab,Amritsar,Jaundice,21,0,08-08-19,08-08-19,Under Surveillance,"Cases reported from Village Nizampur, PHC Manawala. District RRT investigated the outbreak. House to house survey done. Water samples collected; result awaited. All cases treated symptomatically. ORS packets and chlorine tablets were distributed in the community. IEC done regarding safe drinking water and personal hygiene."
Tamil Nadu,Madurai,Viral Hepatitis A,15,0,07-08-19,08-08-19,Under Surveillance,"Cases reported from Village/SC Mangalampatty, PHC Karungalakudi, Block Kottampatti. District RRT investigated the outbreak. House to house survey done. 5 serum samples collected and sent to DPHL Madurai; 4 sample was found positive for Hepatitis A (IgM ELISA). All cases treated symptomatically. Chlorination of water sources done. Health education given."
Tamil Nadu,Theni,Chikungunya,34,0,09-08-19,11-08-19,No new cases reported,"Cases reported from Village Anna nagar, HSC Gandhinagar, PHC E.Pudupatti, Block E.Pudupatti. District RRT investigated the outbreak. Out of 4 blood sample collected and sent to DPHL Theni; 2 samples were found positive Chikungunya (IgM ELISA). All cases treated symptomatically. Source reduction activities undertaken. Health education given."
Uttar Pradesh,Bareilly,Dengue?,16,0,02-08-19,08-08-19,No new cases reported,"Cases reported from several blocks Bhojipura, Meerganj, Baheri Bhamora, Majhgawan. District RRT investigated the outbreak. House to house survey done. All cases treated symptomatically. Source reduction activities and fogging undertaken. Health education given."
Uttar Pradesh,Gonda,Acute Diarrheal Disease,12,0,01-08-19,07-08-19,No new cases reported,"Cases reported from Villages Sonvasa, Tadiya, Pandrikripal, Gonda. District RRT investigated the outbreak. House to house survey done. All cases treated symptomatically. ORS packets and chlorine tablets were distributed in the community. IEC done regarding safe drinking water and personal hygiene. 7 | P a g e"
Uttar Pradesh,Rae-Bareilly,Food Poisoning,51,0,06-08-19,07-08-19,No new cases reported,"Cases reported from Pandit Deen Dayal Upadhyay Awasiya Vidalaya, Raen, Block Bachhrawan Raebareli. District RRT investigated the outbreak. Active search of cases done. All cases consumed food (rajma chawal) in the hostel and presented symptoms of vomiting and loose motion. 4 food samples and 2 water samples collected and sent to Food and Drug Administration Dept and DPHL; result awaited. ORS packets distributed. All cases treated symptomatically. Health education given."
West Bengal,Nadia,Dengue,27,0,09-08-19,10-08-19,No new cases reported,"Cases reported from Village Bhandarkona, SC Singha, GP Nagarukhra-II, Block Haringhata, District RRT investigated the outbreak. House to house fever survey done. 10 blood sample collected was positive for Dengue (IgM ELISA). All cases treated symptomatically. Source reduction activities undertaken. Health education given. 8 | P a g e DISEASE OUTBREAKS OF PREVIOUS WEEKS REPORTED LATE Unique ID. Name of State/UT Name of District Disease/ Illness No. of Cases No. of Deaths Date of Start Outbreak Current Status Comments/ Action Taken"
Assam,Kamrup Metro,Typhoid,11,0,25-07-19,,No new cases reported,"Cases reported from Village Sonapur CHC Baruhabari. District RRT investigated the outbreak. House to house survey done. Cases consumed well water and presented symptoms with fever, loss of appetite and bodyache. 11 serum samples collected; 8 samples were positive for Typhoid by widal test. 2 water samples collected; result awaited. Symptomatic treatment given. Health education given regarding personal hygiene and sanitation."
Assam,Marigaon,Acute Diarrheal Disease,31,0,25-07-19,,No new cases reported,"Cases reported from Village Sibir, BPHC Laharighat. District RRT investigated the outbreak. House to house survey done. Out of 2 stool samples collected; 1 stool sample showed growth of Shigella. ORS packets and halogen tablets were distributed in the affected areas. All cases treated symptomatically. IEC done regarding safe drinking water and personal hygiene."
Manipur,Imphal East &West / Thoubal,Dengue,29,0,29-07-19,,Under Control,Cases reported from several districts. District RRT investigated the outbreak. House to house fever survey done. Out of 29 blood sample collected and sent to SRL JNIMS; 8 sample was positive for Dengue (IgM ELISA). All cases treated symptomatically. Source reduction activities undertaken. Health education given.
Tripura,Gomati,Viral Hepatitis A & E/ Leptospirosis,43,0,28-07-19,,No new cases reported,"Cases reported from Village Shanti Palli, Udaipur Town. District RRT investigated the outbreak. House to house survey done. 31 serum samples collected and sent to SRL AGMC; 14 sample was found positive for Hepatitis A (IgM ELISA); 3 samples were positive for Hepatitis E (IgM ELISA); 02 samples were positive for both Hepatitis A & E and 06 samples were positive for Leptospirosis. All cases treated symptomatically. Chlorination of water sources done. Health education given."
West Bengal,Bankura,Viral Hepatitis A,17,0,26-07-19,,No new cases reported,"Cases reported from Village Natungram, SCBiharjuria, Gp- Gobindadham. District RRT investigated the outbreak. House to house survey done. 4 serum samples collected and sent to SSKM, Kolkata; result awaited. Water samples collected; result awaited. All cases treated symptomatically. Chlorination of water sources done and halogen tablets distributed in the affected area. Health education given. 9 | P a g e FOLLOW UP OF DISEASE OUTBREAKS PREVIOUS WEEKS Unique ID. Name of State/UT Name of District Disease/ Illness No. of Cases No. of Deaths Date of Start Outbreak Current Status Comments/ Action Taken"
Arunachal Pradesh,East Siang,Chikungunya,83,0,07-07-19,,Under Surveillance,A total of 21 cases were reported in 28th week (ending 14th 01-07-19). Further 62 cases were reported till 11 01-08-19. Out of 121 blood samples collected and tested at DPHL Pasighat; 83 samples were positive for Chikungunya (IgM ELISA). All cases treated symptomatically. Source reduction activity undertaken. Health education given
Arunachal Pradesh,East Siang,Dengue,168,0,03-06-19,,Under Surveillance,A total of 15 cases were reported in 28th week (ending 14th 01-07-19). Further 153 cases were reported till 11 01-08-19. Out of 341 blood samples collected and tested at DPHL Pasighat; 168 samples were positive for Dengue (IgM ELISA). All cases treated symptomatically. Source reduction activity undertaken. Health education given
Chhattisgarh,Balodabazar,Acute Diarrheal Disease,39,0,11-08-19,13-08-19,Under Control,"Cases reported from Village Simga, SC Paunsari. District RRT investigated the outbreak. It was observed that villagers used unsafe water from power pump. All cases were treated symptomatically. Health education given"
Gujarat,Vadodara,Cholera,11,0,13-08-19,14-08-19,Under Control,Cases reported from Rampir tekri Warasiya UPHC East Zone. District RRT investigated the outbreak. A total of 03 stool samples were collected and sent to SSG Vadodara MC and found positive for Vibrio cholera. A total of 03 water samples were collected and sent to SSG Vadodara MC results of which are still awaited. All cases were treated symptomatically. Illegal water pipeline was cut off and tanker supply started. All sanitary measures taken. Active surveillance done. Chlorine tablets distributed. Health education given.
Himachal Pradesh,Mandi,Acute Diarrheal Disease,59,0,12-08-19,14-08-19,Under Control,"Cases reported from various villages of Block Bagsaid. District RRT investigated the outbreak. A total of 4 water samples collected by I&PH and health department, result awaited. All cases treated symptomatically. Health education given."
Kerala,Ernakulum,Food Poisoning,23,0,15-08-19,19-08-19,Under Control,"Cases reported from Village Muttar, PHC Eloor, Block Varapuzha. District RRT investigated the outbreak. Cases presented with pain abdomen, vomiting, diarrhea and mild fever. All cases participated in family function. Source of infection was not identified. A single water sample collected from the house and sent to RPH lab Ernakulum, result awaited. All cases treated symptomatically. Health education given. 4 | P a g e"
Maharashtra,Nagpur,Acute Encephalitis Syndrome,1,1,13-08-19,16-08-19,Under Surveillance,"Cases reported from Village Rethi, Kursapar, PHC Khapa, Taluk Soner. District RRT investigated the outbreak. The case was a 10 year old female, expired on 08-08-2019. Additional 4 cases were identified with similar complaints, 04 CSF samples were collected and sent to NIV, Pune. All samples were negative for Japanese Encephalitis, Dengue and Chandipura virus. All cases treated symptomatically. Health education given"
Odisha,Bolangir,Bacillary Dysentery,12,0,16-08-19,18-08-19,Under Control,"Cases reported from Village Kadalipali, SC Agalapali, CHC/Block Loisingha. District RRT investigated the outbreak. Cases gave history of consumption of stale bread. A total of 03 tube well water samples were collected sent DPHL Balangir, and found suitable for human consumption. All cases treated symptomatically. Health education given on safe drinking water, safe food habits and environmental sanitation."
Odisha,Malkangiri,Food Poisoning,33,0,19-08-19,20-08-19,Under Control,"Cases reported from PUP Residential School, Temporary Colony, Chitrakonda. District RRT investigated the Outbreak. Cases presented with loose stools. The probable source of infection was contaminated food. Students were served food which was made the previous night for lunch. A total of 02 water samples collected and sent to DPHL, Malkangiri, found not suitable for human consumption. All cases treated symptomatically. Instruction was given to keep the school environment and kitchen clean. 5 | P a g e"
Odisha,Balasore,Acute Diarrheal Disease,18,0,14-08-19,16-08-19,Under Control,"Cases reported from Village Kuanali, GP/SC Mahisapata under CHC Berhampur, Block Nilgiri. District RRT investigated the outbreak. Cases presented with vomiting, pain abdomen and loose stools. History of intake of wild mushroom curry was positive among all cases. A total of 04 stool and 04 water samples collected and sent to DPHL, in the 04 stool samples no significant organism was grown and 03 water samples were found not suitable for human consumption. All cases were treated symptomatically. Halogen tablets distributed in the affected village. All water sources were disinfected. Health education given."
Odisha,Balasore,Acute Diarrheal Disease,17,0,16-08-19,17-08-19,Under Control,"Cases reported from Village Badadiha, GP/SC Parikhi, CHC Rupsa, Block Sadar. District RRT investigated the outbreak. Cases presented with loose stools and pain abdomen. All cases were treated symptomatically. Halogen tablets distributed in the affected village. Water source disinfected. Health education given."
Telangana,Vikarabad,Food Poisoning,17,0,10-08-19,13-08-19,Under Control,"Cases reported from Kasturba School, Doulthabad. District RRT investigated the outbreak. Cases gave history of consumption of dal rice for lunch following this within an hour developed pain abdomen. Health camp conducted in the affected school. All cases were treated symptomatically. Chlorination of drinking water done. Health education given on personal hygiene and proper sanitation at school."
Uttar Pradesh,Pratapgarh,Food Poisoning,9,0,15-08-19,17-08-19,Under Surveillance,"Cases reported from Village Deum Paschim, SC Ghuisarnath, PHC Ghuisarnath, Block Sangipur. District RRT investigated the outbreak. All affected cases were male and belonged to age group of 10-18 yrs. The cases presented with vomiting and pain abdomen. Source of infection was identified to be consumption of contaminated meat. All cases treated symptomatically. House to house survey done. Health education given. 6 | P a g e"
Uttar Pradesh,Siddharth Nagar,Acute Diarrheal Disease,9,1,12-08-19,14-08-19,Under Surveillance,"Cases reported from Village Patiyapaar, SC Hoorila, PHC/Block Khuniyawa. Cases presented with loose stool, vomiting and dehydration. House to house survey done. All cases treated symptomatically. Health education given. 4 year old child died of illness."
Uttarakhand,Tehri Garhwal,Acute Diarrheal Disease,5,1,14-08-19,16-08-19,Under Surveillance,"Cases reported from Village Pandargaon, Block Pratapnagar. District RRT investigated the outbreak. A total of 02 stool collected and sent to DPHL,Pauri and found negative for any pathogenic organism. A total 02 water samples collected and sent to Jal Sansthan New Tehri and found normal. All cases treated symptomatically. A single death occurred in a 42 year old female, the lady expired on th same day as onset on illness(12-08-2019) Active case search done. Medical camp organized. Water sources disinfected. Health education given."
West Bengal,South 24 Parganas,Food Poisoning,55,0,15-08-19,16-08-19,Under Surveillance,"Cases reported from Village Majherpara (Baharu), SC Baharu, GP Baharu, Block Joynagar-I. District RRT investigated the outbreak. Cases presented with loose stools and lethargy. All affected cases gave history of consumption of food in a religious gathering. A total of 04 stool samples (Rectal Swab) collected and sent to SSKM Hospital and 01 food sample collected sent to Public Health Laboratory, results awaited. All cases were treated symptomatically. Medical camp organized. Active case search done. Health education given."
West Bengal,Murshidabad,Dengue,17,0,16-08-19,16-08-19,Under Surveillance,"Cases reported from Village/SC Bundainagar, GP Raipur, Nowda, Sansad-13. District RRT investigated the outbreak. District RRT investigated the outbreak. A total of 27 blood samples collected and sent to MSDM, of these 7 samples were found positive for Dengue by IgM and 10 samples were found reactive for NS1. Travel history present in 3 cases. All cases treated symptomatically. Mass fever survey done. Entomological survey done (HI 53.33, BI 46.70, CI 85.18). Potential breeding sites identified. Fogging done. Health education given. 7 | P a g e"
West Bengal,Purulia,Acute Diarrheal Disease,35,0,15-08-19,15-08-19,Under Surveillance,"Cases reported from Hamlet – Kumarpara, Village Barobendya, SC- Barobendya, Block Joypur. District RRT investigated the outbreak. Most of the cases were children below 9 years of age. A total of 02 stool samples (Rectal Swab) collected and sent to BSMCH, result awaited. All cases treated symptomatically. Poor hygienic habits, poor drainage system and open defecation was observed. Health education given. DISEASE OUTBREAKS OF PREVIOUS WEEKS REPORTED LATE Unique ID. Name of State/UT Name of District Disease/ Illness No. of Cases No. of Deaths Date of Start Outbreak Current Status Comments/ Action Taken"
Andhra Pradesh,Arunachal Pradesh Siang,Japanese Encephalitis,1,1,08-07-19,,Under Control,"Case reported from Village Lokpeng, CHC Pangin. District RRT investigated the outbreak. Case presented with high fever, headache, pain abdomen followed by unconsciousness. Serum sample was collected and sent to DPHL, Pasighat and was found positive for Japanese Encephalitis. Case treated symptomatically. Health education given."
Assam,Kamrup Metro,Chickenpox,14,0,20-07-19,,Under Control,"Cases reported from village Adabari Anandanagar, UPHC Garpandu, Zone Pandu. District RRT investigated the outbreak. Cases presented with fever with maculopapulo vesicular rash. A total of 04 serum samples were collected and sent to DPHL, Sonapur it was found that 3 samples were positive for Chickenpox by IgM ELISA. All cases treated symptomatically. House to house survey done to identify new cases Health education given."
Assam,Sonitpur (Tezpur),West Nile Fever,4,0,27-06-19,,Under Control,"Cases reported from Village Bihaguri UPHC, SC Sonabil Bosti Dhekiajuli, SC Alisinga Behali TInisuti Karbi Jinjia, Block Hiru. District RRT investigated the outbreak. Serum samples collected sent to Apex laboratory at RMRC Dibrugarh, result of all 04 samples positive for West Nile Virus by Ig M ELISA. All cases treated symptomatically and recovered. Mass blood slide collection done. Fogging done, ITBN distributed. No epidemiologically linked cases identified so far. Health education given. 8 | P a g e"
Assam,Sonitpur (Tezpur),Scrub Typhus,33,6,01-04-19,,Under Control,"Cases reported from various places in Sonitpur. District RRT investigated the outbreak. All cases were first diagnosed as Acute encephalitis Syndrome. Serum samples of all 33 cases collected sent to Apex laboratory at RMRC Dibrugarh, result of all samples reported positive for Scrub Typhus. A total of 06 individuals’ succumbed to death. Deaths are being reported since the 7th of April, 2019. The details of the death cases is presented in tabular form: Age Gender 10years Male 9 years Male 50 years Female 7 years Female 15 years Female 9 years Male Health education given with special reference to mite control and removing overgrown weeds/grasses in the area."
Chhattisgarh,Rajnandgaon,Acute Diarrhoeal Disease,61,0,05-08-19,,Under Control,"Cases reported from villages Chhuria, KHobha, Bharritola, Morkutumbh. District RRT investigated the outbreak. Water samples collected by PHE, result awaited. Active case search done. Chlorination of drinking water done. ORS packets and Zinc tablets were distributed. All cases were treated symptomatically. Health education given"
Haryana,Palwal,Suspected Diphtheria,3,0,02-08-19,,Under Control,"Cases reported from Village Jarali, PHC Uttawar, CHC Hathin,. District RRT along with a team from WHO investigated the outbreak. The cases (two boys and one girl) were in the age group 6-9 years, belonged to the same family and immunization status of cases is not known. Children complained of fever and throat pain, on examination a grayish white adherent membrane was seen in the throat. Lab samples collected and sent to Maharsi Valmiki lab, Delhi(WHO approved centre for Diphtheria) and result awaited. All cases were treated symptomatically. Mass survey conducted as case definition in the area, no new cases found. Health education given. 9 | P a g e"
Kerala,Kozhikode,Viral Hepatitis A,16,0,10-07-19,,Under Surveillance,"Cases reported from Village/PHC Chekkiyad, Block Valayam. District RRT investigated the outbreak. All cases had history of participating in a family function organized 10 days before the onset of symptoms. A single blood sample was collected and found positive for Hepatits A Virus IgM by ELISA . Super-chlorination of water done. All cases were treated symptomatically. Health education given."
Punjab,Amritsar,Hepatitis E,24,0,09-08-19,,Under Control,"Cases reported from Village Nizampur, Block Manawala. District RRT investigated the outbreak. It was observed that there was improper water connection leading to mixing of sewage water with drinking water. A total of 7 blood samples were collected and sent to DPHL, Amritsar, of the 07 samples, 06 samples were positive for Hepatitis E by Ig M ELISA. A total of 05 water samples were sent to SPHL, Kharar, wherein 04 were found non potable. Issue of water supply was resolved after meeting with SDM. All cases were treated symptomatically. Chlorine tablets were distributed. Health education given."
Tamil Nadu,Madurai,Chikungunya,32,0,07-08-19,,Under Surveillance,"Cases reported from Village Pomminayakampatty, HSC Manickampatty. PHC Palamedu, Block Alanganallur. District RRT investigated the outbreak. A total of 05 serum samples collected and sent to DPHL Madurai and all found positive for Chikungunya. All cases treated symptomatically. All potential breeding sites destroyed. Fogging done. Medical camp conducted. Health education given."
Tamil Nadu,Madurai,Mumps,8,0,07-08-19,,Under Surveillance,"Cases reported from Village Kovilpatti & Thandavanpatti, HSC/PHC Thiruvathavur, Block Melur. District RRT investigated the outbreak. Cases presented with fever and bilateral swelling of parotid gland. A total of 05 serum samples were collected and sent to King Institute Chennai, result of 05 samples found positive for Mumps by Ig M ELISA. All cases treated symptomatically. Affected cases isolated. Medical camp conducted. Health education given. 10 | P a g e FOLLOW UP OF DISEASE OUTBREAKS PREVIOUS WEEKS Unique ID. Name of State/UT Name of District Disease/ Illness No. of Cases No. of Deaths Date of Start Outbreak Current Status Comments/ Action Taken (Follow up of 26th week, outbreak 761) Arunachal Pradesh East Siang Dengue 158 00 22-06-19 Under Control Cases reported from Pasighat town, BP General Hospital Pasighat. District RRT investigated the outbreak. A total of 278 blood samples were collected and sent to RMRC, IDSP- DPHL, BPGH, Pasighat of which 158 samples were positive for Dengue by IgM ELISA. How many to RMRC and positive All cases were treated symptomatically. Health education given. (Follow up of 28th week, outbreak 822) Arunachal Pradesh East Siang Chikungunya 77 00 07-07-19 Under Control Cases reported from Pasighat town. District RRT investigated the outbreak. Cases presented with fever for a few days followed by headache, chills, rigor, vomiting and dizziness. A total of 111 blood samples collected and sent to IDSP-DPHL, BP General Hospital Pasighat of which 77 samples were positive for Chikungunya. All cases treated symptomatically. Health education given. (Follow up of 29th week, outbreak 859) Arunachal Pradesh Tezu Japanese Encephalitis 05 00 06-07-19 Under Control Cases reported from Tezu town under Zonal GH Tezu. District RRT investigated the outbreak. A single serum sample collected and sent to AMC, Dibrugarh, it was found positive for Japanese Encephalitis by IgM ELISA. All cases were treated symptomatically. Health education given. (Follow up of 28th week, outbreak 849) Arunachal Pradesh Papumpare Japanese Encephalitis 06 01 06-07-19 Under Control Cases reported from various places of District Itanagar. District RRT investigated the outbreak. A total of 02 serum samples and 04 CSF samples collected and all were found positive for Japanese Encephalitis by IgM ELISA. All cases were treated symptomatically. Health education given. (Follow up of 31st week, outbreak 968) Arunachal Pradesh Kamle Enteric Fever 24 00 19-07-19 Under Control Cases reported from Boasimla town under PHC Boasimla, Block Raga. District RRT investigated the outbreak. A total of 29 blood samples were collected and 19 were found positive for Widal test. All cases were treated symptomatically. Health education given."
Andhra Pradesh,East Godavari,Food Poisoning,37,0,24-08-19,25-08-19,No new cases reported,"Cases reported from a school in Chintoor Narsihapuram. District RRT investigated the outbreak. Active search for cases done. Cases consumed food in hostel (rice, brinjal curry and sambar) and presented with symptoms of vomiting and loose motion. Medical camp organized and cases treated symptomatically. Health education given regarding food hygiene and sanitation."
Arunachal Pradesh,East Kameng,Acute Diarrheal Disease,24,0,21-08-19,25-08-19,No new cases reported,"Cases reported from Jawahar Navodaya Vidyalaya, New Seppa. District RRT investigated the outbreak. House to house survey done. Water sample collected; result awaited. All cases treated symptomatically. IEC done regarding safe drinking water and personal hygiene."
Arunachal Pradesh,East Kameng,Acute Diarrheal Disease,21,1,24-08-19,25-08-19,No new cases reported,"Cases reported from Kasturba Gandhi Balika Vidyalaya, PHC Bameng. District RRT investigated the outbreak. House to house survey done. Water sample collected; result awaited. All cases treated symptomatically. IEC done regarding safe drinking water and personal hygiene."
Assam,Darrang (Mangaldoi),Food Poisoning,19,0,18-08-19,22-08-19,No new cases reported,"Cases reported from Village Jaljali, SC Hapamara, BPHC Samala. District RRT investigated the outbreak. Active search for cases done. Cases consumed food (Prasad bhog) in religious ceremony (rice flour, milk, banana, apple, mango, ghee) and presented with symptoms of vomiting and loose motion. 02 water samples collected and sent to DPHL, Darrang; were found potable. Cases treated symptomatically. ORS packets distributed in the affected area. Health education given regarding food hygiene and sanitation. 4 | P a g e"
Assam,Dibrugarh,Food Poisoning,30,0,20-08-19,23-08-19,No new cases reported,"Cases reported from Village Notun Chring Gaon, SC Nirmali, PHC/Block Barbaruah. District RRT investigated the outbreak. Active search for cases done. Cases consumed food (Prasad bhog) in religious ceremony and presented with symptoms of vomiting and loose motion. Water samples collected and sent to AMCH, Dibrugarh; result awaited. Cases treated symptomatically. ORS packets distributed in the affected area. Health education given regarding food hygiene and sanitation."
Assam,Udalguri,Food Poisoning,14,0,19-08-19,20-08-19,No new cases reported,"Cases reported from Village Jengerjhar, SC Paskiapara, SD Kalaigaon, BPHC Udalguri. District RRT investigated the outbreak. Active search for cases done. Cases consumed food in religious ceremony and presented with symptoms of vomiting and loose motion. Cases treated symptomatically. ORS packets distributed in the affected area. Health education given regarding food hygiene and sanitation."
Assam,Nalbari,Food Poisoning,32,0,19-08-19,22-08-19,No new cases reported,"Cases reported from Villages Tilana & Alengidol, SC Mugkuchi and Alengidol, Block Chamata. District RRT investigated the outbreak. Active search for cases done. Cases consumed food in religious ceremony and presented with symptoms of vomiting and loose motion. 3 stool samples collectd and sent to DPHL Nalbari; were negative for enteropathogens. Cases treated symptomatically. ORS packets distributed in the affected area. Health education given regarding food hygiene and sanitation."
Chhattisgarh,Janjgir,Acute Diarrheal Disease,17,0,21-08-19,23-08-19,No new cases reported,"Cases reported from Village Khamariya, PHC Bhotiya Section Bhotiya, CHC Jaijalpur. District RRT investigated the outbreak. House to house survey done. Temporary medical camps organized in the community. All cases treated symptomatically. Halogen tablets were distributed in the community. IEC done regarding safe drinking water and personal hygiene. 5 | P a g e"
Chhattisgarh,Kawardha,Acute Diarrheal Disease 11 00 23-,0,19,16-08-19,,No new cases reported,"Cases reported from Village/SC Gaindpur, PHC Rampur, Block S Lohara. District RRT investigated the outbreak. House to house survey done. Community consumed contaminated water from hand pump. All cases treated symptomatically. Halogen tablets were distributed in the community. IEC done regarding safe drinking water and personal hygiene."
Chhattisgarh,Kawardha,Acute Diarrheal Disease,9,0,21-08-19,23-08-19,No new cases reported,"Cases reported from Village Sajatola, SC Bhursipakri, PHC Daldali, Block Bodla. District RRT investigated the outbreak. House to house survey done. All cases treated symptomatically. Halogen tablets were distributed in the community. IEC done regarding safe drinking water and personal hygiene."
Gujarat,Anand,Acute Diarrheal Disease,40,0,19-08-19,20-08-19,No new cases reported,"Cases reported from Village Nani Sherdi, SC Kothitakhad, PHC Alarsa, Taluk Borsad. District RRT investigated the outbreak. Pipeline leakages were observed in the community. House to house survey done. 2 Stool sample collected and sent to DPHL Petlad; result awaited. All cases treated symptomatically. Halogen tablets were distributed in the community. IEC done regarding safe drinking water and personal hygiene."
Gujarat,Panchmahal,Chandipura (Viral Encephalitis),2,1,22-08-19,22-08-19,Under Surveillance,"Cases reported from Village/SC/PHC Malu, Block Ghoghamba and Village Bahi, Block Shahera. District RRT investigated the outbreak. House to house survey done. Out of 3 blood samples collected and sent to NIV, Pune; 2 samples were positive for Chandipura virus (IgM ELISA). Malathion dusting done in the affected area. Health education given."
Gujarat,Surat,Acute Diarrheal Disease,43,0,19-08-19,21-08-19,No new cases reported,"Cases reported from Urban area of Sayan, PHC Sandhiyer. District RRT investigated the outbreak. Heavy rains had the flooded the affected area and water sources were contaminated. House to house survey done. 8 stool samples and 1 water samples collected; result awaited. All cases treated symptomatically. Halogen tablets and ORS packets were distributed in the community. IEC done regarding safe drinking water and personal hygiene. 6 | P a g e"
Karnataka,Chikkaballapur,Dengue,40,1,16-08-19,21-08-19,No new cases reported,"Cases reported from several villages Dodnancherlu, Rayanakallu, Bachapanahalli, several Taluk Gudibande, Gowribidanur, Chintamani. District RRT investigated the outbreak. House to house survey done. Out of 4 serum samples collected; 3 samples were positive for Dengue (IgM ELISA). All cases treated symptomatically. Entomological survey done. Source reduction activity and fogging done in the affected area. Health education given."
Karnataka,Tumkur,Food Poisoning,65,0,20-08-19,21-08-19,No new cases reported,"Cases reported from Village Kankuppe, PHC/CHC Hebbur, Taluk Tumkur. District RRT investigated the outbreak. Active search for cases done. Cases consumed food in social ceremony and presented with symptoms of vomiting and loose motion. 02 food samples and 01 water samples collected and sent to DPHL Tumkur; result awaited. Cases treated symptomatically. ORS packets distributed in the affected area. Health education given regarding food hygiene and sanitation."
Kerala,Ernakulam,Dengue?,15,0,19-08-19,03-08-19,No new cases reported,"Cases reported from Village Korhamagalam, PHC THQH Kothamangalam, Block Varapetty. District RRT investigated the outbreak. House to house survey done. All cases treated symptomatically. Entomological survey done. Source reduction activity and fogging done in the affected area. Health education given."
Maharashtra,Chandrapur,Acute Diarrheal Disease,84,0,18-08-19,21-08-19,No new cases reported,"Cases reported from Village Barddkinhi, PHC Gangalwali, Block Bramhpuri. District RRT investigated the outbreak. House to house survey done. Stool samples collected were found negative for enteropathogens. Out of 12 water samples collected 7 samples were found non-potable. All cases treated symptomatically. Halogen tablets and ORS packets were distributed in the community. IEC done regarding safe drinking water and personal hygiene. 7 | P a g e"
Maharashtra,Kolhapur,Dengue,2,1,18-08-19,20-08-19,No new cases reported,"Cases reported from Vakare, SC Vakare, PHC Vadanage, Block Karveer. District RRT investigated the outbreak. House to house survey done. 2 serum samples collected were positive for Dengue (IgM ELISA). All cases treated symptomatically. Entomological survey done. Source reduction activity and fogging done in the affected area. Health education given."
Madhya Pradesh,Agar,Acute Diarrheal Disease,221,0,21-08-19,24-08-19,No new cases reported,Cases reported from Village Kundlakheda Agar Block Agar. District RRT investigated the outbreak. House to house survey done. All cases treated symptomatically. Halogen tablets and ORS packets were distributed in the community. IEC done regarding safe drinking water and personal hygiene.
Madhya Pradesh,Morena,Malaria?,15,0,22-08-19,24-08-19,No new cases reported,Cases reported from Village Noorpur PHC Sumabali CHC Joura. District RRT investigated the outbreak. Active search of cases done. Out of 15 blood smear were collected; result awaited. All cases treated locally. Source reduction activities undertaken. Awareness camp regarding prevention and control of vector borne disease were carried out in the affected areas.
Odisha,Dhenkanal,Cholera?,15,0,18-08-19,19-08-19,No new cases reported,"Cases reported from Ranja, SC Kankadapal, CHC Beltikiri, Block Sadar. District RRT investigated the outbreak. House to house survey done. 4 rectal swabs collected and sent to SRL; 1 sample was positive for cholera culture. 2 water samples tested were found to be non-potable. All cases treated symptomatically. Halogen tablets and ORS packets were distributed in the community. IEC done regarding safe drinking water and personal hygiene."
Odisha,Jajpur,Food Poisoning,20,0,19-08-19,20-08-19,No new cases reported,"Cases reported from Village Hatasahi, SC Karjanga, Block Rasupur. District RRT investigated the outbreak. Active search for cases done. Cases consumed food (mushroom) in social ceremony and presented with symptoms of vomiting and loose motion. Cases treated symptomatically. ORS packets distributed in the affected area. Health education given regarding food hygiene and sanitation. 8 | P a g e"
Odisha,Balasore,Acute Diarrheal Disease,8,0,18-08-19,19-08-19,No new cases reported,"Cases reported from Village Mahespur, SC Medinpur, Block Remuna. District RRT investigated the outbreak. House to house survey done. 2 rectal swabs were collected and were found negative for enteropathogens. Out of 3 water samples collected; 2 samples were found to be non-potable. All cases treated symptomatically. Halogen tablets and ORS packets were distributed in the community. IEC done regarding safe drinking water and personal hygiene."
Odisha,Balasore,Acute Diarrheal Disease,10,0,20-08-19,21-08-19,No new cases reported,"Cases reported from Village Mendhapada, SC Jagatipur, CHC/Block Ballapal. District RRT investigated the outbreak. House to house survey done. Out of 4 water samples collected; 2 samples were found to be non-potable. All cases treated symptomatically. Halogen tablets and ORS packets were distributed in the community. IEC done regarding safe drinking water and personal hygiene."
Punjab,Tarn Taran,Food Poisoning,3,3,21-08-19,23-08-19,No new cases reported,"Cases reported from Village Mari Nau Abad, SC Algo Kothi, CHC Sursingh. District RRT investigated the outbreak. Active search for cases done. Cases consumed food (poultry) and presented with symptoms of vomiting and loose motion. Cases treated symptomatically. Food sample collected sent to Punjab Food Testing Lab, Kharar Chandigarh; result awaited. ORS packets distributed in the affected area. Health education given regarding food hygiene and sanitation."
Punjab,Patiala,Hepatitis A & E,8,0,21-08-19,24-08-19,No new cases reported,"Cases reported from Village Ulana, Block Harpalpur. District RRT investigated the outbreak. House to house survey done. Out of 4 blood collected and sent to DPHL Patiala; 2 samples were positive for Hepatitis A & E; 1 sample was positive for Hepatitis E (IgM ELISA). Out of 5 water samples were collected and sent to SPHL, Kharar; 2 samples were nonpotable. Medical camp organized and cases treated symptomatically. ORS packets and chlorine tablets were distributed in the community. Health education given regarding personal hygiene, Hand hygiene practices and safe drinking water. 9 | P a g e"
Punjab,Fatehghar Saheb,Acute Diarrheal Disease,43,0,22-08-19,22-08-19,No new cases reported,"Cases reported from Ram Nagar, Mandi Gobindgarh. District RRT investigated the outbreak. House to house survey done. All 03 water collected and sent to SPHL Kharar; were non potable. 01 stool samples collected and sent to DPHL Fatehghar Saheb was negative for cholera culture. All cases treated symptomatically. Halogen tablets and ORS packets were distributed in the community. IEC done regarding safe drinking water and personal hygiene."
Telangana,Mahabubnagar,Dengue & Chikungunya,32,0,21-08-19,26-08-19,No new cases reported,"Cases reported from Village Gunded, SC Balanagar, PHC Mandal. District RRT investigated the outbreak. House to house survey done. Out of 7 serum samples collected; 1 sample was positive for Dengue (IgM ELISA); 1 sample was positive for Chikungunya (IgM ELISA) and 1 sample was positive for Dengue & Chikungunya (IgM ELISA) All cases treated symptomatically. Entomological survey done. Source reduction activity and fogging done in the affected area. Health education given."
Tamil Nadu,Salem,Food Poisoning,16,0,23-08-19,24-08-19,No new cases reported,"Cases reported from Village/SC Kanjanaickenpatty, PHC Semmandapatty. District RRT investigated the outbreak. Active search for cases done. Cases consumed food in a social ceremony and presented with symptoms of vomiting and loose motion. Cases treated symptomatically. Health education given regarding food hygiene and sanitation."
Uttarakhand,Rudraprayag,Dengue?,20,0,20-08-19,26-08-19,No new cases reported,"Cases reported from Village/SC Sumari, Block Jakholi. District RRT investigated the outbreak. House to house survey done. 05 serum samples collected and sent District Hospital Rudraprayag; result awaited. All cases treated symptomatically. Entomological survey done. Source reduction activity and fogging done in the affected area. Health education given. 10 | P a g e DISEASE OUTBREAKS OF PREVIOUS WEEKS REPORTED LATE Unique ID. Name of State/UT Name of District Disease/ Illness No. of Cases No. of Deaths Date of Start Outbreak Current Status Comments/ Action Taken"
Andhra Pradesh,Chittoor,Food Poisoning,36,0,12-08-19,,No new cases reported,"Cases reported from Village Burlapalli, PHC/Block Peddha Thippa Samudhram. District RRT investigated the outbreak. Active search for cases done. Cases consumed food in death ceremony (mushroom briyani) and presented with symptoms of vomiting and loose motion. Medical camp organized and cases treated symptomatically. Health education given regarding food hygiene and sanitation."
Bihar,Nalanda,Acute Diarrheal Disease,33,0,13-07-19,,No new cases reported,"Cases reported from Village Jagdishpur, SC Nirpur, PHC Silao. District RRT investigated the outbreak. House to house survey done. All cases treated symptomatically. Halogen tablets and ORS packets were distributed in the community. IEC done regarding safe drinking water and personal hygiene."
Bihar,Shekhpura,Acute Diarrheal Disease,18,0,13-08-19,,No new cases reported,"Cases reported from Village Farpar, HSC Deha, PHC Ariyari, Block Ariyar. District RRT investigated the outbreak. House to house survey done. All cases treated symptomatically. Halogen tablets and ORS packets were distributed in the community. IEC done regarding safe drinking water and personal hygiene."
Chhattisgarh,Janjgir,Acute Diarrheal Disease,39,0,13-08-19,,No new cases reported,"Cases reported from Villages Nawagarh, Naila, SC/PHC Naila. District RRT investigated the outbreak. House to house survey done. Stool sample collected and sent to SRL CIMS Bilaspur; result awaited. Temporary medical camps organized in the community. All cases treated symptomatically. Halogen tablets were distributed in the community. IEC done regarding safe drinking water and personal hygiene."
Jharkhand,East Singhbhum,Viral Hepatitis E,35,0,20-07-19,,Under Surveillance,"Cases reported from Madarsa Faizul Uloom-Dhatkidih, Block Jugsalai. District RRT investigated the outbreak. House to house survey done. Out of 07 blood samples collected and sent to RIMS Ranchi; 4 samples were positive for Hepatitis E (IgM ELISA). All cases treated symptomatically. Chlorination of water sources done. Health education given regarding personal hygiene, hand hygiene practices and safe drinking water. 11 | P a g e"
Maharashtra,Amravati,Japanese Encephalitis,6,0,13-08-19,,Under Surveillance,"Cases reported from Village Chincholi, PHC Nimboli, Block Dhamangaon Railway. District RRT investigated the outbreak. House to house survey done. Out of 06 blood samples were sent to MGIMS Sewagram Wardha: 04 sample was found positive for JE (IgM ELISA). All cases treated symptomatically. Entomological survey done. Source reduction activity and fogging done in the affected area. Health education given."
Maharashtra,Chandrapur,Malaria,83,0,12-08-19,,No new cases reported,"Cases reported from Villages Kakban, Nanak Pathar,PHC/Taluk Jiwati. District RRT investigated the outbreak. Active search of cases done. Out of 66 blood smear were collected; 7 smears were positive for Malaria (6 were positive for Pf; 1 was positive for Pv). All cases treated locally. Entomological survey done. Source reduction activities undertaken. Awareness camp regarding prevention and control of vector borne disease were carried out in the affected areas."
Maharashtra,Satara,Dengue,15,0,10-08-19,,No new cases reported,"Cases reported from Village Deur, SC Perle, PHC Palashi, Block Koregaon. District RRT investigated the outbreak. House to house survey done. Out of 15 serum samples collected; 9 samples were positive for Dengue (IgM ELISA). All cases treated symptomatically. Entomological survey done. Source reduction activity and fogging done in the affected area. Health education given."
Rajasthan,Bhilwara,Food Poisoning,42,0,13-08-19,,No new cases reported,"Cases reported from Village Jhaberkiya, PHC Lakhola, Block Gangapur. District RRT investigated the outbreak. Active search for cases done. Cases consumed food in a social ceremony and presented with symptoms of vomiting and loose motion. Cases treated symptomatically. 3 food sample collected sent to FSS Lab Ajmer; result awaited. ORS packets distributed in the affected area. Health education given regarding food hygiene and sanitation."
West Bengal,Purba Medinipur,Dengue,428,0,12-08-19,,Under Surveillance,"Cases reported from Village Kashthakhali, SC Barsundra, GP Baruttarhingly, Block Haldia. District RRT investigated the outbreak. House to house survey done. Out of 22 blood samples collected, 04 samples were positive for Dengue (IgM ELISA). All cases treated symptomatically. Entomological survey done (HI - 11.9%, BI - 33.33, CI - 10%, PI-4). Source reduction activity and fogging done in the affected area. Health education given. 12 | P a g e FOLLOW UP OF DISEASE OUTBREAKS PREVIOUS WEEKS Unique ID. Name of State/UT Name of District Disease/ Illness No. of Cases No. of Deaths Date of Start Outbreak Current Status Comments/ Action Taken"
Himachal Pradesh,Mandi,Acute Diarrheal Disease,87,0,12-08-19,,Under Surveillance,"A total of 59 cases reported in 33rd week (ending 18th August) from several villages Bagsaid, Ch.Gohar, Naun Chhawad, Kufri, Sah, Chagan, Dhagwahan, Bhagwanpur Satkahan, Nawangawn, Naun Grwin, Mandoglu, Chachiot & Karnala. District Further 28 cases were reported District RRT investigated the outbreak. House to house survey done. Out of 3 water samples collected; 2water samples were non-potable. All cases treated symptomatically. Halogen tablets and ORS packets were distributed in the community. IEC done regarding safe drinking water and personal hygiene."
West Bengal,Murshidabad,Dengue,480,0,16-08-19,,Under Surveillance,"A total of 17 cases were reported in 33rd week (ending 18th August) from Village/SC Bundainagar, GP Raipur, Nowda, Sansad-13. District RRT investigated the outbreak. House to house survey done. 118 blood samples collected and sent to MSDMCH, 11 samples were positive for Dengue (IgM ELISA). All cases treated symptomatically. Entomological survey done. Source reduction activity and fogging done in the affected area. Health education given."
Assam,Darrang (Mangaldoi),Acute Diarrheal Disease,7,0,28-08-19,28-08-19,Under Control,"Cases reported from Village/SC 4 no. Nanglichar, BPHC Jalajli. District RRT investigated the outbreak. Cases presented with loose stools, pain abdomen and fever; cases were distributed across all age groups, both men and women were affected. The cases belonged to families with poor socio-economic condition. The source of drinking water was identified as tube well. A total of 3 rectal swab samples collected and tested at DPHL, Darang. E. coli growth was seen after 24-48hrs of incubation. A total of 2 water samples collected for H2S were positive and MPN were suspicious. All cases were treated symptomatically. Active case search done. Health education given with reference to safe drinking water, sanitation and hygiene."
Gujarat,Amreli,Food Poisoning,59,0,30-08-19,31-08-19,Under Control,"Cases reported from Town/UHC/Taluka Savar Kundala. District RRT investigated the outbreak. Cases gave history of consuming food sold by hawker in the area. Few hours following consumption developed loose stools and vomiting. A total of 02 stool samples collected and tested at DPHL, Amreli were negative for enteropathogens. All cases were treated symptomatically. Active case search done in the affected area. ORS and chlorine tablets were distributed to households. Health education given on safe drinking water, safe food, hygienic practices and sanitation measurers."
Himachal Pradesh,Mandi,Acute Diarrheal Disease,42,0,27-08-19,27-08-19,Under Surveillance,"Cases reported from Village Badhu, CHC Nihari, Block Karsog. District RRT investigated the outbreak. A total of 02 water samples collected and tested at IPH lab Mandi, reported potable All cases were treated symptomatically. ORS & Zinc and anti-diarrheal medication distributed in affected villages. Health education given. 4 | P a g e"
Karnataka,Chikkaballapur,Acute Diarrheal Disease,8,0,26-08-19,26-08-19,Under Surveillance,"Cases reported from Village Chikkapanahalli, PHC Kencharlahalli, Taluk Sidlaghatta. Distirct RRT A total of 02 stool samples were collected and sent to Bangalore Medical College and Researcb Institute and 01 water sample collected and sent to PHI, result awaited. It was suspected to be due to contamination of drinking water due to leakage in pipeline. All cases treated symptomatically. Survey was done and ORS was given to affected cases. Health education given."
Karnataka,Chikkaballapur,Fever,14,0,26-08-19,30-08-19,Under Surveillance,"Cases reported from Shettikere, PHC Thimmasandra, Taluk Sidlaghatta. District RRT investigated the outbreak. A total of 02 serum samples were collected and sent to DPHL Lab. 02 water samples were collected and tested by H2S media, result awaited. All cases were treated symptomatically. No larva was found indoor or outdoor. Health education given."
Karnataka,Kalaburagi,Chikungunya,28,0,26-09-18,27-09-19,Under Control,"Cases reported from Village/PHC/CHC Diggaon, Taluk Chittapur. District RRT investigated the outbreak. Index case gave history of travel to Kalaburgi where many sporadic cases were reported. Breeding of larvae was found in both indoor as well as outdoor containers. A total of 08 blood samples were collected and tested at DPHL, Kalburgi; 05 samples were positive for Chikungunya by IgM ELISA. All cases were treated symptomatically. Fever survey conducted in the area. House to house larval survey conducted and source reduction activities done. Fogging done. Blood samples and smears were collected. Health education given."
Karnataka,Kalaburagi,Diphtheria,97,0,30-08-19,30-08-19,Under Surveillance,"Cases reported from GIMS Girls Hostel, Taluk Kalaburagi. District RRT investigated the outbreak. Active search of cases done. Out of 95 throat swabs were collected and tested at Bangalore Medical College and Researcb Institute (23 swabs); 21 samples were culture positive for C.diphtherie. Affected cases were in the age group of 19-22 yrs. Anti-Diphtheria Serum stocks were available, TD vaccination done. All cases were treated symptimatically. Health education given. 5 | P a g e"
Karnataka,Kolar,Chickenpox,15,0,26-08-19,31-08-19,Under Control,"Cases reported from Village Belamaranahalli, PHC/CHC Narasapura, Taluk Kolar. District RRT investigated the outbreak. House to house fever survey done. All 2 blood samples collected and tested at MMC, Mysore were positive for chickenpox (IgM ELISA). All cases treated symptomatically. Health education given."
Karnataka,Ramanagara,Acute Diarrheal Diseases,87,0,26-08-19,27-08-19,Under Control,"Cases reported from Village Ramasagara, PHC/CHC Harohalli, Taluk Kanakapur. District RRT investigated the outbreak. All cases presented with abdominal pain, vomiting and vertigo after consumption of food from a common source (office canteen). A single water sample was collected and sent to PHI Bangalore, result awaited. No remains of food were available for sampling. All cases were treated symptomatically. Health education given."
Kerala,Ernakulum,Food Poisoning,130,0,30-08-19,03-09-19,Under Surveillance,"Cases reported from Village Kolenchery, PHC Pattimatton, Block Vadavukode. District RRT investigated the outbreak. Cases presented with fever, vomiting, pain abdomen and vomiting. Cases belonged to the age group 17 to 20 years. Cases were mostly medical students and consumed food prepared in canteen. A total of 02 stool samples were collected and sent to Microbiology lab MOSC Medical College, Kolenchery for culture test result awaited. Water sample collected from tap and sent to RPH lab Ernakulum for bacteriological analysis, result awaited. Health education given."
Maharashtra,Ahmednagar,Dengue,40,0,26-08-19,29-08-19,Under Control,"Cases reported from Nagardevale, PHC Devgaon, Block Nagar. District RRT investigated the outbreak. A total of 11 blood smears collected and all were found negative for Plasmodium vivax and falciparum and 15 serum samples were collected and tested at sentinel centre, Civil hospital, Ahmednagar 06 samples were found positive for Dengue by IgM ELISA. All cases were treated symptomatically. Entomological survey done. Fever survey done. Fogging done. Health education given. 6 | P a g e"
Maharashtra,Kolhapur,Dengue,5,1,25-08-19,31-08-19,Under Control,"Cases reported from Ichalkaranji, Block Hatkanagle, District RRT investigated the outbreak. The affected area is an industrial area with high migrated population, 04-05 containers found positive. Entomological survey revealed HI- 15.90%, CI-8.19% and BI 22.72%. A total of 04 blood samples collected and sent to Sentinel Surveillance Hospital, CPRH and all were found negative for Dengue. The deceased was positive for Dengue, tested in a private lab. All cases were treated symptomatically. Fogging done. Environmental interventions for mosquito control undertaken. Health education given."
Maharashtra,Kolhapur,Malaria,3,0,29-08-19,31-08-19,Under Control,"Cases reported from Majarewadi, SC Herwad, PHC A Lat, Block Shirol. District RRT investigated the outbreak. The area is a flood prone area, it was noted that the affected patient had migrated from Mumbai 02 weeks ago. A total of 05 blood smear samples collected and tested at PHC and confirmed at DMO office, 3 were positive for P Vivax Malaria. Entomological survey revealed HI- 9.30%, CI- 5.26% and BI- 11.62%. All cases were treated symptomatically. Container survey and anti larval activity done. Environmental interventions for mosquito control undertaken. Fogging done. Health education given."
Maharashtra,Nagpur,Dengue,23,1,28-08-19,31-08-19,Under Control,Cases reported from Yadav Nagar Kampthi. District RRT investigated the outbreak. 5 blood samples collected and were positive for Dengue by NS1. All cases were treated symptomatically. Health education given. 7 | P a g e
Maharashtra,Wardha,Japanese Encephalitis,1,1,23-08-19,30-08-19,Under Control,"Cases reported from Sindhi (Meghe) Dharka Nagar Ward no 03, PHC Waifad, Taluk Wardha. District RRT investigated. Case presented with complaints of moderate to high grade fever with chills & rigor followed by irrelevant talk with episodes of convulsions. Serum sample and CSF samples were collected and tested at MGIMS, Sevagram and serum sample was found positive for Japanese Encephalitis by IgM ELISA, CSF sample found negative for Japanese Encephalitis. A total of 07 serum samples of the contacts, were tested for Japanese encephalitis and Dengue and all were negative. Sanitation around patients house was poor. Entomological survey done. Fogging done and advised to monitor the sanitation regularly. Health education given."
Meghalaya,East Khasi Hills,Food Poisoning,13,0,31-08-19,02-09-19,Under Surveillance,"Cases reported from Village Pongkumg, SC Sawsymper, CHC/Block Mawsynram. District RRT investigated the outbreak. Cases presented with loose stools, vomiting and abdominal pain, cases were distributed across all age groups both men and women were affected. The probable source of infection was consumption of food in a gathering held in the village. A total of 04 stool samples were collected and sent to NEIGRIHMS, result awaited. All cases were treated symptomatically. Active case search done. Health education given."
Odisha,Mayurbhanj,Cholera,13,0,24-08-19,27-08-19,Under Control,"Cases reported from Village Baghiatangar, SC/CHC Bijatala. District RRT investigated the outbreak. The probable source of infection was contaminated drinking water. A total of 04 rectal swabs and 03 water samples were collected for bacteriological investigation; tested at DPHL, Mayurbhanj; 02 rectal swabs were found positive for Vibrio cholera and 01 water sample was found not potable. All cases were treated symptomatically. Health education given. Halozone distributed. 8 | P a g e"
Odisha,Mayurbhanj,Cholera,16,0,25-08-19,29-08-19,Under Control,"Cases reported from Village Badakaima, SC Tikarpada, CHC Dukura. District RRT investigated the outbreak. The probable source of infection was contaminated drinking water. A total of 05 rectal swabs and 03 water samples were collected and tested at DPHL, Mayurbhanj for bacteriological investigation; 04 rectal swabs were found positive for Vibrio cholera(Ogawa) and 03 water samples found not potable. All cases were treated symptomatically. The consumption of water from the open well has been banned and alternate source of drinking water arranged. Health education given."
Odisha,Puri,Hepatitis A,7,0,26-08-19,28-08-19,Under Control,"Cases reported from Village Sanapatana, GP Arakhakuda, SC Panaspada, CHC Chilika Nuapada. District RRT investigated the outbreak. The probable source of infection was contamination of tube well water. A total of 04 water and 09 serum samples were collected and tested at DPHL, Puri. The water samples were not potable and all 09 serum samples were found positive for Hepatitis A by Ig M ELISA. All cases were treated symptomatically. Health education given hand washing, personal hygiene and use of chlorinated water."
Punjab,Hoshiarpur,Cholera,72,0,28-08-19,28-08-19,Under Surveillance,Cases reported from Ravidass Colony & Vijay Nagar. District RRT investigated the outbreak. Pipeline leakages were observed. Out of 16 stool sample collected 7 samples were positive for Cholera (Ogawa). Out of 10 water samples collected and tested at SPHL Kharar; 7 samples were nonpotable. All cases treated symptomatically. Health education given. 9 | P a g e
Punjab,Sasnagar,Mumps,30,0,28-08-19,28-08-19,Under Surveillance,"Cases reported from Govt Primary School Daun. District RRT investigated the outbreak. The index case is a 8 year old female and then other school children developed symptoms of fever, swelling in the parotid region and throat pain. Out of 22 blood samples were collected and tested at DPHl, SAS Nagar; 19 samples were positive for Mumps by Ig M ELISA. All cases were treated symptomatically. Health education given. Age group Male Female Total 0-10yrs 9 17 26 11-20 yrs 3 1 4 Total 12 18 30"
Tamil Nadu,Tiruchirapalli,Diphtheria,3,0,29-08-19,30-08-19,Under Surveillance,"Cases reported from Village Arabikulatheru, HSC Ward-13, PHC Theppakulam, Block Trichy Corporation. District RRT investigated the outbreak. Cases presented with complaints of fever, cold and cough, cases belonged to age group 10-14 years. A total of 03 throat swab samples were collected and tested at KAPV Medical College; 02 samples were positive for Corynebacterium diphtheria. All cases were treated symptomatically. Containment immunization for all school in the respective area. Children were immunized with DPT and Td. Health education given."
Tamil Nadu,Virudhunagar- Sivakasi,Dengue,14,0,30-08-19,02-09-19,Under Surveillance,"Cases reported from Village Sevalor, HSC Pudukottai, PHC M. Pudupatti, Block Sivakasi. Cases presented with fever, headache, cough and body ache. Cases belonged to age group 0-14 years both boys and girls were affected. A total of 06 blood serum samples were collected; 01 found Typhoid positive, 01 - Dengue and Typhoid positive and 01 Dengue positive. All cases were treated symptomatically. House to house fever survey done. Source reduction activities, mosquito and larva control measures undertaken. Health education given. 10 | P a g e"
Tamil Nadu,Virudhunagar- Sivakasi,Typhoid,68,0,29-08-19,02-09-19,Under Surveillance,"Cases reported from Village/HSC Vijayakarisalkulam, PHC Thayilpatti, Block Vembakottai. District RRT investigated the outbreak. Cases presented with fever, headache, cough and cold. Cases belonged to age group 1-14 years, both boys and girls were affected. A total of 08 serum samples were collected and tested at DPHL Virudhunagar; 03 samples were positive for typhoid and 01 positive for typhoid and leptospirosis. Pipeline leakages were observed at 5 points which could be the probable source of infection. All cases were treated symptomatically. Medical camp conducted at school and village. House to house survey conducted. Mosquito and larva control measures undertaken. Water chlorination done. Health education given."
Telangana,Adilabad,Acute Diarrheal Disease,51,0,29-08-19,03-09-19,Under Control,"Cases reported from Mahatma Jyothibhapule Girls School (Hostel), Village Anukunta , Mdl, Adilabad Rural. Medical camp was conducted in the area. All cases were treated symptomatically. Health education given."
Tripura,Gomati,Acute Diarrheal Disease,22,0,25-08-19,25-08-19,Under Control,"Cases reported from Dudpushkuni, Kakraban, Udaipur. District RRT investigated the Outbreak. Cases presented with vomiting, pain abdomen, loose stools and fever. The probable source of infection was consumption of food prepared for a religious occasion, only those who consumed the food the next day developed symptoms. Lab samples not found. All cases were treated symptomatically. Health education given."
West Bengal,West Midnapur,Acute Diarrheal Disease,47,0,01-09-19,02-09-19,Under Surveillance,"Cases reported from Village Nakorbag, Tatarpur, Ramkriahsnapur, SC GP-2 (Jara), Chandrakona-I Paschim Medinipur. District RRT investigated the outbreak. Source of infection identified as contaminated pond water. A total of 03 stool samples collected and tested at MMCH. 03 water samples collected and tested at PHE Lab at Midnapore, results awaited. All cases were treated symptomatically. Local people were instructed not to use pond water for drinking purpose. Health education given. 11 | P a g e DISEASE OUTBREAKS OF PREVIOUS WEEKS REPORTED LATE Unique ID. Name of State/UT Name of District Disease/ Illness No. of Cases No. of Deaths Date of Start Outbreak Current Status Comments/ Action Taken"
Assam,Cachar,Fever,12,0,20-08-19,,Under Control,"Cases reported from Village Old Bagbahar, SC Borjelenga, BPHC Dholai. District RRT investigated the outbreak. Blood sample collected for PSMP were negative for Malaria parasite. All cases were treated symptomatically. Fever surveillance conducted in the area. Heath education given."
Assam,Cachar,Fever,11,0,20-08-19,,Under Control,"Cases reported from Village Clubtilla, SC Borjelenga, BPHC Dholai. District RRT investigated the outbreak. Rapid Diagnostic Kit used at field level in 6 cases and found negative for Malaria. Blood sample collected for PSMP from 11 cases and all were negative. All cases were treated symptomatically. Fever surveillance conducted in the area. Health education given."
Assam,Cachar,Fever,15,0,18-08-19,,Under Control,"Cases reported from Village Kamranga pt I, SC Kamranga II, BPHC Harinagar. District RRT investigated the outbreak. Rapid Diagnostic Kit used at field level for detection of Malaria in all 15 cases and found negative. Blood sample was collected from all 15 cases for PSMP and found negative. All cases treated symptomatically. Fever surveillance conducted. Health education given."
Assam,Sonitpur (Tezpur),Fever,164,0,12-08-19,,Under Control,"Cases reported from Village N. Jamuguri Bordikorai HWC Khokonbasti, Agarguri and Bordikorai. Block HIRU. District RRT investigated the outbreak. Cases presented with fever, cases were distributed across all age group and both men and women were affected. Case specific investigation done. Blood sample collected from all cases for PSMP and found negative. All cases were treated symptomatically. Health education given with reference to Vector Borne Diseases."
Assam,Sonitpur (Tezpur),Dengue,8,0,12-07-19,,Under Control,"Cases reported from Villages Bihaguri, Niraiati, Borbil, Bahumari and Bargaon. District RRT investigated the outbreak. Cases belonged to age group 6-60 years, of the 08 cases one gave history of travel to Bangalore. Serum samples of all cases collected and found positive for Dengue by Ig M ELISA. All cases treated symptomatically. Mass blood slide was collected from the affected area. Fogging done in the affected area. Health education given. 12 | P a g e"
Assam,Sonitpur (Tezpur),Suspected Enteric Fever,195,0,10-08-19,,Under Control,"Cases reported from Village Gohpur Lohitmukh, various SHC’s under Block HIRU. District RRT investigated the outbreak. Cases presented with fever and poor appetite, few cases also complained of headache and pain abdomen. Cases were distributed across all age groups. Blood sample was collected from all cases and found positive for WIDAL. Of the 195 cases 05 blood samples were collected and sent to DPHL, IDSP, Darrang for confirmation of typhoid and found negative. A total of 05 water samples collected sent to Microbiology Dept. TMCH for MPN test and found unsatisfactory for drinking. Blood culture showed no significant growth. All cases were treated symptomatically. Health education given on water borne diseases, hand washing and personal hygiene."
Bihar,Muzaffarpur,Dengue,10,0,22-07-19,,Under Surveillance,"Cases reported from various PHC’s. District RRT investigated the outbreak. Cases presented with fever, headache, vomiting, severe joint pain and rash. Samples collected and sent to SKMCH Muzaffarpur & PMCH, Patna and found positive for Dengue by IgM ELISA. All cases were treated symptomatically. Active case search done in the affected area for new fever cases. Fogging and anti-larval spraying done in the affected area. Health education given on personal hygiene and sanitation."
Bihar,Siwan,Acute Diarrheal Disease,9,3,23-08-19,,Under Surveillance,"Cases reported from Village Tarwar Khariya Tola, SC Mora, Panchayat Mora, PHC Bhagwanpur Hat. District RRT investigated the outbreak. Cases presented with diarrhea. The deceased were 10y/M, 8y/F and 18y/F. All cases were treated symptomatically. Health education given regarding prevention and control of diarrhoeal diseases."
Gujarat,Amreli,Food Poisoning,59,0,30-08-19,,Under Control,"Cases reported from Town/UHC/Taluka Savar Kundala. District RRT investigated the outbreak. Cases gave history of consuming food sold by hawker in the area. Few hours following consumption developed loose stools and vomiting. A total of 02 stool samples were collected and tested at DPHL, Amreli, were negative for enteropathogens. All cases were treated symptomatically. Active case search done in the affected area. ORS and chlorine tablets were distributed to households. Health education given on safe drinking water, safe food, hygienic practices and sanitation measurers. 13 | P a g e"
Karnataka,Belagavi,Dengue,14,0,12-08-19,,Under Control,"Cases reported from Village/PHC/CHC Kudachi, Taluk Raybag. District RRT investigated the outbreak. A total of 02 serum samples collected and were positive for Dengue by IgM ELISA. All cases were treated symptomatically. Fever and larva survey conducted in the area, larval breeding present in the area. Indoor fogging done. Health education given on use personal protective measures against mosquito bite."
Karnataka,Haveri,Dengue,63,0,08-07-19,,Under Control,"Cases reported from Belavagi, Negalur, Taluk Haveri. District RRT investigated the outbreak. A total of 04 blood samples collected and tested at DPHL, Haveri were positive for Dengue by Ig M ELISA. It was observed the village had - poor sanitary conditions, potential mosquito breeding sites and water was being stored in containers. Fever survey and larva survey done. Fogging done in the affected area. All cases were treated symptomatically. Health education given."
Karnataka,Haveri,Dengue,63,0,08-07-19,,Under Control,"Cases reported from Belavagi, Negalur, Taluk Haveri. District RRT investigated the outbreak. A total of 04 blood samples collected and tested at DPHL, Haveri were positive for Dengue by Ig M ELISA. It was observed the village had - poor sanitary conditions, potential mosquito breeding sites and water being stored in containers. Fever survey and larva survey conducted. Fogging done in the affected area. All cases were treated symptomatically. Health education given."
Karnataka,Haveri,Acute Diarrheal Disease,54,0,15-07-19,,Under Control,"Cases reported from Village Bankapur, PHC Bankapur, Taluk Shiggaon. District RRT investigated the outbreak. A possible source of infection was contaminated water, as water is stored in open well. A single stool sample and 04 water samples were collected and tested at DPHL, Haveri were negative for enteropathogens. All cases were treated symptomatically. Chlorination of drinking water source was advised. Health education given."
Karnataka,Tumkur,Suspected Dengue,21,1,17-08-19,,Under Control,"Cases reported from Village Junjuramanahalli, PHC/CHC Kallambella Kadavigere, Taluk Sira. District RRT investigated the outbreak. A total of 02 serum samples were collected and tested at DPHL, Tumkur were negative for Dengur and Chikungunya. The result of the death case was positive for NS1 antigen. Entomological survey done. Source reduction activity and fogging done. All cases were treated symptomatically. Health education given. 14 | P a g e"
Karnataka,Tumkur,Chickenpox,16,0,23-08-19,,Under Control,"Cases reported from Village Bevinahalli Gollaratti, PHC/CHC Kuppur, Taluk C N Halli. District RRT investigated the outbreak. A total of 02 blood samples collected and sent to Bangalore Medical College, result awaited. Close contacts among school children in Anganwadi centre have been observed. All cases were treated symptomatically. Fever survey done in the area. Health education given."
Kerala,Malappuram,Hepatitis A,23,0,03-08-19,,Under Control,"Cases reported from Village Anakkayam, HSC Pappinippara. PHC Anakkayam, Block Pokkottur. District RRT investigated the outbreak. Cases gave history of attending a marriage function. Source of infection probably was welcome drink and dairy products. A total of 06 blood samples were collected and tested at MCH Manjeri were positive for Hepatitis A virus by IgM ELISA. All cases were treated symptomatically. Health education given."
Kerala,Thrissur,Hepatitis A,28,0,17-08-19,,Under Surveillance,"Cases reported from Village Thrissur Corporation, HSC Pullazhy, PHC Ayyanthole, Block Tholur. District RRT investigated the outbreak. All cases gave history of consumption of food from a single food stall. A total of 10 samples were collected and tested at DMO lab; 03 samples were positive. No septic tank or proper latrine is present in the food stall. Open defecation is practiced. All cases were treated symptomatically. Health education given."
Maharashtra,Ahmednagar,Dengue,32,0,20-08-19,,Under Control,"Cases reported from Pargaon Sudrik (Gavthan), PHC Loni Venkanath, Block Shrigonda. District RRT investigated the outbreak. A total of 23 blood samples were collected and tested at sentinel center, Civil hospital, Ahmednagar, were negative for Plasmodium vivax and falciparum. A total of 06 serum samples were collected and 03 were positive for Dengue by IgM ELISA. All cases were treated symptomatically. Entomological survey revealed of the 652 containers examined 35 were positive for larva, of these in 18 containers Abet was poured and the remaining 17 were emptied. Fever survey done. Fogging done. Health education given."
Maharashtra,Palaghar,Dengue,143,0,11-08-19,,Under Control,"Cases reported from Village Kundachapada, SC Bhovadi, PHC Ase, Block Mokhada. District RRT investigated the outbreak. Case was suffering from Acute Encephalitis Syndrome, bodyache and generalized weakness. A total of 22 samples were collected and 10 were positive for Dengue by IgM ELISA. All cases were treated symptomatically. Rapid house to house survey and container survey done. Fogging done. Health education given. 15 | P a g e"
Maharashtra,Wardha,Acute Encephalitis Syndrome,9,1,16-08-19,,Under Control,"Cases reported from Railway Colony Wagholi, PHC Allipur, Block Hinganghat. District RRT investigated the outbreak. Case presented with moderated to high grade fever with chills and rigor, followed by irrelevant talking and altered sensorium, eventually succumbed. The sibling of the case presented with fever and convulsions, is stable. A check for absenteeism was done at school and it was found that 13 students were absent, a total of 04 samples were collected from school. Serum sample and CSF samples were collected and tested at MGIMS, Sevagram. CSF samples were negative for Japanese Encephalitis. Serum sample was found positive for Japanese Encephalitis by IgM ELISA. All cases were treated symptomatically. It was observed the railways quarter is surrounded by bushes and shrubs, tanks in all residence were positive for larval breeding and sanitation was very poor. Rapid fever survey conducted in the area. Station master advised to keep the area around quarters clean. Health education given."
Odisha,Puri,Hepatits A,21,0,18-08-19,,Under Control,"Cases reported from Village Nijigadakhuriki, Sector Panidola, SC Bahilipada, CHC Mangalpur. District RRT investigated the outbreak. The probable source of infection was contaminated water. A total of 04 tube well water samples and 05 serum samples were collected and tested at DPHL, Puri and water samples were not potable and 02 serum samples were positive for Hepatitis A by IgM ELISA. All cases were treated symptomatically. House to house survey conducted. Health education given hand washing, personal hygiene and use of chlorinated water."
Sikkim,East Sikkim,Fever,17,0,23-08-19,,Under Control,"Cases reported from Under Samdong, PHC SAP Camp Pangthang East Sikkim. District RRT investigated the outbreak. Cases presented with high fever, joint pain, nausea followed by dysentery. A total of 145 trainees were screened by a medical team and 43 were diagnosed as viral fever and 03 as Acute Gastroenteritis. A total of 07 nasopharyngeal swab samples were collected and tested at NICED Kolkata and 02 samples tested positive for Influenza A(H3N2), 01 sample found positive for Influenza B the remaining 04 samples were negative. A total of 02 water samples were collected one each from main line and dining hall and tested at MS STNM, Hospital (DPHL), the sample from main line was found unsatisfactory for drinking and one from dining hall (aqua guard) was satisfactory for drinking. All cases were treated symptomatically. Health education given. 16 | P a g e"
Telangana,Mahaboobnagar,Dengue,32,0,21-08-19,,Under Surveillance,"Cases reported from, Village Mandal SC Gunded, PHC Balanagar. District RRT investigated the outbreak. Cases presented with high fever, body ache, joint pain, joint swelling and malaise. A total of 32 blood smears collected and found negative for malarial parasite, 07 blood samples were collected of which 01 positive for Chikungunya, by IgM ELISA, 01 positive for Dengue by IgM ELISA and 01 positive for both Dengue and Chikungunya by IgM ELISA. All cases were treated symptomatically. Mosquito and larva control measures undertaken. Health education given."
Uttar Pradesh,Barabanki,Fever,40,0,22-08-19,,Under Control,"Cases reported from Village Bhitri, Post Talwarpur, CHC/Block Trivediganj. District RRT investigated the outbreak. All cases were treated symptomatically. Unhygienic environment and water logging was observed. Health education given."
Uttar Pradesh,Gonda,Acute Diarrheal Disease,17,0,20-08-19,,Under Control,"Cases reported from Gusyana, Baryarpurwa, Jhanjhari. District RRT investigated the outbreak. Cases presented with loose stools, vomiting and abdominal pain, cases belonged to all age groups, both men and women were affected. All cases were treated symptomatically. Water logging near hand pump was observed. Health education given."
Uttar Pradesh,Sitapur,Malaria,344,0,29-07-19,,Under Surveillance,"Cases reported from a total of 24 villages under CHC Gondlamau, Block Gondlamau. District RRT investigated the outbreak. Rapid Diagnostic kits were used for investigation and found Plasmodium vivax positive. All cases were treated symptomatically. Potential breeding sites were identified in the affected areas. Health education given. 17 | P a g e FOLLOW UP OF DISEASE OUTBREAKS PREVIOUS WEEKS Unique ID. Name of State/UT Name of District Disease/ Illness No. of Cases No. of Deaths Date of Start Outbreak Current Status Comments/ Action Taken West Bengal (Follow up of 34th week outbreak 1079) Purba Medinipur Dengue 464 00 12-08-19 12-08-19 Under Surveillance Cases reported from Village Kashthakhali, SC Barsundra, GP Baruttarhingly, Block Haldia. District RRT investigated the outbreak. A clustering of cases was observed. No history of migration noted among cases. A total of 139 samples for Dengue NS1 and 22 for Dengue MAC ELISA was collected and 25 were positive for NS1 and 4 MAC ELISA IgM. All cases were treated symptomatically. Fever camp conducted in the affected area. Entomological survey done and revealed HI 11.9%, BI 33.33%, CI 10%, PI 4 at Kastakhali on 20.08.19 and HI 9.8%, BI 17.64%, CI 6.52% at Kastakhali on 26.08.19. Potential breeding sites identified. Source reduction activities undertaken. Health education given."
Assam,Marigaon,Acute Diarrheal Disease,16,0,30-08-19,06-09-19,Under Control,"Cases reported from Village/SC Goriabori, PHC Laharighat. District RRT investigated the outbreak. House to house survey done. 1 stool sample and 2 rectal swabs collected; showed growth of normal commensal. Out of 3 water samples collected; 2 samples were non potable. All cases treated symptomatically. Halogen tablets and ORS packets were distributed in the community. IEC done regarding safe drinking water and personal hygiene."
Assam,Tinsukia,Cholera,5,0,02-09-19,02-09-19,Under Control,"Cases reported from Village Tingrai Bangali Gaon, HWC Hebeda, BPHC Hapjan. District RRT investigated the outbreak. House to house survey done. 1 stool sample collected and sent to AMCH; was positive for cholera (Ogawa) by culture. 2 water samples collected; result awaited. ORS packets and halogen tablets distributed in the affected area. PHE provided safe drinking water at the community level. All cases treated symptomatically. Health education given regarding personal hygiene and sanitation."
Chhattisgarh,Dantewada,Japanese Encephalitis,4,0,31-08-19,04-09-19,Under Control,"Cases reported from Village Midkudnar, Siyanaar (School-para), Block Dantewada, and Block Geedam. District RRT investigated the outbreak. Active search of cases done. Pig rearing was practiced in the community. Blood samples were collected and sent to GMC, Jadalpur were positive for JE (IgM ELISA). Entomological survey done. All cases treated symptomatically. IEC regarding use of LLIN and personal protection measures were emphasized in the community settings."
Jammu And Kashmir,Udhampur,Acute Diarrheal Disease,37,0,01-09-19,12-09-19,Under Control,"Cases reported from Village Sethi, SC Matlo, PHC Gharrian, Block Chenani. District RRT investigated the outbreak. House to house survey done. 1 water samples collected and sent to GMC, Jammu; result awaited. All cases treated symptomatically. Health education given. 4 | P a g e"
Jharkhand,West Singhbhum,Malaria,74,0,03-09-19,05-09-19,Under Control,"Cases reported from Village Talsarjom Jono, SC Lodhdal, CHC Sonua West Singhbhum. District RRT investigated the outbreak. Active search of cases done. Out of 74 blood smear were collected; 18 smears were positive for Malaria (Pf). All cases treated locally. Source reduction activities undertaken. Awareness camp regarding prevention and control of vector borne disease were carried out in the affected areas."
Jharkhand,West Singhbhum,Mumps,12,0,05-09-19,07-09-19,Under Control,"Cases reported from Village Beratulunda, Tola Manjhi, HSC Dumirta, Block Manoharpur. District RRT investigated the outbreak. All the cases were children less than 12yrs of age group. All cases treated symptomatically. Health education given regarding isolation of cases."
Karnataka,Kalaburagi,Malaria,25,0,06-09-19,07-09-19,Under Control,"Cases reported from Village Lakshmipur Wadi, PHC/CHC Ravoor, Taluk Chittapur. District RRT investigated the outbreak. House to house fever survey done. Out of 25 blood smears samples collected; 08 samples were positive for Malaria (Pf). All cases treated. Health education given."
Maharashtra,Palaghar,Leptospirosis ?,9,2,29-08-19,03-09-19,Under Control,"Cases reported from Village Chandali Pada, SC Shrigaon, PHC Satpati, Block Palghar; Village Patilpada, SC Dehane, PHC Chandranagar, Block Dahanu. District RRT investigated the outbreak. 06 serum samples collected and sent to J.J Hospital; result awaited. Two death occurred in 33yr and 40yr old male. All cases treated. Health education given."
Madhya Pradesh,Ashok Nagar,Acute Diarrheal Disease,19,0,04-09-19,06-09-19,Under Control,"Cases reported from Village Shankarpur, SC Jamdera, Block Esagarh. District RRT investigated the outbreak. House to house survey done. Stool sample collected and sent to GMC, Gwalior;result awaited. Water sample collected and sent to PHE Dept; result awaited. All cases treated symptomatically. Medical camps were organized. Halogen tablets were distributed in the community. IEC done regarding safe drinking water and personal hygiene. 5 | P a g e"
Odisha,Bolangir,Food Poisoning,24,0,02-09-19,05-09-19,Under Control,"Cases reported from Village Harijanpada (Jamjharan), SC Uperjhar, PHC Arjunpur, Block Deogaon. District RRT investigated the outbreak. Active search of cases done. All the cases consumed food from a common source (Ganesh Puja Prasad) and presented with symptoms of loose motion and vomiting. 02 water samples were collected and sent to DPHL Bolangir; result awaited. All cases treated symptomatically. Health education given regarding food hygiene and sanitation."
Odisha,Khurda (Bhuvaneshwar),Acute Diarrheal Disease,16,1,31-08-19,04-09-19,Under Control,"Cases reported from Village Haripur, SC Arakhapalli, CHC Bankoi, Block Bolagarh. District RRT investigated the outbreak. House to house survey done. 5 water sample and 3 stool samples collected; result awaited. All cases treated symptomatically. Halogen tablets and ORS packets were distributed in the community. IEC done regarding safe drinking water and personal hygiene."
Odisha,Puri,Food Poisoning,45,0,05-09-19,06-09-19,Under Control,"Cases reported from Govt High School, Komark, Block Gop. District RRT investigated the outbreak. Active search of cases done. All the cases consumed food and presented with symptoms of loose motion and vomiting. 02 water and 02 stool samples were collected and sent to DPHL Puri; result awaited. All cases treated symptomatically. Health education given regarding food hygiene and sanitation."
Odisha,Keonjhar,Food Poisoning,32,0,02-09-19,03-09-19,Under Control,"Cases reported from Village/SC/PHC Padampur, Block Sadar. District RRT investigated the outbreak. Active search of cases done. All the cases consumed food (Panchamruta) and presented with symptoms of loose motion and vomiting. 02 water a samples were collected; result awaited. All cases treated symptomatically. Health education given regarding food hygiene and sanitation. 6 | P a g e"
Odisha,Bhadrak Viral,Hepatitis?,25,0,04-09-19,05-09-19,Under Surveillance,"Cases reported from Tihidi, Kolha, Musanga. District RRT investigated the outbreak. House to house survey done. 08 blood samples collected and sent to DPHL Bhadrak; result awaited. All cases treated symptomatically. Chlorination of water sources done. Health education given regarding personal hygiene, hand hygiene practices and safe drinking water."
Odisha,Keonjhar,Food Poisoning,24,0,03-09-19,04-09-19,Under Control,"Cases reported from Village Rimuli (Klandi Sahi), SC Rimuli, CHC Bhanda, Block Champua. District RRT investigated the outbreak. All the cases consumed food (Bhog) and presented with symptoms of loose motion and vomiting. 02 water a samples were collected; result awaited. All cases treated symptomatically. Health education given regarding food hygiene and sanitation."
Punjab,Mansa,Mumps?,13,0,08-09-19,08-09-19,Under Control,Cases reported from Arya Primary School Mausa. District RRT investigated the outbreak. District RRT investigated the outbreak. Active search for cases done. Out of 5 blood samples collected and sent to Mansa; 3 samples were positive for Mumps (IgM ELISA). All the cases were less than 20yr of age. All cases treated symptomatically. Health education given.
Puducherry,Puducherry,Dengue,32,0,02-09-19,02-09-19,Under Control,"Cases reported from Oulgaret, Increased incidence in Lawspet PHC. District RRT investigated the outbreak. House to house survey done. Out of 32 serum samples collected and sent to DPHL Karaikal; 1 sample was found positive for Dengue (IgM ELISA). All cases treated symptomatically. Entomological survey done. Source reduction activity and fogging done in the affected area. Health education given."
Tamil Nadu,Salem,Food Poisoning,34,0,02-09-19,03-09-19,Under Control,"Cases reported from Village Sankili Muniyappan, HSC Konaickan, PHC/Block Kolathur. District RRT investigated the outbreak. Active search of cases done. All the cases consumed food (mushroom) and presented symptoms with loose motion and vomiting. All cases treated symptomatically. Health education given regarding food hygiene and sanitation. 7 | P a g e"
West Bengal,Medinipur West,Acute Diarrheal Disease,53,1,01-09-19,02-09-19,Under Control,"Cases reported from Village Nakorbag, SC Tatarpur, Ramkriahsnapur, Chandrakona-I. District RRT investigated the outbreak. House to house survey done. 3 stool samples collected and sent to PHE Lab at Midnapore; result awaited. result awaited. All cases treated symptomatically. Halogen tablets and ORS packets were distributed in the community. IEC done regarding safe drinking water and personal hygiene. 8 | P a g e DISEASE OUTBREAKS OF PREVIOUS WEEKS REPORTED LATE Unique ID. Name of State/UT Name of District Disease/ Illness No. of Cases No. of Deaths Date of Start Outbreak Current Status Comments/ Action Taken"
Chhattisgarh,Baster,Dengue,74,0,07-08-19,,Under Control,"Cases reported from Village Badeparakot PHC Raikot SC Tokapal PHC Mavlibhata; several villages from CHC Tokapal, CHC Nangoor and CHC Darbha. District RRT investigated the outbreak. House to house fever survey done. Out of 74 blood sample collected and sent to GMC, Jagdalpur; 8 sample was positive for Dengue (IgM ELISA). All cases treated symptomatically. Source reduction activities undertaken. Health education given."
Chhattisgarh,Dhamtari,Acute Diarrheal Disease,15,0,06-08-19,,Under Control,"Cases reported from Village Reve, SC Reve, CHC Berla. District RRT investigated the outbreak. House to house survey done. All cases treated symptomatically. ORS packets and chlorine tablets were distributed in the community. IEC done regarding safe drinking water and personal hygiene."
Gujarat,Morbi,Crimean Congo Haemorrhagic Fever (CCHF),2,1,26-08-19,,Under Surveillance,"Cases of fever, headache, myalgia, nausea, vomiting, diarrhea reported from Village Halvad, PHC Tikar, Block Halvad. Central, State and District RRT investigated the outbreak. House to house survey done in the affected village. All the cases worked in a private plastic firm. Out of 3 serum samples collected and sent to NIV, Pune; 2 samples were positive for CCHF (IgM ELISA) and the same samples were found negative for CCHF (RT-PCR). One death occurred in a 20yr old male. Contacts were traced and 13 blood samples were collected and sent to NIV, Pune; all samples were found negative for CCHF. Animal Husbandry team collected; 9 cattle samples and sent to NIV, Pune; blood samples were found negative for CCHF. Entomological survey done and 5 tick pool samples were collected and sent to NIV, Pune; all samples were found negative for CCHF. Cases were treated symptomatically. Anti-tick measures were carried out in the affected area. De-ticking of cattle was done. Deltamethrin spraying done in the affected area. 9 | P a g e"
Gujarat,Botad,Crimean Congo Haemorrhagic Fever (CCHF),2,1,27-08-19,,Under Surveillance,"Cases of fever, headache, myalgia, nausea, vomiting, diarrhea reported from Village Timbada, SC Khambhada, PHC Salanpur, Block Barwala. Central, State and District RRT investigated the outbreak. All the 2 serum samples collected and sent to NIV, Pune; were positive for both CCHF (RT- PCR) and CCHF (IgM ELISA). One death occurred in a 45yr old female. 10 blood samples of contacts were collected and sent to NIV, Pune; 1 sample was found positive for CCHF. Animal Husbandry team collected; 5 cattle samples and sent to NIV, Pune; 2 blood samples were found positive for CCHF. Entomological survey done and 5 tick pool samples were collected and sent to NIV, Pune; all samples were found negative for CCHF. Cases were treated symptomatically. Anti-tick measures were carried out in the affected area. De- ticking of cattle was done. Deltamethrin spraying done in the affected area."
Gujarat,Surendranagar,Crimean Congo Haemorrhagic Fever (CCHF),3,2,23-08-19,,Under Surveillance,"Cases of fever, headache, myalgia, nausea, vomiting, diarrhea reported from Village Zamadi, PHC Boradi, Block Limadi. Central, State and District RRT investigated the outbreak. Initially two cases 55yr old and 75yr old female were reported RT-PCR and (IgM ELISA) positive at NIV Pune, both of them died during the course of illness. 13 blood samples of contacts were collected and sent to NIV, Pune; 1 sample was found RT-PCR positive for CCHF. Animal Husbandry team collected; 9 cattle samples and sent to NIV, Pune; 2 blood samples were found positive for CCHF. Entomological survey done and 9 tick pool samples were collected and sent to NIV, Pune; all samples were found negative for CCHF. Cases were treated symptomatically. Anti-tick measures were carried out in the affected area. De-ticking of cattle was done. Deltamethrin spraying done in the affected area."
Himachal Pradesh,Kangra,Acute Diarrheal Disease,122,0,27-08-19,,Under Control,"Cases reported from Villages Siholpuri, Jhular Kairi, Shahpur, SC Kairi Bhanala, PHC Seon, Block Shahpur. District RRT investigated the outbreak. House to house survey done. All cases treated symptomatically. Chlorination of water sources done in the affected areas. ORS packets and chlorine tablets were distributed in the community. IEC done regarding safe drinking water and personal hygiene. 10 | P a g e"
Jharkhand,Bokaro,Chickenpox,16,0,22-08-19,,Under Control,"Cases reported from Village Gumanjara, SC Kedla, Block Kasmar. District RRT Investigated the outbreak. District RRT investigated the outbreak. House to house fever survey done. All 5 blood samples collected and sent to RIMS Ranchi were positive for chickenpox (IgM ELISA). All cases treated symptomatically. Health education given."
Jharkhand,Ranchi,Acute Diarrheal Disease,13,0,25-08-19,,Under Control,"Cases reported from Villages Angara, Tatisingri, PHC Harjanum. District RRT investigated the outbreak. House to house survey done. All cases treated symptomatically. Disinfectant of the surroundings done. IEC done regarding safe drinking water and personal hygiene."
Maharashtra,Amravati,Scrub Typhus,1,1,22-08-19,,Under Control,"A 35yr old female resident of Village/SC Wagholi, PHC Nimboli, Block Dhamangaon presented symptoms of fever, headache and vomiting and was admitted in a hospital and later died. District RRT investigated the outbreak. Serum samples collected, was positive for scrub typhus (IgM ELISA). Health education given."
Maharashtra,Palaghar,Viral Hepatitis A,5,1,24-08-19,,Under Surveillance,"Cases reported from Village Tawa (Govt Ashram School), SC Tawa, PHC Tawa, Block Dahanu. District RRT investigated the outbreak. House to house survey done. Pipeline leakages were observed in the school. Water samples collected were non potable. Out of 11 blood sample collected and sent to NIV, Pune; 4 samples were positive for Hepatitis A (IgM ELISA). All cases treated symptomatically. Chlorination of water sources done. Halogen tablets were distributed in the community. Health education given."
Maharashtra,Satara,Dengue,6,0,30-07-19,,Under Control,"Cases reported from Village Targaon, SC Targaon, PHC Vathar ki, Block Koregaon. District RRT investigated the outbreak. Active search of cases done in the affected area. Out of 6 serum samples collected and sent to Civil Hospital Satara, 4 samples were positive for Dengue (IgM ELISA). All cases treated symptomatically. Entomological survey done. Source reduction activity and fogging done in the affected area. Health education given. 11 | P a g e"
Maharashtra,Thane,Dengue,61,4,20-07-19,,Under Surveillance,"Cases reported from several areas of Municipal Corporation. District RRT investigated the outbreak. House to house survey done. 35 serum samples collected; result awaited. All the 2 blood samples collected and sent to NIV, Pune were positive for Dengue (IgM ELISA). 4 deaths occurred in 2 male (19yr &17yr) and 2 female (21yr & 4yr) All cases treated symptomatically. Entomological survey done. Source reduction activity and fogging done in the affected area. Health education given."
Maharashtra,Thane,Dengue,4,1,16-08-19,,Under Surveillance,"Cases reported from Village Cherpoli, SC Atgaon, PHC Aghai, Taluk Shahapur. District RRT investigated the outbreak. House to house survey done. All 4 serum samples collected and sent to Sentinel Centre Thane; were positive for Dengue (IgM ELISA). One death occurred in 45yr old female. All cases treated symptomatically. Source reduction activity and fogging done in the affected area. Entomological survey done. Health education given."
Maharashtra,Thane,Malaria,7,1,21-08-19,,Under Surveillance,"Cases reported from Anjan Society, Hanuman Nagar, Badlapur (w), Municipal Council Badlapur. District RRT investigated the outbreak. Active search of cases done. Cases were laborers. One death occurred in a 30yr old male malaria positive (Pv). All cases treated locally. Source reduction activities undertaken. Awareness camp regarding prevention and control of vector borne disease were carried out in the affected areas."
Odisha,Bolangir,Acute Diarrheal Disease,65,0,28-08-19,,Under Control,"Cases reported from Villages Sarasmal Siletkani, CHC/Block Deogaon. District RRT investigated the outbreak. House to house survey done. 6 water sample collect and sent to DPHL Bolangir; result awaited. All cases treated symptomatically. Halogen tablets and ORS packets were distributed in the community. IEC done regarding safe drinking water and personal hygiene"
Odisha,Bolangir,Acute Diarrheal Disease,19,0,28-08-19,,Under Control,"Cases reported from Swadhar Ashram, Salepali, Balamgir Municipality. District RRT investigated the outbreak. House to house survey done. 2 water sample collected and sent to DPHL Bolangir; result awaited result All cases treated symptomatically. Halogen tablets and ORS packets were distributed in the community. IEC done regarding safe drinking water and personal hygiene. 12 | P a g e"
Uttar Pradesh,Budaun,Malaria,360,0,24-08-19,,Under Control,"Cases reported from several villages Beerampur, Behta Madhav, Dataganj, Dolapur, Kalaura, Mudsena, Mudsena Khurd, Sarai Pipariya, Antiyanagla, Bada Parsura, Bada Tajpura, Barsuniya, Basaiya Kheda,. District RRT investigated the outbreak. Active search of cases done. Out of ….. blood smear were collected; ……smears were positive for Malaria (Pf). Medical camps organized and cases treated symptomatically. Source reduction activities undertaken. Awareness camp regarding prevention and control of vector borne disease were carried out in the affected areas."
Uttar Pradesh,Jalaun,Dengue,5,0,23-08-19,,Under Control,"Cases reported from several blocks Kadaura, Jalaun, Chhriya, Pindari, Kuthond. District RRT investigated the outbreak. House to house survey done. 5 serum samples collected and sent to GMC, Jhansi; were found positive for Dengue (IgM ELISA). All cases treated symptomatically. Source reduction activity and fogging done in the affected area. Entomological survey done. Health education given."
Uttar Pradesh,Kannauj,Acute Diarrheal Disease,75,0,28-08-19,,Under Control,"Cases reported from Village Rangian Purwa, CHC/Block Kannauj. District RRT investigated the outbreak. House to house survey done. Pipeline leakages were observed in the community. All cases treated symptomatically. Pipeline leakages were repaired. Chlorination of water sourced done. Health education given."
Uttar Pradesh,Kushi Nagar,Chickenpox,21,0,28-08-19,,Under Control,"Cases reported from Duddhi, Village Rampur Tandavatola, Mushar Basti. District RRT investigated the outbreak. House to house survey done. Affected cases were less than 15yrs of age. Out of 9 serum samples collected and sent to KGMU; 3 samples were positive for chickenpox (IgM ELISA). All cases treated symptomatically. Health education given."
Arunachal Pradesh,Papumpare,Acute Diarrheal Disease,55,0,12-09-19,16-09-19,Under Control,"Cases reported from Vivekananda Kendra Vidyakaya, Sher, School under CHC Kimin. District RRT investigated the outbreak. A total of 07 water samples were collected and 01 sample was found positive for bacteriological growth. Source of contamination was use of contaminated water supply and unhygienic environment. Clustering of cases was observed. All cases were treated symptomatically. Health education given."
Arunachal Pradesh,Upper Subansiri,Acute Diarrheal Disease,27,0,10-09-19,13-09-19,Under Control,"Cases reported from Sun View School, Digbak village under District Hospital Daporijo. District RRT investigated the outbreak. Poor hygienic condition were observed in kitchen and store room. People consumed water directly from the tap. A total of 02 stool samples were collected and tested at Dr. Lal Path Lab, Naharlagun; it was reported as Escherichia coli- heavy growth. A single water sample was collected and found positive for bacteriological test. All cases were treated symptomatically. Health education given. 4 | P a g e"
Haryana,Panchkula,Cholera,108,2,10-09-19,17-09-19,Under Control,"Cases reported from Shahpur Huts, SC Marrnwala, PHC Nanakpur. District RRT investigated the outbreak. Poor sanitary conditions and lack of drinking water storage facilities were observed in the affected area. A total of 22 samples of drinking water were taken by health department and sent to public health laboratory, Ramgarh for bacteriological testing; 12 samples were found unfit for consumption. A total of 06 samples of drinking water were collected and examined by PGI, Chandigarh and all were found positive for Cholera. A total of 02 sewage water samples were collected and examined at PGI, Chandigarh and both were positive for cholera. A total of 18 stool samples were collected, of these 07 samples were collected by Health Department Panchkula and sent to referral Lab, Civil Hospital, Panchkula and all were found negative for Cholera. 11 stools samples collected and sent to PGI Chandigarh, 04 were found positive for Cholera and 07 were found negative for Cholera and 02 rectal swab were collected and sent to PGI, Chandigarh and 01 sample was found positive for cholera. All cases were treated symptomatically. Active case search done. Halogen tablets and ORS packets distributed. Alternate potable water supply arranged. Special medical post established in the affected area. Health education given."
Jharkhand,Deoghar,Acute Diarrheal Disease,19,0,10-09-19,13-09-19,Under Control,"Cases reported from Madhupur (SDH), Pathalchapti, and (UPHC) Pradhantola. District RRT investigated the outbreak. The outbreak was probably due to poor sanitation, hygiene and non utilization of latrines. A total of 02 water samples from hand pumps were collected and tested in Microbiology Dept. RIMS, Ranchi and one found unsatisfactory for drinking purpose. All cases were treated symptomatically. Health education given. 5 | P a g e"
Karnataka,Chickaballapura,Food Poisoning,65,0,08-09-19,09-09-19,Under Control,"Cases reported from Village Pothenahalli, PHC/CHC Thondebhavi, Taluk Gowribidanur. District RRT investigated the outbreak. The source was suspected to be contaminated food. A total of 03 food samples collected and 01 water sample tested at BMRCI and PHI; food sample negative. A total of 02 water samples collected and tested by H2S media at PHC were potable by H2S media. All cases were treated symptomatically. Health education given."
Karnataka,Dharwad,Dengue,6,0,09-09-19,13-09-19,Under Control,"Cases reported from Village Harobelavadi, PHC Amminabhavi, Taluk Dharwad. District RRT investigated the outbreak. Cases presented with fever, headache, vomiting, myalgia and generalized weakness. A single serum sample was collected and sent to KIMS Microbiology department and found positive for Dengue and Chikungunya by IgM ELISA. All cases were treated symptomatically. Active case search done. Larval survey done. Health education given."
Karnataka,Kalaburagi,Chikungunya,23,0,11-09-19,12-09-19,Under Control,"Cases reported from Village Kamaknur, PHC/CHC Kal Hipparga, Taluk Chittapur. District RRT investigated the outbreak. A total of 19 blood samples collected and sent to DPHL,Kalburgi, 09 of these were found positive for Chikungunya by Ig M ELISA. All cases were treated symptomatically. Fever survey done. Larval survey done and breeding was found in indoor as well as outdoor containers. Source reduction activities undertaken. Fogging done. Temporary clinic established in the area. Blood samples and smears collected. Health education given. 6 | P a g e"
Karnataka,Ramanagara,PUO,19,0,12-09-19,13-09-19,Under Control,"Cases reported from Village Chamundipura, PHC/CHC UPHC Mehaboobnagara, Taluk Ramanagara. District RRT investigated the outbreak. Cases presented with fever, cold, cough and vomiting. A total of 02 water samples collected and sent to PHI, Bangalore and 04 blood samples were collected and sent to SSL; water samples were potable and blood samples were negative for Dengue and Chikungunya. All cases were treated symptomatically. Fever surveillance initiated. Health education given."
Maharashtra,Parbhani,Dengue,32,1,07-09-19,12-09-19,Under Surveillance,"Cases reported from Village Pimpla, SC Palodi, PHC Kolha, Block Manwat. District RRT investigated the outbreak. The deceased was a 9 year old boy and had tested positive for Dengue NS1. A total of 18 blood smears were collected and all found negative for malaria. A total of 16 serum samples were collected and tested at GMC Nanded and 03 samples were found positive for Dengue by IgM ELISA. All cases were treated symptomatically. House to house survey and larval survey conducted. Fogging done Health education given."
Maharashtra,Sindhudurg (Kudal),Dengue,8,0,05-09-19,11-09-19,Under Control,"Cases reported from Village/SC/PHC Kasarde, Block Kankavli. District RRT investigated the outbreak. A total of 08 samples were collected for Malaria; all were negative for Malaria. A total of 04 samples were collected and tested at NIV, Pune; 02 were positive for Dengue by IgM ELISA. All cases were treated symptomatically. House to house survey conducted. Mosquito control measures undertaken. Entomological indices are CI 3.4, HI 9.8, BI 13.1. Health education given. 7 | P a g e"
Odisha,Balangir,Acute Diarrheal Disease (Shigella),63,0,07-09-19,09-09-19,Under Control,"Cases reported from Village Sirol, SC/CHC/Block Muribahal. District RRT investigated the outbreak. Cases presented with loose stools and vomiting. A total of 01 tube well water and 01 supply water samples collected and tested at DPHL, Balangir, for bacteriological investigation, both samples found potable. A total of 07 rectal swab samples collected; 03 were positive for Shigella species. All cases were treated symptomatically. Halogen tablets were distributed. Health education given."
Odisha,Cuttack,Jaundice,15,0,13-09-19,17-09-19,Under Control,"Cases reported from Village Sumandi, CHC Mahidharapada, Block Baranga. District RRT investigated the outbreak. The outbreak is probably due to contamination of water sources. A total of 03 water samples collected and all were non potable. All cases were treated symptomatically. Health education given. Information shared with PHED RWSs for repairing supply pipeline and for supply of alternate water tanker."
Punjab,Bathinda,Hepatitis E,56,0,15-09-19,15-09-19,Under Surveillance,"Cases reported from VPO Raman Pind, Block Talwandi Sabo. District RRT investigated the outbreak. Clustering of cases noted. A total of 13 samples were collected and tested at DPHL Bathinda; 10 were positive for Hepatitis E by IgM ELISA and 03 for Scrub typhus by Ig M ELISA. House to house to survey done. All cases were treated symptomatically. Health education given."
Punjab,Hoshiarpur,Cholera,123,1,14-09-19,14-09-19,Under Control,"Cases reported from Bichhohi, PHC Paldi, Block Mahilpur. District RRT investigated the outbreak. A total of 21 stool samples were collected and tested at DPHL Hoshiarpur; 04 were positive for V. Cholera and 03 were positive for Shigella. ORS and chlorine tablets were distributed. Medical camp arranged in the affected area. All cases were treated symptomatically. Health education given. 8 | P a g e"
Telangana,Sangareddy,PUO,30,0,10-09-19,12-09-19,Under Control,"Cases reported from Village Beeramguda, SC Beeramguda, PHC Bhanoor. District RRT investigated the outbreak. A total of 07 serum samples collected and tested at IPM. Result awaited. Blood smears collected to rule out P. vivax and p falciparum. All cases were treated symptomatically. Potential breeding sites were identified and poor sanitation was observed in the area. Medical camp conducted, house to house survey conducted. Anti larval and anti adult measures taken. Health education given."
Uttar Pradesh,Fatehpur,Food Poisoning,25,0,12-09-19,13-09-19,Under Surveillance,"Cases reported from PHC Gopalganj, Thanpur Badagaon Fatehpur, Block Malwan. District RRT investigated the outbreak. Cases presented with vomiting loose stools and abdominal pain. All cases were treated symptomatically. ORS and chlorine tables distributed. Health education given."
Uttarakhand,Haridwar,Acute Diarrheal Disease,80,0,14-09-19,16-09-19,Under Control,"Cases reported from PHC Mohalla Puri, Lal Dhang. Sate and District RRT investigated the outbreak. A total 10 stool and 40 blood samples collected and sent to DPHL Haridwar and all stool samples were negative for enterogenic pathogens, 40 samples were negative for Hepatitis A and 1 samples was positive for Heaptits E. H2S test conducted on water sample not found not potable. All cases were treated symptomatically. Active case search done. Chlorination of water sources done. Chlorine tablets distributed. Health education given. 9 | P a g e DISEASE OUTBREAKS OF PREVIOUS WEEKS REPORTED LATE Unique ID. Name of State/UT Name of District Disease/ Illness No. of Cases No. of Deaths Date of Start Outbreak Current Status Comments/ Action Taken"
Arunachal Pradesh,Shi-Yomi,Acute Diarrheal Disease,95,0,23-08-19,,Under Control,"Cases reported from Mechuka town, block Mechukha under CHC Mechuka. District RRT investigated the outbreak. Lab samples were not collected. The source of contamination was use of contaminated water supply. All cases were treated symptomatically. Health education given."
Assam,Kamrup Metro,Typhoid,27,0,22-08-19,,Under Surveillance,"Cases reported from Maruwary Maternity Hospital. District RRT investigated the outbreak. Cases presented with acute onset fever, loss of appetite and cough. A total of 27 serum samples were collected and tested for Widal and culture, and all 27 were Typhoid positive by Widal, culture showed no significant growth. All cases were treated symptomatically. Health education given. PHE Dept was informed to take necessary actions."
Gujarat,Bhavnagar,Crimean Congo Hemorrhagic Fever,2,1,21-08-19,,Under Control,"Cases reported from Village Kamlej, PHC Fairadka, Block Bhavnagar. District RRT investigated the outbreak. Cases presented with high grade fever and headache. The deceased was a 40 year old female. A total of 18 human serum samples, 06 animal blood samples and 06 tick samples collected and sent to NIV Pune. 02 blood samples were found positive for CCHF by RT PCR. Cases treated symptomatically. Health education given. Insecticide spraying over animals and households, deltaforce liquid for washing animals, Malathion+lime powder dusting in 109 houses with domestic animals by Animal husbandry department."
Gujarat,Rajkot,Crimean Congo Hemorrhagic Fever,1,1,09-08-19,,Under Surveillance,"Case reported from Village Nana Sagadiya, SC/PHC Salpipallya, Block Padhhari. District RRT investigated the outbreak. Case presented with fever. A total of 03 serum samples were collected and sent to NIV Pune and 1 found positive for CCHF. Active case search done. A total of 03 close contacts were found and monitored for any symptoms. Deticking of livestock was done by Veterinary department. Indoor residual spraying done in the affected area. Health education given. 10 | P a g e"
Kerala,Kollam,Brucellosis,15,0,08-08-19,,Under Control,"Cases reported from Village Kulathupuzha, HSC Neduvannoorkadavu, PHC/CHC/Block Kulathupuzha. District RRT investigated the outbreak. During a medical camp conducted by a private lab at Kerala Livestock Department Board, routine blood examination was done and some cases were positive for Brucella. A total of 70 samples were collected and sent to State Public Health Lab for testing Brucellosis, of these 02 were positive for Brucella abortus by tube agglutination , 08 were positive for Brucella by IgG ELISA and 05 were weakly positive. In the previous week 02 pregnant cows underwent abortion in the farm, Brucella ELISA tests done for both cases and found negative. Fever survey conducted. All cases were treated symptomatically. Health education given."
Maharashtra,Aurangabad,Dengue,53,1,03-09-19,,Under Surveillance,"(no new case reported) Cases reported from Shastrinagar, PHC SDH Vaijapur, Block Vaijapur. District RRT investigated the outbreak. The deceased was a 21 year old male. Scattering of cases was seen in areas where mosquito density raised, HI 12.44%, BI- 12.44% Ades density 3.2%. A total of 53 blood samples collected, 07 serum samples collected and sent to GMC Aurangabad, result awaited. All cases were treated symptomatically. House to house survey conducted. Fogging done. Source reduction activities undertaken. Health education given."
Maharashtra,Thane,Dengue,6,1,30-08-19,,Under Control,"Cases reported from Ramchandra Nagar No. 30, UHC Kajuwadi, Thane Municipal Corp. District RRT investigated the outbreak. The deceased was a 24 year old male who tested positive for Dengue by IgM. A total of 05 blood samples were collected and tested at Jupiter Lab Thane; all were negative. Container surveillance and fever surveillance done. Fogging done. Health education given."
Odisha,Rayagada,Acute Diarrheal Disease,28,2,02-09-19,,Under Control,"Cases reported from Village Mariguda, SC Mariguda, CHC/Block Padmapur. District RRT investigated the outbreak. The deceased were 71 y/F and & 75y/F The source of infection was probably an old Salo well. A total of 02 rectal swab samples and 11 water samples were collected and tested at DPHL, Rayagada. The rectal swab samples were found positive for E. coli and all 11 water samples were found potable. All cases were treated symptomatically. Active case search done. Disinfection and chlorination done. Health education given. 11 | P a g e"
Punjab,Bathinda,Hepatitis A,156,1,06-09-19,,Under Surveillance,"Cases reported from VPO Harraipur, Block Goniana. District RRT investigated the outbreak. Clustering of cases noted. The deceased was 20 year old male and tested positive for both Hepatitis A and Scrub typhus. A total of 24 blood samples were collected and tested at DPHL, Bathinda; 07 were reactive for Hepatitis A and 1 was positive for Scrub Typhus. House to house to survey done. All cases were treated symptomatically. Health education given."
Sikkim,South Sikkim,Dengue,92,0,04-09-19,,Under Surveillance,"Cases reported from Jorethang CHC (Daragaon & Jorethang). District RRT investigated the outbreak. Cases presented with fever with rash diarrhea, vomiting, low backache and headache. A total of 168 samples were collected and tested at STNM Hospital (DPHL), Gangtok; 92 tested positive for Dengue (03 by Ig M ELISA and 89 by NS1 ELISA). All cases were treated symptomatically. House to survey conducted along with NVBDCP team. Mass cleanliness drive organized in the affected area. Fogging done. Health education given."
Uttar Pradesh,Kushi Nagar,Acute Diarrheal Disease,25,1,25-08-19,,Under Surveillance,"Cases reported from Village Piperajam, SC Piperajam, CHC Kasya, Block Kasya. District RRT investigated the outbreak. Cases were mostly above 15 years of age, only 03 of the cases were between 5- 15 years of age; female were more affected then male. The deceased was 12 years old. It was observed that all cases consumed water from a common source and the water pipeline was broken leading to contamination by sewage water. A total of 05 water samples were collected and result awaited. All cases were treated symptomatically. Chlorine tablets distributed. District magistrate has ordered the Jal nigam to take necessary action. Health education given."
Uttarakhand,Nainital,Dengue,492,0,01-08-19,,Under Surveillance,"Cases reported from Urban Area Haldwani. District RRT investigated the outbreak. A total of 1031 blood samples were collected and sent to Sentinel Surveillance Hospital, Govt. Medical College Haldwani, all samples tested positive for Dengue by NS1 ELISA. Active case search done. Source reduction activities carried out. Indoor spraying and fogging done. All cases were treated symptomatically. Health education given. 12 | P a g e FOLLOW UP OF DISEASE OUTBREAKS PREVIOUS WEEKS Unique ID. Name of State/UT Name of District Disease/ Illness No. of Cases No. of Deaths Date of Start Outbreak Current Status Comments/ Action Taken Karnataka Follow up of 35th week 1114 Karnataka Belagavi Dengue 14 01 11-09-19 Under Control Cases reported from Village Kudachi, PHC Kudachi, Block Raybag. District RRT investigated the outbreak. The deceased was a 5 year 7 month old girl. Cases presented with Fever and rash. A total of 02 blood samples collected and sent to DSU Belagavi and found positive for Dengue by NS1 ELISA. All cases were treated symptomatically. Fever and larva survey conducted. Laval breeding found in the area. Indoor fumigation done. Health education given and advised to use mosquito nets/ repellants. Health education given. Karnataka Follow up of 1085 of 35th week Karnataka Kalburgi Diphtheria 105 00 12-09-19 Under Control Cases reported from GIMS Girls Hostel, PHC ICDS UPHC, Block Kalaburagi. District RRT investigated the outbreak. Cases presented with throat pain, cold and fever; on examination patch was noticed on the larynx, following which samples were collected. A total of 100 throat swab samples were collected and result 78 samples were found positive by Albert stain and 22 were positive for C. diphtheria on culture. A total of 23 samples were referred to BMCRI, Bengaluru, only 01 sample was positive for C. diphtheria. All cases were treated symptomatically. All students in the hostel were screened for similar complaints. Isolation facility was arranged in the hostel. All students and staff were immunized against diphtheria. Health education given."
Andhra Pradesh,Visakhapatnam,Food Poisoning,70,0,20-09-19,21-09-19,Under Control,"Cases reported from Chaitanya Junior College Hostel, Mytri campus, Village Kommadi. District RRT investigated the outbreak. Students complained of poor sanitation and hygiene in the campus. A total of 26 water samples collected from the site and sent to the Regional Public Health Laboratory, Visakhapatnam for analysis; result awaited. All cases were treated symptomatically. Health education given on food, water sanitation and hygiene."
Arunachal Pradesh,Kumey,Scrub Typhus?,10,3,15-09-19,17-09-19,Under Control,"Cases reported from Village Parsi Parlo, CHC Koloriang, Block Koloriang, Kurung. District RRT investigated the outbreak. Most affected cases were children, residing in jungle area and with unhygienic lifestyle. The deceased were in the age group 1-6 years. A total of 05 blood samples were collected and tested at DPHL, TRIHMS; 04 found Equivocal for Scrub typhus (IgM ELISA). All cases were treated symptomatically. Health education given."
Chhattisgarh,Janjgir,Acute Diarrheal Disease,23,0,15-09-19,19-09-19,Under Control,"Cases reported from Baikunthpara W.No. 11& 12, Village Temar, CHC Sakti, PHC Portha, Block Sakti. District RRT investigated the outbreak. House to house survey done. The probable source was contaminated bore hand pump and improper drainage system in the affected area. All cases were treated symptomatically. ORS and chlorine tablets distributed. Health education given."
Chhattisgarh,Janjgir,Acute Diarrheal Disease,11,0,16-09-19,19-09-19,Under Control,"Cases reported from Village Jata,, SHC Kamrid, PHC Pahariya, Block Baloda. District RRT investigated the outbreak. House to house survey done. The probable source was contaminated bore hand pump and improper drainage system in the affected area. All cases were treated symptomatically. ORS and chlorine tablets distributed. Health education given. 4 | P a g e"
Daman And Diu,Daman & Diu,Dengue,107,2,20-09-19,26-09-19,Under Surveillance,"Cases reported from urban area of Dabhel, Daman. District RRT investigated the outbreak. State and District NVBDCP officials were informed. House to house survey done. Out of 2129 serum samples collected and tested at DPHL Daman, 731 samples were found positive for Dengue (IgM ELISA). Two death occurred in 20y/M and 31y/M. Fogging and anti-larval measures were undertaken. All cases were treated symptomatically. Health education given."
Gujarat,Kheda,CCHF,1,1,19-09-19,19-09-19,Under Surveillance,"Case reported from Area Bangalow Sim, Village Lalmandava, SC Lalmandava, PHC Nirmali, Block Kapadwanj. District RRT investigated the outbreak. The deceased was a 55 year old male. A single sample of serum, EDTA blood and urine collected and tested at NIV Pune was positive for CCHFV by Real Time RT PCR. Close contacts kept under observation. Delta Methrin 1.5% spraying in cattle shed done by Animal Husbandry Department. Health education given."
Haryana,Kurukshetra,Acute Diarrheal Disease,28,0,15-09-19,24-09-19,Under Surveillance,"Cases reported from Anaj Mandi, Thanesar Town. District RRT investigated the outbreak. Cases presented with loose stools, vomiting and weakness. A total of 03 water leakages identified in the affected area. A total of 10 water samples collected sent to PH Lab Kurukshetra and 05 blood samples and stool samples collected and sent to State Bacteriological Karnal; result awaited. All cases were treated symptomatically. ORS and halogen tablets distributed. Repairing of water pipeline and arrangements for super chlorination of water has been carried out. Health education given on hand washing, hygiene and safe drinking water. 5 | P a g e"
Jammu And Kashmir,Udhampur,Hepatitis?,26,0,18-09-19,19-09-19,Under Control,"Cases reported from Village Kud and Dogra, PHC Kud, Block Chenani. District RRT investigated the outbreak. Cases presented with fever, nausea, loss of appetite, yellowish discoloration of eyes and weakness. A total of 02 blood samples collected and tested at District Udhampur Hospital were negative for Typhoid by Widal. A total of 07 blood samples collected and 07 water samples were collected and sent to Department of Microbiology Govt. Medical College, Jammu; 07 blood samples were negative for Hepatitis E and 07 water samples were nonpotable. All cases were treated symptomatically. Chlorine tables distributed. Health education given."
Jharkhand,West Singhbhum,Acute Diarrheal Disease,11,0,14-09-19,16-09-19,Under Control,"Cases reported from Village Hijiya, HSC Baipee, CHC CKP, West Singhbhum. District RRT investigated the outbreak. Active surveillance done. Cases presented with loose stools and vomiting. A total of 04 stool samples collected and tested at DPHL, West Singhbhum; Salmonella isolated in 3 stool samples. All cases were treated symptomatically. Health education given on hygiene and sanitation measures."
Kerala,Alappuzha,Food Poisoning,19,0,16-09-19,18-09-19,Under Control,"Cases reported from Village/HSC/PHC Perumbalam, Block Arookutty. District RRT investigated the outbreak. Cases presented with vomiting, pain abdomen and diarrhea. Cases consumed food in a social ceremony. Stool, food and water samples collected were negative for enteropathogens. All cases were treated symptomatically. Water sources were super chlorinated. Health education given on personal hygiene and sanitation."
Kerala,Ernakulum,Food Poisoning,27,0,19-09-19,23-09-19,Under Control,"Cases reported from Village Mulanthuruthyh, PHC Arakunam, Block Keechery. District RRT investigated the outbreak. Cases presented with pain abdomen, vomiting and loose stools. A total of 02 well water samples collected and sent to RAL Lab Ernakulum; result awaited. All cases were treated symptomatically. Health education given. 6 | P a g e"
Odisha,Balangir,Acute Diarrheal Disease,13,0,19-09-19,21-09-19,Under Control,"Cases reported from Chhemtala, Jamgaon Bolagir. District RRT investigated the outbreak. Cases presented with loose stools. A total of 03 tube well water samples collected and sent to DPHL, Balangir; 01 was not potable. All cases were treated symptomatically. Halogen tablets distributed. Health education given."
Odisha,Sambalpur,Hepatitis E,9,0,21-09-19,23-09-19,Under Control,"Cases reported from Village Badasinhari, SC Barahmpura, UPHC Chaurpur, SMC area, Sambalpur. District RRT investigated the outbreak. A total of 06 blood samples collected and tested at DPHL; all were positive for Hepatitis E. All cases were treated symptomatically. PHE Dept chlorinated water sources in the affected area. Health education given."
Punjab,Sangrur,Mumps,11,0,23-09-19,23-09-19,Under Control,"Cases reported from Tibbi Basti Sunam. District RRT investigated the outbreak. Cases presented with fever associated with swelling and pain behind ears. A total of 07 samples were collected and tested at DPHL, Sangrur; 06 were positive for Mumps by IgM ELISA. All cases were treated symptomatically. Health education."
Tamil Nadu,Pudukottai,Dengue,20,0,16-09-19,16-09-19,Under Control,"Cases reported from Village/HSC/PHC Kandiyanatham, PHC Koppanapatti, Block Ponnamaravathy. District RRT investigated the outbreak. State and District NVBDCP officials were informed. A total of 05 water samples and 05 serum samples collected and tested at DPHL Pudokottai; 01 sample positive for Dengue by IgM ELISA and 05 water samples not potable. Medical camp conducted in the affected area. Fogging done. Overhead tanks cleaned and chlorination of water done. All cases treated. Health education given. 7 | P a g e DISEASE OUTBREAKS OF PREVIOUS WEEKS REPORTED LATE Unique ID. Name of State/UT Name of District Disease/ Illness No. of Cases No. of Deaths Date of Start Outbreak Current Status Comments/ Action Taken"
Chhattisgarh,Balrampur,Acute Diarrheal Disease,32,4,02-09-19,,Under Control,"Cases reported from different Villages Tungwa, Kari Majhawli and Ganina Simariya Para, SC Kogwar, PHC Balangi and Ragunathnagar, CHC Wadrafnagar. All cases were treated symptomatically. Health education given."
Daman And Diu,Daman And Diu,Leptospirosis,3,2,20-08-19,,Under Surveillance,"Cases reported from Village Deva Pradi, Moti Daman and Dalwada, Nani Daman. District RRT investigated the outbreak. House to House survey done. Out of 114 serum samples collected and sent o DPHL Daman, 7 samples were positive for Leptspirosis (IgM ELISA). Two death occurred in 50y/M and 22y/M. Health education given."
Gujarat,Jamnagar,CCHF,2,0,02-09-19,,Under Control,"Cases reported from UPHC Nilkanthnagar area. District RRT investigated the outbreak. Cases have history of contact with a CCHF cases. The affected is a health care provider and the other male is the sibling of a case who is suspected to have died due to CCHF. Samples collected and tested at NIV,Pune were positive for CCHF. Cases were treated symptomatically. Close contacts kept under observation. Delta Methrin 1.5% spraying in cattle shed done by Animal Husbandry Department. Health education given."
Jharkhand,Pakur,Measles,5,0,28-08-19,,Under Control,Cases reported from Village Bara Pokhar HSC Anjana CHC Pakur. District RRT investigated the outbreak. A total 05 samples collected and tested at RIMS Ranchi; all samples are reactive for Measles by IgM ELISA. All cases were treated symptomatically. Health education given. Vitamin A solution given to all affected shildren. Health education given.
Jammu And Kashmir,Udhampur,Acute Diarrheal Disease,37,0,01-09-19,,Under Control,"Cases reported from Sethi, SC Matloa, PHC Gharrian, Block Chenani. District RRT investigated the outbreak. Cases presented with fever, nausea and pain abdomen. 1 water sample was collected and tested at Department of Microbiology Govt. Medical College, Jammu and found unsatisfactory for drinking purpose. All cases were treated symptomatically. Chlorine tablets distributed. Health education given. 8 | P a g e"
Kerala,Thrissur,Food Poisoning,90,0,12-09-19,,Under Control,"Cases reported from Village/HSC Venganallur, PHC Thonnurkara, Block Thiruvilwamala. District RRT investigated the outbreak. Cases presented with pain abdomen, vomiting and loose stools. Food and water samples collected and sent to Microbiology MCH; result awaited. All cases were treated symptomatically. Water sources were super chlorinated. Health education given."
Karnataka,Dharwad,Mumps,8,0,14-09-19,,Under Control,"Cases reported from SC Kanavihonnapur, PHC Hebballi, Taluk Dharwad. District RRT investigated the outbreak. Active search done. Active case search done. Cases presented with fever and swelling of parotid glands. A single serum sample collected and tested at SIMS, Shivamogga found positive for Mumps by IgM ELISA. All cases were treated symptomatically. Health camp conducted in the affected area. Health education given."
Madhya Pradesh,Satna,Acute Diarrheal Disease,13,2,07-09-19,,Under Control,"Cases reported from Nagendranagar (shyamnagar). District RRT investigated the outbreak. House to house survey done. Cases presented with loose stools, vomiting and pain abdomen. The deceased were 25y/F and 16y/F. A total of two stool samples collected for culture sensitivity showed E.coli growth. Chlorination of water done. All cases were treated symptomatically. Health education given."
Maharashtra,Aurangabad,Dengue,67,3,12-09-19,,Under Control,"Cases reported from Village Wadala, SC Relgaon, PGC Amthana, Block Sillod. District RRT investigated the outbreak. State and District NVBDCP officials were informed. House to house survey done. A total of 67 Blood samples collected for Malaria, and 46 serum samples collect for Dengue and tested at GMC Aurangabad; 11 were positive for Dengue by Ig M ELISA. All cases were treated symptomatically. Entomological survey done in the affected area (HI-9.36% and BI-11.48%, Ades Density- 2.4%). Fogging done. Health education given."
Maharashtra,Jalna,Dengue,9,1,06-09-19,,Under Control,"Cases reported from PHC Karla, Block Jalna. District RRT investigated the outbreak. State and District NVBDCP officials were informed. House to house survey conducted. A total of 09 samples were collected and tested at GMC, Aurangabad; 02 were positive for Dengue by IgM. The deceased was a 69 year old female. Fogging done. All cases were treated symptomatically. Health education given. 9 | P a g e"
Maharashtra,Satara,Dengue,26,0,27-08-19,,Under Control,"Cases reported from Village/SC Nidhal, PHC Pusegaon, Block Satara. District RRT investigated the outbreak. State and District NVBDCP officials were informed. Active fever survey done. A total of 03 blood samples sent to Civil Hospital Satara and were positive for Dengue by IgM ELISA. Fogging Done. All cases were treated symptomatically. Health education given."
Odisha,Mayurbanj,Acute Diarrheal Disease,11,0,11-09-19,,Under Control,"Cases reported from Village Panasia, SC Khuntapur, CHC Betnoti. District RRT investigated the outbreak. Active case search done. A total of 04 rectal swab & 05 water samples collected and tested at DPHL; 02 rectal swab samples showed E.coli growth and 03 water samples were non potable. All cases were treated symptomatically. Health education given."
Tamil Nadu,Pudukottai- Aranthangi,Leptospirosis,5,0,11-09-19,,Under Control,"Cases reported from Village Veliyathur, HSC Thatchamalli, PHC Ponbethi, Block Avudaiyarkovil. District RRT investigated the outbreak. A total of 05 samples collected and sent to DPHL, Pudukottai; 02 samples were positive for Leptospirosis by IgM ELISA. All cases were treated symptomatically. Medical camp conducted in the affected area. Health education given."
Tamil Nadu,Theni,Chikungunya,43,0,07-09-19,,Under Control,"Cases reported from Village/HSC/PHC/ Karunakkumuthanpatti, Block Cumbum. District RRT investigated the outbreak. State and District NVBDCP officials were informed. House to house survey done. A total of 10 samples collected and tested at DPHL Theni, 01 was positive for Chikungunya by IgM ELISA. All cases were treated symptomatically. Source reduction activity undertaken. Fogging and antilarval activities taken. Health education given."
Telangana,Sangareddy,Dengue,60,0,04-09-19,,Under Control,"Cases reported from Anathasagar Village Anathasagar SC Mandal Kondapur, PHC Kondapur. District RRT investigated the outbreak. State and District NVBDCP officials were informed. House to House survey done. A total of 08 samples were collected and tested at IPM, Hyderabad; 05 were positive for Dengue by IgM ELISA. All cases were treated symptomatically. Medical camp conducted. Fogging done. Anti larval measures taken. Health education given. 10 | P a g e"
Telangana,Sangareddy,Dengue,30,0,10-09-19,,Under Control,"Cases reported from Beeramguda Village/SC Beeramguda, PHC Bhanoor. District RRT investigated the outbreak. State and District NVBDCP officials were informed. House to house survey conducted. A total of 07 samples collected and tested at IPM, Hyderabad; 04 samples were positive for Dengue and Chikungunya and one sample only for Dengue by IgM ELISA. All cases were treated symptomatically. Medical camp conducted in the affected area. Fogging done. Health education given."
Uttar Pradesh,Ghaziabad,Diphtheria,3,0,09-09-19,,Under Surveillance,"Cases reported from Tronica city, Sonia vihar, Mustafabad, CHC/Block Loni. District RRT investigated the outbreak. Active case search done. All the cases were unimmunized. A total of 03 throat samples collected and tested at MVID Hospital Delhi; all were positive for diphtheria. Active case search done. DPT and TD vaccination given to all eligible children in the affected area. All cases were treated symptomatically. Health education given."
Uttar Pradesh,Panchsheel Nagar,Diphtheria,2,1,09-09-19,,Under Surveillance,"Cases reported from Village Allabuxpur, Athsaini, Block Garh. District RRT investigated the outbreak. A total of 02 throat samples collected were positive for diphtheria. All cases were immunized against Diphtheria. Prophylactic medication given to close contacts. All cases were treated symptomatically. Health education given."
Uttar Pradesh,Sant Kabir Nagar,Acute Diarrheal Disease,18,0,13-09-19,,Under Surveillance,"Cases reported from SC Magahar Ward- Sherpur Reharawa, Churi Phrose, UPHC Magahar, Block Khalilabad. District RRT investigated the outbreak. Active case search done. Cases presented with loose stools and dehydration. A total of 02 stool samples collected for culture and sensitivity, sent to lab- R.S. Pathology; result awaited. Water sample also sent for Lab investigation report is awaited. All cases were treated symptomatically. Chlorine tablet and ORS packets distributed in the affected area. Health education given on personal hygiene and sanitation. 11 | P a g e FOLLOW UP OF DISEASE OUTBREAKS PREVIOUS WEEKS Unique ID. Name of State/UT Name of District Disease/ Illness No. of Cases No. of Deaths Date of Start Outbreak Current Status Comments/ Action Taken Follow Up of 1189 of 37th week Arunachal Pradesh Shi-Yomi Acute Diarrheal Disease 125 00 13-09-19 Under Control Cases reported from Mechuka town, Block Mechukha under, CHC Mechuka. District RRT investigated the outbreak. Outbreak was probably because of contaminated water supply and unhygienic environment. All cases were treated symptomatically. Health education given."
Andhra Pradesh,Guntur,Acute Diarrheal Disease,38,0,23-09-19,25-09-19,Under Control,"Cases reported from Govt. Women’s College & Hostel, Sambasivapet. District RRT investigated the outbreak. Cases presented symptoms of vomiting after consuming food from common source. Medical camp conducted in the affected area. Municipal Health Officer informed to take prevention and control measures. Health education given regarding personal hygiene."
Assam,Karimganj,Acute Encephalitis Syndrome,1,1,23-09-19,25-09-19,Under Control,"Cases reported from Laxmicharan Road,Karimganj town, Girishganj BPHC. District RRT investigated the outbreak. State and District NVBDCP officials were informed. The deceased was 72 year old presented with fever, headache and altered mental status, had associated co- morbid conditions like heart disease, diabetes and hypertension. Serum sample was collected and was positive for Japanese Encephalitis. The CSF sample was negative for Japanese Encephalitis. The latest reports of the deceased revealed patient died of bacterial meningitis. All cases were treated symptomatically. Fogging was done by NVBDCP. Health education given."
Bihar,Muzaffarpur,Food Poisoning,47,0,20-09-19,25-09-19,Under Control,"Cases reported from Budhanpur, HSC Bisunpur Saraiya, PHC/Block Paroo. District RRT investigated the outbreak. Cases presented with loose stools and vomiting after consuming food in a religious ceremony; cases belonged to low socio- economic status. Poor sanitary conditions were observed. All cases were treated symptomatically. Health education given."
Chhattisgarh,Kawardha,Acute Diarrheal Disease,6,0,23-09-19,27-09-19,Under Control,"Cases reported from Village Sutiya School para, PHC Rengakhar, Block Bodla. District RRT investigated the outbreak. Water chlorination done. All cases were treated symptomatically. Health education given. 4 | P a g e"
Gujarat,Bhavnagar,Crimean Congo Hemorrhagic Fever,1,0,22-09-19,22-09-19,Under Control,"Case reported from Village Datretiya, SC Malapara, PHC Patna, Block Vallabhipur. District RRT investigated the outbreak. Case presented with high grade fever and headache, domestic animal and castles was observed in the household. A total of 05 serum samples collected and tested at NIV Pune; 01 was positive for CCHF by RT PCR. Case was treated symptomatically. Tick control measures in animals was done by Animal husbandry department. Health education given."
Haryana,Ambala,Acute Diarrheal Disease,28,1,28-09-19,29-09-19,Under Control,"Cases reported from Village Shahpur, SC Shahpur, PHC Noorpur, Block Ambala. District RRT investigated the outbreak. Cases presented with loose stools, vomiting and dehydration, Unhygienic sanitary conditions were observed. A total of 04 stool samples and 02 water samples collected and sent to C.H Ambala City, result awaited. A total of 05 water samples were collected from the affected area to check for chlorination level and all were found chlorinated. All cases were treated symptomatically. Leakage in water pipelines were identified at 07 points and repaired by Public Health Engineering Department. Health camp organized in the affected area. Alternate source of drinking water arranged. ORS packets, Zinc tablets and chlorine tablets were distributed. Health education given on hand washing technique."
Jharkhand,Bokaro,Dengue,6,0,20-09-19,27-09-19,Under Surveillance,"Cases reported from CHC Chas, Block Chas. District RRT investigated the outbreak. State and District NVBDCP officials were informed. Cases presented with fever, headache and rash. A total of 06 blood serum samples collected and tested at RIMS, Ranchi; 04 were found positive for Dengue by IgM ELISA. All cases were treated symptomatically. Door to door survey conducted. Health education given. 5 | P a g e"
Jharkhand,West Singhbhum,Malaria,63,0,23-09-19,26-09-19,Under Surveillance,"Cases reported from Village Peta Petee, HSC Peta Petee, CHC Khutpani West Singhbhum. District RRT investigated the outbreak. State and District NVBDCP officials were informed. Cases presented with fever, headache, backache, chills rigor and vomiting. A total of 690 samples collected and 63 were positive for Plasmodium falciparum. All cases were treated symptomatically. Health education given regarding vector borne diseases its prevention and control."
Jharkhand,West Singhbhum,Japanese Encephalitis,4,0,25-09-19,28-09-19,Under Surveillance,"Cases reported from Village Kera, HSC Kera, CHC CKP. District RRT investigated the outbreak. State and District NVBDCP officials were informed. Case presented symptoms of fever with altered sensorium. A total of 04 samples collected and tested at MGM Medical college, Jamshedpur all were positive for Japanese Encephalitis. Active case search done. All cases were treated symptomatically. Health education given."
Karnataka,Dharwad,Suspected Enteric Fever,11,0,20-09-19,22-09-19,Under Control,"Cases reported from Village Durga Sheety Colony, PHC/CHC Ayodyanagar, Taluk Hubballi. District RRT investigated the outbreak. Cases presented with fever, headache, loss of appetite and generalized weakness. The source of infection was probably contaminated water. A total of 11 serum samples tested at KIMS, Hubballi; 01 was Widal positive. Blood culture was negative. A single water sample was collected for MPN testing was non potable. All cases were treated symptomatically. Chlorination done. Health education given."
Karnataka,Tumkur,Influenza B,31,0,21-09-19,23-09-19,Under Control,"Cases reported from Village Sirvara, PHC/CHC Sirvara, Block Tumkur. District RRT investigated the outbreak. Cases presented with fever, sore throat and cough. A total of 04 throat swab samples collected and tested at MCVR; 02 swabs were positive for Influenza B. All cases were treated symptomatically. Health education given. 6 | P a g e"
Karnataka,Yadgiri,Chikungunya,9,0,22-09-19,23-09-19,Under Control,"Cases reported from Village Kuntimeri, PHC/CHC Konkal, Block Yadgiri. District RRT investigated the outbreak. State and District NVBDCP officials were informed. Cases presented with joint pain and fever. A total of 09 blood samples collected and tested at DPHL Yadgiri; 06 samples were positive for Chikungunya by IgM ELISA. All cases were treated symptomatically. Anti larval activities done. Fogging done in the affected area. Health education given."
Kerala,Palakkad,Food Poisoning,14,0,23-09-19,27-09-19,Under Surveillance,"Cases reported from Village Vayaloor, SC Vayaloor, PHC Sholayur, CHC Agali. District RRT investigated the outbreak. House to house survey done. All cases had history of mushroom consumption following which they developed nausea, vomiting and pain abdomen. All cases were treated symptomatically. Health education given."
Kerala,Kannur,Food Poisoning,22,0,22-09-19,23-09-19,Under Control,"Cases reported from Village Madayi, HSC Chottad, PHC Mutham, Block Payangadi. District RRT investigated the outbreak. The probable source of infection was food consumed in a social gathering. A single water and stool sample was collected and tested at Regional Public Health Lab; water quality was satisfactory and stool sample was negative for cholera culture. All cases were treated symptomatically. Well water chlorination done. Health education given on food and personal hygiene."
Maharashtra,Ahmednagar,Dengue,20,0,25-09-19,27-09-19,Under Control,"Cases reported from Shirasgaon, PHC Nimgaon Khaire, Block Shrirampur. District RRT investigated the outbreak. State and District NVBDCP officials were informed. A total of 13 blood samples collected and tested at SSH(Civil hospital, Ahmednagar); 12 were positive for Dengue by IgM ELISA. All cases were treated symptomatically. Health education given. 7 | P a g e"
Maharashtra,Kolhapur,Dengue,6,0,25-09-19,27-09-19,Under Control,"Cases reported from Arjunwad, SC Arjunwad, PHC Ghalwad, Block Shrirampur. District RRT investigated the outbreak. State and District NVBDCP officials were informed. A total of 06 serum samples were collected and tested at SSH CPRH Hospital, Kolhapur; 03 samples were positive for Dengue. All cases were treated symptomatically. Entomological survey done HI 14.28%, CI- 8.39% and BI 19.64%. Potential breeding sites identified and destroyed. Fogging done. Health education given."
Maharashtra,Kolhapur,Hepatitis A,10,0,25-09-19,27-09-19,Under Control,"Cases reported from Harpavade, SC Pernoli, PHC Bhadwan, Block Ajara. District RRT investigated the outbreak. Active search of cases done. Pipeline leakages were observed in the community. A total of 10 blood samples collected and tested at NIV, Pune; 04 were positive for Hepatitis A and 02 water samples collected and tested at PHL Kolhapur were positive for Hepatitis A. Leakage in water pipe was repaired. All cases were treated symptomatically. Health education given."
Maharashtra,Nandurbar,Dengue,26,2,21-09-19,25-09-19,Under Control,"Cases reported from Block Navapur, (Shasari Nagar). District RRT investigated the outbreak. State and District NVBDCP officials were informed. Fever survey done. A total of 03 serum samples collected and 02 were positive. All cases were treated symptomatically. Entomological survey done. Health education given."
Maharashtra,Wardha,Dengue & Chikungunya,12,1,21-09-19,23-09-19,Under Control,"Cases reported from Block Akot, PHC Sawara, SC Punda Village Dhaga. District RRT investigated the outbreak. State and District NVBDCP officials were informed. Cases presented with fever with headache. The deceased was a 7 year old male. A total of 06 samples were collected and tested at GMC, Akola; 02 were Dengue IgM positive, 01 Chikungunya IgM positive and 01 positive for both Dengue and Chikungunya by IgM. All cases treated. Fogging and anti-larval measures were undertaken. Health education given. 8 | P a g e"
Maharashtra,Wardha,Scrub Typhus?,6,0,19-09-19,26-09-19,Under Control,"Cases reported from Deoli, PHC Muradgaon, Deoli Ward No 6. District RRT investigated the outbreak. A total of 06 serum samples collected and tested at MGIMS Sevagram Medical College; result awaited. All cases were treated symptomatically. Health education given."
Odisha,Bhadrak,Acute Diarrheal Disease,14,0,29-09-19,29-09-19,Under Control,"Cases reported from Bonth, Kenduapada, Dihasahi (Adibasipada). District RRT investigated the outbreak. A total of 03 rectal swabs and 01 water samples collected and tested at DPHL, Bhadrak;02 samples showed growth of E. coli and 01 Klebsiella species was identified. Water sample were potable. All cases were treated symptomatically. Health education given."
Odisha,Sundargarh,Anthrax?,3,0,20-09-19,28-09-19,Under Control,"Cases reported from Village Ambadand, SC Banki, GP Kadobahal, CHC/Block Kuarmunda. District RRT investigated the outbreak. Cases had handled and consumed dead bullock. A total of 03 smear slide collected and tested at DPHL, Sundargarh; 02 slide on Gram staining showed bacilli resembling Anthrax. All cases were treated symptomatically. House to house survey done. Health education given."
Odisha,Khordha,Acute Diarrheal Disease,9,1,19-09-19,26-09-19,Under Control,"Cases reported from Village Dhamilo( Bhaliapida Sahi), CHC Balakati, Block Balianta. District RRT investigated the outbreak. Active case search done. Cases presented with loose stools and vomiting. The deceased was a 46 year old female. A total of 04 water and 03 stool samples collected and sent to SCB MCH, Cuttak; 02 water samples found non potable and negative for cholera culture. All cases were treated symptomatically. Well water chlorination done. ORS and halogen tablets were distributed. Pipeline leakages were repaired. Health education given regarding safe drinking water and hand hygiene. 9 | P a g e"
Punjab,SAS Nagar,Acute Diarrheal Disease,129,0,28-09-19,29-09-19,Under Surveillance,"Cases reported from Village Ghollumajra, Block Derabassi. District RRT investigated the outbreak. Active case search done. A total of 05 blood samples, 10 water samples and 03 stool samples collected result awaited. All cases were treated symptomatically. Medical camp organized in the affected area. ORS packets, Chlorine tablets and Zinc tablets were distributed. Alternate potable drinking water source arranged. Health education given on water borne diseases, personal hygiene, sanitation and safe drinking water."
Puducherry,Puducherry,Food Poisoning,13,0,27-09-19,27-09-19,Under Control,"Cases reported from Head Quarters area, Block Puducherry. District RRT investigated the outbreak. Cases presented with loose stools, vomiting and fever. Point source was identified as food consumed in a temple. A total of 02 stool samples were collected and tested at Indira Gandhi Government General Hospital and Post Graduate Institute; result awaited. All cases were treated symptomatically. Health education given."
Rajasthan,Baran,Acute Diarrheal Disease,48,0,26-08-19,24-09-19,Under Surveillance,"Cases reported from Villages Sukha-Semali, Kala Matti SC Muhal and Rampur PHC Rajpur and Khandela, Block Shahbad and Kishangang District RRT investigated the outbreak House to house survey conducted. A total of 07 stool samples and 06 water samples were tested at Microbiology Central Lab M.B.S Hospital Kota. All 07 stool samples were negative for cholera culture, 01 water sample was unsatisfactory. All cases were treated symptomatically. Health education given."
Tamil Nadu,Tiruvannamalai,Dengue,22,0,21-09-19,30-09-19,Under Surveillance,"Cases reported from Village/HSC Kekkalure, PHC Mekkalure, Bllock Kilpennathur. District RRT investigated the outbreak. State and District NVBDCP officials were informed. A total of 08 samples collected and tested at GTMCH, Tiruvannamalai; 03 samples were positive for Dengue by IgM ELISA. All cases were treated symptomatically. Health education given. 10 | P a g e DISEASE OUTBREAKS OF PREVIOUS WEEKS REPORTED LATE Unique ID. Name of State/UT Name of District Disease/ Illness No. of Cases No. of Deaths Date of Start Outbreak Current Status Comments/ Action Taken"
Assam,Karbi-Anglog (Diphu),Acute Diarrheal Disease,4,1,12-09-19,,Under Control,"Cases reported from Village Rongphalang Kher Gaon, SC Boithalangso National, BPHC/Block Boithalangso. District RRT investigated the outbreak. Active case search done. Cases presented with loose stool and vomiting. 02 water samples collected and tested at DPHL, Diphu Civil Hospital were negative for Enteropathgens. All cases were treated symptomatically. Medical camp organized in the affected area and ORS packets distributed. Health education given regrading safe drinking water, personal hygiene and sanitation."
Assam,Lakhimpur,Hepatitis A,2,0,09-09-19,,Under Surveillance,"Cases reported from Village Alimur Chapori Gaon, SC Patrichuk, BPHC Boginodi. District RRT investigated the outbreak. Active case search done. Cases presented with fever, pain abdomen and yellowish discoloration of urine and eyes. A total of 04 samples were collected and tested at DPHL; 02 samples were positive for Hepatitis A by IgM ELISA. A total 03 water samples were collected; 01 was unsatisfactory (non potable). All cases were treated symptomatically. Public Health Engineering department instructed for sanitation measures in the community. Health education given on sanitation and hygiene practices."
Jammu And Kashmir,Samba,Dengue,15,0,03-09-19,,Under Control,"Cases reported from Border Road Organization Samba. District RRT investigated the outbreak. State and District NVBDCP officials were informed. Cases presented with fever, severe body ache, nausea and vomiting. A total of 16 blood samples collected and tested at Government Medical College, Jammu; 14 were positive for Dengue positive by IgM ELISA. All cases were treated symptomatically. House to house survey conducted. Fogging done in the affected area. Health education given. 11 | P a g e"
Kerala,Alappuzha,Food Poisoning,94,0,05-07-19,,Under Control,"Cases reported from Village Kayamkulam School Govt LPS Eruva, THQH Kayamkulam, Block Muthukualm Institution. District RRT investigated the outbreak. All cases consumed food from a single source. A total of 03 water and 06 stool samples collected and sent to Microbiology Lab Vandanam Alappuzha, result awaited. Rice sample collected and sent to PH lab, Trivandrum; result awaited. All cases were treated symptomatically. Health education given."
Kerala,Trivandrum Viral,Hepatitis?,16,0,03-07-19,,Under Surveillance,"Cases reported from Village/HSC/PHC Tholicode, Block Vithura. District RRT investigated the outbreak. Index case presented with fever with chills and rigor, pain abdomen, vomiting, yellowish discoloration urine and loose stools and diagnosed with Hepatitis A. Most cases were children in the age group 2- 14 years. Cases belonged to lower socio-economic status. The affected members gave history of sharing food among themselves during the Ramdan period. A total of 09 water samples were collected and tested at Government Analyst’s Lab, Trivandrum; showed growth of Coliform- E. coli bacteria. All cases were treated symptomatically. Super chlorination of water done. Health education given on safe water, personal hygiene and water borne diseases."
Madhya Pradesh,Ujjain,Food poisoning,14,0,17-09-19,,Under Control,Cases reported from Government Deaf-Dump Girls Hostel. District RRT investigated the outbreak. Cases presented symptoms of pain abdomen and vomiting. Cases were in the age group 14-22 years. Water and food samples were collected by Water and Food Department; result awaited. All cases were treated symptomatically. Alternate source of drinking water arranged. Health education given.
Maharashtra,Osmanabad,Chikungunya?,46,0,10-09-19,,Under Control,"Cases reported from Kalam, Itkur, Hasegaonk, Bhatsangvi. District RRT investigated the outbreak. State and District NVBDCP officials were informed. A total of 14 serum samples were collected; result awaited. All cases were treated symptomatically. Entomological survey done – HI 5, CI- 2.5, BI 8.1. Health education given."
Maharashtra,Pune,Dengue,44,0,01-09-19,,Under Surveillance,"Cases reported from Villages Nira, Vasti, Purandar, SC Nira, Shelgaon, Saswad, Saswad Urban, PHC Nira, Bijawdi, Malshiras, Malshirass. District RRT investigated the outbreak. State and District NVBDCP officials were informed. House to house survey done. A total of 52 samples collected and tested at NIV Pune and 24 samples were positive for Dengue. All cases were treated symptomatically. Anti-larval activities were undertaken in the affected area. Fogging done in the affected area. Health education given. 12 | P a g e"
Maharashtra,Sindhudurg (Kudal) Leptospirosis &,Scrub typhus,5,0,04-09-19,,Under Control,"Cases reported from Village Asniye, PHC Talkat, Block Dodamarg. District RRT investigated the outbreak. A total of 07 serum samples collected; 05 were positive for Leptospirosis by IgM ELISA and 02 were positive for Scrub Typhus by IgM ELISA. All cases were treated symptomatically. Health education given."
Rajasthan,Baran,Acute Diarrheal Disease,18,0,19-08-19,,Under Surveillance,"Cases reported from Village Lakhakheri Rampuria, SC Digodpar CHC/Block Kishanganj. District RRT investigated the outbreak. A total of 04 stool samples and 03 water samples collected and tested at Microbiology Central Lab M.B.S Hospital Kota; all 04 stool samples were positive for Escherichia coli and water samples were satisfactory. All cases were treated symptomatically. House to house survey conducted. Health education given."
Uttar Pradesh,Kannauj,Diphtheria,2,2,11-09-19,,Under Surveillance,"Cases reported from Village Gangpur Katri, SC Sadikapur, CHC/Block Kannauj. District RRT investigated the outbreak. Active case search done. The deceased were not immunized against diphtheria and overcrowding was observed affected houshold. A total of 02 samples collected and tested at IDH, Kanpur were positive. Immunization session was organized. Health education given."
Uttar Pradesh,Panchsheel Nagar,Diphtheria?,4,2,16-09-19,,Under Control,"Cases reported from Mohalla Saddikpura, Village Dehraa, Block Dhaulana, Hapur. District RRT investigated the outbreak. The cases are unimmunized. A total of 02 throat swab samples were collected and result awaited. Active case search done. All cases were treated symptomaically. Health education given."
Bihar,Supaul,Measles,5,0,02-01-19,06-01-19,Under Surveillance,"Cases reported from Village Ward no 28, Musahari tola. District RRT investigated the outbreak. House to house survey done. All cases treated symptomatically. Health education given."
Dadra And Nagar Haveli,Dadra And Nagar Haveli,Chickenpox,12,0,01-01-19,01-01-19,Under Surveillance,"Cases reported from Village Karchond (Mamlipada), SC Karchond 1, PHC Dudhan, Block Silvassa. District RRT investigated the outbreak. House to house survey done. All cases treated symptomatically. Health education given."
Dadra And Nagar Haveli,Dadra And Nagar Haveli,Chickenpox,7,0,01-01-19,01-01-19,Under Surveillance,"Cases reported from Village/SC/PHC Amboli, Block Silvassa. District RRT investigated the outbreak. House to house survey done. An epidemiological linked up similar cases of probable chickenpox found from a single pocket of Dungaripada, village of Amboli. Affected population of the village is around 494. This is a tribal spot. An index case is reported during syndromic (Under S form reporting) surveillance of IDSP week number 51, 2018. Active case search is done in the affected areas. Home isolation of clinical cases done by the surveillance team. Primary treatment is provided by the affected Primary Health Center. All cases treated symptomatically. Health education given. 4 | P a g e"
Dadra And Nagar Haveli,Dadra And Nagar Haveli,Cholera,6,0,04-01-19,04-01-19,Under Surveillance,"Cases reported from Village VarliWad, UPHC B, SMC Ward No. 13, City, Block Silvassa. District RRT investigated the outbreak. House to house survey done. During winter season similar cases of acute diarrhea and vomiting found from the small pocket of Silvassa urban area. All cases are epidemiologically linked with each other. Most affected age group is 20 to 30 yrs old. 01 Stool sample is found positive for V. Cholera at DPHL, Silvassa by culture. IEC and health education given to the local communities regarding mode of transmission. No one age specific mortality is reported till today. Distribution of liquid chlorine and ORS is done by the Rapid Response Team. All cases treated symptomatically. Health education given."
Gujarat,Mahesana,Acute Diarrheal Disease,12,0,01-01-19,02-01-19,Under Surveillance,"Cases reported from Village Rupal (Haripura), SC Gorad, PHC Chathiyarada, Taluk Mehsana. District RRT investigated the outbreak. House to house survey done. Cases of Diarrhea and vomiting might be due to consumption of contaminated drinking water. Stool, Blood and Water sample collected for investigation and result awaited. All cases treated symptomatically. Health education given."
Jharkhand,Godda,Chickenpox,36,0,08-01-19,08-01-19,Under Control,"Cases reported from Village Sadarprakhand, Godda Sadar, Noonbatta, Mohlitola noonbatta. District RRT investigated the outbreak. House to house survey done. Blood samples were not collected as because cases were clinically confirmed as Chicken Pox by the RRT team members (Pediatrician). Investigated by RRT all the symptomatic cases were treated symptomatically, IEC activity performed villagers were educated regarding the preventive measure of the disease. 5 | P a g e"
Karnataka,Davanagere,Chickenpox,14,0,02-01-19,02-01-19,Under Control,"Cases reported from Basavapura- GHP School, SC Devikere, PHC Bilachodu, Block Jagalur. District RRT investigated the outbreak. House to house survey done. Health education given about the Disease and personal hygiene. 03 blood samples collected send to MMS Mysore result awaited. All cases treated symptomatically."
Karnataka,Davanagere,Chickenpox,9,0,02-01-19,02-01-19,Under Control,"Cases reported from Village/SC Hosalakkamapura, PHC Jagalur Basavankote. District RRT investigated the outbreak. House to house survey done. Health education given about the disease and personal hygiene. 02 Blood samples collected send to MCVR Manipal both samples result positive for Chickenpox. All cases treated symptomatically."
Karnataka,Haveri,Acute Diarrheal Disease,25,0,31-12-18,01-01-18,Under Control,"Cases reported from Village Belavagi, PHC/CHC Negalur, Taluk Haveri. District RRT investigated the outbreak. House to house survey done. 2 Blood Samples sent to DPHL Haveri result awaited. Possible consumption of contaminated food. All cases treated symptomatically. Health education given."
Karnataka,Haveri,Acute Diarrheal Disease,13,0,03-01-19,04-01-19,Under Control,"Cases reported from Village Hulasogi, PHC/CHC Hirebendigeri, Taluk Shiggaon. District RRT investigated the outbreak. House to house survey done. 2 Blood samples and 1 Stool sample sent to DPHL Haveri, result awaited. All cases treated symptomatically. Health education given."
Madhya Pradesh,Badwani,Food Poisoning,12,0,01-01-19,02-01-19,Under Surveillance,"Cases reported from Village Kunjari (Kunjiya faliya) SB PHC Chatli Block Niwali ,Barwani (M.P.). District RRT investigated the outbreak. House to house survey done. All cases belonged to one family. 4 Stool samples done and sent to MGM Indore, result awaited. Outbreak investigated By Epidemiologist and RRT Team Barwani & Niwali. Block team Surveyed in the area health camp organized All cases treated symptomatically and distributed tablets, ORS, Chlorine Tab., ORS, Bleaching Powder and Health Education given. Health camp organized in the school and all cases treated symptomatically. 6 | P a g e"
Odisha,Rayagada,Food Poisoning,6,1,01-01-19,02-01-19,Under Control,"Cases reported from Village Uper Kodinga, SC Bankamba, Block/chc Kashipur. District RRT investigated the outbreak. All family members had history of consuming rice, dal and chicken after 30 minutes of its consumption they developed headache and vomiting. A 9 year old male died of illness. House to house survey done."
Telangana,Chevella,Food Poisoning,68,0,06-01-19,06-01-19,Under Control,"Cases reported from Village Kasturba Gandhi Girls Hostel, Chevella. District RRT investigated the outbreak. House to house survey done. 04 Water samples and 03 stool samples are taken and sent to IPM Narayanaguda, result awaited. Health camp organized in the school and all cases treated symptomatically. Health education given."
Tamil Nadu,Dharmapuri,Fever,29,0,04-01-19,07-01-19,Under Surveillance,"Cases reported from Village/HSC Eamanur, PHC Eriyur, Block Dharmapuri. District RRT investigated the outbreak. House to house survey done. Source reduction, ant larval activities, fogging operation done, OHT chlorination done. All cases treated symptomatically. Health education given."
Tamil Nadu,Dharmapuri,Dengue,37,0,04-01-19,07-01-19,Under Surveillance,"Cases reported from Village /HSC Kavakadu, PHC Perumbalai, Block Dharmapuri. District RRT investigated the outbreak. House to house survey done. 5 serum samples sent for testing Dengue, Chickungunya, Leptospirosis, Scrub typhus, Widal to DPHL Dharmapuri/IVCZ Hosur Result: 3 positive for Dengue and 1 sample positive for WIDAL. Source reduction, AL working, fogging operation done, OHT chlorination done. All cases treated symptomatically. Source reduction activities undertaken. Health education given. 7 | P a g e"
Tamil Nadu,Dharmapuri,Dengue and Chikungunya,11,0,04-01-19,08-01-19,Under Surveillance,"Cases reported from Village Pattukonampatti, HSC Samiyapuram, PHC Kalipettai, Block Dharmapuri. District RRT investigated the outbreak. House to house survey done. 7 serum samples sent for testing Dengue, Chikungunya, Leptospirosis, Scrub typhus, Widal to DPHL Dharmapuri/IVCZ Hosur, 3 samples positive for Chikungunya and 3 samples positive for Dengue and Chikungunya. Source reduction, AL working, fogging operation done. All cases treated symptomatically. Health education given."
Tamil Nadu,Ariyallur,Leptospirosis,13,0,03-01-19,07-01-19,Under Control,"Cases reported from Village Sathamangalam, HSC Erakudi, PHC Keelapalur, Block Thirumanur. District RRT investigated the outbreak. House to house survey done. 5 serum samples sent to DPHL Ariyalur, 2 samples positives for Leptospirosis. Fever survey done. Indoor and outdoor fogging done. Mass Cleaning done. All cases treated symptomatically. Health education given."
Tamil Nadu,Ariyallur,Food Borne Illness,85,0,04-01-18,05-01-18,Under Surveillance,"Cases reported from Village Sriraman & Periyakarukkai, HSC/PHC Athukurichi & Periyakarukkai, Block Andimadam. District RRT investigated the outbreak. House to house survey done. 6 water samples and 3 stool samples sent to District Microbiology Lab Ariyalur. The village is under strict surveillance. Health camp organized in the school and all cases treated symptomatically. Health education given."
Tamil Nadu,Salem,Typhoid,83,0,29-12-18,07-01-19,Under Surveillance,"Cases reported from Village Pagadapady, HSC Vellaiyur, PHC Veeraganur, Block Thalaivasal. District RRT investigated the outbreak. House to house survey done. 4 serum samples sent to DPHL Salem, 4 samples positive for WIDAL, 2 samples positive for Chikungunya and 1 sample positive for Leptospirosis. All cases treated symptomatically. Health education given. 8 | P a g e DISEASE OUTBREAKS OF PREVIOUS WEEKS REPORTED LATE Unique ID. Name of State/UT Name of District Disease/ Illness No. of Cases No. of Deaths Date of Start Outbreak Current Status Comments/ Action Taken"
Assam,Dibrugarh,Food Poisoning,11,0,24-12-18,,Under Surveillance,"Cases reported from Village Balijan Tea Estate, SC Kheremia, PHC/Block Tengakhat. District RRT investigated the outbreak. House to house survey done. All affected children took some unknown fruits (pithakhowa seeds in local name), one type of almond like fruits on 24.12.2018 (between 4 to 5 PM) and started feeling giddiness and started vomiting after one hour. All cases treated symptomatically. Health education given."
Bihar,Madhubani,Provisional Measles,11,0,01-12-18,,Under Control,"Cases reported from Village/HSC Kamalpur, PHC Khutauna. District RRT investigated the outbreak. House to house survey done. All the affected cases were in age group 11 month to 6 years of age. Out of five serums sample collected and send to PMCH, result awaited. All cases provided treatment. Health education given."
Bihar,Nawada,Measles,21,0,28-12-18,,Under Surveillance,"Cases reported from Village Jasat, Koriona, PHC/Block Pakribarawan & Gobinpur respectively. District RRT investigated the outbreak. House to house survey done. Fever with cough coria conjunctivitis & tiny white spots with bluish-white centers on a red background found inside the mouth on the inner lining of the cheek ( Koplik spots) reported among 21 children of age group 8 months till 18yrs. 10 blood samples collected and sent at microbiology department Patna, result awaited. All cases treated symptomatically. Health education given."
Tamil Nadu,Bihar Nawada,Chickenpox,6,0,15-12-18,,Under Control,"Cases reported from Village Naad, PHC/Block Sirdala. District RRT investigated the outbreak. House to house survey done. Fever with malaise, drowsiness, headache with presence of maculopapular rash reported among 6 children of age group 1.6-4 yrs. Males & females were equally affected. Most affected age group was 1.6-2yrs. All cases treated symptomatically. Awareness created there to maintain sanitation &hygiene. 9 | P a g e"
Bihar,Nawada,Measles,18,0,19-12-18,,Under Control,"Cases reported from Village Deora, PHC/Block Akbarpur. District RRT investigated the outbreak. House to house survey done. Mild fever with skin rash including dry cough, runny nose & inflamed eyes reported in 14 children of age group 8months- 8yrs. 5 blood samples collected and sent to microbiology department Patna. Result awaited. District rapid response team including DIO& Epidemiologist with block medical team visited the spot& investigated the outbreak. Active surveillance carried out .During the survey 5 more cases found. Vitamin A given to affected children. All villagers were sensitized to complete routine immunization to their children. All cases treated symptomatically. Health education given."
Bihar,West Champaran (Bettiah),Measles,14,0,22-12-18,,Under Surveillance,"Cases reported from Village Poojahan, Gadiyani (Bada & Chota), PHC/HSC Bairiya. District RRT investigated the outbreak. House to house survey done. The history of fever and rashes has been reported from Gadiyani, HSC Poojahan, PHC Bairiya, and West Champaran. Total 14 cases reported in which most of them belongs to under 15 year age group. The affected community belongs to low socio economic group. Five blood samples collected and sent to Microbiology department PMCH Patna. RRT investigated the outbreak. The active case search has been done. Most of children not immunized with measles vaccine. Health education given."
Bihar,Siwan,Dengue,134,0,16-10-18,,Under Control,"Cases reported from various Mohallas and blocks of District Siwan. District RRT investigated the outbreak. House to house survey done. 134 blood samples tested positive for Dengue, (NS1 Ag) by Microbiology Department, PMCH, Patna.. IEC activities regarding the control and prevention measures of Dengue disease and importance of hygienic and sanitation imparted and advised to use mosquito net of all affected area people. All cases treated symptomatically. Source reduction activities undertaken. Health education given."
Chhattisgarh,Baster,Dengue,5,0,10-12-18,,Under Surveillance,"Cases reported from Village/Block Nangoor & Baka wand. District RRT investigated the outbreak. House to house survey done. Store water In cooler, pot & damaged container. Medical camp organized, house to house survey done & health education given. All cases treated symptomatically. Source reduction activities undertaken. Health education given. 10 | P a g e"
Chhattisgarh,Raipur,Viral Hepatitis E,22,0,28-12-18,,Under Surveillance,"Cases reported from Village Sahupara, Ward No.22. District RRT investigated the outbreak. House to house survey done. On 28.12.18 several cases of jaundice reported in UPHC Mowa. After which alert was generated for suspected viral hepatitis outbreak. RRT investigated the outbreak and found some new cases during house to house survey. The affected population belonged to low socio economic status. It was revealed that drinking water was contaminated with sewage. Most affected age group was 16 to 30 yrs and females were mostly affected49 Blood Samples were collected and 22 were confirmed Hepatitis E. Water Samples send to JNM Medical College for Bacterial Culture Test, water sample result unsatisfactory for drinking. Confirmation of etiology and tested at IDSP referral lab Govt. Medical College, Raipur. Survey in all affected area done by District Combat Team. Symptomatic treatment of all cases. Communicated to Municipal Dept. & PHE Dept. for Sanitation and hygiene."
Gujarat,Sabarkantha,Viral Hepatitis A,49,0,06-12-18,,Under Surveillance,"Cases reported from Village Moti Vhorvad (Pologround), Taluk Himatnagar. District RRT investigated the outbreak. House to house survey done. 19 Blood Samples collected and sent to GMERS medical college at DPHL, Himatnagar for HAV and HEV test (IgM ELISA) test, and Result - 13 samples for HAV IgM Positive. 5 Water Samples collected and sent to GMERS medical college at DPHL, Himatnagar for Culture test, Result - 3 Unsatisfactory (Colifrom). Regular house to house active case search. Chlorination of the drinking water was done in the community. Distribution of ORS & TAB chlorine. All cases treated symptomatically."
Jharkhand,Jamtara,Fever With Rash,36,0,17-12-18,,Under Control,"Cases reported from Village Butberia, PHC Butberia, Block Narayanpur, Pabia. District RRT investigated the outbreak. House to house survey done. 6 samples taken for IgM test found positive for chickenpox. Awareness program conducted, symptomatic treatment has been given. All cases treated symptomatically. Health education given."
Karnataka,Davangere,Chikungunya,32,0,20-12-18,,Under Surveillance,"Cases reported from Village, SC Huchavanahalli, PHC/CHC Mallapura, Taluk Jagalur. District RRT investigated the outbreak. House to house survey done. 8 Serum samples taken and sent to DPHL Davangere and one found positive for chikungunya by IgM Elisa. 01 water sample is unfit for drinking, Fever surveillance done in the village, Temporary clinic established at the village, symptomatic treatment given, and health education given. Larval survey done. 11 | P a g e"
Karnataka,Shivamogga,Acute Diarrheal Disease (Shigellosis),170,0,25-12-18,,Under Control,"Cases reported from Village Bhadravathi Urban area (Bhovi Colony, Anna Nagar, Kalandar Nagar, Anwar Nagar, Seege baagi, Hosamane, Hanumanth Nagar), PHC/CHC Ashwath Nagar, Taluk Bhadravathi. District RRT investigated the outbreak. House to house survey done. 18 Stool samples sent for culture and 17 stool sample tested for Routine tests. 6 Positive for Shigella flexnerii. Both District and Taluk RRT Team visited the affected area and Health Education given to people regarding use of boiled and safe water. All cases admitted to nearest health Institutions and cases closely monitored by Treating Doctors. House to house visit done by health staff for more cases. Intersectoral meeting conducted by health Department and informed to repair the water treatment plant immediately to Nagar Sabha engineer."
Karnataka,Shivamogga,Kyasanur Forest Disease,17,6,14-12-18,,Under Control,"Cases reported from Village Mandavalli, Kenchikeri, Marabidi, Valemakki, Avinahalli, PHC/CHC Aralagodu, Taluk Sagar. District RRT investigated the outbreak. House to house survey done. 131 Blood Sample sent to NIV Pune, 24 Monkey specimens sent to pune. Out of 131 blood samples 17 cases found positive for KFD. All cases treated symptomatically. Health education given."
Kerala,Kannur,Food Poisoning,44,0,25-12-18,,Under Control,"Cases reported from Village /PHC/HSC/Block Ezhome. District RRT investigated the outbreak. House to house survey done. Stool and water sample collected (result awaited). As per preliminary investigation it is mild food poisoning and no serious cases. Efforts are initiated to collect stool samples for culturing. Water sample, used for cooking and other purposes in the function, collected for quality monitoring. Awareness cum medical camp conducted on 27.12.2018 at Chengal. Awareness among public – focus on food and personal hygiene, use of boiled water and other relevant precautionary measures to avert food and water borne diseases. Health camp organized in the school and all cases treated symptomatically. 12 | P a g e"
Kerala,Kasaragod,Acute Diarrheal Disease,49,0,26-12-18,,Under Control,"Cases reported from Village/HSC Kalliyot, CHC Periye, Block Periye. District RRT investigated the outbreak. House to house survey done. Water samples & Ice cream samples. Field staff along with Medical Officer of CHC Periya visited the area and took headship to the control and prevention of cases Conducted health education focused on personal hygiene, environmental Sanitation and the importance of drinking boiled water. Ensure sufficient quantity of ORS Packet. Chlorinated all water sources near the temple before starting festival Educated the temple authorities regarding the relevance of environmental sanitation, procurement and storage of raw materials for cooking and disposal of the waste before festival. Water samples taken from two well near the temple and send to water authority Lab Kasaragod. Informed food safety department and they collected ice cream samples and sent to lab for detailed examination. Deployed health workers and ASHA workers in the affected area. All cases treated symptomatically. Health education given."
Kerala,Wayanad,Acute Diarrheal Disease,70,0,24-12-18,,Under Control,"Cases reported from Village Thirunelli, HSC Appapara main center, PHC Appapara, Block Mananthavady. District RRT investigated the outbreak. House to house survey done. 2 Stool samples collected and sent to MCVR for culture. 3 water samples collected and sent to KWA kalpetta- Result awaited. House to house survey conducted. Super chlorination of the water sources done All cases treated symptomatically."
Maharashtra,Sindhudurg,Acute Diarrheal Disease,11,0,26-12-18,,Under Surveillance,"Cases reported from Village Manche, PHC Mond, Tal Devgad. District RRT investigated the outbreak. House to house survey done. History of consumption of contaminated water supply. 6 Water samples collected at DPHL, R/A. RRT investigated the outbreak. All cases treated. Repair of tank & pipe line leakages, stopped water supply till repair, Water disinfection, Health education, supply of Medichlor distribution for disinfection. Instructions given to drink chlorinated water. All cases treated symptomatically. Health education given."
Odisha,Ganjam,Mumps,18,0,28-12-18,,Under Surveillance,"Cases reported from Village Gram Vikash Tribal Residential High school, GP/SC Kaonkla, Block Kukudakhandi. District RRT investigated the outbreak. House to house survey done. All cases treated symptomatically. Health education given. 13 | P a g e"
Uttar Pradesh,Budaun,Measles,78,0,20-11-18,,Under Surveillance,"Cases reported from Village Narkheda, SC Binawar ii, CHC Binawar, Block Salarpur. District RRT investigated the outbreak. House to house survey done. Cases presented with fever with rash, cough and coryza. Cases were epidemiologically linked. Majority of cases were under 10 years of age. 5 Blood Samples collected and sent by WHO to SGPGI Lucknow for investigation. RRT Investigation done. Symptomatic treatment, Health education and Vitamin-A supplementation is given."
Uttar Pradesh,Siddharth Nagar,Measles,11,1,27-11-18,,Under Surveillance,"Cases reported from Village Shaha, SC Pakadhi, PHC/Block Naughar. District RRT investigated the outbreak. House to house survey done. One male child having age 7 years had died on dated 27.11.2018 in district hospital Siddharthnagar with the complication of AES. 11 children are affected in the village, most of them cases having age 02-12 years. Age group of the affected cases is: 00-01 years 00, 01- 05 years 02, 06-10 years 07, 11-15 years 02 Male 09 and Female 02. 04 serum sample collected and its send to Lucknow SGPGI for lab investigation. Result awaited. Active case search has been done. IEC activities undertaken regarding isolation and early treatment of cases. Vitamin A solution given to effected cases. All cases treated symptomatically. Health education given. 14 | P a g e FOLLOW UP OF DISEASE OUTBREAKS OF PREVIOUS WEEKS Unique ID. Name of State/UT Name of District Disease/ Illness No. of Cases No. of Deaths Date of Start Outbreak Current Status Comments/ Action Taken (FUP of Previous Week) Kerala Ernakulam Food Poisoning 75 00 26-12-18 Under Surveillance Cases reported from Village Vadavucode, Pattimattam PHC, and ward 6. District RRT investigated the outbreak. House to house survey done. Time of onset of primary case was at 2 pm on 17.12.18 (Approximately after 14 Hrs. of consuming food) • Symptoms found were fever, head ache, loose stool and diarrhea. Date of onset of last case was 18.12.18. All age groups were equally affected. Water samples collected from the well water (which is used for preparing welcome drink). Food &safety department collected food samples of suspected food items (Curd, Beef, Ghee rice, pickle). Investigated by RRT, 128 wells Super Chlorinated. Health camp organized in the school and all cases treated symptomatically. Health education given."
Arunachal Pradesh,Lower Subansiri,Chickenpox,9,0,03-01-19,10-01-19,Under Control,"Cases reported from Village Rubdi, SC Kuchkuti, CHC Yazali. District RRT investigated the outbreak. House to house survey done. All cases treated symptomatically. Health education given regarding isolation of cases and personal hygiene."
Assam,Jorhat,Dengue?,12,0,06-01-19,07-01-19,Under Surveillance,"Cases reported from Village Solmora, BPHC Gorumora. District RRT investigated the outbreak. House to house survey done. Out of 2 serum samples collected; result awaited. 9 blood smears collected were negative for malaria parasite. All cases treated symptomatically. Distribution of insecticide treated bed nets was done in the community. Fogging done in the affected areas. Awareness camp regarding prevention and control of vector borne disease were organized in the affected areas."
Bihar,Bhojpur,Chickenpox,36,0,08-01-19,11-01-19,Under Control,"Cases reported from Village Dihra, SC Kakandihra, PHC Sandesh. District RRT investigated the outbreak. House to house survey done. Majority of the cases were children between the age group of 6 to 15 years. All cases treated symptomatically. Health education given regarding isolation."
Bihar,Samastipur,Measles,20,0,14-12-18,12-01-19,Under Surveillance,"Cases reported from Village Amripur, PHC Morwa, Block Morwa. District RRT investigated the outbreak. House to house survey done. All the cases presented symptoms with fever with rash, cough, cold and conjunctivitis. Affected cases were between 10yrs to 35yrs of age group. 5 blood samples and 2 urine samples were collected and sent to Microbiology Department (Lab.), PMCH Patna; result awaited. Community was sensitized to complete routine immunization. All cases treated symptomatically. Health education given."
Bihar,Saharsa,Measles,6,0,11-01-19,12-01-19,Under Control,"Cases reported from Village/PHC Banma Ithasi, Block Banma. District RRT investigated the outbreak. Active search of cases done. All cases treated symptomatically. Health education given. 4 | P a g e"
Gujarat,Anand,Acute Diarrheal Disease,75,0,10-01-19,10-01-19,Under Surveillance,"Cases reported from Village/SC/PHC Thamana, Block Umareth. District RRT investigated the outbreak. House to house survey done. Pipeline leakages were observed. All 4 stool samples collected and sent to DPHL Anand & Petlad were negative for cholera culture. Out of 5 water samples collected 2 water samples were non potable. All cases treated symptomatically. Pipeline leakages were repaired. Chlorine tablets distributed. Health education given regarding hand washing practices and safe drinking water."
Jharkhand,Dumka,Chickenpox,22,0,09-01-19,10-01-19,Under Control,"Cases reported from Residence School of Swami Pranabananada Seba Mission, SC Patjore, CHC Ranashwar. District RRT investigated the outbreak. Active search of cases done. All cases presented symptoms with fever with vesicular rash. 5 blood samples were collected and sent to RIMS, Ranchi; were positive for Chickenpox (Varicella-zoster virus). All cases treated symptomatically. Health education given regarding isolation and personal hygiene."
Jharkhand,East Singhbhum,Chickenpox,14,0,01-01-19,07-01-19,Under Control,"Cases of fever with rash reported from Village Musabani, SC Rangamatia, Block Musaban. District RRT investigated the outbreak. House to house survey done. 5 serum samples collected and sent at RIMS Ranchi; result awaited. All cases treated symptomatically. Health education given."
Kerala,Trivandrum,Food Poisoning,85,0,10-01-19,13-01-19,Under Control,"Cases reported from Village Attipra, SC Kallingal, PHC Veli, Block Puthenthope. District RRT investigated the outbreak. House to house survey done. All cases consumed food in a social ceremony. 2 stool samples and 3 water samples were collected and sent to Trivandrum Medical College were negative for enteropathogens. Temporary medical camps were organized. All the cases treated. Health education given regarding food hygiene and sanitation."
Kerala,Trivandrum,Chickenpox,5,1,07-01-19,13-01-19,Under Control,Cases reported from Village/Block Peroorkada. District RRT investigated the outbreak. House to house survey done. All cases treated symptomatically. Health education given. 5 | P a g e
Maharashtra,Gadchiroli,Malaria,3,1,07-01-19,09-01-19,Under Control,"Cases reported from Village Murangal, SC/PHC Laheri, Block Bhamragad. District RRT investigated the outbreak. House to house survey done. Out of 3 blood smears were collected and 1 sample was found positive for malaria parasite (Pf). One death occurred in 5yr old child. All cases treated locally. LLIN were distributed in the community. Source reduction activities undertaken. Health education given."
Manipur,Bishnupur,Food Poisoning,53,0,11-01-19,13-01-19,Under Control,"Cases reported from Village Keibul Awang Leikai (Moirang, Thanga). District RRT investigated the outbreak. House to house survey done. All cases consumed food in a social ceremony and presented symptoms with loose motion and vomiting. Food samples were collected and sent to State Food Lab, RD Wing, Lamphel; result awaited. Health camp organized and all cases treated symptomatically. Health education given regarding food hygiene and personal hygiene and sanitation."
Odisha,Kalahandi,Salmonellosis ?,24,0,05-01-19,07-01-19,Under Surveillance,"Cases reported from Villages Baladiamal Junagarh CHC Kalahandi. District RRT investigated the outbreak. House to house survey done. Out of 3 water samples collected 2 water sample were non potable for drinking purposes. Out of 8 stool samples collected and sent to DPHL, Kalahandi; 1 sample was positive for Salmonella (culture). All cases treated symptomatically. Chlorine tablets distributed. Health education given regarding hand washing practices and safe drinking water."
Telangana,Hyderabad Rural (Ranga Reddy),Food Poisoning,68,0,06-01-19,08-01-19,Under Control,"Cases reported from Kasturba Gandhi Girls Hostel, Chevella. District RRT investigated the outbreak. House to house survey done. All cases consumed dinner (rice with capsicum, sambar, curd and fruit salad) in the hostel. All the case presented symptoms with loose motion and vomiting and were treated in the local hospital. 4 water samples and 3 stool samples were sent to IPM, Narayanaguda; result awaited. All the cases treated. Health camp organized. Health education given regarding food hygiene and sanitation. 6 | P a g e"
Tamil Nadu,Salem,Chikungunya,83,0,03-01-19,11-01-19,Under Control,"Cases reported from Village Pagadapady, SC Veeraganur, PHC Vellaiyur, Block Thalaivasal. District RRT investigated the outbreak. House to house survey done. Out of 4 blood samples collected and tested at DPHL Mettur, 2 samples were found positive for Chikungunya (IgM ELISA) and 1 sample was positive for Leptospirosis (IgM ELISA). All cases treated symptomatically. Entomological survey done. Fogging and source reduction activities undertaken. Health education regarding personal protection measure was imparted."
West Bengal,Bardhaman,Food Poisoning,74,0,08-01-19,10-01-19,Under Control,"Cases reported from Bagnapara Bangladarsh School, PHC/Block Purba Bardhaman/Kalna- 1/Bagnapara. District RRT investigated the outbreak. Active search of cases done. All cases consumed food in the school and presented symptoms with loose motion and vomiting. 2 rectal swabs collected and sent to BMC&H and 1 water sample collected and sent to DDPH Lab; result awaited. Symptomatic treatment given to all cases. Health education given. 7 | P a g e DISEASE OUTBREAKS OF PREVIOUS WEEKS REPORTED LATE Unique ID. Name of State/UT Name of District Disease/ Illness No. of Cases No. of Deaths Date of Start Outbreak Current Status Comments/ Action Taken"
Bihar,Bhojpur,Measles,167,4,01-01-19,,Under Surveillance,"Cases of fever with rash, cough, cold and conjunctivitis reported from Villages Chaktola, Kothua, Karbaniya, Faraura, SC Taar, PHC Piro. District RRT investigated the outbreak. . House to house survey done. All the cases were children aged between 12 months - 17yrs of age. 5 blood samples, 5 urine samples and 5 throat samples were collected and sent to PMCH; all the samples were positive for Measles (IgM ELISA). All cases treated symptomatically. Vitamin A supplementation provided to affected children. Community was sensitized to complete routine immunization to their children. Health education given regarding isolation."
Bihar,Buxar,Measles,6,0,05-01-19,,Under Control,"Cases of fever with rash were reported from Village Brahamtola, SC Tikapokhar, PHC/Block Nawanagar. District RRT investigated the outbreak. House to house survey done. Affected children were in the age group 3 to 7 years. Blood samples collected; result awaited. All cases treated symptomatically. Vitamin A supplementation given to all the cases. Health education given."
Maharashtra,Bihar Purnia,Measles,6,0,08-01-19,,Under Control,"Cases reported from Village Bhokhari, PHC/Block Amour. District RRT investigated the outbreak. Active search of cases done. Affected children were in the age group between 1.5yrs to 10yrs of age. 3 blood samples were collected and sent to Microbiology department (Lab.), PMCH Patna; result awaited. All cases treated symptomatically. Health education given."
Bihar,West Champaran (Bettiah),Measles,25,0,15-12-18,,Under Surveillance,"Cases of fever with rash were reported from Village Jogapatti, PHC Donwar, Piparpatti (Pathan Tola). District RRT investigated the outbreak. House to house survey done. Affected children were less than 15yrs of age. Out of 5 blood samples were collected and sent to Microbiology department (Lab.), PMCH Patna, 1 sample was positive for Measles (IgM ELISA). Most of children were unimmunized for measles vaccine. All cases treated symptomatically. Health education given. 8 | P a g e"
Bihar,West Champaran (Bettiah),Measles,6,0,20-12-18,,Under Control,"Cases reported from Village Sikta, PHC Sikta, Bhawanipur. District RRT investigated the outbreak. House to house survey done. All the cases presented symptoms with fever with rash, cough, cold and conjunctivitis. Out of 5 blood samples were collected and sent to Microbiology department (Lab.), PMCH Patna, 1 sample was positive for Measles (IgM ELISA). Children below 15yr of age group were affected. Most of children were unimmunized. All cases treated symptomatically. Health education given."
Gujarat,Sabarkantha,Viral Hepatitis A,10,0,28-12-18,,Under Surveillance,"Cases reported from Village Maniyor (Vankar Vas), SC Maniyor, PHC Virpur, Block Idar. District RRT investigated the outbreak. House to house survey done. Pipeline leakages were observed in the community. All 10 blood samples collected and sent to DPHL Himmatnagar; were positive for Hepatitis A (IgM ELISA). Out of 5 water samples collected, 3 samples were non potable. Chlorination of water sources done. ORS packets and chlorine tablets were distributed in the affected area. PRI repaired the pipeline leakages. All cases treated symptomatically. Health education given."
Kerala,Malappuram,Viral Hepatitis A,60,0,31-12-18,,Under Surveillance,"Cases reported from Village/PHC Thennala, SC Pookkipparamba, Block Vengara. District RRT investigated the outbreak. House to house survey done. All 4 blood samples sent to MCH Manjeri were positive for Hepatitis A (IgM ELISA). Chlorination of water sources done. ORS packets and chlorine tablets were distributed in the affected area. All cases treated symptomatically. Health education given."
Maharashtra,Nashik,Dengue,27,1,28-10-18,,Under Control,"Cases reported from Village Dhamm Nagar, Kathada, UPHC Jijamata. District RRT investigated the outbreak. House to house survey done. Water storage activities were practiced in the community. All cases treated symptomatically. Entomological survey done in the affected area. Fogging (Pyrethrum 2%) done in affected area. Source reduction activities undertaken. IEC activities regarding personal protective measures."
Punjab,Sasnagar,Chickenpox,12,0,12-12-18,,Under Control,"Cases reported from CS Soft Solution PVT Ltd, Mohali. District RRT investigated the outbreak. House to house survey done. Affected cases were in the age group 21-29 years. All cases treated symptomatically. Health education given regarding isolation and personal hygiene."
Bihar,Katihar,Chickenpox,6,0,11-01-19,17-01-19,Under Control,"Cases reported from Village Kursanda, SC Bastaul, Block & PHC Pranpur. District RRT investigated the outbreak. House to house survey done. All cases were below 15 years of age group. All cases were treated. Health education given and isolation advised."
Bihar,Madhubani,Measles,6,0,10-01-19,18-01-19,Under Control,"Cases reported from Village Birdipur, SC Sohraul, PHC Benipatti. District RRT investigated the outbreak. House to house survey done. Affected cases were between 04-09 years of age. Out of 5 serum sample collected and sent to WHO Lab, PMCH Patna, 4 samples were positive for Measles (IgM ELISA). All cases treated symptomatically. Health education given."
Bihar,W. Champaran,Measles?,12,1,15-01-19,20-01-19,Under Surveillance,"Cases reported from Village/PHC Chanpatiya, SC Puraina Osaiya, Mir Miya Ka Tola. District RRT investigated the outbreak. House to house survey done. 05 serums and 02 urine samples collected and sent to Microbiology Department (Lab), PMCH Patna, result awaited. Vitamin A supplementation given to all cases. Health education given."
Dadra And Nagar Haveli,Dadra & Nagar Haveli,Chickenpox,23,0,17-01-19,17-01-19,Under Surveillance,"Cases reported from Government Primary School of Chokipada, PHC Kilvani and Randha, Block Silvassa. District RRT investigated the outbreak. House to house survey done. All cases treated symptomatically. Home isolation of affected cases advised to the parents."
Gujarat,Porbandar,Food Poisoning,237,0,18-01-19,19-01-19,Under Surveillance,"Cases reported from Village Parawada, PHC Simar, Block Porbandar. District RRT investigated the outbreak. House to house survey done. Cases presented with nausea, vomiting and abdominal pain. Food sample collected; result awaited. All cases attended marriage ceremony and had a feast. Health camp organized and all cases treated symptomatically. 4 | P a g e"
Haryana,Ambala,Acute Diarrheal Disease,15,0,20-01-19,20-01-19,Under Control,"Cases reported from Village Abupur, S/C Kurali, PHC Kurali, CHC Shahzadpur. District RRT investigated the outbreak. House to house survey done. Pipeline leakages were observed in the community. 6 water samples collected and sent to Civil Hospital, Ambala for bacteriological examination; result awaited. 6 stool samples collected and sent to Microbiology Lab, Civil Hospital, Ambala; result awaited. Pipeline leakages were repaired. Chlorine tablets distributed in the community. Health education regarding personal hygiene and sanitation given."
Karnataka,Belagavi,Food Poisoning,55,0,19-01-19,19-01-19,Under Surveillance,"Cases reported from Village Yarajarvi, PHC/CHC Chachadi, Block Savadatti. District RRT investigated the outbreak. House to house survey done. Cases consumed upma and curd in mid-day meal. All cases treated at PHC. Health education given to students on personal hygiene."
Karnataka,Davangere,Chickenpox,15,0,16-01-19,16-01-19,Under Surveillance,"Cases reported from Village/PHC/CHC Pallagatte, Taluk Jagalur. District RRT investigated the outbreak. House to house survey done. 04 blood samples collected were tested positive for chickenpox (IgM ELISA). All cases treated symptomatically. Health education given regarding isolation of cases."
Kerala,Kottayam,Viral Hepatitis A,7,0,10-01-19,19-01-19,Under Surveillance,"Cases reported from Ward XI,VII,VIII, Kalaketty, PHC Kalaketty, Block Erumeli. District RRT investigated the outbreak. Out of 12 water samples collected; 7 samples were not potable. Out of 7 serum samples collected 2 samples were positive for Hepatitis A by IgM ELISA. All cases treated symptomatically. Chlorination done. Health education given. 5 | P a g e"
Maharashtra,Ahmednagar,Food Poisoning,29,0,12-01-19,15-01-19,Under Control,"Cases reported from Caring Friends NGO, Village Nepti, SC Nimgaon Wagha, PHC Taklikhatgaon. District RRT investigated the outbreak. House to house survey done. Cases consumed meal (Rice, Dal, Mix Veg (Potato, Green Peas), Pithal, and Roti) and developed pain in abdomen, nausea, vomiting, and diarrhea. 21 students admitted at PHC Taklikhatgaon and 8 students referred to Balaji Hospital, Nagar. Health Education given to NGO Staff, students regarding food handling, storage, personal hygiene. Treatment given to all students."
Odisha,Nawarangpur,Chickenpox,10,0,12-01-19,16-01-19,Under Surveillance,"Cases reported from Village Nuagad, SC Rangamatiguda, Block Namdahandi. District RRT investigated the outbreak. House to house survey done. All cases treated symptomatically. IEC done regarding isolation of cases."
Puducherry,Puducherry,Acute Diarrheal Disease,17,0,10-01-19,10-01-19,Under Surveillance,"Cases reported from Tsunami quarters, Narambai, PHC Kirumampakkam, Block Bahour. District RRT investigated the outbreak. House to house survey done. 6 water samples collected; were potable. All cases treated symptomatically. Health education given."
Tamil Nadu,Madurai,Chickenpox,12,0,18-01-19,19-01-19,Under Surveillance,"Cases reported from Village/HSC Thaniciam, PHC Ayyankottai, Block Alanganallur. District RRT investigated the outbreak. House to house survey done. Majority of cases were between 6- 10 years of age. All cases treated symptomatically. Health education given."
Tamil Nadu,Karur,Leptospirosis,24,0,18-01-19,19-01-19,Under Surveillance,"Cases reported from Village/SC Nallur, PHC Nachalur, Block Kulithalai. District RRT investigated the outbreak. House to house survey done. Out of 10 serum samples sent to DPHL Karur; 5 samples were positive for Leptospirosis by IgM ELISA. IEC also given. All cases treated symptomatically. Health education given. 6 | P a g e DISEASE OUTBREAKS OF PREVIOUS WEEKS REPORTED LATE Unique ID. Name of State/UT Name of District Disease/ Illness No. of Cases No. of Deaths Date of Start Outbreak Current Status Comments/ Action Taken"
Bihar,Madhubani,Measles,8,1,27-12-18,,Under Control,"Cases reported from Village Asrathpur, SC Kakraul, PHC Rahika. District RRT investigated the outbreak. House to house survey done. All the affected cases were between11 months to 8 years. Out of 4 serum samples collected and sent to PMCH, Patna; 3 samples were positive for Measles (IgM ELISA). IEC done regarding isolation of cases."
Bihar,Nawada,Measles?,6,0,28-12-18,,Under Control,"Cases reported from Village Gonawa, PHC/BLOCK Sadar. District RRT investigated the outbreak. House to house survey done. Cases presented symtoms with fever with rash cough, runny nose, inflamed eyes reported in children of age group 6 months- 7yrs. 2 children had history of prior measles vaccination. 4 blood samples collected and sent to PMCH Microbiology Department Patna, result awaited. Community was sensitized to complete routine immunization of their children."
Bihar,W. Champaran,Measles,28,0,20-12-18,,Under Surveillance,"Cases reported from Village Bhasahya, Srpat, Negar, PHC Pipras. District RRT investigated the outbreak. House to house survey done. 5 blood samples collected and sent to Microbiology Lab PMCH, Patna; result awaited. All cases were treated symptomatically. Health education given regarding isolation of cases."
Chhattisgarh,Raigarh,Acute Diarrheal Disease,25,0,26-12-18,,Under Surveillance,"Cases reported from Village Mohadi, SC Sankara, CHC Baramkela. District RRT investigated the outbreak. House to house survey done. Temporary health camp organized by Block Combat Team. All cases treated. Health education given."
Gujarat,Sabarkantha Viral,Hepatitis,10,0,28-12-18,,Under Control,"Cases reported from Village Maniyor (Vankar Vas), SC Maniyor, PHC Virpur, Block Idar. District RRT investigated the outbreak. House to house survey done. Pipe leakages were observed in the community. Pipeline leakages were repaired by PRI. 05 water samples collected; result awaited. Chlorination of the water sources done and chlorine tablet were distributed in affected area. ORS packets were distributed in the houses and demonstration of the use of ORS packets was done. Health education given regarding personal hygiene and sanitation. 7 | P a g e"
Karnataka,Dakshina Kannada,Measles,13,0,22-12-18,,Under Surveillance,"Cases reported from Village Paneer, PHC/CHC Kotekar, Taluk Mangalore. District RRT investigated the outbreak. 4 throat swabs and 2 blood samples collected and sent to MCVR; 01 sample tested positive for Measles by IgM ELISA. Preventive measures advised to the orphanage."
Kerala,Thiruvananthap uram,Chickenpox,5,1,07-01-19,,Under Control,Cases reported from urban area Peroorkkada. District RRT investigated the outbreak. Active search of cases done. All cases treated symptomatically. Health education given regarding isolation of cases.
Mizoram,Aizwal East,Scrub Typhus,25,0,05-11-18,,Under Control,Cases reported from Village Samtlang. District RRT investigated the outbreak. House to house survey done. Out of 32 samples collected and tested at DPHL Aizwal and 25 positive by ELISA test. All cases treated symptomatically. Health education given.
Mizoram,Serchhip,Scrub Typhus,141,0,24-12-18,,Under Surveillance,Cases reported from Village/CHC Thenzawl. District RRT investigated the outbreak. House to house survey done. Medical camps were organized at Thenzawl CHC. Out of 62 samples tested at RMRC Dibrugarh and 17 samples was positive scrub typhus (IgM ELISA). All cases treated symptomatically. Health education given.
Dadra And Nagar Haveli,Dadra & Nagar Haveli,Chickenpox,15,0,24-01-19,24-01-19,Under Control,"Cases reported from Fatima School, Velugam, PHC Amboli, Block Silvassa. District RRT investigated the outbreak. Active search of cases done. 05 serum and 05 blister swabs were collected and sent to NIV Pune; result awaited. All cases treated symptomatically. Health education given."
Karnataka,Chickaballapura,Food Poisoning,13,2,25-01-19,26-01-19,Under Control,"Cases reported from Village Sriramanagara, PHC/CHC/Block Chintamani. District RRT investigated the outbreak. House to house survey done. All cases consumed food in a social ceremony. 1 blood sample collected and sent to Forensic lab; result awaited. 1 stool sample collected and sent to BMCRI; result awaited. All cases treated symptomatically. Health education given."
Madhya Pradesh,Rajgarh,Viral Hepatitis A,15,0,25-11-18,24-01-19,Under Surveillance,Cases reported from Rajgarh Urban. District RRT investigated the outbreak. House to house survey done. Pipe line leakages were observed in the community. 05 blood samples collected and sent to AIIMS Bhopal & GMC Bhopal were positive for Hepatitis A (IgM ELISA). Pipe lines were repaired by PRI. Chlorination of water sourced done. Temporary drinking water was supplied to the affected areas. All cases treated symptomatically. Health education given. 1250071/2019/O/O NCDC 307 4 | P a g e DISEASE OUTBREAKS OF PREVIOUS WEEKS REPORTED LATE Unique ID. Name of State/UT Name of District Disease/ Illness No. of Cases No. of Deaths Date of Start Outbreak Current Status Comments/ Action Taken
Bihar,Madhubani,Chickenpox,19,1,12-01-19,,Under Control,"Cases of fever with rash reported from Village Naspatti, Navtoli, SC Gajhara, PHC Ladania. District RRT investigated the outbreak. House to house survey done. 4 serum samples collected and sent to PMCH Patna; result awaited. All cases treated symptomatically. Health education given regarding isolation of cases."
Gujarat,Mahesana,Chickenpox,28,0,23-01-19,,Under Control,"Cases reported from urban area of Vadnagar City (Bhalesara), Block Vadnagar. District RRT investigated the outbreak. House to house survey done. 05 serum samples collected; result awaited. Symptomatic treatment given to all cases. Health education regarding home isolation imparted in the community."
Gujarat,Sabarkantha,Jaundice,8,0,05-01-19,,Under Surveillance,"Cases reported from Village Hunj, SC Himatpur, PHC Bamna, Taluk Himatnagar. District RRT investigated the outbreak. House to house survey done. Pipe line leakages were observed in the community. 5 water samples collected and sent to GMERS Medical College Himmatnagar; result awaited. Pipe line leakages were repaired. Chlorination of water sourced done. Chlorine tablets distributed in the affected area. All cases treated symptomatically. Health education given regarding personal hygiene and sanitation."
Gujarat,Sabarkantha,Food Poisoning,39,0,07-01-19,,Under Control,"Cases reported from Christian Ashram Shala of Pipaliya, SC Pipaliya, PHC Chandrana, Taluk Poshina. District RRT investigated the outbreak. House to house survey done. All the students consumed lunch (cauliflower curry and wheat roti) before going school and presented symptoms with abdominal pain and vomiting. All the case treated at PHC Poshina. Health camp organized in the school. Health education given to the food handler regarding food hygiene and sanitation. 1250071/2019/O/O NCDC 308 5 | P a g e"
Haryana,Yamuna Nagar,Acute Diarrheal Disease,45,0,23-01-19,,Under Control,"Cases reported from Village Chuharpur Kalan, SC Malikpur Khadar, PHC Chhachhrauli, CHC Khizrabad. District RRT investigated the outbreak. House to house survey done. Pipe line leakages were observed in the community. 12 water samples collected and sent to DPHL Karnal were not potable for drinking purposes. Pipe line leakages were repaired. Chlorination of water sourced done. All cases treated symptomatically. Health education given regarding personal hygiene and sanitation."
Karnataka,Hassan,Acute Diarrheal Disease,28,0,22-01-19,,Under Control,"Cases reported from Village Masavalli, PHC/CHC Belavadi, Taluk Sakaleshpura. District RRT investigated the outbreak. House to house survey done. 28 blood samples and 2 stool samples, 1 water samples collected; result awaited. All cases treated symptomatically. Health education given."
Karnataka,Hassan,Chickenpox,89,0,23-01-19,,Under Surveillance,"Cases reported from Village Tagare, PHC/CHC Nagenahalli, Taluk Belur. District RRT investigated the outbreak. House to house survey done. 3 blood samples and 2 vesicular swab samples collected; result awaited. All cases treated symptomatically. Health education given."
Karnataka,Tumkur,Chickenpox,12,0,19-01-19,,Under Control,"Cases reported from Village Dwaralu subcentre, Muddakkanahalli, PHC/CHC Tavarekere, Taluk Sira. District RRT investigated the outbreak. House to house survey done. All cases treated symptomatically. Health education given."
Kerala,Ernakulam,Chickenpox,65,0,06-01-19,,Under Control,"Cases reported from Village/SC/PHC Kanjur, Block Kaldy. District RRT investigated the outbreak. Active search of cases done. All cases treated symptomatically. Health education given."
Kerala,Wayand,Kyasanur Forest Disease,2,0,23-01-19,,Under Surveillance,"Cases reported from Villages Thirunelli, Thrisseleri, SC Aranapara and Bavali, PHC Appapara, Block Manathavady. District RRT investigated the outbreak. House to house survey done. 2 serum samples collected and sent to MCVR were positive for KFD virus (PCR Positive). Surveillance of monkey death surrounding 2 Km of affected area was carried out. 350 doses of KFD vaccine procured from Shimoga and vaccination done in the affected area. Tick surveillance done in monkey death reported areas and collected ticks were send to NIV Pune; result awaited. BB emulsion distributed in affected area. All cases treated symptomatically. Health education given. 1250071/2019/O/O NCDC 309 6 | P a g e"
Meghalaya,West Khasi Hills (Nongstoin),Acute Diarrheal Disease,108,0,14-01-19,,Under Surveillance,Cases reported from Village/Block Nongstoin. District RRT investigated the outbreak. House to house survey done. Stool and water samples collected; result awaited. All cases treated symptomatically. Health education given.
Maharashtra,Thane,Dengue?,9,1,15-01-19,,Under Surveillance,"Cases reported from Municipal Corporation area of Kharigaon, Bandarwadi. District RRT investigated the outbreak. House to house survey done. All 8 blood smears were negative malaria. 2 blood samples collected and sent to NIV Pune; result awaited. Water storage practices were observed in the community. Entomological survey done. Fogging and spraying was done. Source reduction activities undertaken. All cases treated symptomatically. Health education given."
Madhya Pradesh,Alirajpur,Chickenpox,11,0,22-01-19,,Under Control,"Cases reported from Village Kharpai waskel Faliya, SC Kharpai, PHC Nanpur, Block Ambua. District RRT investigated the outbreak. House to house survey done. Affected children were in 03-12yrs of age group. Health camp organized in the village and all cases treated symptomatically. Health education given regarding home isolation."
Odisha,Koraput,Acute Diarrheal Disease,11,0,20-01-19,,Under Control,"Cases reported from Village Kaudiaguda CHC Boiapriguda. District RRT investigated the outbreak. House to house survey done. 3 water sample collected and sent to DPHL, Koraput; result awaited. All cases treated symptomatically. Health education given regarding personal hugien and sanitation."
Odisha,Angul,Food Poisoning,16,0,21-01-19,,Under Control,"Cases reported from Alekhapatana U.P School, Kumanda, CHC/Block Banarpal. District RRT investigated the outbreak. Active search of cases done. All cases consumed food in lunch and presented symptoms with loose motion and vomiting. Health camp organized in the school and all cases treated symptomatically. Health education given."
Odisha,Dhenkanal,Food Poisoning,36,0,22-01-19,,Under Surveillance,Cases reported from GNMTS hostel Dhenkanal. District RRT investigated the outbreak. Active search of cases done. All cases consumed food in lunch and presented symptoms with loose motion and vomiting. 04 rectal and 03 water samples collected result awaited. Health camp organized in the school and all cases treated symptomatically. Health education given. 1250071/2019/O/O NCDC 310 7 | P a g e
Punjab,Ludhiana,Mumps,8,0,22-01-19,,Under Surveillance,"Cases reported from Red Cross Bal Bhawan, Sarabha Nagar. District RRT investigated the outbreak. House to house survey done. 8 blood samples collected and sent to IDSP Lab, Civil Hospital, Ludhiana; result awaited. Health camp organized in the school. Symptomatic treatment given. Isolation of the affected cases done."
Tamil Nadu,Tiruvannamalai,Food Poisoning,44,0,21-01-19,,Under Control,"Cases reported from Village/SC Thirukkuvalai, PHC Thirupoondi, Block Keezhaiyur. District RRT investigated the outbreak. Active search of cases done. All cases consumed food in lunch and presented symptoms with loose motion and vomiting. 1 food sample and 1 water sample sent to FSO, Nagapattinam; result awaited. All cases treated symptomatically. Health education given."
Tamil Nadu,Nagapattinam,Food Poisoning,33,0,21-01-19,,Under Control,"Cases reported from Village/SC Kattumalaiyanur, PHC Somasipadi, Block Kilpennathur .District RRT investigated the outbreak. Active search of cases done. All cases consumed food in lunch and presented symptoms with loose motion and vomiting. 5 water samples sent to DPHL Cheyyar; result awaited. Food material such as Rice, Sun Flower Cooking Oil, Garam Masala, and Turmeric Powder sent for Food analysis; result awaited. All cases treated symptomatically. Health education given."
Uttar Pradesh,Azamgarh Viral,Hepatitis?,44,0,11-01-19,,Under Surveillance,"Cases reported from Village Mohalla Pura Rani (Samaudhi) CHC Mubarakpur, Block Sathiyaon. District RRT investigated the outbreak. House to house survey done. Water samples collected and sent to Lucknow; result awited. Chlorination of water sourced done. All cases treated symptomatically. Health education given."
West Bengal,Birbhum,Acute Diarrheal Disease,51,0,23-01-19,,Under Control,"Cases reported from Village Malanchi, SC Malanchi, Block Mayureswar-I. District RRT investigated the outbreak. House to house survey done. 3 rectal swab collected and sent to BMCH & food samples collected and sent to Pasteur Institute; result awaited. Chlorination of water sources done. All cases treated symptomatically. Health education given. 1250071/2019/O/O NCDC 311"
Assam,Nagaon,Chickenpox,14,0,02-02-19,02-02-19,Under Surveillance,"Cases reported from Village Pub Kandulimari, BPHC: Jugijan, PHC-SD: Jugijan. District RRT investigated the outbreak. House to house survey done. Cases presented with fever, diffuse- generalized maculopapulovesicular rash, and cough. After active survey, total 14 nos. of cases found in the village. Among the cases, 6 are Male and 8 are female. Out of the cases, 10 are children below 15 years of age and one pregnant woman of 23 years of age. Two blood samples have been taken from the suspected patients on 01-02-2019 and sent to Virology Department, GMCH, Guwahati for necessary investigation. Health camp organized in the school and all cases treated symptomatically."
Bihar,Muzaffarpur,Chickenpox,8,1,31-01-19,01-02-19,Under Surveillance,"Cases reported from Village Muradpur W.No 6, HSC Hamidpur, PHC/Block Bochahan. District RRT investigated the outbreak. House to house survey done Symptoms of red eyes, Macula popular eruption on body reported by cases. Majority of them belonged to low socio-economic condition, poor sanitary conditions found. MOICs & RRT Medical Team, visited affected area to control outbreak. Health education given."
Bihar,Gopalganj,Chickenpox,14,0,30-01-19,11-02-19,Under Surveillance,"Cases reported from Village Bathani Tola, Gamhari, SC Gamhari, PHC Baikunthpur, Block Baikunthpur. District RRT investigated the outbreak. House to house survey done. All cases treated symptomatically and advised isolation. Health education given."
Chhattisgarh,Janjgir,Food Poisoning,22,0,28-01-19,31-01-19,Under Control,"Cases reported from Village laxmanbhanta, SHC Gobra, CHC Dabhra. District RRT investigated the outbreak. House to house survey done. Symptoms like Vomiting, loose motion, and abdominal pain were observed in 22 persons (11- male, 11- Female) after consuming sweets at a function.. Affected persons were referred to CHC Dabhra for treatment. Symptomatic treatment given. Health education given. 4 | P a g e"
Dadra And Nagar Haveli,Dadra & Nagar Haveli,Chickenpox,7,0,28-01-19,28-01-19,Under Surveillance,"Cases reported from Village Silvassa City, Block Silvassa, UPHC- A, SMC Ward No. 02, Balaji Apartment. District RRT investigated the outbreak. House to house survey done. Most affected age group is 0 to 05 Yrs old. Health education given regarding immunization. All cases treated symptomatically."
Gujarat,Kheda,Food Poisoning,13,0,02-02-19,04-02-19,Under Surveillance,"Cases reported from Village Lala Na Muvada, SC Malvan, PHC Sevaliya, Block Galteswar. District RRT investigated the outbreak. House to house survey done. DRRT (DSO, ECSS) visited the affected area. Cases occurred after they ate seeds of Rataniyot. Health camp organized in the school. Health education given."
Karnataka,Bagalkot,Chickenpox,29,0,03-02-19,04-02-19,Under Control,"Cases reported from Village Hirebudihal, PHC/CHC Katageri, Taluk Badami. District RRT investigated the outbreak. House to house survey done. House to house survey for active case search. Case management. 06 serum samples collected and sent to Mysore and 04 found positive for Chicken pox by Ig M ELISA. Isolation of cases. IEC regarding control of Chickenpox was done in the community and in the school. All cases treated symptomatically. Health education given."
Karnataka,Hassan,Mumps,35,0,29-01-19,01-02-19,Under Surveillance,"Cases reported from Village Kittur rani chennamma School, Konanur, CHC/PHC Konanur, Taluk Arakalagud. District RRT investigated the outbreak. House to house survey done. 2 blood samples collected & sent to Shivamogga and 01 found positive for Mumps by Ig M and 01 sample was equivocal. All cases treated symptomatically. Health education given."
Karnataka,Bangalore Rural,Chickenpox,10,0,28-01-19,01-02-19,Under Control,"Cases reported from Village Badalipura, CHC/PHC Nallur B, Taluk Devanahalli. District RRT investigated the outbreak. House to house survey done. 2 Blood Serum Samples sent to MMC, and both found positive for Chicken pox. RRT team visited, IEC given in school. All cases treated symptomatically. Health education given. 5 | P a g e"
Karnataka,Tumkur,Mumps,15,0,28-01-19,29-01-19,Under Surveillance,"Cases reported from Village/PHC/CHC Siddaganga matta, Tumkur. District RRT investigated the outbreak. House to house survey done. 03 Blood Serum samples collected and 03 found positive for Mumps. Routine contact survey is being carried out in the area. Isolation of active cases. IEC activities regarding the disease & personal hygiene. All the cases have taken treatment at PHC Siddagangamatta . Concerned Taluka staff & PHC Field staff have been informed for follow-up. All cases treated symptomatically. Health education given."
Odisha,Jagatsinghpur,Acute Diarrheal Disease,21,0,27-01-19,30-01-19,Under Surveillance,"Cases reported from Village Mukundpur, SC Palasole, Block Mandasahi. District RRT investigated the outbreak. House to house survey done. After consuming marriage ceremony feast on 20.01.19 Anti Diarrheal & Anti emetic, ORS, Halogen are distributed to affected households. IEC BCC & sensitization meeting has been conducted in affected village. 2 Nos. of Water samples & 2 Nos. of rectal swabs have been collected & sent to SCBMCH Cuttack for testing. All cases treated symptomatically. Health education given."
Puducherry,Puducherry,Chickenpox,10,0,30-01-19,30-01-19,Under Surveillance,Cases reported from Village Kirumampakkam; Block Bahour. District RRT investigated the outbreak. House to house survey done. All cases treated symptomatically under isolation. Health education given.
Rajasthan,Jaipur,Acute Diarrheal Disease,100,0,31-01-19,01-02-19,Under Surveillance,"Cases reported from Village Ward No 26 Civil lines. District RRT investigated the outbreak. House to house survey done. Five food samples & Four water samples collected and sent to SMS Jaipur, result awaited. All cases treated symptomatically. Health education given. 6 | P a g e"
Tamil Nadu,Dharmapuri,Typhoid,42,0,01-02-19,03-02-19,Under Surveillance,"Cases reported from Village/HSC Kailavaram, PHC Theerthamalai, Block Harur. District RRT investigated the outbreak. House to house survey done. 5 serum samples sent to IVCZ Hosur, & District Public Health Lab, Pennagaram, Dharmapuri Result 3 Typhoid Positive, 2 Chickungunya & Typhoid Positive, 2 Chickungunya equivocal, 1 Dengue Positive. Fogging and antilarval activities done, OHT chlorination done. All cases treated symptomatically. Health education given."
Tamil Nadu,Pudukottai,Food Poisoning,48,0,29-01-19,29-01-19,Under Surveillance,"Cases reported from Village Ariyur, HSC/PHC Mathiyanallur, Block Annavasal. District RRT investigated the outbreak. House to house survey done. 5 water samples & Stool samples sent to DPHL, Aranthangi Result awaited. Medical camp conducted. Disinfection was Carried out. Cleaning of OHT and Chlorination on the day itself. Health Education. Health camp organized in the school and all cases treated symptomatically. DISEASE OUTBREAKS OF PREVIOUS WEEKS REPORTED LATE Unique ID. Name of State/UT Name of District Disease/ Illness No. of Cases No. of Deaths Date of Start Outbreak Current Status Comments/ Action Taken"
Bihar,Katihar,Chickenpox,4,0,05-01-19,,Under Surveillance,"Cases reported from Village Maveya, SC Dhumgadh, PHC/Block Korha. District RRT investigated the outbreak. House to house survey done. Health camp organized in the school and all cases treated symptomatically. Health education given."
Bihar,Madhubani,Chickenpox,31,0,05-01-19,,Under Control,"Cases reported from Village Bisfi Dih Ward no 30, PHC/HSC Bisfi. District RRT investigated the outbreak. House to house survey done. Cases presented with fever and vesiculopapular rash. Health Camp Organized. Cases treated symptomatically. Health Education given regarding Isolation of cases. 7 | P a g e"
Bihar,Muzaffarpur,Chickenpox,20,0,16-01-19,,Under Control,"Cases reported from Village Sonwarsha Sah, HSC Sonwarsha, PHC/Block Kudhani. District RRT investigated the outbreak. House to house survey done. Symptoms of red eyes, Maculo papular eruption on body reported by cases. Majority of them belonged to low socio-economic condition, poor sanitary conditions found. All cases treated symptomatically. Health education given."
Bihar,West Champaran (Bettiah),Suspected Measles,35,0,16-01-19,,Under Surveillance,"Cases reported from Village Chanpatiya , Ward No 06. PHC Chanpatia, Block Chanpatiya. District RRT investigated the outbreak. House to house survey done. The History of fever and rashes has been reported from Chanpatiya, West Champaran. Total 35 cases reported in which all of them belongs to under 15year age group. Immunization status unknown. The affected community belongs to low socio economic group and having unhygienic practices. Five blood and two urine samples have been collected and send to Microbiology department (Lab.), PMCH Patna."
Bihar,West Champaran (Bettiah),Suspected Measles,16,0,20-01-19,,Under Surveillance,"Cases reported from Village Line Parsa, HSC Baura Sitka, PHC Sikta. District RRT investigated the outbreak. House to house survey done. Total 16 cases reported in which most of them belongs to under 15 year age group. The affected community belongs to low socio economic group and having unhygienic practices. The active case search has been done. The symptomatic treatment done. Vitamin A tablets supplementation given. Five blood and two urine samples collected and sent to Microbiology department (Lab.), PMCH Patna All cases treated symptomatically. Health education given."
Bihar,Siwan,Chickenpox,10,0,24-01-19,,Under Control,"Cases reported from Village Mohalla Mali Tola, Mohinuddinpur, POPS Siwan, Block Sadar. District RRT investigated the outbreak. House to house survey done. IEC activities regarding the control and prevention measures of Chicken Pox disease. Health camp organized in the school and all cases treated symptomatically."
Gujarat,Rajkot,Measles,8,0,16-01-19,,Under Control,"Cases reported from Village Gondal Darvaja, UHC Fulwadi- 2, Taluk Jetpur. District RRT investigated the outbreak. House to house survey done. Vitamin A supplementation given. 5 Samples are collected and sent to B.J.M.C Ahmedabad Lab, Result:-5-Serum Measles IgM Positive for measles. All cases treated symptomatically. Health education given. 8 | P a g e"
Karnataka,Dakshina Kannada,Typhoid,12,0,25-01-19,,Under Surveillance,"Cases reported from Village Addur, PHC/CHC Ganjimatt, Taluk Mangalore. District RRT investigated the outbreak. House to house survey done. 2 Blood culture have been sent to District public lab for Typhoid and found positive. Drinking water samples collected for water test and found unfit. All cases treated symptomatically. Health education given."
Karnataka,Davangere,Chickenpox,64,0,24-01-19,,Under Surveillance,"Cases reported from Village Gode, Marikunte, Bilichodu, Basavapura, PHC/CHC Bilichodu, Palaghatta, Halekallu, Taluk Jagalur. District RRT investigated the outbreak. House to house survey done. 5 samples are tested for Chicken Pox at MCVR Manipal Lab 3 found Positive for chicken pox by IgM ELISA and 2 found Negative. Contact survey done in the anganawadi, School and village. Isolated the affected cases. Personal Hygiene & Health education given to the students and villagers."
Karnataka,Tumkur,Chikungunya,137,0,24-01-19,,Under Surveillance,"Cases reported from Navodaya school, Durgadahalli, PHC/CHC Urdigere, Tumkur Tumkur. District RRT investigated the outbreak. House to house survey done. Water sample-3 found potable, Throat swab-2 and 01 found positive for H1N1, Blood smear-60, Blood culture-2, Dengue & chikungunya and 01 found positive for chikungunya. All cases treated symptomatically. Health education given."
Karnataka,Tumkur,Suspected Mumps,14,0,26-01-19,,Under Surveillance,"Cases reported from Village Reddikatte, PHC/CHC Akkirampura, Taluk Kortagere. District RRT investigated the outbreak. House to house survey done. All cases treated symptomatically. Health education given."
Meghalaya,Jantia Hills,Acute Diarrheal Disease (Rota virus),28,0,24-01-19,,Under Control,"Cases reported from Rasongsli Nursing Home, Pamtbuh Village, Pdengshakap PHC, Amlarem Block. District RRT investigate the outbreak. House to House Survey done. Out of 7 stools sample collected; 6 samples are positive for Rota Virus (Ag ELISA) at ICMR Dibrugarh. All cases treated symptomatically. Health education given."
Odisha,Puri,Chickenpox,12,0,18-01-19,,Under Control,"Cases reported from Village Bhagalpur, SC Mahura Sector Gabakund. District RRT investigated the outbreak. House to house survey done. House to house visit done by Dist. & Block Medical team on 29-01-19. Counseling and IEC activities done. All cases treated symptomatically. Health education given."
Andhra Pradesh,Visakhapatnam,Food Poisoning,112,0,04-02-19,05-02-19,Under Surveillance,"Cases reported from Village Thagarampudi, PHC Anakapalli. District RRT investigated the outbreak. House to house survey done. All cases consumed food in a social ceremony and presented symptoms with loose motion and vomiting. 5 water samples collected and sent to Regional Laboratory for bacteriological examination; result waited. Temporary medical camps were organized in the community. All cases treated symptomatically. Awareness campaign regarding personal hygiene and sanitation were imparted. Community was advised to drink boiled and cooled water for drinking purposes."
Andhra Pradesh,Visakhapatnam,Acute Diarrheal Disease,23,0,31-01-19,03-02-19,Under Control,"Cases reported from Village Chintapalli, SC Antarla, PHC RV Nagar. District RRT investigated the outbreak. House to house survey done. 2 water samples collected and sent to Naripatnam Lab; result awaited. All cases treated symptomatically. Chlorine tablets were distributed in the community. Chlorination of water sources done. Pipeline leakages were repaired in the community. Health education given regarding personal hygiene and sanitation."
Bihar,Muzaffarpur,Chickenpox,23,0,05-02-19,08-02-19,Under Control,"Cases of fever with maculopapular rash reported from Village Kamrathu Sahni Tola, SC Kamrathu, PHC/Block Gaighat. District RRT investigated the outbreak. House to house survey done. All cases treated symptomatically. Health education given regarding home isolation and personal hygiene."
Chhattisgarh,Baster,Food Poisoning,13,0,04-02-19,08-02-19,Under Surveillance,"Cases reported from Dharampura Girls Hostel, Jagdalpur, SC Kangoli. District RRT investigated the outbreak. Active search of cases done. All cases consumed food in the hostel and presented symptoms with loose motion and vomiting. Food samples collected and sent to food lab; result awaited. Chlorination of water sources done. Health education regarding food hygiene and sanitation imparted. 1262997/2019/O/O NCDC 322 4 | P a g e"
Karnataka,Chitradurga,Mumps,14,0,02-02-19,06-02-19,Under Control,"Cases reported from Village Neelayanahatti, PHC/CHC Kyasapura, Taluk Chitradurga. District RRT investigated the outbreak. House to house survey done. 2 blood samples collected and sent to KMC Manipal were positive for Mumps (IgM ELISA). All the children were less than 15yr of age. All cases treated symptomatically. Health education regarding isolation of cases was imparted in the community."
Karnataka,Dakshina Kannada,Acute Diarrheal Disease,27,0,01-02-19,04-02-19,Under Control,"Cases reported from urban area of Kasaiagalli, PHC/CHC UPHC Bunder, Taluk Mangalore. District RRT investigated the outbreak. House to house survey done. 1 stool collected and sent to DPHL Dakshin Kannada were negative for enteropathogens. 2 water samples collected and sent to DPHL Dakshin Kannada were non potable. Chlorination of water sources done. All cases treated symptomatically. Health education given regarding personal hygiene and sanitation."
Karnataka,Dharwad,Chickenpox,13,0,05-02-19,06-02-19,Under Control,"Cases reported from Village Lokur, PHC/CHC Uppin Betageri, Taluk Dharwad. District RRT investigated the outbreak. House to house survey done. Affected children were in the age group between 2-18yr. 1 serum sample collected sent to MCVR Manipal was positive for chickenpox (IgM ELISA). Symptomatic treatment and isolation of cases advised in the community Health education given regarding personal hygiene."
Karnataka,Dharwad,Mumps,14,0,04-02-19,08-02-19,Under Surveillance,"Cases reported from Village/PHC/CHC Saunshi, Taluk Kundagol. District RRT investigated the outbreak. House to house survey done. 1 serum sample collected sent to SIMS Shimogga was positive for mumps (IgM ELISA).. Symptomatic treatment and isolation of cases advised in the community Health education given regarding personal hygiene."
Karnataka,Gadag,Chickenpox,58,0,05-02-19,05-02-19,Under Surveillance,"Cases reported from Village Koujageri, PHC/CHC Belavanaki, Block Ron. District RRT investigated the outbreak. House to house survey done. All the 2 serum samples sent to Manipal were positive for chickenpox (IgM ELISA). All children treated symptomatically and sensitized regarding personal hygiene and home isolation. 1262997/2019/O/O NCDC 323 5 | P a g e"
Karnataka,Mysuru,Chickenpox,13,0,04-02-19,04-02-19,Under Control,"Cases reported from Village Salukoppalu, PHC/CHC Bhuvanahalli, Taluk Periya Patna. District RRT investigated the outbreak. House to house survey done. All 3 blood samples sent to MMCRI IDSP referral lab were positive for Chickenpox (IgM ELISA). All cases treated symptomatically. Health education given."
Karnataka,Tumkur,Chickenpox,12,0,01-02-19,04-02-19,Under Control,"Cases reported from urban area of C N Halli Town, PHC/CHC JC Pura. District RRT investigated the outbreak. House to house survey done. All the cases treated at PHC Siddagangamatta. Health education regarding isolation of cases and personal hygiene was imparted."
Karnataka,Tumkur,Mumps,20,0,02-02-19,04-02-19,Under Surveillance,"Cases reported from Vajapeyi Vasathi School, PHC/CHC Panjiganahalli, Taluk Sira. District RRT investigated the outbreak. Active search of cases done. All the 3 blood samples collected; were positive for mumps (IgM ELISA). Majority of the cases were >15yr of age. All cases treated symptomatically. Health education given regarding isolation of cases and personal hygiene."
Kerala,Thrissur,Food Poisoning,111,0,31-01-19,05-02-19,Under Control,"Cases reported from Kerala Police Academy, Thrissur Corporation, PHC/Block Vilvattom. District RRT investigated the outbreak. All the cases consumed food and presented symptoms with loose motion and vomiting. 5 water samples, 2 stool samples were collected were negative for enteropathogens. ORS packets were distributed in the academy. Health camp organized and all cases treated symptomatically. Health education given regarding food hygiene and sanitation."
Madhya Pradesh,Nimach,Chickenpox,23,0,06-02-19,10-02-19,Under Control,"Cases reported from Village/SC Rajpura, PHC Kukdeshwar Block Manasa. District RRT investigated the outbreak. House to house survey done. Affected children were in the age group between 4-14yr. All cases treated symptomatically. Health education given regarding home isolation and personal hygiene. 1262997/2019/O/O NCDC 324 6 | P a g e"
Odisha,Angul,Acute Diarrheal Disease,14,0,06-02-19,09-02-19,Under Control,"Cases reported from Ambasaramunda Sevashram School Hostel, SC/GP P-Ambasaramunda, CHC Madhapur, Block Anthmalik. District RRT investigated the outbreak. House to house survey done. 5 water samples and 1 rectal swab were collected; showed no growth of enteropathogens. Chlorination of water sourced done. All cases treated symptomatically. Health education given regarding personal hygiene and sanitation."
Odisha,Keonjhar,Food Poisoning,75,0,03-02-19,04-02-19,Under Control,"Cases reported from Village Tolladihi, SC Talabirkala, CHC Banspal, Block Banspal. District RRT investigated the outbreak. House to house survey done. All the cases consumed food in a social ceremony. 07 rectal swabs and 02 water samples collected showed no growth of enteropathogens. ORS packets were distributed in the community. All cases treated symptomatically. Health education given."
Punjab,Fatehgarh Sahib,Mumps,30,0,31-01-19,04-02-19,Under Control,"Cases reported from Government Primary School, Village Dhanola, PHC Sanghol. District RRT investigated the outbreak. House to house survey done. 3 blood samples collected and sent to DPHL Fatehgarh Sahib were positive for Mumps (IgM ELISA). All the children were less than 15yr of age. All cases treated symptomatically. Health education regarding isolation of cases was imparted in the community."
Tamil Nadu,Madurai,Food Poisoning,19,0,05-02-19,07-02-19,Under Control,"Cases reported from Village/SC Velliyankundram, PHC Kallandiri, Block Madurai East. District RRT investigated the outbreak. House to house survey done. Cases consumed food in the lunch in a social ceremony. 1food sample collected and sent to Food Safety lab Madurai; result awaited. 2 water samples collected and sent to DPHL Madurai were non potable. Chlorination of water sources done. All cases treated symptomatically. Health education given. 1262997/2019/O/O NCDC 325 7 | P a g e"
Tamil Nadu,Madurai,Chickenpox,51,0,08-02-19,09-02-19,Under Surveillance,"Cases reported from Village Thengalpatti, SC K.Puliyankulam, PHC Checkanurani, Block Tirumangalam. District RRT investigated the outbreak. Active search of cases done. All cases were below 14yrs of age. All children treated symptomatically and sensitized regarding personal hygiene and home isolation."
Tamil Nadu,Salem,Chickenpox,15,0,06-02-19,11-02-19,Under Control,"Cases reported from Village Lakshmanoor, SC Lakshmanoor, PHC Poolavari, Block Veerapandy. District RRT investigated the outbreak. House to house survey done. All cases treated symptomatically. Health education given regarding home isolation and personal hygiene."
Tamil Nadu,Vellore,Chickenpox,20,0,01-02-19,06-02-19,Under Control,"Cases reported from Village Melpadi & Shivapuram, SC/PHC Melpadi, Block Sholinghur. District RRT investigated the outbreak. House to house survey done. All cases were below 10yrs of age. All children treated symptomatically and sensitized regarding personal hygiene and home isolation."
Tamil Nadu,Pudukottai,Chikungunya,25,0,05-02-19,07-02-19,Under Control,"Cases reported from Village Viralimalai North Street, SC Athipallam, PHC Kodumbalur, Block Viralimalai. District RRT investigated the outbreak. House to house survey done. 6 serum samples sent to KAPV Trichy were positive for Chikungunya (IgM ELISA). Vector control activities undertaken. All cases treated symptomatically. Health education given."
Tamil Nadu,Ramanathapura m,Chikungunya,21,0,05-02-19,11-02-19,Under Control,"Cases reported from Village S Vellankulam, HSC Melaselvanur , PHC Melakidaram, Block Kadaladi. District RRT investigated the outbreak. House to house survey done. Out of 3 blood samples collected and sent to DPHL Ramanathapuram, 2 samples were positive for Chikungunya ( IgM ELISA) and 1 sample was positive for Leptospirosis (IgM ELISA). Source reduction activities undertaken. All cases treated symptomatically. Health education given. 1262997/2019/O/O NCDC 326 8 | P a g e"
Telangana,Jayashankar Bhupalpally,Food Poisoning,40,0,04-02-19,06-02-19,Under Control,"Cases reported from Chityal Social Welfare Hostel, Chityal. District RRT investigated the outbreak. Active search of cases done. 06 water samples collected were negative for enteropathogens. All cases treated symptomatically. Health camp organized in the hostel. Chlorination of drinking sources done. Health education given. DISEASE OUTBREAKS OF PREVIOUS WEEKS REPORTED LATE Unique ID. Name of State/UT Name of District Disease/ Illness No. of Cases No. of Deaths Date of Start Outbreak Current Status Comments/ Action Taken"
Karnataka,Chamarajanagar a,Chickenpox,31,0,21-01-19,,Under Surveillance,"Cases reported from Kristharaja School, Hanuru, PHC/CHC Hanuru, Taluk Kollegal. District RRT investigated the outbreak. Active search of cases done. 4 blood samples sent to MMC, Mysore were positive for chickenpox (IgM ELISA).All cases were below 10yrs of age. All children treated symptomatically and sensitized regarding personal hygiene and home isolation."
Kerala,Wayanad,Food Poisoning,55,0,28-01-19,,Under Surveillance,"Cases reported from Village/SC/PHC Valad, Block Manathavady. District RRT investigated the outbreak. House to house survey done. Cases consumed food (chicken biryani) in a marriage ceremony. Cases presented symptoms with loose motion and vomiting. Cases were treated symptomatically. ORS packets were distributed in the affected area. Health education given."
Tamil Nadu,Karur,Leptospirosis?,40,0,23-01-19,,Under Surveillance,"Cases reported from Village/SC Chinnamalaipatty, PHC Sengal, Block Krishnarayapuram. District RRT investigated the outbreak. House to house survey done. Out of 8 serum samples collected and sent to DPHL Karur, 1 sample was positive for Leptospirosis (IgM ELISA). All cases treated symptomatically. Health education given. 1262997/2019/O/O NCDC 327 9 | P a g e FOLLOW-UP DISEASE OUTBREAKS OF PREVIOUS WEEKS Unique ID. Name of State/UT Name of District Disease/ Illness No. of Cases No. of Deaths Date of Start Outbreak Current Status Comments/ Action Taken"
Bihar,West Champaran (Bettiah),Measles,245,7,15-12-18,,Under Surveillance,"A total of 25 cases of fever with rash, cough coryza, conjunctivitis reported from Village Jogapatti, PHC Jogapatti, APHC Nawalpur in 2nd week (week ending 13th 01-01-19). Further a total of 220 cases and 7 deaths were reported. District RRT investigated the outbreak. House to house survey done. Affected children were less than 15yrs of age. 7 deaths occurred in 4 female and 4 male children. All the deaths occurred in children’s less than 7yrs of age group. Out of 5 blood samples collected and sent to Microbiology Department, PMCH Patna; 3 samples was positive for Measles (IgM ELISA). All children were unimmunized for measles vaccine. All cases treated symptomatically. Health education given regarding isolation of cases and personal hygiene. 1262997/2019/O/O NCDC 328"
Andhra Pradesh,Visakhapatnam,Food Poisoning,30,0,13-02-19,15-02-19,Under Surveillance,"Cases reported from Village Rajastan Palace Hotel, Allipuram GVMC area, Visakhapatnam. District RRT investigated the outbreak. House to house survey done. On 13.02.2019, in Lunch students were served Rice, Fish, Dall and Curry. IEC on personal hygiene and hand wash. Water samples collected from the site and sent to the Regional Public Health Laboratory, Visakhapatnam on 14.02.2019 for analysis."
Bihar,Rohtas,Measles,56,0,14-02-19,15-02-19,Under Surveillance,"Cases reported from Village Lohra middle school Lohra, Nouhatta. District RRT investigated the outbreak. House to house survey done. Students of the school developed fever followed by rashes by maculopapular rashes. Local RRT visited the School and PHC. Treatment was given. 5 Serum sample sent to Micro Dept. PMCH all found negative for chicken pox and 2 found positive for Measles by IgM ELISA . Health camp organized in the school and all cases treated symptomatically. Health education given."
Jharkhand,East Singhbhum,Chickenpox,46,0,13-02-19,16-02-19,Under Surveillance,"Cases reported from Village Chakdoha, HSC Banke, Block Ghatshila, East Singhbhum, Jharkhand. District RRT investigated the outbreak. House to house survey done. Cases presented with fever, cough and coryza with macula papulo-vesicular rash. DRRT investigated the outbreak and visited the affected area. Proper instructions were given regarding the hygiene maintenance and sanitation. IEC & BCC were done. 7 Blood Serum Samples collected and sent to RIMS Ranchi and all found positive for chicken pox by IgM ELISA. All cases treated symptomatically. 1266887/2019/O/O IDSP-NCDC 331 4 | P a g e"
Jammu And Kashmir,Badgam,Viral Hepatitis A,23,0,15-02-19,16-02-19,Under Surveillance,"Cases reported from Village Shopilian, PHC- Poshkar, Block Khag. District RRT investigated the outbreak. House to house survey done. RRT visited the area. All the affected were in the age group of 8 to 18yrs. All cases treated. 9 blood samples and 3 water samples were taken and sent to PHL Barazulla and 05 found positive for Hepatitis A by Ig M ELISA."
Karnataka,Chikkamagaluru,Food Poisoning,17,0,13-02-19,13-02-19,Under Control,"Cases reported from Village BCM girls hostel, Sirvase, PHC/CHC Sirvase, Taluk Chikkamagaluru. District RRT investigated the outbreak. 2 stool samples and 2 blood samples were sent to DSU Chikkamagaluru, stool samples tested negative for cholera and blood samples tested negative for Viral hepatitis A and E and Typhoid. Primary treatment given to all the cases at Sirvase PHC and referred to District hospital Chikkamagaluru for further treatment. Health education given."
Karnataka,Gadag,Chickenpox,19,0,11-02-19,12-02-19,Under Control,"Cases reported from Village Devihal Tanda, PHC/CHC Bellatti, Taluk Shirahatti. District RRT investigated the outbreak. House to house survey done. RRT visited the affected area. 1 serum sample sent to MMCRI Mysore, result awaited. Symptomatic treatment is given, IEC activities in the community. Identification and isolation of cases. Health camp organized in the school and all cases treated symptomatically."
Karnataka,Gadag,Chickenpox,34,0,11-02-19,12-02-19,Under Control,"Cases reported from Village Gadgoli, PHC/CHC Holealur, Taluk Ron. District RRT investigated the outbreak. House to house survey done. RRT visited the affected area. Symptomatic treatment given, IEC activities in the community. Identification and isolation of cases. Health camp organized in the school and all cases treated symptomatically. 1266887/2019/O/O IDSP-NCDC 332 5 | P a g e"
Karnataka,Gadag,Chickenpox,49,0,11-02-19,12-02-19,Under Control,"Cases reported from Village Adavi somapur, PHC/CHC betageri rural, Taluik Gadag. District RRT investigated the outbreak. House to house survey done. RRT visited the affected area. 2 serum samples sent to MMCRI Mysore, result awaited. Symptomatic treatment is given, IEC activities in the community. Identification and isolation of cases. Health camp organized in the school and all cases treated symptomatically."
Karnataka,Gadag,Chickenpox,19,0,11-02-19,12-02-19,Under Control,"Cases reported from Village Kanaginahal, PHC/CHC betageri rural, Taluk Gadag. District RRT investigated the outbreak. House to house survey done. RRT visited the affected area. Symptomatic treatment is given, IEC activities in the community. Identification and isolation of cases. Health camp organized in the school and all cases treated symptomatically."
Karnataka,Udupi,Dengue,8,0,11-02-19,16-02-19,Under Control,"Cases reported from Village Hoode, PHC/CHC Kemmannu, Taluk Udupi. District RRT investigated the outbreak. House to house survey done. 6 serum samples were collected and sent to for Dengue, Malaria, Chikungunya, Leptospirosis and Typhoid out of these samples 5 tested positive for Dengue by IgM ELISA. A fish factory in the vicinity was visited and mosquito breeding was found in the water tanks. Health education given and antilarval and anti mosquito activities initiated in the area."
Kerala,Ernakulam,Food Poisoning,57,0,14-02-19,18-02-19,Under Surveillance,"Cases reported from St Joseph School, Village Kidangur, PHC Thuravur, Block Angamaly. District RRT investigated the outbreak. Students had chikcken and rice in mid day meal of the school. 2 Water sample was collected from well water and bore well and send to Public health lab Ernakulam, result awaited. Health camp organized in the school and all cases treated symptomatically. Health education given. 1266887/2019/O/O IDSP-NCDC 333 6 | P a g e"
Kerala,Pathanamthitta,Acute Diarrheal Disease,6,0,13-02-19,13-02-19,Under Surveillance,"Cases reported from Village Pramadom, HSC Lakhoor, PHC Pramadom, Block Konny. District RRT investigated the outbreak. House to house survey done. 2 Stool samples collected and send to State Public Health lab for cholera and shigellosis, result awaited. District RRT investigated the outbreak. Water samples taken for bacteriological and chemical analysis (results awaited). Super chlorination of well done in the area. Health education regarding personal and environmental hygiene, control of water borne diseases and other communicable diseases given."
Punjab,SAS Nagar,Acute Diarrheal Disease,8,0,12-02-19,12-02-19,Under Surveillance,Cases reported from Global Academy Phase 5 Mohali. District RRT investigated the outbreak. House to house survey done. 03 water samples and 01 stool sample collected. Health team visited the affected area. All patients are residing in same hostel. No history of consumption of food from outside. No travel history. Health education given. Pamphlets on water borne diseases distributed.
Tamil Nadu,Salem,Mumps,8,0,16-02-19,18-02-19,Under Surveillance,"Cases reported from Village Ayarpadi, Kattukottai, HSC/PHC Kattukottai, Block Thalaivasal. District RRT investigated the outbreak. House to house survey done. All the affected wer in the age grouop of 5-10 years. All cases treated symptomatically. Isolation of cases done Health education given."
Tamil Nadu,Madurai,Acute Diarrheal Disease,41,0,14-02-9,16-02-19,Under Surveillance,"Cases reported from Village Soorakundu, HSC Kallampatti, PHC Therkutheru, Block Melur. District RRT investigated the outbreak. House to house survey done. 9 water samples and 4 stool samples sent to DPHL Madurai Result awaited. Medical Team camp conducted. Checked for pipe line leakages. Water supplying through lorry water was chlorinated. OHT cleaning and chlorination done. Area under surveillance."
Tamil Nadu,Virudhunagar- Sivakasi,Chickenpox,21,0,14-02-19,16-02-19,Under Surveillance,"Cases reported from Village Zaminsalwarpatti, HSC Mudhalipatti, PHC Naranapuram, Block M.Pudhupatti. District RRT investigated the outbreak. House to house survey done. All the Identified cases are isolated and treated. Medical team deployed for further monitoring. All cases treated symptomatically. Health education given. 1266887/2019/O/O IDSP-NCDC 334 7 | P a g e"
Tamil Nadu,Thanjavur,Food Poisoning,15,0,15-02-19,18-02-19,Under Surveillance,"Cases reported from Village/HSC Pillaiyarpatti, PHC/Block Vallam. District RRT investigated the outbreak. House to house survey done. 8 water samples sent to DPHL Thanjavur Result awaited. Health education given to the Students, Cook & food handlers. Health camp organized in the school and all cases treated symptomatically. DISEASE OUTBREAKS OF PREVIOUS WEEKS REPORTED LATE Unique ID. Name of State/UT Name of District Disease/ Illness No. of Cases No. of Deaths Date of Start Outbreak Current Status Comments/ Action Taken"
Gujarat,Narmada,Measles,5,0,29-01-19,,Under Surveillance,"Cases reported from Village Gurudeshwar ahsram shala, PHC Nava vaghpur, Block Gurudeshwar. District RRT investigated the outbreak. House to house survey done. 5 serum sample taken & Sent to BJMC Ahmedabad, result awaited. RRT visited the area. House to house survey done. Daily monitoring started. Health education given. All cases treated symptomatically."
Goa,North Goa,Acute Diarrheal Disease (Rota virus),19,0,06-02-19,,Under Surveillance,"Cases reported from Village Dabem Under CHC Valpoi. District RRT investigated the outbreak. House to house survey done. Two stool samples taken and sent to environmental and pollution control laboratory, Panaji and both samples found positive for Rota Virus. 6 Water Samples collected and sent to same laboratory and found potable. Awareness on Acute Diarrhea Disease, its prevention and treatment was given. Pamphlets distributed. ORS and Zinc tablets distributed. House visits conducted. All cases treated symptomatically."
Kerala,Trivandrum,Chickenpox,7,0,04-01-19,,Under Surveillance,Cases reported from Vikas Bhavan Fisheries Department in Corporation area. District RRT investigated the outbreak. RRT Investigated. All patients treated. Health education given and advised isolation. 1266887/2019/O/O IDSP-NCDC 335 8 | P a g e
Kerala,Kottayam,Hepatitis A,43,0,16-12-18,,Under Surveillance,"Cases reported from inmates of Amala Hostel, Village Ward IV, HSC/PHC PP Unit Chanaganaseri , Block Chanaganaseri Municipality. District RRT investigated the outbreak. House to house survey done. Water samples collected from Well and Water Purifier and sent to Lab Chanaganseri for Bacteriological Analysis and found nonpotable. 2 blood sample collected and sent to GH Kottayam and positive for Hepatitis A by IgM ELISA. Super Chlorination of wells done in the area. Health education given."
Meghalaya,West Garo Hills,Acute Diarrheal Disease,14,0,06-02-19,,Under Surveillance,"Cases reported from Village Durabanda, PHC Darengere, Block Gambigre. District RRT investigated the outbreak. House to house survey done. Cases reported from Durabanda village, Darengre PHC under Gambigre Block. District RRT investigated the outbreak. All cases treated symptomatically. ORS distributed to the affected children. Health education given on hand hygiene, safe drinking water and preparation or ORS."
Meghalaya,East Khasi Hills,Acute Diarrheal Disease (Rota virus),54,0,04-02-19,,Under Surveillance,"Cases reported from Village Pynursla, Block Pynursla. District RRT investigated the outbreak. House to house survey done. District RRT investigated the outbreak. Affected children were below 5 years of age. Stool samples were collected and sent to ICMR, Dibrugarh, found positive for Rota virus. All cases treated symptomatically. Health education given.."
Odisha,Koraput Suspected viral,Hepatitis,20,0,27-01-19,,Under Surveillance,"Cases reported from Village Pujariput, Rana Sahi, Santi Nagar, Goutam Nagar, Biswal Colony, Mali Sahi, Block Koraput. District RRT investigated the outbreak. House to house survey done. 19 no’s of Blood samples & 16 no.s of water samples collected. Results awaited. Chlorination of water source done. Pipe water for Chlorination tested to be 0.1 PPM by OT test. All cases treated symptomatically. Health education given. 1266887/2019/O/O IDSP-NCDC 336"
Assam,Nagaon,Measles,14,0,22-02-19,22-02-19,Under Control,"Cases of fever with rash reported from Villages Meleka Dhing, Baralimari No-1, SC Meleka Dhing, Baralimari, Balikatia SD, BPHC Dagaon. District RRT investigated the outbreak. House to house survey done. Affected children were below 5yr of age. 4 blood samples collected and sent to GMCH, Virology Dept, Guwahati (WHO Accredited Lab); result awaited. Vitamin A supplementation provided to the affected children. All cases treated symptomatically. Health education given regarding personal hygiene and isolation of cases done."
Assam,Tinsukia,Food Poisoning,44,0,18-02-19,18-02-19,Under Control,"Cases reported from Keseruguri L.P. School, SC Kordoiguri, BPHC Hapjan. District RRT investigated the outbreak. House to house survey done. All cases consumed food (rice and egg curry in tomato gravy) in a Mid-day meal and presented vomiting and loose motion. 2 water samples collected were non potable for drinking. Food samples (rice, dal, salt and mustard oil) were collected and sent to State Public Health Laboratory Guwahati; result awaited. Health camp organized in the school and all cases treated symptomatically. Health education given regarding food hygiene and sanitation"
Bihar,Muzaffarpur,Chickenpox,15,0,19-02-19,23-02-19,Under Control,"Cases reported from Village Jeeyan Khurd, SC Jeeyan, PHC/Block Marwan. District RRT investigated the outbreak. House to house survey done. All cases treated symptomatically. Health education given regarding home isolation and personal hygiene."
Gujarat,Panchmahal,Measles,8,0,21-02-19,21-02-19,Under Control,"Cases reported from urban area Satpul Patelvada, UHC Patelvada, Block Godhra. District RRT investigated the outbreak. House to house survey done. 05 serum samples collected and sent to BJMC, Ahmedabad; 4 samples were positive for Measles (IgM ELISA). Vitamin A supplementation given to all cases. All cases treated symptomatically. Health education given. 1269034/2019/O/O IDSP-NCDC 339 4 | P a g e"
Gujarat,Rajkot,CCHF,1,1,12-02-19,22-02-19,Under Control,"Cases of fever with myalgia, diarrhea reported from Village Mungavavdi, SC Daliya, PHC Moviya, Taluk Gondal. District RRT investigated the outbreak. House to house survey done. Out of 2 serum samples collected and sent to NIV Pune; 1 blood sample was positive for CCHF (IgM ELISA) and the other blood sample collected was positive for CCHF (RT- PCR). Indoor residual spray with 5% alphacypermethrin was sprayed in the affected households. 12 closed contacts were traced and monitored on a daily basis. All cases treated symptomatically. Health education given."
Karnataka,Belagavi,Acute Diarrheal Disease,37,0,22-02-19,22-02-19,Under Control,"Cases reported from Village Maradinagalapur, PHC/CHC Tigadi, Taluk Bailahongala. District RRT investigated the outbreak. House to house survey done. 3 stool samples sent to DPHL Belagavi; result awaited. All cases treated at CHC Hirebagewadi. Health education given regarding personal hygiene and sanitation."
Karnataka,Chickaballapura,Food Poisoning,50,0,18-02-19,19-02-19,Under Control,"Cases reported from Navodaya School, Yenagadale, PHC/CHC Burudugunte, Taluk Chintamani. District RRT investigated the outbreak. House to house survey done. Stool and water samples collected sent to lab result awaited. Health camp organized in the school and all cases treated symptomatically. Health education given."
Karnataka,Dakshina Kannada,Acute Diarrheal Disease,13,0,18-02-19,21-02-19,Under Control,"Cases reported from Mangalore Urban, PHC/CHC Shakthinagar, Taluk Mangalore. District RRT investigated the outbreak. House to house survey done. All 2 water samples collected and sent to DPHL Mangalore were non potable for drinking purposes. All cases treated symptomatically. Health education given regarding personal hygiene and sanitation."
Karnataka,Uttara Kannada,Food Poisoning,41,0,17-02-19,21-02-19,Under Control,"Cases reported from Village/PHC/CHC Shirali, Taluk Bhatkal. District RRT investigated the outbreak. Active search of cases done. All cases consumed food (mussel) in a social ceremony. Mussel samples were collected and sent to Marine college Mangalore; result awaited. All cases treated symptomatically. Health education given regarding food hygiene. 1269034/2019/O/O IDSP-NCDC 340 5 | P a g e"
Madhya Pradesh,Betul,Food Poisoning,67,0,23-02-19,23-02-19,Under Control,"Cases reported from Village/SC/SHC Barrai, PHC Multai, Block Multai. District RRT investigated the outbreak. House to house survey done. All cases consumed food in a marriage ceremony and presented symptom with loose motion and abdominal pain. All cases treated symptomatically. Health education given regarding food hygiene."
Odisha,Keonjhar,Food Poisoning,23,0,21-02-19,22-02-19,Under Control,"Cases reported from Village Saraskola, Jhinjinali, SC Saraskola. CHC/Block Patna. District RRT investigated the outbreak. House to house survey done. All cases consumed food in a marriage ceremony. 04 rectal swab and 01 water samples collected; result awaited. ORS packets were distributed in the affected area. All cases treated symptomatically. Health education given regarding food hygiene and sanitation."
Punjab,Hoshiarpur,Mumps?,13,0,20-02-19,20-02-19,Under Surveillance,"Cases reported from Village Ibrahimpur, SC Bhagwanipur, PHC Possi Block Garhshankar. District RRT investigated the outbreak. House to house survey done. All the children were less than 15yr of age. All cases treated symptomatically. Health education regarding isolation of cases was imparted in the community."
Tamil Nadu,Karur,Chikungunya ?,12,0,23-02-19,24-02-19,Under Surveillance,"Cases reported from Village/SC/PHC Esanatham, Block Aravakurichi. District RRT investigated the outbreak. House to house survey done. 6 serum samples collected sent to DPHL Karur; result awaited. All cases treated symptomatically. Anti-larval activities were undertaken in the affected area. Health education given regarding personal protection measures."
Tamil Nadu,Thoothukudi,Acute Diarrheal Disease,34,0,15-02-19,24-02-19,Under Surveillance,"Cases reported from Villages Thenthiruperai, Manalmedu, Sivasubramaniyapuram, SC Kurukatoor, PHC Thenthiruperai, Block Alwarthirunagari. District RRT investigated the outbreak. House to house survey done. 5 rectal swabs and 12 water samples collected and sent to DPHL Kovilpatti; result awaited. All cases treated symptomatically. Health education given. 1269034/2019/O/O IDSP-NCDC 341 6 | P a g e"
Tamil Nadu,Salem,Chickenpox,11,0,21-02-19,24-02-19,Under Control,"Cases reported from urban area Semankoodal Colony, SC Ellayur, PHC Pagalpatti, Block Sarakapillaiyur. District RRT investigated the outbreak. House to house survey done. All cases treated symptomatically. Health education given."
Tamil Nadu,Ariyallur,Chikungunya ?,15,0,18-02-19,22-02-19,Under Control,"Cases reported from Village/HSC Paranam, PHC Kumizhiyam, Block Sendurai. District RRT investigated the outbreak. House to house survey done. 4 serum samples collected sent to DPHL Ariyallur; result awaited. Anti-larval activites work was carried out in the affected area. Indoor and outdoor fogging done. All cases treated symptomatically. Health education given."
Tamil Nadu,Ariyallur,Chickenpox,12,0,20-02-19,23-02-19,Under Control,"Cases reported from Village Ambapur, SC/PHC Vilangudi, Block Ariyalur. District RRT investigated the outbreak. House to house survey done. All cases treated symptomatically. Health education given."
Tamil Nadu,Erode,Chikungunya ?,22,0,17-02-19,19-02-19,Under Control,"Cases reported from Villages Thalavumalai, Nehrunagar, Ambedkar nagar, SC K.G.Valasu, PHC/Block Chennimalai. District RRT investigated the outbreak. House to house survey done. 7 serum samples collected sent to DPHL Erode: result awaited. Nilavembu kudineer distributed in the community. Fogging and source reduction activities were carried out in affected area. . Medical camp conducted. All cases treated symptomatically. Health education given."
Tamil Nadu,Cuddalore,Food Poisoning,36,0,18-02-19,19-02-19,Under Control,"Cases reported from Village Samupillai Nagar, PHC/Block Cuddalore. District RRT investigated the outbreak. Active search of cases done. All the cases consumed food and presented symptoms with loose motion and vomiting. 1 water samples, 4 stool samples were collected sent to DPHL Cuddalore; result awaited. ORS packets were distributed in the affected area. Health camp organized and all cases treated symptomatically. Health education given regarding food hygiene and sanitation. 1269034/2019/O/O IDSP-NCDC 342 7 | P a g e"
Tamil Nadu,Ramanathapura m,Food Poisoning,111,0,21-02-19,24-02-19,Under Surveillance,"Cases reported from Shridi Saibaba Temple Thelichathanallur, SC Kamuthakudi, PHC Pambur, Block Paramakudi. District RRT investigated the outbreak. House to house survey done. 3 food samples sent to Food Lab, Madurai and 2 Stool samples sent to DPHL Ramanathapuram; result awaited. All cases treated symptomatically. Health education given. Awareness campaign regarding personal hygiene and sanitation were imparted. Community was advised to drink boiled and cooled water for drinking purposes."
Telangana,Nirmal,Food Poisoning,155,0,18-02-19,19-02-19,Under Control,Cases reported from Village Bhainsa. District RRT investigated the outbreak. House to house survey done. All cases consumed food in a social ceremony and presented symptoms with loose motion and vomiting. Temporary medical camps were organized in the community. All cases treated symptomatically. Health education given regarding food hygiene and sanitation. 1269034/2019/O/O IDSP-NCDC 343
Andhra Pradesh,Visakhapatnam,Acute Diarrheal Disease,133,0,27-02-19,01-03-19,Under Surveillance,"Cases reported from Village Marrivalasa, SC Pathavalasa, PHC LV Palem K. Kotapadu Mandal. District RRT investigated the outbreak. House to house survey done. 10 Water samples collected from the site and sent to the Regional Public Health Laboratory, Visakhapatnam for analysis. 3 Stool samples sent to the Microbiology Department, AMC, and Visakhapatnam for testing, result awaited. Affected area is disinfected with the bleaching powder. Health education given. All cases treated symptomatically."
Assam,Barpeta,Food Poisoning,14,0,27-02-19,28-02-19,Under Surveillance,"Cases reported from Village Asraful Ul Um Hafiz o Arabic Madrasa, SC Khandakar Para, BPHC Nagaon, HI Bhella. District RRT investigated the outbreak. House to house survey done. All affected patient developed pain abdomen, vomiting, loose motion after consuming lunch on 26-02-2019, and also Dinner on the same day at Asraful Ul Um Hafiz o Arabic Madrasa. 02 water sample tested by H2S strip method and found satisfactory. Health camp organized in the school and all cases treated symptomatically. 4 | P a g e"
Assam,Goalpara,Food Poisoning,107,0,25-02-19,01-03-19,Under Surveillance,"Cases reported from Village Agia College Campus, SC/PHC/Block Agia. District RRT investigated the outbreak. House to house survey done. Cases having symptoms with Vomiting, Nausea, abdominal Pain & passage of loose watery stool, malaise, headache vertigo etc. All the cases are between 19 to 21 years of age. As per information from Principal of Agia college students consumed raw Grams (Kabli & Local) during a sports program. After 1 (one) hour of consumption, some of the students were feeling uneasy, nausea, vomiting etc. On the next day almost all the students were suffering from loose motion, vomiting, abdominal pain, headache, vertigo, malaise etc. 01 Drinking Water sample collected by DRRT, Goalpara for MPN test in DPHL, Goalpara. Results awaited. 4 nos of stool samples are collected by DRRT, Goalpara for Culture & sensitivity test in DPHL, Goalpara. Results awaited. Symptomatic treatment given through medical Team from Agia BPHC on 28th & 29th Feb, 2019 at college campus. 3 nos of cases have been admitted at Civil Hospital, Goalpara for further treatment. IEC done for personal hygiene."
Gujarat,Kheda,Measles,2,1,28-02-19,03-03-19,Under Surveillance,"Cases reported from Village/SC Kanipura, Vishwanagar Flat, UHC Haridas, Block Nadiad. District RRT investigated the outbreak. House to house survey done. 01 serum sample sent to BJMC Ahmedabad, result awaited. Symptomatic treatment & Vit-A Supplementation to all children.. Health education given."
Karnataka,Dharwad,Chickenpox,5,0,26-02-19,28-02-19,Under Surveillance,"Cases reported from Ward no-18, Gouligalli, Taluka Dharwad, UPHC Purohit Nagar. District RRT investigated the outbreak. House to house survey done. Clustering of suspected cases of chicken pox reported in children in the age group of 2- 17yrs. Cases presented with fever and rashes on face, trunk and extremities. 1 blood sample collected and found positive for Chicken pox by IgM ELISA. Symptomatic treatment and isolation done. 5 | P a g e"
Karnataka,Davangere,Food Poisoning,38,0,25-02-19,27-02-19,Under Surveillance,"Cases reported from Village Basavapatna, PHC/CHC Basavapattana, Taluk Channagiri. District RRT investigated the outbreak. House to house survey done. 02 Stool samples & 02 Water samples sent to DPHL Davangere; 2 Stool samples – negative for entero pathogens after 72hrs of aerobic incubations and both water samples found potable. Health camp organized in the school and all cases treated symptomatically. Health education given."
Karnataka,Chamarajanagar,Food poisoning,61,0,27-02-19,28-02-19,Under Control,"Cases reported from Village Honganuru, PHC/CHC Honganuru A, Honganuru B, Taluk Honganuru. District RRT investigated the outbreak. Cases had history of consumption of food in a marriage ceremony after which they developed loose stools and vomiting. All cases treated. Health education given."
Kerala,Alappuzha,Chickenpox,35,0,03-02-19,27-02-19,Under Control,"Cases reported from Village Santhi Bhavan Sarvodaya Trust Punnapra. HSC SMC, PHC Punnapra South, Block Ambalappuzha. District RRT investigated the outbreak. All affected were inmates of this center and were mentally and physically challenged. Acyclovir tab given to all cases and were isolated. Health camp organized in the school and all cases treated symptomatically."
Maharashtra,Kolhapur,Dengue,7,1,27-02-19,01-03-19,Under Surveillance,"Cases reported from Village Sita Colony (Dasara Chowk) and Subhash Nagar, Kolhapur Municipal Corporation. District RRT investigated the outbreak. House to house survey done. Entomological indices were HI-16.94, BI-22.03, CI.-12.14. 07 blood samples taken and found positive for Dengue by IgM ELISA at SSH, CPRH, Kolhapur. Health Education given. Personal protection and environmental management of mosquitoes. All cases treated symptomatically. Source reduction activities undertaken. Death details : 45 years old male died due to dengue 6 | P a g e"
Odisha,Cuttack,Viral Hepatitis A,17,0,25-02-19,26-02-19,Under Control,"Cases reported from Village Mahanadi Vihar, Sikharpur, Ward No-47/46 CMC, Cuttack. District RRT investigated the outbreak. House to house survey done. 07 Nos of Water samples collected and sent to SBPL and found non potable, 10 no of blood serum were collected and sent to Department of Microbiology SCB, MCH. And found positive for Hepatitis A Virus. District Epidemiologist along CMC health staff visits the affected area. IEC activities, distribution of ORS/Halazone done. All cases treated symptomatically. Health education given."
Odisha,Koraput,Food Poisoning,44,0,25-02-19,26-02-19,Under Control,Cases reported from Village/SC/GP Dumbaguda CHC/Block Dasamantpur. District RRT investigated the outbreak. House to house survey done. All cases presented with vomiting and diarrhea after consumption of food in a ceremony. 2 water samples were taken and found unfit. Food samples could not be taken. Health education given.
Odisha,Koraput,Food Poisoning,9,0,28-02-19,03-03-19,Under Control,"Cases reported from Village Ludhuriput, GP/Sc- Odiyapentha, Block/CHC Dasamantpur District RRT investigated the outbreak. House to house survey done. Water sample collected from stream water & three rectal swabs have been taken. 01 Rectal swab Ecoli was grown, Water sample no organism grown. Health camp organized in the school and all cases treated symptomatically. Health education given."
Odisha,Keonjhar,Food Poisoning,10,1,26-02-19,27-02-19,Under Control,"Cases reported from Village Nuagaon, SC Khireitangiri. CHC/Block Patna. District RRT investigated the outbreak. House to house survey done. Food Samples (Prepared Rice & Dal) and Water samples (02 no’s) collected from affected person’s house and nearest tube well. Paramedical staff of the area has been detailed to conduct surveillance activities at the Village. Health camp organized in the school and all cases treated symptomatically. Tube well water sample found not suitable for Human consumption. Health education given. 7 | P a g e"
Punjab,Gurdaspur,Suspected Mumps,8,0,27-02-19,27-02-19,Under Surveillance,"Cases reported from Village Simbli, CHC Kahnuwan. District RRT investigated the outbreak. House to house survey done. 05 Blood Smaples collected sent to Microbiology Lab, Civil Hospital Pathankot. Result awaited. School teachers are instructed to send the affected children on leave at least for 3-4 days. School staff and students are sensitized about the disease. House to house survey has been started in the village to locate more cases. All cases treated symptomatically. Health education given."
Tamil Nadu,Dharmapuri,Food Poisoning,41,0,27-02-19,28-02-19,Under Surveillance,"Cases reported from Village Vellolai Government High School, HSC Vetrayankottai, PHC Solaikottai, Block Dharmapuri. District RRT investigated the outbreak. House to house survey done. 1 Food sample sent to Forensic lab, Salem Result awaited. Discarded the remaining food safely. Health camp organized in the school and all cases treated symptomatically. Health education given."
Tamil Nadu,Madurai,Fever,46,0,26-02-19,27-02-19,Under Control,"Cases reported from Village/HSC/PHC T.Meenachipuram, Block Sedapatti. District RRT investigated the outbreak. House to house survey done. 5 Serum samples sent to DPHL Madurai Result awaited. House to House Survey of Fever Cases done. Checked for Pipe Line Leakages. OHT Cleaning & Chlorination done. IEC & IPC done. Fogging, Mass Cleaning & Disinfection done. Advised to drink boiled Water. Medical Team camp conducted. Disinfection of cattle sheds done. All Breeding sources destroyed. Fogging done. AL Work done. Nilavembu Kudineer distributed. 8 | P a g e"
Tamil Nadu,Madurai,Fever,21,0,26-02-19,27-02-19,Under Surveillance,"Cases reported from Village Veeralampatti, HSC S.Kottaipatti, PHC/Block Sedapatti. District RRT investigated the outbreak. House to house survey done. 1 water sample and 5 serum samples sent to DPHL Madurai Result awaited. House to House Survey of Fever Cases done. Checked for Pipe Line Leakages. OHT Cleaning & Chlorination done. IEC & IPC done. Fogging, Mass Cleaning & Disinfection done. Advised to drink boiled Water. Medical Team camp conducted. Disinfection of cattle sheds done. All Breeding sources destroyed. Fogging done. AL Work done. Nilavembu Kudineer distributed. Mass Cleaning done. Area under surveillance. All cases treated symptomatically. Health education given."
Telangana,Nalgonda,Dengue,59,0,26-02-19,03-03-19,Under Control,"Cases reported from Village Thunikinoothala Thanda, SC Nellikal, PHC Peddavoora. District RRT investigated the outbreak. House to house survey done. 12 Blood sera samples collected for Dengue and Chikungunya test, Samples sent to IPM Lab. Narayanaguda, Hyderabad 09 found positive for Dengue and 03 for Chikungunya. District Malaria Team Conducted fogging in entire village. Medical All cases treated symptomatically. Source reduction activities undertaken. Health education given."
West Bengal,Burdwan,Food Poisoning,127,0,06-03-19,06-03-19,Under Surveillance,"Cases reported from Village Purba Bardhaman/ Burdwan-1/Ramchandrapur/Chotobaloon. District RRT investigated the outbreak. House to house survey done. 3 rectal swabs have been collected and sent to BMC&H, and all found positive for Vibrio Parahaemolyticus. Block RRT members have visited the village and investigated the outbreak. Medical Camp organized in the village. Symptomatic treatments were given to cases. IEC has been done regarding safe food handling and maintenance of hygiene. Other students have been kept under surveillance. All cases treated symptomatically. Health education given. 9 | P a g e"
West Bengal,South Parganas,Food Poisoning,52,0,25-02-19,26-02-19,Under Control,"Cases reported from Village – Gaza, SC-Gaza, GP- Gaza Paoli, Block- Budge Budge-II. District RRT investigated the outbreak. House to house survey done. 4 stool samples (rectal swab) collected on 26.02.19 (Night) and sent to IPGME& R on 28.02.19, no Enteropathogen isolated. Food sample (Khichuri) collected and sent to PH Lab, Result awaited. Block RRT visited the affected area Active case search done. Medical camp organized. Anti Diarrheal medicine distributed. IEC done and health education imparted. Health camp organized in the school and all cases treated symptomatically. DISEASE OUTBREAKS OF PREVIOUS WEEKS REPORTED LATE Unique ID. Name of State/UT Name of District Disease/ Illness No. of Cases No. of Deaths Date of Start Outbreak Current Status Comments/ Action Taken"
Karnataka,Kerala Kollam,Chickenpox,15,0,20-02-19,,Under Surveillance,"Cases reported from Village Thrikkovilvattom, HSC Mylapore, PHC Thrikkovilvattom, SC/Block Mylapore / ward 19 / Travancore College of Nursing hostel. District RRT investigated the outbreak. Cases were reported in 2nd year BSc nursing students. All cases treated and isolated. 10 | P a g e"
Karnataka,Kerala Palakkad Suspected Viral,Hepatitis,45,0,18-02-19,,Under Surveillance,"Cases reported from MES international school, Village Pattambi Municipality, HSC Panthackal Parambu, Sankaramangalam, PHC Ongallur, Vilayur, Muthuthala, Kulukkallor, Block Koppam. District RRT investigated the outbreak. Cases had history of consumption of food in a school function. Samples from 3 water sources sent for bacteriological analysis to Regional Diagnostic Centre, District hospital Palakkad. 5 Blood serum samples for Viral Hepatitis by ELISA were taken, result awaited. District RRT visited the site. Super Chlorination done at all water sources in the school and also distributed chlorine tablet. Advised to drink boiled water, other IEC activities being continued. Information given to school authority for proper management of drinking water. All cases treated symptomatically. Health education given."
Karnataka,Odisha Sundargarh,Food Poisoning,15,0,22-02-19,,Under Control,"Cases reported from Village/GP Kudheikela, /SC Ulsurei School: Ulsurei Govt. Girls High School, Lahunipara, CHC/Block Lahunipara. District RRT investigated the outbreak. House to house survey done. 02 water sample & 02 stool samples collected & sent to DPHL, Sundargarh, 05 H2S test has been done. In 02 stool samples E coli was grown. Awareness among the school about hand washing, use of ORS, Personal Hygiene, group meeting done, Contact doses given. Health camp organized in the school and all cases treated symptomatically. Health education given."
Arunachal Pradesh,Lohit,Food Poisoning,6,3,02-03-19,04-03-19,Under Control,"Cases reported from Village Old Towam, Wakro Circle. District RRT investigated the outbreak. House to house survey done. All the cases consumed food (wild mushroom) and presented symptoms with vomiting and loose motion. All cases treated symptomatically. Health education given regarding food hygiene and sanitation."
Assam,Dima Hasao,Acute Diarrheal Disease,9,0,07-03-19,09-03-19,Under Control,"Cases reported from Village Tilla Basti, Songbung, Nomjang, PHC Mahur. District RRT investigated the outbreak. House to house survey done. All 3 water samples collected and sent to DPHL Dima Hasao were non potable for drinking purposes. All cases treated symptomatically. Health education given regarding personal hygiene and sanitation."
Bihar,Shekhpura,Measles?,9,0,05-03-19,08-03-19,Under Control,"Cases reported from Village Jainagar, PHC Chewara, Block Chewara. District RRT investigated the outbreak. House to house survey done. Affected children were in age group between 6-15yrs of age. Vitamin A supplementation given to all cases. All cases treated symptomatically. Health education given."
Chhattisgarh,Bijapur,Food Poisoning,58,0,04-03-19,06-03-19,Under Control,"Cases reported from Boys Residential School, Village Dugaiguda, PHC Awapalli, Block Usoor. District RRT investigated the outbreak. Active search of cases done. All cases consumed food (fish) and presented with symptoms with loose motion and vomiting. 4 water samples from bore well collected were non potable for drinking. Health camp organized in the school and all cases treated symptomatically. Health education given."
Dadra And Nagar Haveli,Dadra & Nagar Haveli,Chickenpox,9,0,04-03-19,04-03-19,Under Control,"Cases reported from Village Umarkui (Dungarpada), PHC Kilvani, Block Silvassa. District RRT investigated the outbreak. House to house survey done. All cases treated symptomatically. Health education given regarding isolation of cases. 4 | P a g e"
Himachal Pradesh,Kangra,Acute Diarrheal Disease,225,0,07-03-19,07-03-19,Under Control,"Cases reported from Village TCP Holta, Block Gopalpur. District RRT investigated the outbreak. House to house survey done. All 6 water samples collected and sent to MC Tanda for bacteriological examination were negative for enteropathogens. Chlorination of water sources done. All cases treated symptomatically. Health education regarding personal hygiene and sanitation given."
Himachal Pradesh,Mandi,Acute Diarrheal Disease,126,0,04-03-19,07-03-19,Under Control,"Cases reported from several villages Chamyar, Reffal, Barnog, Chakwali, Dharam Dwara, Madhog, SC Kutachi PHC Chamyar, Block Ratti. District RRT investigated the outbreak. House to house survey done. All 2 water samples collected and sent to DPHL Mandi for bacteriological examination; result awaited. ORS packets distributed in the community. Chlorination of water sources done in the affected areas. All cases treated symptomatically. Health education regarding personal hygiene and sanitation given."
Jharkhand,West Singhbhum,Food Poisoning,9,0,06-03-19,07-03-19,Under Control,"Cases reported from Village Nandpur, Tola-Daud SC Nandpur, Manoharpur Block West Singhbhum. District RRT investigated the outbreak. Active search of cases done. All the cases consumed food in a social ceremony and presented symptoms with vomiting and loose motion. 4 stool samples were collected and sent to DPHL Chaibasa; 1 sample showed growth of salmonella. All cases treated symptomatically. Health education given regarding food hygiene and sanitation."
Karnataka,Belagavi,Food Poisoning,22,0,08-03-19,10-03-19,Under Control,"Cases reported from Village Maradinagalapur, PHC Tigadi, Block Bailhongal. District RRT investigated the outbreak. Active search of cases done. All cases consumed stale food in a social ceremony (betrothal function) and presented symptoms with vomiting and abdominal pain. Out of 3 stool samples were collected and sent to BIMS, Belagavi, 2 samples showed growth of E.coli and 1 sample showed growth of commensals. All cases treated at Govt Hospital Bailahongal. Health education was given regarding personal hygiene and sanitation. 5 | P a g e"
Karnataka,Belagavi,Food Poisoning,24,0,10-03-19,10-03-19,Under Control,"Cases reported from Govt Higher Primary School, Village Devalapur, Block Bailhongal. District RRT investigated the outbreak. Active search of cases done. All cases consumed mid- day meal and presented symptoms with vomiting and abdominal pain. All cases treated at Govt Hospital Bailahongal. Health education was given regarding personal hygiene and sanitation."
Karnataka,Bagalkot,Food Poisoning,20,0,08-03-19,08-03-19,Under Control,"Cases reported from Higher Primary School, Bevoor, Taluk Bagalkot. District RRT investigated the outbreak. Active search of cases done. All cases consumed food in lunch and presented symptoms with vomiting and abdominal pain. 2 stool samples collected and sent to DPHL Davangere were negative for enteropathogens. 3 water samples collected were non potable for drinking purposes. All cases treated. Health education was given regarding personal hygiene and sanitation."
Kerala,Kollam,Measles,6,0,28-02-19,08-03-19,Under Control,"Cases reported from Village/SC Thevally, PHC Vadi Kollam Corporation. District RRT investigated the outbreak. House to house survey done. Out of 6 blood samples collected and sent to NIV Alleppey; 4 samples were positive for Measles (IgM ELISA). All cases treated symptomatically. Vitamin a supplementation provided to all cases. Health education given."
Madhya Pradesh,Dhaar,Food Poisoning,72,0,04-03-19,05-03-19,Under Surveillance,"Cases reported from Village Begeinda, Block Dhamnod. District RRT investigated the outbreak. Active search of cases done. All cases consumed food in social ceremony (Mahashivratri) and presented symptoms with vomiting and loose motion. All cases treated symptomatically. Health education was given regarding food hygiene and sanitation."
Tamil Nadu,Ramanathapura m,Chikungunya,19,0,05-03-19,10-03-19,Under Control,"Cases reported from Village Chithudaiyan, SC Pannanthai, PHC Sikkal, Block Kadaladi. District RRT investigated the outbreak. House to house survey done. 1 serum samples collected sent to DPHL Ramanthpurum; result awaited. All cases treated symptomatically. Anti-larval activities were undertaken in the affected area. Health education given regarding personal protection measures. 6 | P a g e"
Tamil Nadu,Erode,Chikungunya,31,0,03-03-19,10-03-19,Under Control,"Cases reported from Cyclone Refugees Camp Bhavanisagar, SC Doddampalayam, PHC P.Puliyampatti, Block Bhavanisagar. District RRT investigated the outbreak. House to house survey done. Out of 10 serum samples sent to DPHL Erode 2 samples were positive for Chikungunya and 1 sample was positive for Leptospirosis (IgM ELISA). All cases treated symptomatically. Anti-larval activities were undertaken in the affected area. Health education given regarding personal protection measures."
Telangana,Adilabad,Food Poisoning,16,0,09-03-19,09-03-19,Under Control,"Cases reported from Upper Primary School, Tantholi. District RRT investigated the outbreak. Active search of cases done. All cases consumed food and presented symptoms with vomiting and loose motion. All cases treated symptomatically. Health education was given regarding food hygiene and sanitation DISEASE OUTBREAKS OF PREVIOUS WEEKS REPORTED LATE Unique ID. Name of State/UT Name of District Disease/ Illness No. of Cases No. of Deaths Date of Start Outbreak Current Status Comments/ Action Taken"
Kerala,Trivandrum,Measles?,6,0,22-02-19,,Under Control,"Cases reported from Village Athiyanoor, Block Neyyatinkara. District RRT investigated the outbreak. House to house survey done. All cases treated symptomatically. Health education given. 7 | P a g e INCLUSION OF DISEASE OUTBREAKS OF PREVIOUS YEAR 2018 Unique ID. Name of State/UT Name of District Disease/ Illness No. of Cases No. of Deaths Date of Start Outbreak Current Status Comments/ Action Taken"
Kerala,Kozhikode,West Nile Virus,1,0,13-07-18,,Under Control,"A 24yr old female from Village Chelanur, PHC Puthiyappa, Puthur, Elathur presented symptoms with fever, altered sensorium, ptosis, seizure and was admitted on 13th 01-07-18 in Govt Medical College, Kozhikode. Serum and CSF samples were sent to NIV Pune. The PCR sample of CSF and serum were negative for Dengue, Chikungunya, Zika, JE and West Nile Virus. The serology of serum sample was positive for West Nile Virus (IgM ELISA). The case had multiple episode of epilepsy and CSF showed increased protein and low sugar indicating tuberculosis meningitis. Case was treated with anti TB drug. The Zonal Entomology Team carried out vector survey; fogging activities were undertaken along with larvicidal spraying in the affected area. Integrated Vector Management activities were carried out in the affected area."
Assam,Dhemaji,Food Poisoning,33,0,13-03-19,14-03-19,Under Surveillance,"Cases reported from Village Manikpur, SC Simen Chapori, PHC Simen Chapori, BPHC Jonai. District RRT investigated the outbreak. The cases had history of consuming breakfast in a gathering after which they developed headache, vertigo and loose stools. 4 food samples were taken and sent to State Public Health Laboratory, result awaited. 2 water samples were also collected sent to PHE Dhemaji, result awaited. All cases treated. Health education given."
Assam,Jorhat,Acute Diarrheal Disease,35,0,11-03-19,18-03-19,Under Surveillance,"Cases reported from Village Kakojan, BPHC Fesual SC Boidiha TE 1 no. line, 3 no. line. Field line and maj line. District RRT investigated the outbreak. All the affected were tea garden estate workers living in unhygienic conditions. Pond water was used for drinking. 3 stool samples collected and sent to Department of Microbiology JMCH, result awaited. Health education given. Area under regular surveillance."
Assam,Karimganj,Suspected Diphtheria,1,0,15-03-19,15-03-19,Under Control,"Cases reported from Village Gugrakuna, SC Bagarsangon, BPHC Girishganj. District RRT investigated the outbreak. House to house survey done. Patient had chills, fatigue sore throat, hoarseness, cough, headache, difficulty swallowing, painful swallowing, difficulty breathing, and rapid breathing. Throat sample taken and found negative for C. Diphtheria. Investigation done by DSU with other members of Girishganj BPHC and survey the locality with health worker for any suspect case. All cases treated symptomatically. Health education given."
Assam,Lakhimpur,Food Poisoning,9,0,13-03-19,14-03-19,Under Surveillance,"Cases reported from Village Arkeb bali, SC Modergur, BPHC Dhakuakhana. District RRT investigated the outbreak. House to house survey done. All the cases had history of consuming pork meat in a marriage ceremony. All cases treated. One water sample taken and sent to DPHL Lakhimpur, result awaited. IEC done regading safe drinking water, personal hygiene and cleanliness. Health camp organized in the school. 4 | P a g e"
Bihar,Jahanabad,Suspected Measles,16,0,12-03-19,16-03-19,Under Surveillance,"Cases reported from Village North & South Tola, Block Okari, Okari, Moh. District RRT investigated the outbreak. House to house survey done. Cases presented with fever, maculo papulo rash, coryza & conjunctivitis. Majority of the affected were between 5-10 years of age. 09 blood samples collected and sent to PMCH, Patna, all samples non reactive for IgM anti VCZ antibody. Medical team including District Epidemiologist and RRT visited the affected area. Awareness regarding hygiene, sanitation and isolation of patient lessoning with ANM. All cases treated symptomatically. Health education given. Emphasis was given to improve routine immunization and vitamin A supplementation."
Bihar,Muzaffarpur,Chickenpox,14,0,15-03-19,18-03-19,Under Surveillance,"Cases reported from Village Mahant Maniyar, Harishankar Maniyari, HSC Harishankar Maniyar, PHC/Block Kudhani. District RRT investigated the outbreak. House to house survey done. Symptoms of red eyes, Maculo papular eruption on body reported by cases. Majority of them belonged to low socio-economic condition, poor sanitary conditions found. All cases treated symptomatically. Health education given."
Chhattisgarh,Bijapur,Food Poisoning,12,0,11-03-19,13-03-19,Under Control,"Cases reported from Village Cheramangi, PHC Awapalli, Block Usoor District RRT investigated the outbreak. House to house survey done. Health education given."
Chhattisgarh,Bijapur,Food Poisoning,7,0,11-03-19,13-03-19,Under Control,"Cases reported from Village Cherpal (Kotwarpara), PHC Cherpal, Block Bijapur. District RRT investigated the outbreak. House to house survey done. Health team visited the place and given instruction to cook food properly and before cooking ensures proper washing of food items. Health camp organized and all cases treated symptomatically. Health education given."
Chhattisgarh,Bilaspur,Chickenpox,30,1,11-03-19,19-03-19,Under Surveillance,"Cases reported from Village Mangla, Sector- Sardha, Dev Kirari, Sector- Bilha, Pausari, Sector- Dagori, Block Bilha. District RRT investigated the outbreak. House to house survey done. All the affected were under 10 years of age. Health camps were organized, Medicine was given to all cases. Health education given. 5 | P a g e"
Chhattisgarh,Mahasamund,Chickenpox,9,0,14-03-19,15-03-19,Under Surveillance,"Cases reported from Village Mudpahar, SC Semaliya, PHC Baloda, CHC Saraipali. Cases presented with fever and maculopapular rash. 04 blood Sample collected result awaited. Health Camp organized. IEC activity by Health Worker and Medical Officer done. All cases treated symptomatically."
Chhattisgarh,Rajnandgaon,Acute Diarrheal Disease,13,0,14-03-19,18-03-19,Under Control,"Cases reported from Ward no 4, Khairgarh. District RRT investigated the outbreak. House to house survey done. All cases treated. Health education given."
Gujarat,Mahesana,Chickenpox,13,0,12-03-19,12-03-19,Under Control,"Cases reported from Village/SC Lachhadi, PHC Kharvada, Block Vijapur. District RRT investigated the outbreak. House to house survey done. Cases presented with fever and maculopapular rash. Health education given."
Jharkhand,East Singhbhum,Food Poisoning,12,0,16-03-19,19-03-19,Under Control,"Cases reported from Village Bhuiyansinan, HSC Pagda, Block Patamda. District RRT investigated the outbreak. House to house survey done. Cases had history of consumption of food in a marriage ceremony before onset of symptoms. Food items consumed were chicken, mix dal, mix veg and rice. All cases treated. Health education given."
Karnataka,Ballari,Food Poisoning,35,0,16-03-19,16-03-19,Under Control,"Cases reported from Village Ganagotri Residential School, Talur Road, Ballari Urban, UPHC: Devi Nagar. District RRT investigated the outbreak. Students consumed food provided in the school and possibly poha rice consumed by the children was contaminated and same was collected for testing and sent to Regional Food Laboratory, Kalburgi Region, result awaited. 02 Water Sample was also collected, tested at DSL Ballari and found safe for consumption. Health education given to the school kitchen staff, to maintain hygienic conditions in the kitchen and food store room. Health camp organized in the school and all cases treated symptomatically. 6 | P a g e"
Karnataka,Chitradurga,Mumps,11,0,15-03-19,16-03-19,Under Control,"Cases reported from Village Neelayanahatti, PHC/CHC Kyasapura, Taluk Chitradurga. District RRT investigated the outbreak. House to house survey done. Most of the affected were from school and anganwadi children. An outbreak was also reported from the same area 4 weeks ago. All the affected were belonging to poor socioeconomic status with poor sanitation facilities. 3 saliva samples taken and sent to MCVR Manipal, 2 found positive for Mumps. Health education given to school teachers."
Karnataka,Hassan,Chikungunya,15,0,16-03-19,16-03-19,Under Surveillance,"Cases reported from Village Veerapura, PHC/CHC Hoovinahalli kavalu, Taluk Hassan. District RRT investigated the outbreak. House to house survey done. 4 blood samples were taken for Dengue, Chikungunya and Typhoid testing and one water sample for Bacteriological analysis, 3 blood samples found positive for Chikungunya and were tested at SSL Hassan. All cases treated symptomatically. Health education given."
Karnataka,Tumkur,Food Poisoning,43,0,11-03-19,11-03-19,Under Surveillance,"Cases reported from Village/SC Ramanahalli Nagathihalli, PHC/CHC Honnavalli, Taluk Tiptur. District RRT investigated the outbreak. House to house survey done. Cases had history of consumption of food in a house function. All the affected were treated at PHC and General Hospital. 2 stool samples collected and tested at DPHL Tumkur were positive for Enteropathogenic E Coli. Health education given."
Karnataka,Tumkur,Chikungunya,49,0,11-03-19,15-03-19,Under Control,"Cases reported from Village Ajjenahalli, .PHC/CHC Shettikere, Taluk C N Halli. District RRT investigated the outbreak. House to house survey done. 2 blood sample tested at DPHL Tumkur and 1 found positive for Chikungunya. Larval and Fever survey is being carried out in the area. All cases are treated symptomatically. IEC activities regarding the disease & proper water storage methods, following weekly dry day concept has been given to all villagers. 7 | P a g e"
Karnataka,Yadgiri,Chikungunya,20,0,14-03-19,14-03-19,Under Control,"Cases reported from Village T.Wadigera, PHC/CHC Tadibi, Taluk Shahapur. District RRT investigated the outbreak. House to house survey done. 13 blood samples collected and sent to DPHL Yadgiri and all found positive for chikungunya. All cases treated symptomatically. Health education given."
Kerala,Pathanamthitta,Leptospirosis,3,1,14-03-19,14-03-19,Under Surveillance,"Cases reported from Village Kalanjoor, HSC Edathara, PHC Koodal, Block Enadimangalam. District RRT investigated the outbreak. House to house survey done.3 blood samples taken and sent to General Hospital, PTA and all tested positive. Water samples taken for bacteriological and chemical analysis (results awaited). Well chlorination done in the area. Health education regarding personal and environmental hygiene, control of water borne diseases and other communicable diseases given."
Kerala,Malappuram,Leishmaniosis,1,0,12-03-19,12-03-19,Under Surveillance,"Cases reported from Village Chungathara, HSC Pookkoottumanna, PHC/Block Chungathara. District RRT investigated the outbreak. House to house survey done. Bone marrow- LD Body, MCH Calicut. Intuitional level activities done and District RRT not visited. DVCU entrusted for vector study conducted and sand flies detected. All cases treated symptomatically. Health education given."
Kerala,Thiruvananthap uram,Measles,6,0,11-03-19,14-03-19,Under Surveillance,Cases reported from NIMS Nursing college among first year students. District RRT investigated the outbreak. All affected had history of attending a measles patient during their posting in hospital. All the affected students were given leave and advised to remain in isolation. MR vaccine given to the other students of hostel and class. 8 | P a g e
Odisha,Koraput,Acute Diarrheal Disease,7,0,11-03-19,18-03-19,Under Control,"Cases reported from Village Badabagri, G.PPHC. Dumbaguda, Block Dasmantpur. District RRT investigated the outbreak. House to house survey done. Cases had history of consuming food in a marriage ceremony previous night. 4 rectal swab samples of, 1 smear sample from suspected cutaneous anthrax and 4 water sample taken. 2 rectal samples positive for Kleibseilla, sample for anthrax found negative. All public health measures have been taken .District RRT & Block RRT visited the affected area. All cases treated symptomatically. Health education given."
Odisha,Koraput,Acute Diarrheal Disease,6,0,15-03-19,18-03-19,Under Control,Cases reported from Village Dumdumiguda SC Doraguda-A G.P Chandrapada CHC- Boiapriguda. District RRT investigated the outbreak. House to house survey done. 3 water samples collected and sent to DPHL Koraput and all found potable. Health education given. All cases treated. Chlorination of tank water done.
Odisha,Nayagarh,Food Poisoning,13,0,18-03-19,19-03-19,Under Control,"Cases reported from Village/SC Sampada, GP Maichheli, CHC Mahipur, Block Nuagaon. District RRT investigated the outbreak. House to house survey done. Cases had history of consuming food brought from a marriage function. 04 Water sample collected and tested through OT test and H2S Kit and all found nonpotable. Chlorination of all drinking water sources done. Halogen tablets were distributed."
Odisha,Subarnapur,Food Poisoning,42,0,15-03-19,16-03-19,Under Control,"Cases reported from Village Bankipali, Block Dunguripali. District RRT investigated the outbreak. House to house survey done. 03 water and 01 food sample collected, 02 water samples found nonpotable and food sample result awaited."
Odisha,Subarnapur,Food Poisoning (Caster Fruit),27,0,14-03-19,16-03-19,Under Control,"Cases reported from Village Sagartal, Block Tarava. District RRT investigated the outbreak. House to house survey done. All the affected were children. Health camp organized in the school and all cases treated symptomatically. Health education given. 9 | P a g e"
Punjab,Amritsar,Viral Hepatitis A,28,0,12-03-19,12-03-19,Under Surveillance,"Cases reported from Village Chappa Ram singh, PHC Manawala. District RRT investigated the outbreak. House to house survey done. 8 blood samples and 7 water samples sent to DPHL lab Amritsar, result awaited. Survey of the most affected area done. IEC activities being done, chlorine tablets distributed. All cases treated symptomatically. Health education given."
Punjab,Hoshiarpur,Cholera,98,0,13-03-19,13-03-19,Under Control,"Cases reported from Village Dandewal, Block Paldi, tehsil Garhshanker, Hoshiarpur. District RRT investigated the outbreak. House to house survey done. 15 Stool sample were collected. Result awaited. ORS Packets & Chlorine tablets distributed in affected area. All cases treated symptomatically. Health education given."
Punjab,Moga,Mumps,50,0,15-03-09,15-03-19,Under Control,"Cases reported from Village shekha khurd, Block Thathi Bhai. District RRT investigated the outbreak. All cases were from same school and presented with fever, pain and swelling in neck from 2-3 days. 15 blood samples collected. RRT visited the school. All cases treated. Health education given."
Rajasthan,Dausa,Food Poisoning Vomiting,13,0,11-03-19,13-03-19,Under Control,"Cases reported from Village Thumdi, Mahawaro ki Dhani, PHC Khawaravji, Block Dausa. District RRT investigated the outbreak. All the affected were from same family and between 5-10 years of age and had history of consuming same food. Symptoms occurred 30 minutes after consuming food. All cases treated. Health education given."
Rajasthan,Pali,Measles,4,0,12-03-19,13-03-19,Under Surveillance,"Cases reported from Baba Ramdev colony, Pali, city. District RRT investigated the outbreak. House to house survey done. Cases presented with fever, cough, coryza and conjunctivitis. 6 Blood serum samples were collected and sent to SMS Jaipur, result awaited. Investigation done by RRT. House to house survey of 205 houses done. Special immunization drive with Vit-A supplement was administered. All cases treated symptomatically. Health education given. 10 | P a g e"
Tamil Nadu,Karur Mixed,Fever,10,0,14-03-19,15-03-19,Under Surveillance,"Cases reported from Village Athiyamankottai, HSC Olapalayam, PHC Olapalayam, Block Karur. District RRT investigated the outbreak. House to house survey done. 5 serum samples sent to DPHL Karur of which 2 were found Chikungunya positive and 2 Dengue positive. Fever survey, Mass cleaning, Fogging, IEC done. All cases treated symptomatically. Health education given."
Tamil Nadu,Nagapattinam,Acute Diarrheal Disease,20,0,12-03-19,13-03-19,Under Control,"Cases reported from Village Thalainayar TP, HSC/PHC/Block Thalainayar. District RRT investigated the outbreak. House to house survey done. 1 water sample sent to DPHL, Nagappattinam and found nonpotable. All cases treated symptomatically. Health education given. Chlorination done."
Tamil Nadu,Nagapattinam,Acute Diarrheal Disease,146,0,12-03-19,13-03-19,Under Surveillance,"Cases reported from Village Vanduvancheri, HSC Thulasiapattinam, PHC Voimedu, Block Vedhranyam. District RRT investigated the outbreak. House to house survey done. 1 water sample sent to DPHL, Nagappattinam Result: awaited. Each and every houses sanitation and disinfectant done. OHT chlorination done. Health education given. All cases treated symptomatically. Health education given."
Tamil Nadu,Tiruvarur,Acute Diarrheal Disease,263,0,11-03-19,13-03-19,Under Control,"Cases reported from several Village and PHCs of Block Thiruthuraipoondi, Muthupettai. District RRT investigated the outbreak. House to house survey done. 4 Water Samples, Stool Samples, Blood Samples sent to DPHL Tiruvarur Result: Stool samples Negative for Salmonella, Shigella & Vibrio cholera. Due to water shortage in these areas people are consuming water from different unregulated water sources. All cases treated. All overhead tanks and water sources chlorinated."
Telangana,Hyderabad,Food Poisoning,61,0,14-03-19,17-03-19,Under Control,"Cases reported from Telangana Minority School, Shalibanda, UPHC Charminar, UHNC Jangammet, Hyderabad. District RRT investigated the outbreak. House to house survey done. Food Samples sent to IPM Hyderabad, result awaited. Medical camp is conducted. Health Education given about personal hygiene methods and about food safety Measures. 11 | P a g e"
Uttar Pradesh,Pratapgarh,Food Poisoning,12,0,17-03-19,18-03-19,Under Surveillance,"Cases reported from Village Itwa, SC Utras, PHC Kohror, Block Kohror. District RRT investigated the outbreak. House to house survey done. Block Epidemic & District RRT Team investigated the outbreak. House to House survey done. All cases treated symptomatically. Health education given regarding personal hygiene. Health camp organized in the school and all cases treated symptomatically. Health education given. DISEASE OUTBREAKS OF PREVIOUS WEEKS REPORTED LATE Unique ID. Name of State/UT Name of District Disease/ Illness No. of Cases No. of Deaths Date of Start Outbreak Current Status Comments/ Action Taken"
Arunachal Pradesh,Lohit,Chickenpox,5,0,07-03-19,,Under Control,Cases reported from Police Welfare L.P School Tezu. District RRT investigated the outbreak. All the affected from the same class.
Kerala,Malappuram,West Nile,1,1,17-02-19,,Under Surveillance,"Cases reported from Village A R Nagar, HSC Koduvayur, PHC A R Nagar, Block Vengara. District RRT investigated the outbreak. House to house survey done. A 6 year old boy was admitted with acute encephalitis and was tested positive for Anti – WNV IgM antibody – ELISA Positive, MCVR Manipal (08.03.2019) and JE IgM Negative. No WNV fever positive case was reported from the district in last 3 years. There was presence of lot of birds, pets and animals around the house of the deceased. 252 culex mosquito samples were tested for WNV transmission and were found negative by RT PCR done at NIV Pune, similar samples from Goat, Chicken and crow also tested negative. Patient expired due to complications ranging from cervical cord involvement, autonomic dysfunction and quadriparesis."
Kerala,Malappuram,Viral Hepatitis A,18,0,20-02-19,,Under Surveillance,"Cases reported from Village/PHC Wandoor, Block Wandoor. District RRT investigated the outbreak. All the cases were students in a school. One blood sample tested positive for Hepatitis A virus by IgM. One water sample was sent for bacteriological analysis to Microbiology lab, MCH Manjeri. 12 | P a g e"
Karnataka,Tumkur,Chickenpox,21,0,23-02-19,,Under Control,"Cases reported from Government Sr Primarh High School, Village Somlapura, PHC/CHC Shettikere, Taluk C N Halli. District RRT investigated the outbreak. House to house survey done. Isolation of active cases done. IEC activities regarding the disease & personal hygiene are given to all students and community. All the cases have taken treatment at PHC."
Assam,Cachar,Suspected Measles,4,0,19-03-19,19-03-19,Under Control,"Case reported from Village Ujjantarapur Nagapungi, SC UjjanTarapur, BPHC Harinagar. District RRT investigated the outbreak. House to house survey done. All cases belonged to one village and among them, two cases from one family. Blood Slide was collected and found negative for malaria by BPHC Medical team. Serum samples for measles was denied by the family members. Cases provided vitamin A and some necessary symptomatic treatments. Awareness done by health workers. Fever surveillance is going on."
Assam,Dhubri,AES/JE,5,0,20-03-19,22-03-19,Under Surveillance,"Cases reported from Village Ward no-4, Gouripur CHC under Dharmasala. District RRT investigated the outbreak. The affected area is a slum with very poor sanitary conditions and water stagnation. Pigs were present in the vicinity of houses. 5 nos. of serum sample was collected and sent for testing at DPHL, Dhubri. Lab result is awaited. All cases treated symptomatically. Health education given."
Assam,Sibsagar,Mushroom Poisoning,4,2,20-03-19,25-03-19,Under Surveillance,"Cases reported from Village Patsaku, SC, Holongbari gaon, BPHC Namtola. District RRT investigated the outbreak. All the affected were from same family and gave history of consuming wild mushrooms. After consuming they developed vomiting and diarrhea. All cases were referred to higher center for treatment. Two females aged 37 years and 4 years expired due to illness."
Assam,Tinsukia,Chickenpox,14,0,19-03-19,19-03-19,Under Surveillance,"Cases reported from Village 1 No. Tokowani, SC Tokowani, BPHC Hapjan. District RRT investigated the outbreak. All the cases belonged to 4 families and were located close to each other. Cases presented with fever, headache and vesicular eruption. Families were of low socio economic status. Health education given and isolation was advised. All the cases were treated. 4 | P a g e"
Gujarat,Jamnagar,Food Poisoning,140,0,22-03-19,22-03-19,Under Surveillance,"Cases reported from Village/SC Vagadiya, PHC Dhutarpur, Block Jamnagar. District RRT investigated the outbreak. House to house survey done. 2 water samples taken and sent to Jal Bhavan, Jamnagar, found safe for drinking; 4 food samples taken by F & D department, result awaited. IEC Done. All cases treated. Chorine tablets distributed to all households."
Gujarat,Narmada,Measles,4,0,18-03-19,18-03-19,Under Surveillance,"Cases reported from Village/SC Gajargota, PHC Soliya, Taluk Dediyapada. District RRT investigated the outbreak. House to house survey done. 4 Serum Sample for Measles sent to BJMC Ahmedabad, and 3 found positive by Ig M ELISA. Daily monitoring started to identify new cases. Health education given All cases treated symptomatically."
Jammu And Kashmir,Udhampur,Viral Hepatitis E,16,0,17-03-19,22-03-19,Under Surveillance,"Cases reported from Village Jig Ganshad, Block Chenani. District RRT investigated the outbreak. House to house survey done. 10 blood samples and 04 Water samples from water supply sources including Natural spring water, sent to the Department of Microbiology Govt. Medical College Jammu for testing. All 10 blood samples found positive for Hep E by IgM ELISA and all water samples found unfit for consumption. All cases treated symptomatically. Source reduction activities undertaken. Health education given."
Odisha,Gajapati,Food Poisoning,21,1,23-03-19,24-03-19,Under Control,"Cases reported from Tribal School, Village S.Maringi, Block Gosani. District RRT investigated the outbreak. In presence of Head Master Dry and Cooked Rice, Kandula Dal, Cabbage and water sample collected and sent to BBSR for Laboratory investigation, result awaited. Health service center comprising of health supervisors and health workers (M/F) & MHT staff have been set up in the affected area for 7 day. RDK and Slide Collection for 21 students and MAT for 10 students done. 5 | P a g e"
Puducherry,Yanam,Chickenpox,14,0,18-03-19,18-03-19,Under Surveillance,"Cases reported from Village Venkat nagar, Block Yanam; DT Yanam District RRT investigated the outbreak. House to house survey done. The affected children were students of class 4 & 5, they are kept under isolation. All of the affected children had history of full immunized for their age. All cases treated."
Tamil Nadu,Ramanathapura m,Chikungunya,25,0,18-03-19,22-03-19,Under Surveillance,"Cases reported from Village Virathakulam, HSC Achangulam, PHC Natham, Block Kamuthi. District RRT investigated the outbreak. House to house survey done. 4 serum samples sent to DPHL Ramanathapuram and all found positive for Chikungunya by IgM ELISA. People advised to tightly cover water containers to prevent mosquito breeding."
Telangana,Kumrambheem Asifabad,Food Poisoning,36,0,18-03-19,24-03-19,Under Control,"Cases reported from Tribal Ashram Girls High School, Village Asifabad 4th road, Mdl. District RRT investigated the outbreak. Water samples collected and sent to District Hospital, Asifabad. Report awaited. Health education given on personal hygiene and demonstration on hand washing methods. Chlorinated drinking water tank of the school and intimate the school staff to maintain safety measures at kitchen while preparing the food. Health camp organized in the school and all cases treated symptomatically. 6 | P a g e DISEASE OUTBREAKS OF PREVIOUS WEEKS REPORTED LATE Unique ID. Name of State/UT Name of District Disease/ Illness No. of Cases No. of Deaths Date of Start Outbreak Current Status Comments/ Action Taken"
Gujarat,Bhavnagar,CCHF,1,1,11-03-19,,Under Surveillance,"Cases reported from Village/SC Dharwala, PHC Ranghola, Block Umrala. District RRT investigated the outbreak. House to house survey done. 10 Serum samples taken sent to NIV Pune, 01 positive for CCHF. 28 Animal samples collected sent to NIV Pune, result awaited. 25 Tick sample taken and sent NIV Pune. MC RRT & DRRT visited affected area. All houses in the area were sprayed with insecticide and 133 animals were treated with insecticide spraying and treatment. Patient had history of tick bite 22 days prior to onset of illness and was also suffering from lung and kidney disease. He was farmer and had exposure to cattle and other animals."
Kerala,Thrissur,Viral Hepatitis A,11,0,28-01-19,,Under Control,"Cases reported from Village/HSC/PHC Panjal, Block Thiruvilwamala. District RRT investigated the outbreak. House to house survey done. 2 Serum taken and both found positive at DMO (H) Lab for Hepatitis A by IgM ELISA. All cases treated symptomatically. Super chlorination done. Health education given. Group talk conducted."
Kerala,Malappuram,Typhoid,19,0,06-03-19,,Under Surveillance,"Cases reported from Village Kuruva, HSC Pazhamalloor, PHC Pang, Block Mankada. District RRT investigated the outbreak. House to house survey done. Cases had history of consuming food in a marriage. 27 Lab samples collected and found positive by Widal test. 1 blood sample tested positive for Typhoid by culture and tested at MCH Manjeri. Mass chlorination conducted in the affected areas. 134 wells chlorinated. 1312 chlorine tablets distributed. Group talks and Health education class conducted. IEC materials supplied. All cases treated symptomatically."
Kerala,Malappuram,Viral Hepatitis A,44,1,30-01-19,,Under Surveillance,"Cases reported from Village Puzhakattiri. HSC Kadugapuram, PHC Puzhakattirir, Block Mankada. District RRT investigated the outbreak. House to house survey done. 7 Blood samples collected and 7 found positive for IgM Elisa at GMCH Manjeri. Two water samples were taken for laboratory test and both found unfit. All cases had history of consumption of food and drinks in two marriage function held close to each other. Chlorination done. Chlorine tablets distributed. Health education given. 7 | P a g e"
Kerala,Kozhikode,Viral Hepatitis A,25,0,26-02-19,,Under Surveillance,"Cases reported from Village Balusery, PHC Eramanagalam, Block Balusery. District RRT investigated the outbreak. Cases occurred amongst school students having a common source of drinking water. 25 blood samples were tested for raised liver enzymes and all samples had raised levels. 3 blood samples were positive for Anti HAV antibody by IgM ELISA. Super chlorination done."
Tamil Nadu,Trichy,Chikungunya,23,0,12-03-19,,Under Surveillance,"Cases reported from Village CKVI, HSC Ward 5, PHC T.V.Koil UPHC, Block Corporation. District RRT investigated the outbreak. House to house survey done. 8 serum samples sent to DPHL Trichy and 7 found Chikungunya positive. Indoor mosquito breeding found in refrigerators. Mass cleaning done. All cases treated symptomatically. Health education given."
Arunachal Pradesh,Tawang,Chickenpox,5,0,25-03-19,27-03-19,Under Control,Cases reported from Village Mahabodhi Center. District RRT investigated the outbreak. House to house survey done. Affected children were in the age group between 6-10yr. All cases treated symptomatically. Health education given regarding home isolation and personal hygiene.
Assam,Jorhat,Filariasis,1,0,25-03-19,27-03-19,Under Control,"Case reported from Jorhat Urban, R.B. Lane (Teliapati). District RRT investigated the outbreak. House to house survey done. The case is native from Muzzafarpur, Bihar but has been dwelling in Jorhat for past 25 years. The patient had a nodular swelling in ankle region of his right leg and was examined in Jorhat Medical College & Hospital and later was diagnosed as Lymphatic Filaria. Active search of cases done in the affected area. Awareness regarding vector borne diseases including Filaria was done in the affected area. Health education given."
Bihar,Siwan,Chickenpox,40,0,28-03-19,30-03-19,Under Control,"Cases reported from Village Atwa, SC Swetapur, APHC Sirisiya, Block Mairwa District RRT investigated the outbreak. House to house survey done. Symptomatic treatment and isolation of cases advised in the community."
Dadra And Nagar Haveli,Dadra & Nagar Haveli,Mumps?,8,0,28-03-19,28-03-19,Under Surveillance,"Cases reported from Village Ultan Faliya, Arvindbhai's Chowl, Block Silvassa. District RRT investigated the outbreak. House to house survey done. 4 blood samples collected and sent to NIV Pune; result awaited. All the children were less than 15yr of age. All cases treated symptomatically. Health education regarding isolation of cases was imparted in the community."
Gujarat,Banaskantha,Food Poisoning,94,0,28-03-19,28-03-19,Under Surveillance,"Cases reported from Village/SC Sonwadi, PHC Dhanpura,, Taluk Amirgadh. District RRT investigated the outbreak. All the cases consumed food Prasad (kheer) and presented symptoms with loose motion and vomiting. Health camp organized and all cases treated symptomatically. Health education given regarding food hygiene and sanitation. 4 | P a g e"
Gujarat,Botad,Viral Hepatitis E,16,0,30-03-19,31-03-19,Under Control,"Cases reported from Village/SC Targhara, PHC Bhadravadi, Block Botad. District RRT investigated the outbreak. House to house survey done. Pipe line leakages were observed in the community. Out of 5 serum samples collected and sent to DPHL Bhavnagar; 2 serum samples were positive for Hepatitis E (IgM ELISA). Pipe line leakages were repaired. Chlorination of water sourced done. Chlorine tablets distributed in the affected area. All cases treated symptomatically. Health education given regarding personal hygiene and sanitation."
Jharkhand,Chatra,Chickenpox,11,0,27-03-19,30-03-19,Under Control,"Cases reported from Village/SC Sima, CHC/ Block Chatra. District RRT investigated the outbreak. House to house survey done. 7 blood samples collected; result awaited. All cases treated symptomatically. Health education given regarding home isolation and personal hygiene."
Jharkhand,Dhanbad,Chickenpox,13,0,29-03-19,29-03-19,Under Control,"Cases reported from Village/SC Modidih, Ganja Patti. District RRT investigated the outbreak. House to house survey done. 5 serum samples collected and sent to Microbiology Department RIMS Ranchi were positive for varicella zoster virus (IgM ELISA). All cases treated symptomatically. Health education given regarding isolation of cases."
Jharkhand,Dumka,Chickenpox,9,0,29-03-19,29-03-19,Under Control,Cases reported from Village Budhudih and Pakurtala SC Tarni CHC Ranashwar Dumka Jharkhand. District RRT investigated the outbreak. House to house survey done. 4 serum samples collected and sent to Microbiology Department RIMS Ranchi were positive for varicella zoster virus (IgM ELISA). All cases treated symptomatically. Health education given regarding isolation of cases.
Jharkhand,Godda,Measles,11,0,25-03-19,26-03-19,Under Control,"Cases reported from Villages Poreyahat, Barmasia, Lusitand. District RRT investigated the outbreak. House to house survey done. Cases presented symptoms fever with maculopapular rashes. Out of 05 serum samples collected and sent to RIMS, Ranchi; 4 samples were positive for Measles (IgM ELISA). Vitamin A supplementation given to all cases. All cases treated symptomatically. Health education given. 5 | P a g e"
Jharkhand,Khunti,Chikungunya,23,0,25-03-19,26-03-19,Under Control,"Cases of fever with joint pain reported from Kasturba Gandhi Balika Vidyalaya, Murhu. District RRT investigated the outbreak. Active search of cases done. Out of 8 blood samples were collected and sent to RIMS Ranchi; 1 sample was positive for Chikungunya (IgM ELISA). Health camp organized in the school and all cases treated symptomatically. Anti- larval measures were carried out in the affected area. Health education given regarding personal protection measures."
Jammu And Kashmir,Srinagar,Food Poisoning,27,0,23-03-19,30-03-19,Under Surveillance,"Cases reported from NTPHC Miskeen bagh (orphanage), SC/PHC Khanyar, Block Gujar and. District RRT investigated the outbreak. Active search of cases done. All cases consumed food and presented symptoms with vomiting and loose motion. 2 water samples collected and sent to DPHL Srinagar; result awaited. Health camp organized in the school and all cases treated symptomatically. Health education given regarding food hygiene and sanitation."
Karnataka,Udupi,Food Poisoning,38,0,23-03-19,26-03-19,Under Control,"Cases reported from Village Hengavalli, PHC/CHC Belve, Taluk Kundapura. District RRT investigated the outbreak. House to house survey done. All cases consumed ice candy and presented symptoms with vomiting and loose motion. 12 stool samples were collected and sent to District Hospital Udupi; showed growth of Salmonella enteritis. All cases treated symptomatically. Health education given regarding personal hygiene and sanitation."
Maharashtra,Ratnagiri,Acute Diarrheal Disease,45,0,30-03-19,31-03-19,Under Control,"Cases reported from Village Solgaon, PHC Tal Rajapur. District RRT investigated the outbreak. House to house survey done. All 3 stool samples were collected and sent to DPHL Ratnagiri; were negative for enteropathogens. Chlorination of water sourced done. All cases treated symptomatically. Health education given regarding personal hygiene and sanitation. 6 | P a g e"
Madhya Pradesh,Dhaar,Food Poisoning,8,1,30-03-19,31-03-19,Under Control,Cases reported from Village/Block Teesgava. District RRT investigated the outbreak. House to house survey done. All cases consumed food in a social ceremony and presented symptoms with vomiting and loose motion. All cases treated symptomatically. Health education given regarding personal hygiene and sanitation.
Rajasthan,Jhunjhunu,Brucellosis,1,0,29-03-19,29-03-19,Under Control,A case reported from CHC Malsisar Block Malsisar. District RRT and Animal husbandry tem investigated the outbreak. House to house survey done. 10 cattle blood samples were collected and sent to Regional laboratory (AH) Jaipur; result awaited. Case treated symptomatically. Health education given.
Telangana,Kamareddy,Food Poisoning,72,3,25-03-19,25-03-19,Under Control,"Cases reported from Villages Maqdoompur, Galipur, Komalancha. District RRT investigated the outbreak. Active search of cases done. All the cases consumed food and presented symptoms with loose motion and vomiting. 7 stool samples were collected and sent to IPM Hyderabad; no enteropathogen were identified. Death occurred in 3yr old (f); 6yr old (m) and 32yr old (f). ORS packets were distributed in the affected areas. Health camp organized and all cases treated symptomatically. Health education given regarding food hygiene and sanitation."
Telangana,Medak,Food Poisoning,20,0,25-03-19,25-03-19,Under Control,"Cases reported from Jyothi Rao Pule Gurukulam Girl School, Haveli Ghanpur, SC Haveli Ghanpur. District RRT investigated the outbreak. Active search of cases done. All the cases consumed food and presented symptoms with loose motion and vomiting. ORS packets were distributed in the academy. Health camp organized and all cases treated symptomatically. Health education given regarding food hygiene and sanitation."
Tamil Nadu,Tirunelveli,Dengue,35,0,26-03-19,28-03-19,Under Surveillance,"Cases reported from Village Keelavayali, PHC Subbulapuram, Block Sankarankoil. District RRT investigated the outbreak. House to house survey done. Out of 8 serum samples sent to Tirunelveli Medical College; 4 samples were positive for Dengue (IgM ELISA). Vector control activities undertaken. All cases treated symptomatically. Health education given. 7 | P a g e"
Tamil Nadu,Madurai,Chikungunya,39,0,27-03-19,30-03-19,Under Control,"Cases reported from Village Muruganaeri, SC M.Sengulam, PHC M.Subbalapuram, Block T.Kallupatty. District RRT investigated the outbreak. House to house survey done. Out of 6 serum samples collected sent to Madurai Medical college; 5 samples were positive for Chikungunya (IgM ELISA). All cases treated symptomatically. Anti-larval activities were undertaken in the affected area. Health education given regarding personal protection measures."
Uttarakhand,Almora,Acute Diarrheal Disease,28,0,31-03-19,31-03-19,Under Control,"Cases reported from Village Guruda, SC- Bijoriya, Block Takula. District RRT investigated the outbreak. House to house survey done. 2 stool and 2 water samples were collected and sent to DPHL Almora; All stool samples were positive for Citrobacter and water samples were not potable. Chlorination of water sources done. All cases treated symptomatically. Health education given regarding personal hygiene and sanitation."
West Bengal,Murshidabad,Measles?,79,0,25-03-19,25-03-19,Under Surveillance,"Cases reported from Villages Tofapur, Shibnagar, Bhavanipur & Joyrampur, SC Tofapur.. District RRT investigated the outbreak. House to house survey done. 5 blood samples and 1 throat swab collected and sent to WHO (sentinel site); result awaited. Vitamin A supplementation given to all cases. All cases treated symptomatically. Health education given. 8 | P a g e FOLLOW-UP OF DISEASE OUTBREAKS OF PREVIOUS WEEKS Unique ID. Name of State/UT Name of District Disease/ Illness No. of Cases No. of Deaths Date of Start Outbreak Current Status Comments/ Action Taken"
Gujarat,Bhavnagar,CCHF,1,0,26-03-19,,Under Surveillance,"A Shepard by occupation presented symptoms with fever, headache, myalgia from Village Reva, SC Dharuka, PHC Ranghola, Block Umrala. District RRT investigated the outbreak. Active search of cases done. The index case blood sample was sent to NIV, Pune and was positive for CCHF (Ig M ELISA). Out of 30 human close contacts samples were collected and sent to NIV, Pune; 1 sample of lab technician was positive for CCHF (IgG ELISA). 40 animal, 37 tick samples were collected and sent to NIV Pune; result awaited. Contacts were traced and were monitored. All cases treated symptomatically. Anti-tick measures were carried out. Malathion and Lime dusting done in affected areas. Health education given."
Bihar,Jahanabad,Chickenpox,15,0,02-04-19,03-04-19,Under Control,"Cases reported from Village Badki Bhabhanpura, APHC Lakhawar, PHC Ghosi, Block Ghosi, Jehanabad. District RRT investigated the outbreak. House to house survey done. Majority of cases were between 5-10 years of age. Medical team (RRT) from PHC along with WHO Monitor and RBSK Team visited the area. All cases were treated. Awareness given regarding hygiene, sanitation and isolation of patient."
Bihar,Madhubani,Chickenpox,7,0,05-04-19,05-04-19,Under Control,"Cases reported from Village Baghaniya Mushahri, HSC Bakuwa, PHC Madhepur. District RRT investigated the outbreak. House to house survey done. Cases presented with fever and rash. Cases were from 3 yrs of age to 30 yrs of age. All the affected cases were treated symptomatically. Health Education given regarding isolation of cases."
Bihar,Patna,Measles,5,0,01-04-19,06-04-19,Under Surveillance,"Cases reported from Village/SC Bhushaul danapur, AIIMS, Block/PHC Phulwarishariff. District RRT investigated the outbreak. House to house survey done. Cases were resident of AIIMS hostel. 4 Blood samples collected and tested at PMCH Patna for Measles, result awaited. Block RRT with Dist. RRT & WHO team visited the affected area. All patients were treated accordingly."
Bihar,Sheikhpura,Suspected Measles,4,0,02-04-19,09-04-19,Under Control,"Cases reported from Village Pathlaphar, SC Bajidpur, PHC/Block Sheikhpura. District RRT investigated the outbreak. House to house survey done. Preventive measures taken. Vitamin A supplementation given. IEC done regarding isolation of cases. 4 | P a g e"
Chhattisgarh,Bijapur,Chickenpox,24,0,02-04-19,05-04-19,Under Surveillance,"Cases reported from Jidipara of Timapur, Village Timapur under, PHC Basaguda, Block Usoor. District RRT investigated the outbreak. House to house survey done. After an investigation by the district RRT, it is found that the index case was present at the Govt. Balak Ashram Murdunda. No blood samples were collected from the patients. All cases were clinically diagnosed. Instructions for Isolation of active cases were given. All cases treated symptomatically."
Chhattisgarh,Durg,Acute Diarrheal Disease,15,0,01-04-19,05-04-19,Under Surveillance,"Cases reported from Village Purai, CHC Utai, Block Nikum. District RRT investigated the outbreak. House to house survey done. Possible cause is contaminated water which is supplied from hand pump. Water Sample collected for test by PHE Department Durg, result awaited. Water supplied by water tanker. All cases treated symptomatically."
Jharkhand,Latehar,Food Poisoning,85,0,06-04-19,07-04-19,Under Surveillance,"Cases reported from Village Serandagh, PHC Herhanj, Block Balumath. District RRT investigated the outbreak. House to house survey done. Cases occurred after consuming food in a marriage ceremony. Cases developed vomiting and loose motions. All cases treated at PHC. No food samples could be collected."
Jharkhand,West Singhbhum,Chickenpox,15,0,03-04-19,06-04-19,Under Surveillance,"Cases reported from Village Churgi, HSC Salai, Block Manoharpur West Singhbhum. District RRT investigated the outbreak. House to house survey done. All cases presented with fever and macula-popular rash. 05 blood serum samples sent to DPHL Sadar Hospital Chaibasa, result awaited. All cases were isolated and treated symptomatically. All affected patients were in age group less than 15 years. Health education and IEC activities done regarding isolation of cases and hygienic practices. 5 | P a g e"
Jammu And Kashmir,Ganderbal,Influenza Type B,64,0,02-04-19,03-04-19,Under Control,Cases reported from Village Kachnambal Preng Block Kangan. District RRT investigated the outbreak. House to house survey done. 04 throat swab samples collected and sent to SKIMS Soura for analysis. All 04 samples found positive for Influenza B. Impart Heath Education regarding spread and prevention of Disease. Distributed Health Advisory. Focus Made on Safe Sanitation Practices and Washing Hands Properly. School Authorities and Local Health Staff were advised to have complete vigil over the situation. All cases treated symptomatically. Health education given.
Jammu And Kashmir,Kulgam,Enteric Fever,19,0,01-04-19,02-04-19,Under Surveillance,"Cases reported from Village Devsar and Sopat Block Qazigund. District RRT investigated the outbreak. House to house survey done. Symptoms were fever with general body aches, chills. All affected patients are in the age group of 09 years - 50 years. All patients are being treated at PHC Devsar. 02 water samples from village Devsar and 02 water samples from village Sopat have been collected for analysis and sent to IDSP Provincial Lab, Barzulla Sgr, reports awaited. People were advised to use boiled water for drinking proposes and dispose the sanitary waste properly. Health advisory regarding Enteric Fever in the form of Pamphlets were distributed and also pasted on walls at public places."
Karnataka,Ballari,Enteric Fever,26,0,01-04-19,05-04-19,Under Control,"Cases reported from Village Deshnoor Village, 04th Ward, PHC/CHC Bagewadi, Taluk Siruguppa. District RRT investigated the outbreak. House to house survey done. 06 Blood Serum samples collected and sent to VIMS, Ballari and 02 Water Samples collected result awaited. 26 blood smears examined for Malaria Parasite, result awaited. All cases treated symptomatically. Health education given. Larval surveillance started in the area."
Karnataka,Chittapur,Suspected Measles,33,0,02-04-19,03-04-19,Under Surveillance,"Cases reported from Village/PHC/CHC Ravoor, Taluk Chittapur. District RRT investigated the outbreak. House to house survey done. 05 Serum samples collected sent to NIV, Bangalore, result awaited. Vitamin A supplements given. All cases treated symptomatically. Health education given. 6 | P a g e"
Karnataka,Dharwad,Chikungunya,20,0,01-04-19,04-04-19,Under Surveillance,"Cases reported from Village Kalle, SC Kabenur, PHC Uppin Betageri, Taluk Dharwad. District RRT investigated the outbreak. House to house survey done. Cases presented with fever and joint pain. Water storage practices for long time is the cause for larval growth. Three serum samples collected and tested for both dengue & Chikungunya at KIMS Hubli, 2 samples tested positive for Chikungunya by IgM ELISA. Larval survey is being carried out in the village. IEC activities done regarding water storage practices."
Karnataka,Tumkur,Suspected Mumps,21,0,02-04-19,03-04-19,Under Control,"Cases reported from Village Doddasarangi Palya, PHC/CHC Guluru, Taluk Tumkur. District RRT investigated the outbreak. House to house survey done. All cases treated symptomatically. Health education given."
Karnataka,Tumkur,Suspected Mumps,15,0,04-04-19,05-04-19,Under Control,"Cases reported from Village Lakkavanahalli Gollarahatti, PHC/CHC Dwaranakuntte, Taluk Sira. District RRT investigated the outbreak. House to house survey done. All cases treated symptomatically. Health education given."
Kerala,Kozhikode,West Nile Fever,1,0,04-04-19,04-04-19,Under Control,"A 65yr old female resident of municipal corporation area, Kommeri Post presented symptoms with acute febrile illness associated with photophobia and disorientation. District RRT investigated the outbreak. House to house survey done. 1 CSF sample collected and sent to ICMR-Alapuzha lab was positive for West Nile Virus IgM ELISA. Vector survey conducted, source reduction activities undertaken and IRS spraying done. Health education given."
Odisha,Mayurbhanj,Food Poisoning,65,0,01-04-19,02-04-19,Under Control,"Cases reported from Govt. High School Kamali, SC Kamali, CHC Dukura. District RRT investigated the outbreak. House to house survey done. All cases consumed food in a ceremony. 04 Rectal Swab taken and did not exhibited any growth on culture. 04 Water samples collected and found unfit for consumption. IEC activity done. Health camp organized in the school and all cases treated symptomatically. Health education given. 7 | P a g e"
Manipur,Noney,Food Poisoning,8,0,07-04-19,08-04-19,Under Surveillance,Cases reported from Village T. Kholmung. District RRT investigated the outbreak. House to house survey done. All cases treated and discharged. No new cases reported.
Puducherry,Puducherry,Chikungunya,7,0,01-04-19,01-04-19,Under Surveillance,"Cases reported from Village Ashok Nagar, PHC Lawspet, Block Oulgaret. District RRT investigated the outbreak. House to house survey done. 5 serum samples tested positive for Chikungunya by IgM ELISA at IGGHPGI. All cases treated symptomatically. Health education given. Fogging carried out as per guidelines."
Rajasthan,Ajmer,Food Poisoning,57,0,04-04-19,04-04-19,Under Surveillance,"Cases reported from Village Mohalla Chamada ghar Sarana, Block Kishangarh. District RRT investigated the outbreak. Cases consumed food in a marriage ceremony. Most affected were children between 6 to 14 years and majority of them had history of consuming some particular dishes. 4 samples taken by FSSO team, result awaited. Health education given."
Uttar Pradesh,Bareilly,Chickenpox,4,0,02-04-19,03-04-19,Under Control,"Cases reported from Urban colony Ashok Nagar. District RRT investigated the outbreak. House to house survey done. Cases presented with fever, rash and vesicles. All cases isolated and treated. IEC given regarding isolation and hygienic practices."
Uttar Pradesh,Lucknow,Chickenpox,7,0,02-04-19,02-04-19,Under Surveillance,"Cases reported from Village Bairysalpur, PHC Nigoha, CHC Mohanlalganj. District RRT investigated the outbreak. House to house survey done. Cases presented with fever, Maculopapular rashes. Most common age group affected was 10- 25yrs. 4 Samples for anti VZV were sent to Virology Lab KGMU, result awaited. All cases treated."
West Bengal,Bishnupur,Acute Diarrheal Disease,83,0,05-04-19,09-04-19,Under Surveillance,"Cases reported from Village Jaljala, Sub-centre: Jhenia, Block Kotulpur. District RRT investigated the outbreak. House to house survey done. All affected people attended a wedding ceremony on previous. All of the affected people developed similar kind of symptoms like diarrhea, pain abdomen and vomiting. All cases treated symptomatically. Health education given. 8 | P a g e"
West Bengal,Diamond Harbour,Food Poisoning,155,0,04-04-19,04-04-19,Under Surveillance,"Cases reported from Village / SC Kshetromohonpur, GP Brajaballavpur, Block Patharpratima. District RRT investigated the outbreak. House to house survey done. About 100 families attended halkhata occasion of a shop & consumed sweets on that occasion at afternoon. 1 Food sample sent to West Bengal Public health Laboratory, Kolkata & 2 vomitus samples sent to SSKM Hospital, result awaited. Health education given. DISEASE OUTBREAKS OF PREVIOUS WEEKS REPORTED LATE Unique ID. Name of State/UT Name of District Disease/ Illness No. of Cases No. of Deaths Date of Start Outbreak Current Status Comments/ Action Taken"
Karnataka,Chitradurga,Dengue,18,0,15-03-19,,Under Surveillance,"Cases reported from Village Megalahatti, PHC/CHC Nagasamudra, Taluk Molakalmuru. District RRT investigated the outbreak. House to house survey done. 02 blood Samples collected and sent to DPHL Chitradurga and 01 found positive for Dengue, 6 blood smears collected, result awaited. All cases treated symptomatically. Health education given."
Karnataka,Mysuru,Acute Diarrheal Disease,61,0,31-03-19,,Under Control,"Cases reported from Village/PHC/CHC Beriya, Taluk KR Nagar. District RRT investigated the outbreak. House to house survey done. 03 Water samples collected sent to MMCRI, Mysuru and all found potable. 12 stool sample collected and 01 found positive for Shigella Sonnei. Health camp organized in the school and all cases treated symptomatically. Health education given."
Kerala,Kozhikode,West Nile Fever,1,0,23-03-19,,Under Control,"An 80yr old male case resident of Village Naduvannur SC Karuvannur, PHC Naduvannur, Block Ulliyer. The case presented symptoms with acute respiratory illness and later developed altered sensorium and was admitted at GMCH, Kozhikode District RRT investigated the outbreak. House to house survey done. The CSF sample was collected and sent to ICMR-Alapuzha was found positive for West Nile Virus (IgM ELISA). Anti-larval measures were undertaken (guppy fishes released in water bodies –wells). Health education given. 9 | P a g e"
Kerala,Thrissur,Hepatitis A,16,0,10-03-19,,Under Control,"Cases reported from Village Thrissur Corporation, HSC Punit G,H Thrissur, PHC G.H Thrissur-Division 36-Thekkinkadu Bramasamadam, Block Thrissur Corporation. District RRT investigated the outbreak. House to house survey done. 4 water samples taken, result awaited. 2 blood sample taken and send to DMOH lab, and found positive for Hepatitis A by IgM ELISA. Super chlorination of two wells used for drinking water done on alternate days for one week and twice in a week for next four months."
Madhya Pradesh,Dhar,Food Poisoning,72,0,04-03-19,,Under Control,"Cases reported from Village Begenda, Block Dhammal. District RRT investigated the outbreak. House to house survey done. Cases occurred after consumption of Prasad. Food samples collected and sent to State Food Laboratory, result awaited."
Telangana,Mahabubnagar,Chikungunya,46,0,30-03-19,,Under Control,"Cases reported from Village Gaddeguden, SC Venkataipally, PHC Devarakadra. District RRT investigated the outbreak. House to house survey done. Malaria parasite found negative in 32 Blood Smears, 6 cases were positive for Chikungunya by Ig M ELISA. All cases treated symptomatically. Health education given. Pyrethrum spraying done."
Arunachal Pradesh,Lohit,Shigellosis,49,0,13-04-19,14-04-19,Under Control,"Cases reported from Wakro Town, CHC Wakro. District RRT investigated the outbreak. House to house survey done. 10 stool samples collected and sent to ICMR Dibrugrah; all stool samples were positive for Enteroinvasive E.coli/Shigell spp by Real Time PCR. All cases treated symptomatically. Health education given."
Assam,Dhubri,Jaundice,19,0,12-04-19,12-04-19,Under Surveillance,"Cases reported from Village Sundari Part -1, SC Talli Halakura. District RRT investigated the outbreak. House to house survey done. 15 serum samples collected and sent to DPHL; result awited.4 water samples collected from two hand pump; result awaited. All cases treated symptomatically. Health education given."
Assam,Dhubri,Malaria?,15,0,11-04-19,11-04-19,Under Control,"Cases reported from Village Kuntirchar pt II, SC of Dharmasala BPHC. District RRT investigated the outbreak. House to house survey done. Out of 15 blood slides collected and sent to Geramari MPHC, 1 blood smear was positive for Malarai (Pv). All cases are treated symptomatically. Health education given."
Assam,Karimganj,Measles,4,0,09-04-19,09-04-19,Under Surveillance,"Cases reported from Village Sadarahi, Block Girishganj. District RRT investigated the outbreak. House to house survey done. All cases treated symptomatically. Health education given."
Bihar,Muzaffarpur,Mumps?,43,0,10-04-19,14-04-19,Under Surveillance,"Cases reported from Village Pakari, SC Narkatia, PHC/Block Bochahan. District RRT investigated the outbreak. House to house survey done. Cases belonged to low socio-economic condition with poor sanitary conditions. All cases treated symptomatically. Health education regarding isolation of cases was imparted in the community. 4 | P a g e"
Gujarat,Rajkot,Acute Diarrheal Disease,70,0,06-04-19,12-04-19,Under Control,"Cases reported from Village Pipaliya, PHC Sanosra, Taluk Rajkot. District RRT investigated the outbreak. House to house survey done. 03 Water samples collected sent to Water and Sanitation Management Organisation, Rajkot; 1 sample was non potable. 01 stool sample sent to PDU Medical College, Rajkot was negative for cholera culture. All cases treated symptomatically. Health education given."
Jharkhand,Godda,Measles,10,0,14-04-19,14-04-19,Under Surveillance,"Cases reported from Village Meherma, Thakurgangti, Baniadih. District RRT investigated the outbreak. House to house survey done. 5 blood samples collected and sent to RIMS, Ranchi; result awaited. All cases treated symptomatically. Health education given."
Karnataka,Hassan,Food Poisoning,33,0,12-04-19,12-04-19,Under Control,"Cases reported from Village Anugu, PHC/CHC Honnavara, Taluk Hassan. District RRT investigated the outbreak. All the cases consumed food distributed at Bruhdeshwara Muta and presented symptoms with loose motion and vomiting. All 03 water samples collected and sent to DPHL wer potable. All cases treated symptomatically. Health education given regarding food hygiene and sanitation."
Kerala,Kollam,Food Poisoning,15,0,11-04-19,12-04-19,Under Control,Cases reported from PHC/Block Oachira. District RRT investigated the outbreak. All cases consumed food in a marraige ceremony and presented symptoms with vomiting and loose motion. All cases treated symptomatically. Health education given regarding personal hygiene and sanitation.
Maharashtra,Akola,Food Poisoning,111,0,14-04-19,14-04-19,Under Control,"Cases reported from Village Hingani Bhimtekadi, SC/PHC Dahihanda, Block Akola. District RRT investigated the outbreak. Active search of cases done. All cases consumed food and presented symptoms with vomiting and loose motion. 2 water samples collected and sent to DPHL Akola; 1 water sample was non potable. All cases treated symptomatically. Health education given regarding food hygiene and sanitation. 5 | P a g e"
Maharashtra,Amravati,Food Poisoning,15,0,11-04-19,11-04-19,Under Control,"Cases reported from Village Wagholi, PHC Vichori, Block Morshi. District RRT investigated the outbreak. Active search of cases done. All cases consumed food in a death ceremony and presented symptoms with vomiting and loose motion. All cases treated symptomatically. Health education given regarding personal hygiene and sanitation."
Nagaland,Mon,Scrub Typhus,8,0,04-04-19,04-04-19,Under Control,"Cases reported from Village Mon, Block Aboi. District RRT investigated the outbreak. House to house survey done. 08 blood samples collected; were positive for scrub typhus (Weil - Felix Agglutination test). All cases treated symptomatically. Health education given."
Odisha,Khurda (Bhuvneshwar),Viral Hepatitis A,5,0,11-04-19,11-04-19,Under Surveillance,"Cases reported from Village Utaramunda Muhana, SC Janla, CHC/Block Jatni. District RRT investigated the outbreak. House to house survey done. Out of 3 blood samples collected and sent DPHL; 1 blood samples were positive for Hepatitis A (IgM ELISA). Out of 3 water samples collected and sent to DPHL; 2 samples were nonpotable. All cases treated symptomatically. Chlorination of water sources done. Health education given."
Odisha,Cuttack,Viral Hepatitis A & E,7,0,13-04-19,14-04-19,Under Surveillance,"Cases reported from urban area of Ward No-23, KatahagadaSahi. District RRT investigated the outbreak. House to house survey done. Out of 4 blood samples collected and sent to Dept of Microbiology, SCBMCH; 2 blood samples were positive for Hepatitis A (IgM ELISA); 2 blood samples were positive for Hepatitis E (IgM ELISA). All cases treated symptomatically. Chlorination of water sources done. Health education given."
Punjab,Sasnagar,Mumps,11,0,08-04-19,09-04-19,Under Surveillance,Cases reported from Government Primary School Village Jhanjheri. District RRT investigated the outbreak. Active search of cases done. All the cases were below 10 yrs of age. Out of 08 blood samples collected and sent to DPHL SAS Nagar; 6 samples were positive fof Mumps (IgM ELISA). All cases treated symptomatically. Health camp organized in the school. Health education given to school staff and students. 6 | P a g e
Punjab,Sasnagar,Mumps,8,0,12-04-19,14-04-19,Under Surveillance,"Cases reported from Village Batta, PHC Gahrauan. District RRT investigated the outbreak. House to house survey done. 05 blood samples collected & sent to DPHL SAS Nagar; 3 samples were positive for Mumps (IgM ELISA). All cases treated symptomatically. Health education given."
Punjab,Mansa,Mumps,9,0,06-04-19,10-04-19,Under Control,"Cases reported from Village Birewala Dogra, SC Bhawa, PHC Kulrian, Block Budhlada. District RRT investigated the outbreak. House to house survey done. 04 blood samples collected & sent to DPHL SAS Nagar; 3 samples were positive for Mumps (IgM ELISA). All cases treated symptomatically. Health education given."
Punjab,Mansa,Mumps,22,0,07-04-19,10-04-19,Under Control,"Cases reported from Village/SC Reond Kalan, PHC Kulrian, Block Budhlada. District RRT investigated the outbreak. House to house survey done. All 9 blood samples collected & sent to DPHL SAS Nagar were positive for Mumps (IgM ELISA). All cases treated symptomatically. Health education given."
Rajasthan,Dausa,Food Poisoning,123,0,14-04-19,14-04-19,Under Control,"Cases reported from Village Theekaria, PHC Golada, Block Bandikui.. District RRT investigated the outbreak. Active search of cases done. All cases consumed food and presented symptoms with vomiting and loose motion. 4 water samples collected and sent to PHED Lab, Dausa; result awaited. 7 food samples (rice, gulab jamun, laddu, jalebi, dal ke pakode & moong ka Halwa) collected & sent to CPA lab Jaipur; result awaited. 1 stool sample collected & sent to Microbiology Lab, SMS Medical College, Jaipur; result awaited. All cases treated symptomatically. Health education given."
Tamil Nadu,Virudhunagar,Typhoid,25,0,12-04-19,12-04-19,Under Control,"Cases reported from Village Melendhal, SC Mithilaikulam, PHC Kaloorani, Block Thiruchulli. District RRT investigated the outbreak. House to house survey done. Out of 5 serum samples collected and sent to DPHL, Virudhunagar: 2 samples were positive for Typhoid. 5 water samples collected and sent to DPHL, Virudhunagar were nonpotable. All cases treated symptomatically. Health education given. 7 | P a g e"
Tamil Nadu,Villupuram- Kallakurichi,Food Poisoning,12,0,09-04-19,14-04-19,Under Control,"Cases reported from Village Thirukoilur, SC Vilandai, PHC Arakandanallur, Block Mugaiyur. District RRT investigated the outbreak. Active search of cases done. All school children consumed food in lunch and presented symptoms with vomiting and loose motion. 5 water samples & Food samples sent to DPHL, Kallakurichi; result awaited. ORS packets distributed. Health camp organized in the school and all cases treated symptomatically. Health education given."
Tamil Nadu,Dharmapuri,Fever,20,0,09-04-19,12-04-19,Under Control,"Cases reported from Village/HSC Adagapadi, PHC Solaikottai, Block Dharmapuri. District RRT investigated the outbreak. House to house survey done. 2 serum samples sent to DPHL Dharmapuri; result awaited. All cases treated symptomatically. Health education given."
Tamil Nadu,Ariyalur,Acute Diarrheal Disease,11,0,14-04-19,14-04-19,Under Control,"Cases reported from Village/SC Kattathur, PHC Anikuthichan, Block Andimadam. District RRT investigated the outbreak. House to house survey done. 3 water samples and 1 stool sample sent to DPHL Ariyalur; result awaited. ORS packets were distributed in the community. Chlorination of water sources done. All cases treated symptomatically. Health education given."
Uttar Pradesh,Ghazipur,Chickenpox,9,0,11-04-19,11-04-19,Under Control,"Cases reported from Villages Salarpurchc Karanda, Block Karanda. District RRT investigated the outbreak. House to house survey done. All cases treated symptomatically. Health education given regarding isolation of cases."
West Bengal,Bankura,Acute Diarrheal Disease,83,0,05-04-19,05-04-19,Under Control,"Cases reported from Village Jaljala, SC Jhenia, GP Mirzapur, Block Kotulpur. District RRT investigated the outbreak. House to house survey done. 2 rectal swab samples collected and sent to BSMCH; rectal swab culture was negative for enteropathogens. Chlorination of water sources done. All cases treated symptomatically. Health education given. 8 | P a g e"
West Bengal,South 24 Paragana,Food Poisoning,155,0,04-04-19,04-04-19,Under Control,"Cases reported from Village Kshetromohonpur, SC Kshetromohonpur, GP Brajaballavpur, Block Patharpratima. District RRT investigated the outbreak. House to house survey done. 1 Food sample collected and sent to West Bengal Public health Laboratory; result awaited. 2 vomitus samples were collected and sent to SSKM Hospital; result awaited. All cases treated symptomatically. Health education given. 9 | P a g e DISEASE OUTBREAKS OF PREVIOUS WEEKS REPORTED LATE Unique ID. Name of State/UT Name of District Disease/ Illness No. of Cases No. of Deaths Date of Start Outbreak Current Status Comments/ Action Taken"
Bihar,Patna,Chickenpox,14,0,28-02-19,,Under Control,"Cases reported from Village Chamuchal, Allaidinchal, Balwa, Bahrampur, Panpura. PHC/CHC Punpun, Fatuha, Dhanarua. District RRT investigated the outbreak. House to house survey done. 2 serum samples were positive for Varicella Zoaster Virus (IgM ELISA). All cases treated symptomatically. Health education given."
Bihar,Patna,Chickenpox,14,0,28-02-19,,Under Control,"Cases reported from Village Pbhedi, PHC/CHC Dhanarua. District RRT investigated the outbreak. House to house survey done. Serum samples collected result 1 serum samples were positive for Varicella Zoaster Virus (IgM ELISA). All cases treated symptomatically. Health education given."
Karnataka,Dakshina Kannada,Viral Hepatitis E,10,0,30-03-19,,Under Surveillance,"Cases reported from Village Shakthi Nagar, PHC/CHC/UPHC Shakthinagar, Taluk Mangalore. District RRT investigated the outbreak. House to house survey done. Out of 4 blood samples collected and sent DPHL; 3 blood samples were positive for Hepatitis E (IgM ELISA). All 4 water samples collected and sent to DPHL from various sources were nonpotable. All cases treated symptomatically. Chlorination of water sources done. Health education given."
Kerala,Pathanamthitta,Malaria,3,0,14-03-19,,Under Control,"Cases reported from Village Kalanjoor, HSC Padom, PHC Koodal, Block Enadimangalam. District RRT investigated the outbreak. House to house fever survey done. All cases were migrant laborers/workers. Out of 17 blood smears collected and sent to GH Pathanamthitta; 3 blood smears were positive for Malaria (mixed- PV +PF). All cases treated locally. Source reduction activities undertaken. IRS and ISS done in the rooms in the quarry area. Health education regarding personal and environmental hygiene, control of Mosquito borne diseases and other communicable diseases were given for the workers."
Odisha,Bhadrak Viral,Hepatitis?,9,0,23-03-19,,Under Surveillance,"Cases reported from Village Ranipur, SC Kadabaranga, PHC Kadabaranga, Block Bonth. District RRT investigated the outbreak. House to house survey done. 8 blood samples collected and sent DPHL; result awaited. All 4 water samples collected were nonpotable. All cases treated symptomatically. Chlorination of water sources done. Health education given."
Andhra Pradesh,Kurnool,Acute Diarrheal Disease,42,0,14-04-19,14-04-19,Under Control,"Cases reported from Village Chennuru Kurnool, SC Gangavaram, PHC Gajulapalli. District RRT investigated the outbreak. People had history of consumption of Prasad in a festival. The Prasad is known as vadapappu and panakam. 2 water samples collected and sent to Regional Lab Kurnool, both samples found not satisfactory for drinking and Kleibseilla was isolated. Chlorinated the Water Sources (Over Head Tank) along with other sanitation measures. Health education given."
Arunachal Pradesh,Siang,Food Poisoning,14,0,15-04-19,22-04-19,Under Surveillance,"Cases reported from Village Pangin Town, CHC Pangin. District RRT investigated the outbreak. Cases suffered from vomiting, abdomen pain with loose motion after consuming community fest food during election voting. All cases treated symptomatically. Health education given."
Chhattisgarh,Kanker,Acute Diarrheal Disease,104,0,17-04-19,22-04-19,Under Surveillance,"Cases reported from Village Tuegahan, SC/PHC Hattkarra, Block Bhanuprat. District RRT investigated the outbreak. House to house survey done. Health Camp Organized in village. All cases hospitalized and treated symptomatically. Health education given."
Gujarat,Mahesana,Measles,16,0,18-04-19,18-04-19,Under Surveillance,"Cases reported from Village Della, SC Jesangpura PHC-Medha Taluk-Kadi. District RRT investigated the outbreak. House to house survey done. 05 Serum samples collected and sent to BJMC Ahmedabad, 04 samples tested positive for Measles by IgM ELISA. Vit-A supplementation given to cases treated. Health education given. 4 | P a g e"
Gujarat,Panchmahal,Food Poisoning,46,2,15-04-19,15-04-19,Under Control,"Cases reported from Village Sarasva, PHC Bakrol, Block Ghoghamba. District RRT investigated the outbreak. Cases had history of consumption of food in a marriage ceremony. Food history revealed that most of the affected had consumed dal, bhat and bundi. 8 Stool samples collected out of which 06 tested negative for V Cholera and 02 result awaited. House to house Surveillance done in affected area. All cases treated symptomatically. Health education given. A 11 year old female and 8 year old male died of illness."
Jharkhand,Dhanbad,Chickenpox,36,0,16-04-19,18-04-19,Under Surveillance,"Cases reported from Village West Modidih, PHC Katras, Block Baghmara. District RRT investigated the outbreak. House to house survey done. Cases had fever with rash. 5 blood samples collected and sent to RIMS ranchi, samples rejected by laboratory. Health education given. All cases treated symptomatically."
Kerala,Kollam,Chickenpox,20,0,01-04-19,17-04-19,Under Surveillance,"Cases reported from Village ward 3, HSC FWC Eram, PHC Chathannoor, CHC/Block Kalakkode. District RRT investigated the outbreak. House to house survey done. All cases treated symptomatically. Health education given."
Karnataka,Belagavi,Chikungunya,8,0,16-04-19,22-04-19,Under Control,"Cases reported from Village Chikkabudanur, PHC Chachadi, Block Savadatti. District RRT investigated the outbreak. House to house survey done. 2 serum samples tested at DSL Belagavi and one found positive for Chikungunya by Ig M ELISA. Fever and larva survey initiated. Indoor fogging started. Health education given regarding vector control. All cases treated symptomatically. Hi 25%, CI 6%, BI 30% 5 | P a g e"
Karnataka,Belagavi,Chikungunya,5,0,16-04-19,22-04-19,Under Control,"Cases reported from Village Itnal, PHC Kababi, Block Savadatti. District RRT investigated the outbreak. House to house survey done. 2 serum samples tested at DSL Belagavi and both negative for Chikungunya by Ig M ELISA. Fever and larva survey initiated. Indoor fogging started. Health education given regarding vector control. All cases treated symptomatically. HI 52%, CI 13%, BI 81%."
Madhya Pradesh,Dhar,Acute Diarrheal Disease,12,1,20-04-19,22-04-19,Under Control,"Cases reported from Village Aawli, SC Aawli Block Kukshi. District RRT investigated the outbreak. House to house survey done. One food samples taken and sent to State food laboratory, Bhopal, result awaited. All cases treated symptomatically. Health education given."
Odisha,Jajpur Viral,Hepatitis,7,0,15-04-19,20-04-19,Under Surveillance,"Cases reported from Village Uttimara, PHC (N) Aruha, GPHC-Aruha, Block Dharmasala. District RRT investigated the outbreak. House to house survey done. 6 Serum Sample & 3 water samples collected, result awaited. Sensitization meeting conducted at the village to generate awareness regarding safe drinking water use, hand washing practices & use of Halogen tabs etc. ORS Packets, and chlorine tablets distributed. 2 Dug well disinfected. HW (MF) & ASHA are directed to keep watch over the situation & report to the Headquarter. All cases treated symptomatically. Health education given."
Odisha,Jajpur,Acute Diarrheal Disease,16,0,21-04-19,22-04-19,Under Control,"Cases reported from Village Chandannagar (Bichhakhandi), SC Bichhakhand, Block Dharmasala. District RRT investigated the outbreak. House to house survey done. Poor sanitary conditions were prevalent in the area. 5 Rectal swab samples collected and sent to SCBMCH, Cuttack for Lab. confirmation. All cases treated symptomatically. Health education given. 6 | P a g e"
Odisha,Sundargarh,Food Poisoning,162,0,19-04-19,19-04-19,Under Control,"Cases reported from Village Chamrapada, SC Kutunia, CHC Laing, Block Rajgangpur. District RRT investigated the outbreak. House to house survey done. 03 water sample & 03 H2S collected & sent to DPHL, Sundargarh. IEC/BCC, disinfection of water and group meeting done. Health camp organized in the school and all cases treated symptomatically."
Punjab,Sasnagar,Acute Diarrheal Disease,18,0,18-04-19,22-04-19,Under Surveillance,"Cases reported from Government Meritorious School, Sector 70. District RRT investigated the outbreak. All children had history of consumption of food in a hostel mess previous night. All had developed pain in abdomen and loose stools. 01 stool sample, 04 water samples, 09 blood samples taken and sent to, result awaited. All cases treated. Health education given."
Punjab,Fazilka,Food Poisoning,6,1,16-04-19,18-04-19,Under Surveillance,"Cases reported from Village/SC Bahadur Khera, CHC Sitto Gunno, Fazilka. District RRT investigated the outbreak. House to house survey done. All affected were female labourers. They gave history of drinking water from a pot that was kept for last 3 days. Health talk given to the community."
Punjab,Jalandhar,Mumps,3,1,20-04-19,22-04-19,Under Surveillance,"Cases reported from Village Devidasspur,Block Kartarpur. Cases presented with swelling of parotid glands and fever. Blood samples were taken, result awaited."
Telangana,Adilabad,Food Poisoning,58,0,16-04-19,16-04-19,Under Control,"Cases reported from Village Savapur, Mdl. Jainath. District RRT investigated the outbreak. House to house survey done. 2 Water samples collected and sent to RIMS, Adilabad, result awaited. Medical camp organized in the area. Health education given on personal hygiene. All cases treated symptomatically. 7 | P a g e"
Uttar Pradesh,Lucknow,Chickenpox,5,1,18-04-19,20-04-19,Under Surveillance,"Cases reported from Slum Area near Madiyaon Bridge, Near Petrol Pump, Sitapur Rd. District RRT investigated the outbreak. House to house survey done. Cases had fever with maculopapular rashes and pustules in whole body. 5 Blood samples collected and sent to SGPGI Lucknow, result awaited. All cases treated symptomatically. Health education given."
Uttar Pradesh,Lucknow,Chickenpox,9,0,20-04-19,20-04-19,Under Surveillance,"Cases reported from Village Bhadesua, PHC Sisendi, CHC Mohanlalganj, Lko. District RRT investigated the outbreak. House to house survey done. Fever with maculopapular purchase in whole body. 4 Blood samples collected and sent to SGPGI Lucknow, result awaited. All cases treated symptomatically. Health education given."
West Bengal,Nadia,Acute Diarrheal Disease,332,0,22-04-19,23-04-19,Under Surveillance,"Cases reported from multiple villages of Block Chapra. District RRT investigated the outbreak. House to house survey done. Drinking water source was closed for some days. When it was restored people developed loose stools. 2 stool and 1 vomitus samples were taken and sent to NRS MCH, stool samples showed growth of E Coli while vomitus samples had no growth. 02 water samples sent to WBPHL, result awaited. Health education given. Chlorinated water supplied from municipality. PHE was instructed to repair the leakages and supply chlorinated water. DISEASE OUTBREAKS OF PREVIOUS WEEKS REPORTED LATE Unique ID. Name of State/UT Name of District Disease/ Illness No. of Cases No. of Deaths Date of Start Outbreak Current Status Comments/ Action Taken 8 | P a g e"
Goa,North Goa,Dengue,5,0,27-03-19,,Under Control,"Cases reported from Village Mapusa, UHC Mapusa, Taluka /Block Bardez. Water collections were found having larval breeding. 05 Blood samples tested at DPHL, North Goa, all positive for dengue by IgM Mac Eliza. District RRT investigated the outbreak. House to house survey done. All cases treated symptomatically. Source reduction activities undertaken. Health education given."
Kerala,Kozhikode,West Nile Fever,1,0,10-03-19,,Under Surveillance,"Cases reported from Village/HSC/PHC Kuruvatoor, Block Kunnamangalam. District RRT investigated the outbreak. House to house survey done. Blood samples collected result CSF-IgM Elisa positive at ISMR-Alappuzha. Health education, fever surveillance, vector study done. All cases treated symptomatically. Health education given. FOLLOW-UP DISEASE OUTBREAKS OF PREVIOUS WEEKS Unique ID. Name of State/UT Name of District Disease/ Illness No. of Cases No. of Deaths Date of Start Outbreak Current Status Comments/ Action Taken Arunachal Pradesh Follow up Arunachal Pradesh Lohit Shigellosis 78 00 13-04-19 Under Surveillance Cases reported from Village Wakro Town, under CHC Wakro. District RRT investigated the outbreak. House to house survey done. 3 stool samples were tested at RMRC, ICMR Dibrugarh all found positive (Enter invasive Escherichia coli/ Shigella spp.) All cases treated symptomatically. Health education given."
Arunachal Pradesh,Papumpare,Chickenpox,6,0,26-04-19,27-04-19,Under Control,Cases reported from Village/SC Sood. District RRT investigated the outbreak. House to house survey done. All cases treated symptomatically. Health education given regarding isolation of cases.
Arunachal Pradesh,Assam Bongaigaon,Food Poisoning,7,0,26-04-19,26-04-19,Under Control,"Cases reported from Village New Bongaigaon, SC Bhawlaguri, PHC Bongaigaon. District RRT investigated the outbreak. Active search of cases done. Cases consumed food (rice & mixture of Prawn & Pumpkin) in morning and presented symptoms with vomiting and loose motion. Cases treated at Bongaigaon CHC. Health education given regarding food hygiene and sanitation."
Assam,Darrang (Mangaldoi),Japanese Encephalitis,1,1,22-04-19,28-04-19,Under Surveillance,"Cases reported from Village Maharipara, SC Duni, PHC/Block Patharighat. District RRT investigated the outbreak. House to house survey done. 01 csf sample collected and sent to GMCH, Guwahati was positive for JE (IgM ELISA). On death occurred in male child. Socio economic condition was poor and at the vicinity paddy fields were located. Health education given regarding personal protection measures."
Assam,Kokrajhar,Food Poisoning,7,0,23-04-19,25-04-19,Under Control,"Cases reported from Village New Dhardhara, SC Nandipur, PHC Kachugaon, CHC Kachugaon. District RRT investigated the outbreak. Active search of cases done. Cases consumed food (wild mushroom) and presented symptoms with vomiting and loose motion. 02 stool samples were collected and sent to DPHL, Kokrajhar; result awaited. Cases treated at Kachugaon CHC. Health education given regarding food hygiene and sanitation. 4 | P a g e"
Assam,Lakhimpur,Food Poisoning,4,1,26-04-19,28-04-19,Under Control,"Cases reported from Tea Estate Ananda, Village Line no-27, BPHC Boginodi. District RRT investigated the outbreak. Active search of cases done. Cases consumed food in dinner and presented symptoms with vomiting and loose motion. 02 water samples were collected; result awaited. Cases treated symtomatically. Health education given regarding food hygiene and sanitation."
Assam,Lakhimpur,Acute Diarrheal Disease,37,0,22-04-19,28-04-19,Under Control,"Cases reported from Tea Estate Joyhing, BPHC Boginodi MPHC Seajuli. District RRT investigated the outbreak. House to house survey done. 05 stool samples collected; result awaited. 01 water sample collected; result awaited. All cases treated symptomatically. Halogen tablets and ORS packets were distributed in the community. IEC done regarding safe drinking water and personal hygiene."
Assam,Dima Hasao,Food Poisoning,2,1,22-04-19,26-04-19,Under Control,"Cases reported from Village Daoblipdisa, SC Bongkai, PHC/Block Langting. District RRT investigated the outbreak. Active search of cases done. Cases consumed food (wild mushroom) and presented symptoms with vomiting and loose motion. One death occurred in female of age 32yrs. Cases treated at Haflong Civil Hospital. Health education given regarding food hygiene and sanitation."
Assam,Nagaon,Acute Diarrheal Disease,20,0,25-04-19,25-04-19,Under Surveillance,"Cases reported from C.R.P.F.RAF-101 Camp, Silongani, Nagaon, PHC Silongani Amtola MPHC, BPHC Buragohaithan. District RRT investigated the outbreak. House to house survey done. 4 stool samples collected and sent to DPHL Nagaon were negative for enteropathongens. 2 water samples were collected and sent to DPHL Nagaon were not potable. All cases treated symptomatically. Health education given regarding personal hygiene, Hand hygiene practices and safe drinking water. 5 | P a g e"
Assam,Sonitpur (Tezpur),Acute Diarrheal Disease,22,0,22-04-19,28-04-19,Under Surveillance,"Cases reported from Villages Siporia Botabari, Patiapukhuri 1, SC Teliagaon SC, Patia Pukhuri, BPHC Bihaguri. District RRT investigated the outbreak. House to house survey done. 4 stool samples collected and sent to DPHL Nagaon; result awaited. Symptomatic treatment provided to all the cases. Health education given regarding personal hygiene, Hand hygiene practices and safe drinking water."
Assam,Udalguri,Acute Diarrheal Disease,52,0,26-04-19,26-04-19,Under Surveillance,"Cases reported from Tea Estate Majbat, BPHC Orang Udalguri. District RRT investigated the outbreak. House to house survey done. 02 water sample collected and sent to DPHL Darrang; result awaited. All cases treated symptomatically ORS packets were distributed in the community. IEC done regarding safe drinking water and personal hygiene."
Bihar,Jahanabad,Food Poisoning,22,0,25-04-19,28-04-19,Under Control,"Cases reported from Village Salemapur, PHC Sikariya, Block Jehanabad. District RRT investigated the outbreak. Active search of cases done. All the cases consumed food in a marriage ceremony and presented symptoms with loose motion and vomiting. Cases treated symptomatically. Health education given regarding food hygiene and sanitation."
Bihar,Nawada,Chickenpox,9,0,22-04-19,26-04-19,Under Control,"Cases reported from Village Chhatarbar, PHC/Block Pakribarawan. District RRT investigated the outbreak. House to house survey done. Affected children were in the age group between 3-7yrs. All cases treated symptomatically. Health education given."
Chhattisgarh,Kawardha,Food Poisoning,26,0,22-04-19,28-04-19,Under Control,"Cases reported from Village Kothar, SC Chardongri, Block Kawardha. District RRT investigated the outbreak. House to house survey done. Active search of cases done. All the cases consumed food in a marriage ceremony and presented symptoms with loose motion and vomiting. Cases treated symptomatically. Health education given regarding food hygiene and sanitation. 6 | P a g e"
Gujarat,Anand,Food Poisoning,310,0,24-04-19,24-04-19,Under Surveillance,"Cases reported from Village/SC Napa, PHC Nepa, Block Borsad. District RRT investigated the outbreak. House to house survey done. Cases consumed food in a marriage ceremony. 01 food sample collected sent to Food Department Ahmedabad; result awaited. Cases treated symptomatically. Health education given regarding food hygiene and sanitation."
Himachal Pradesh,Hamirpur,Jaundice?,12,0,26-04-19,28-04-19,Under Control,"Cases reported from Villages Karoha, Lakroh, Bal-Bihal, Lokhar, Kohra, SC Chakmoh VPO. Chakmon, Kotla, SC Kathiana VPO- Paplah, SC Pairwin, CHC Bijhari, Block Barsar. District RRT investigated the outbreak. House to house survey done. All cases treated symptomatically. Health education given."
Himachal Pradesh,Mandi,Acute Diarrheal Disease,74,0,23-04-19,24-04-19,Under Surveillance,"Cases reported from Village Chhatri, Baryogi, PHC Chhatri, Block Janjehli. District RRT investigated the outbreak. House to house survey done. 04 water sample collected and sent to IPH Department; result awaited. All cases treated symptomatically ORS packets were distributed in the community. IEC done regarding safe drinking water and personal hygiene."
Haryana,Kaithal,Acute Diarrheal Disease,28,0,26-04-19,28-04-19,Under Control,"Cases reported from Villages Mohalla Prem Nagar Pharalwala Road and VPO Kaul, CHC Kaul. District RRT investigated the outbreak. House to house survey done. 1 stool sample collected ans sen to DPHL Karnal; result awaited. 4 water samples collected for bacteriological examination; result awaited. All cases treated symptomatically. Health education given."
Jammu And Kashmir,Leh (Ladakh),Mumps?,30,0,26-04-19,26-04-19,Under Surveillance,Cases reported from Sankar Govt. Middle School Block Leh. District RRT investigated the outbreak. House to house survey done. All cases treated symptomatically. Health education regarding isolation of cases was imparted in the community. 7 | P a g e
Karnataka,Chickaballapura,Food Poisoning,22,0,21-04-19,23-04-19,Under Control,"Cases reported from Village Mangalamadaguvarapalli, PHC/CHC Shivapura, Taluk Bagepalli. District RRT investigated the outbreak. Active search of cases done. All cases consumed food and presented symptoms with vomiting and loose motion. Out of 4 water samples collected and sent to PHI, Bangalore; 1 sample was non potable. All cases treated symptomatically. Health education given."
Karnataka,Raichur,Dengue,7,0,24-04-19,26-04-19,Under Control,"Cases reported from Village Mustur, PHC/CHC Masarakal, Taluk Deodurga. District RRT investigated the outbreak. House to house survey done. Out of 5 blood sample collected and sent to VIMS Ballari; 2 samples were found positive Dengue (IgM ELISA). All cases treated symptomatically. Source reduction activities undertaken. Health education given."
Karnataka,Tumkur,Shigellosis,140,0,27-04-19,28-04-19,Under Control,"Cases reported from Village Chinappanahalli, PHC/CHC Tharur, Taluk Sira. District RRT investigated the outbreak. Active search of cases done. All cases consumed food in a religious ceremony and presented symptoms with vomiting and loose motion. Out of 7 stool samples sent to DPHL Tumkur; 5 samples were positive for shigella dysenterie. All cases treated symptomatically. Health education given regarding personal hygiene and sanitation."
Kerala,Kasaragod,Viral Hepatitis A,16,0,26-04-19,27-04-19,Under Control,"Cases reported from Village Talangara, SC/PHC Urban PHC Kasaragod, Block Muliyar. District RRT investigated the outbreak. House to house survey done. All 2 blood samples collected and sent GH Kasargod were positive for Hepatitis A (IgM ELISA). All cases treated symptomatically. Chlorination of water sources done. Health education given. 8 | P a g e"
Madhya Pradesh,Alirajpur,Food Poisoning,82,1,26-04-19,27-04-19,Under Control,"Cases reported from Village Baladmung Holi Faliya, SC Baldmung, Block Jobat. District RRT investigated the outbreak. Active search of cases done. All cases consumed food in a marriage ceremony and presented symptoms with vomiting and loose motion. 5 stool samples collected and sent to MGM Medical College, Indore were negative for enteropathogens. All cases treated symptomatically. Health education given regarding personal hygiene and sanitation."
Madhya Pradesh,Chhatarpur,Chickenpox,5,0,24-04-19,28-04-19,Under Control,Cases reported from District Jail. District RRT investigated the outbreak. Active search of cases done. All cases treated symptomatically. Health education given.
Odisha,Khurda (Bhuvaneshwar),Food Poisoning,8,0,27-04-19,27-04-19,Under Control,"Cases reported from Village Botalama, SC Bengitangi, CHC Batalama, Block Begunia. District RRT investigated the outbreak. House to house survey done. All cases consumed food in a marriage ceremony and presented symptoms with vomiting and loose motion. 3 water samples collected; result awaited. All cases treated symptomatically. Health education given regarding personal hygiene and sanitation."
Punjab,Hoshiarpur,Measles?,8,0,26-04-19,27-04-19,Under Control,"Cases reported from Govt. Primary School, Golia, Block Possi, Taluk Garhshanker. District RRT investigated the outbreak. Active search of cases done. 08 blood samples collected; result awaited. All cases treated symptomatically. Health education given."
Punjab,Patiala,Mumps?,7,0,25-04-19,26-04-19,Under Control,"Cases reported from Village Ageti, Block Bhadson, Tehsil Nabha. District RRT investigated the outbreak. House to house survey done. 7 blood samples were collected & sent to DPHL, Patiala; results awaited. Medical camp organized at Subsidiary Health Center Ageti and affected cases were quarantined. All cases treated symptomatically. Health education given. 9 | P a g e"
Tamil Nadu,Nagapttinam,Food Poisoning,144,0,22-04-19,28-04-19,Under Control,"Cases reported from Village Vanagiri, HSC Vanagiri East, PHC Poompuhar, Block Sirkali. District RRT investigated the outbreak. House to house survey done. All cases consumed food (stick ice cream) and presented symptoms with vomiting and loose motion. 5 stick ice cream samples collected and sent to FSO, Nagapattinam; result awaited. Chlorination of water sources done. All cases treated symptomatically. Health education given."
Tamil Nadu,The Nilgris,Kyasanur Forest Disease,1,0,27-04-19,27-04-19,Under Surveillance,"Case reported from Village Amaikulam, HSC Marapalam, UPHC Nelliyalam, Block Gudalur. District RRT investigated the outbreak. House to house survey done. 1 serum sample collected sent to MCVR Gudalur GH; was positive for KFD Positive. Symptomatic treatment given. Health education given."
Uttar Pradesh,Ghazipur,Chickenpox,16,0,24-04-19,28-04-19,Under Control,"Cases reported from Village Chaukiya, Sahabuddinpur, CHC Subhakar, Block Ghazipur. District RRT investigated the outbreak. House to house survey done. All cases treated symptomatically. Health education given."
Uttar Pradesh,Ghazipur,Chickenpox,5,0,24-04-19,28-04-19,Under Control,"Cases reported from Village Sariya, CHC Subhakarpu, Block Haipur. District RRT investigated the outbreak. House to house survey done. All cases treated symptomatically. Health education given."
Uttar Pradesh,Ghazipur,Food Poisoning,20,0,24-04-19,28-04-19,Under Control,"Cases reported from Village Garhi, CHC Zamaniya, Block Ghazipur. District RRT investigated the outbreak. Active search of cases done. All cases consumed food in a social ceremony and presented symptoms with vomiting and loose motion. All cases treated symptomatically. Health education given."
Uttar Pradesh,Siddharth Nagar,Chickenpox,15,0,23-04-19,27-04-19,Under Surveillance,"Cases reported from Village Phoolwariya, SC Uskabazar Second, PHC/Block Uskabazar. District RRT investigated the outbreak. House to house survey done. All cases treated symptomatically. IEC activities undertaken regarding isolation and early treatment of cases. 10 | P a g e DISEASE OUTBREAKS OF PREVIOUS WEEKS REPORTED LATE Unique ID. Name of State/UT Name of District Disease/ Illness No. of Cases No. of Deaths Date of Start Outbreak Current Status Comments/ Action Taken"
Kerala,Thrissur Viral,Hepatitis?,21,0,17-04-19,,Under Control,"Cases reported from Village Madakthara, SC Ponganamkadu, PHC Madakathara, Block Vilvattom. District RRT investigated the outbreak. House to house survey done. All the cases consumed welcome drink in a marriage ceremony. 4 water samples collected and sent to the Microbiology lab MCH; result awaited. 2 blood sample collected and sent to DMOH lab; result awaited. All cases treated symptomatically. Chlorination done. Health education given."
Rajasthan,Alwar,Food Poisoning,227,0,12-04-19,,Under Control,"Cases reported from Village Khermaida, sunyana' BhojPura, CHC Kathumar, Block Kherli. District RRT investigated the outbreak. Active search of cases done. All cases consumed food in marriage ceremony and presented symptoms with vomiting and loose motion. ORS packets distributed. All cases treated symptomatically. Health education given."
Rajasthan,Banswara,Food Poisoning,33,2,07-04-19,,Under Control,"Cases reported from Village Danpur Manpuri, PHC Danpur, Block Choti Sarwan. District RRT investigated the outbreak. Active search of cases done. All cases consumed food and presented symptoms with vomiting and loose motion. ORS packets distributed. 2 food samples, 1 water sample, 1 stool sample and 1 vomitus sample were collected; result awaited. All cases treated symptomatically. Health education given."
Rajasthan,Kota,Viral Hepatitis E,26,0,01-04-19,,Under Surveillance,Cases reported from CHC Khatoli. District RRT investigated the outbreak. House to house survey done. Bore well leakage and contaminated water pits were observed. Community used bore well water for drinking purposes. 10 blood samples collected and sent to MBS (Central Lab) were positive for Hepatitis E (IgM ELISA). All cases treated symptomatically. Chlorination of water sources done. Borewell was repaired and chlorinated; water supply was restored. Health education given regarding safe drinking water and personal hygiene.
Assam,Nagaon,Malaria,9,0,04-05-19,04-05-19,Under Surveillance,"Cases reported from various villages of SC Sarkebasti Baluhandar, BPHC Lanka. District RRT investigated the outbreak. House to house fever survey done and a total of 9 positive malaria cases were identified. A total of 10054 blood slides have been examined since 01-01-19 out of which only 9 have turned positive. 7 were positive for P Falciparum and 1 each for P Vivax and mixed infection. All cases have been provided with antimalarial treatment. VBD camps were organized in the area. A total of 5200 ITBN were provided to the people."
Bihar,Gopalganj,Chickenpox,37,0,02-05-19,03-05-19,Under Surveillance,"Cases reported from Village Sisai NP Ward No-5, PHC Barauli, Block Barauli. District RRT investigated the outbreak. Cases presented with fever and maculopapular rash. Both males and females were equally affected. Children and young adults were predominantly affected. Cases belonged to low socio economic status. All cases treated and advised isolation."
Bihar,Gopalganj,Chickenpox,15,0,02-05-19,03-05-19,Under Surveillance,"Cases reported from Village/SC Sareya Narendra, PHC/Block Barauli District RRT investigated the outbreak. House to house survey done. Cases presented with fever and maculopapular rash. Both males and females were equally affected. Children and young adults were predominantly affected. Cases belonged to low socio economic status. All cases treated and advised isolation."
Bihar,Muzaffarpur,Chickenpox,9,0,29-04-19,02-05-19,Under Control,"Cases reported from Village Basantpur, HSC Raipur Mahadeo, PHC-Saraiya, Muzaffarpur. District RRT investigated the outbreak. House to house survey done. Cases presented with red eyes, maculo papular eruption on body. Majority of them belonged to low socio-economic condition with poor sanitary conditions. MOICs & RRT Medical Team visited affected area. All cases treated symptomatically. Health education given. 4 | P a g e"
Bihar,Nawada,Food Poisoning,28,0,02-05-19,05-05-19,Under Surveillance,"Cases reported from Village Chaube, PHC/Block Sirdala. District RRT investigated the outbreak. House to house survey done. Cases had history of consumption of food in a gathering and children were mainly affected, most affected age group was 3-12yrs. The suspected cause of the outbreak was lack of proper hygiene in food handling. Hygiene & sanitation related awareness given. All cases treated symptomatically. Health education given."
Bihar,Siwan,Chickenpox,5,0,05-05-19,06-05-19,Under Surveillance,"Cases reported from Village/SC Panchayat Sarsar, APHC Amlori, Block Sadar. District RRT investigated the outbreak. House to house survey done. All cases presented with fever and maculopapular rash and conjunctivitis. All cases treated. Health education given."
Chhattisgarh,Korba,Food Poisoning,16,0,02-05-19,06-05-19,Under Control,"Cases reported from Village Kutelamuda, SHC Rajkamma, PHC Chaitma, Block Pali. District RRT investigated the outbreak. House to house survey done. All cases had history of consumption of food in a marriage ceremony after which they developed vomiting and diarrhea. All cases treated. Chlorine tablets were distributed in affected area. Purification of water done by health team and health education regarding hand washing given by RRT."
Karnataka,Davangere,Food Poisoning,48,0,02-05-19,02-05-19,Under Surveillance,"Cases reported from Village Hatti, PHC/CHC Kagathur, Taluk Channagiri. District RRT investigated the outbreak. House to house survey done. 3 Stool samples, 4 water samples and 1 vomitus sample sent to DPHL Davangere, result awaited. 06 food samples sent to PHI Lab, result awaited. Health camp organized in the school and all cases treated symptomatically. Health education given."
Kerala,Ernakulam,Food Poisoning,13,1,04-05-19,06-05-19,Under Control,"Cases reported from Village Nayathode, PHC/Block Angamal. Cases had history of consumption of beef which was the possible source of infection. 2 water sample collected from the well and sent to RPH Lab Ernakulam, result awaited. All cases treated. A 30 years old male expired of the illness. Health education given. 5 | P a g e"
Kerala,Kollam,Food Poisoning,107,0,30-04-19,01-05-19,Under Surveillance,"Cases reported from UHC PP Unit Kadakkal, PHC Nilamel, Block Nilamel. District RRT investigated the outbreak. House to house survey done. No food samples availed. Cases occurred after attending marriage ceremony at Sreesailam Auditorium and presented with vomiting, mild fever and diarrhea. Detailed food history was taken and it was observed that cases who consumed milk developed illness. No food samples were collected. Health education given."
Maharashtra,Ahmednagar,Food Poisoning,14,0,02-05-19,04-05-19,Under Surveillance,"Cases reported from Village Shrigonda, SC Erondoli, PHC / Block Sonwane Wasti."
Maharashtra,Gadchiroli,Food Poisoning,31,0,30-04-19,02-05-19,Under Surveillance,"Cases reported from Village Paraswadi, SC Dudhmala, PHC Godalwahi, Block Dhanora. District RRT investigated the outbreak. Cases had history of attending a marriage ceremony. All of them presented with vomiting, abdominal pain and loose motions. All cases treated symptomatically. RRT visited the affected area. Control room was established in the area. Water samples were taken, result awaited. Drinking water sources were chlorinated."
Maharashtra,Sindhudurg,KFD,1,1,29-04-19,30-04-19,Under Surveillance,"Case reported from Village Konashi, SC Asniye, PHC Talkat, Block Dodamarg. 4 blood samples from suspected persons were taken and all found negative for Malaria at PHC Talkat and 1 sample found positive for KFD at GMC Goa. Rapid survey done. Larvicides were used. Health education given. A 60 year old male died of illness."
Maharashtra,Yavatmal,Food Poisoning,32,0,02-05-19,03-05-19,Under Surveillance,"Cases reported from Village/SC Walasa, PHC Saikheda, Block Darawha. District RRT investigated the outbreak. Cases occurred after consumption of food in “Tervi” held in village. Cases complained of vomiting, dysentery and pain abdomen. Patient admitted to nearest SDH Darawha and given treatment. 5 food sample taken, result awaited. Chlorination of common water source done. Cleanliness activity done in the village. Health education given. 6 | P a g e"
Madhya Pradesh,Datia Suspected,Pertussis,1,0,04-05-19,04-05-19,Under Surveillance,"Case reported from Village Gondan, SC Gondan, Block Bhander. Case presented with cough, Paroxymal coughing and posttussive vomiting. Nasopharyngeal swab and serum sample was collected and sent to Shivpuri Lab for culture, result awaited. Isolation was advised. Health education given."
Madhya Pradesh,Khargon,Food Poisoning,94,0,03-05-19,03-05-19,Under Control,"Cases reported from Village Karhi, Block Maheshwar. District RRT investigated the outbreak. Cases had history of consuming food in a marriage ceremony. Food history revealed that cases who consumed rasmalai developed symptoms. Symptoms consisted of pain in abdomen and loose motions 2- hours after consumption of food. 1 food sample, 5 stool samples collected and sent to Department of MGM Medical college, result awaited. 2 water samples collected and sent to PHE Department, result awaited. District RRT investigated the outbreak. House to house survey done. All cases treated."
Punjab,Gurdaspur,Chickenpox,14,0,03-05-19,03-05-19,Under Surveillance,"Cases reported from Village Ganji, PHC Behrampur. District RRT investigated the outbreak. House to house survey done. All cases isolated and treated. Health education given."
Punjab,Kapurthala Suspected,Pertussis,1,0,29-04-19,29-04-19,Under Surveillance,"Case reported from Village Thakkari, Block Phagwara. The case is a 5 year old child and belonged to a migratory settlement. Blood sample collected and sent to PGI, Chandigarh. Case was isolated and treated. Health education given."
Tamil Nadu,Villupuram- Kallakurichi,Acute Diarrheal Disease,22,0,30-04-19,02-05-19,Under Surveillance,"Cases reported from Village/HSC Thenkeeranur, PHC Malaikottalam, Block Kallakurichi. District RRT investigated the outbreak. House to house survey done. 3 water samples sent to DPHL Kallakurichi and 2 found non potable. All cases treated symptomatically. Overhead water tanks cleaned and chlorinated. Disinfection done in households. 7 | P a g e"
Tripura,North Tripura,Food Poisoning,7,1,03-05-19,,Under Control,"Cases reported from Village/PHC Kalikapur Under Bungung. District RRT investigated the outbreak. House to house survey done. All cases had attended a family function after which they fell ill. They developed fever, vomiting and loose motions. All of them were taken to PHC for treatment. A 10 year old child died of the illness. Health camp organized in the area."
Uttar Pradesh,Lucknow,Chickenpox,7,0,04-05-19,04-05-19,Under Surveillance,"Cases reported from Village Godwa, SC Rahim Nagar Padiyana, PHC Harauni, CHC Sarojninagar. District RRT investigated the outbreak. House to house survey done. Cases presented with fever and maculopapular rash. Age Distribution 13-24 yrs. 6 Blood Samples sent to Virology Lab, KGMU, Lucknow. All cases treated. Health education given."
West Bengal,Howrah,Food Poisoning,350,0,29-04-19,29-04-19,Under Control,"Cases reported from Village -Sauria, Kamargoria, G.P-Jhamtia, Block Amta. District RRT investigated the outbreak. House to house survey done. Cases had history of consumption of taking Prasad in ""Mahaprobhvu utsav"". 2 Food Samples and 2 vomitus samples collected and sent to CCL Kolkata and SSKM respectively, result awaited. All cases treated symptomatically. Health education given. 8 | P a g e DISEASE OUTBREAKS OF PREVIOUS WEEKS REPORTED LATE Unique ID. Name of State/UT Name of District Disease/ Illness No. of Cases No. of Deaths Date of Start Outbreak Current Status Comments/ Action Taken"
Karnataka,Chitradurga,Fever,47,0,24-04-19,,Under Control,"Cases reported from a jail in Chitradurga Urban, PHC/CHC Buddanagara UPHC, Taluk Chitradurga. District RRT investigated the outbreak and visited the jail and examined jail inmates. 3 Blood samples, 47 Blood smears collected and sent to DPHL Chitradurga, all found negative for Dengue, Chikungunya and Typhoid. Jail authorities were asked to undertake vector control activities. Health education given."
Kerala,Alappuzha,Food Poisoning,60,0,28-04-19,,Under Surveillance,"Cases reported from Village Ambalappuzha, HSC Komana, PHC/Block Ambalappuzha. District RRT investigated the outbreak. All cases occurred after consuming food in a house warming celebration. Cases presented with vomiting, abdominal pain and diarrhea. All cases treated. Chlorination of well done. Health education given regarding food hygiene and personal hygiene."
Kerala,Wayanad,Scrub Typhus,24,1,25-04-19,,Under Surveillance,"Cases reported from Changamoola Nayka colony in Village Poothadi, HSC Kenichira, PHC Poothadi, Block Sulthan bathery. District RRT investigated the outbreak. House to house survey done. 11 Blood samples taken and sent to MCVR lab out of which - 6 samples tested positive for Scrub Typhus by Ig M ELISA. No history of tick bites could be elicited. The affected area was surrounded by dense forests. All cases treated symptomatically and Doxycycline prophylaxis given to contacts. Health education given. A 28 year old female died of the illness."
West Bengal,"Rampurhat HD, Birbhum",Acute Diarrheal Disease,72,0,27-04-19,,Under Surveillance,"Cases reported from Village Mathpara, Ward-8, Rampurhat Municipality. District RRT investigated the outbreak. House to house survey done. 3 rectal swab samples have been sent to Burdwan Medical College on 30.04.2019 and no pathogenic organism could be isolated in all 3 samples. All cases hospitalized at Rampurhat Govt. Medical College & Hospital. Alternative Water supply provided by water tanker by Municipal authority. Blocking regular pipeline water supply done by PHE. Necessary repair & action on pipeline will be done. Health education given. 9 | P a g e FOLLOW-UP DISEASE OUTBREAKS OF PREVIOUS WEEKS Unique ID. Name of State/UT Name of District Disease/ Illness No. of Cases No. of Deaths Date of Start Outbreak Current Status Comments/ Action Taken Follow up of 14th week (359) Kerala Thrissur Hepatitis A 20 00 23-04-19 Under Control Cases reported from Village Thrissur Corportaion, HSC/PHC G.H Thrissur, Block Thrissur Corporation. District RRT investigated the outbreak. House to house survey done. 4 water samples taken and send to Envirochem lab Thrissur, 4 Blood samples taken and send to DMOH lab. Result awaited. Index case tested positive for Hepatitis A by a private lab and all others had history of contact with index case. All affected were between 18-25 years of age and were living as paying guest and attending same coaching centre. All cases treated. Health education given. Superchlorination of wells done in 1 km radius. Follow up of 17th week (428) Himachal Pradesh Hamirpur Jaundice 36 00 26-04-19 Under Control Cases reported from multiple villages and Sub centres of CHC Bijhari, Block Barsar. District RRT investigated the outbreak. House to house survey done. Lab samples collected, result awaited. All cases treated symptomatically. Health education given."
Assam,Dibrugarh,Acute Diarrheal Disease,9,0,09-05-19,10-05-19,Under Control,"Cases reported from Village/SC Naharpara Borbill, PHC/Block Naharani. District RRT investigated the outbreak. House to house survey done. Water samples from tube well were collected and sent to Microbiology Dept, AMCH, Dibrugarh; result awaited. All cases treated symptomatically. Halogen tablets and ORS packets were distributed in the community. IEC done regarding safe drinking water and personal hygiene."
Assam,Dibrugarh,Food Poisoning,8,0,10-05-19,11-05-19,Under Control,"Cases reported from Longboi Tea Estate, SC Rajgarh, PHC/Block Naharani. District RRT investigated the outbreak. Active search of cases done. Cases consumed food (wild mushroom) and presented symptoms with vomiting and loose motion. Symptomatic treatment given to all cases. Health education given regarding food hygiene and sanitation."
Assam,Sibsagar,Food Poisoning,14,0,09-05-19,10-05-19,Under Control,"Cases reported from Village/SC Dabohibil & Nogakata Gaon & Nogakata Grant, BPHC, Japisajia, Block Sapekhati. District RRT investigated the outbreak. Active search of cases done. All the cases consumed food (wild mushroom) and presented symptoms with loose motion and vomiting. Cases treated symptomatically. Health education given regarding food hygiene and sanitation."
Bihar,Goapalganj,Chickenpox,20,0,10-05-19,10-05-19,Under Surveillance,"Cases reported from Village Lakari Banbir, SC Lakari, PHC Phulwariya, Block Phulwariya. District RRT investigated the outbreak. House to house survey done. Affected children were in the age group between 14 - 40yrs. 05 blood samples collected and sent to PMCH Patna; result awaited. All cases treated symptomatically. Health education given. 1358833/2019/O/O NCDC 435 4 | P a g e"
Gujarat,Junagadh,Food Poisoning,176,0,11-05-19,11-05-19,Under Surveillance,"Cases reported from Village/SC Khirasara, PHC Balagam, Block Keshod. District RRT investigated the outbreak. Active search of cases done. All cases consumed food in marriage ceremony and presented symptoms with vomiting and loose motion. Food samples collected; result awaited. ORS packets distributed. All cases treated symptomatically. Health education given."
Jharkhand,Dumka,Chickenpox,8,0,11-05-19,11-05-19,Under Control,"Cases reported from Villages Tinghara, Birna, Kashijore, Jamua, SC Rajon amrakunda, CHC Jarmundi Dumka Block Tinghara. District RRT investigated the outbreak. House to house survey done. Out of 2 blood samples were collected and send to RIMS Ranchi; 1 sample was positive for chickenpox (IgM ELISA). Symptomatically treatment was given all cases. Health education given."
Karnataka,Bellary,Food Poisoning,53,0,06-05-19,06-05-19,Under Control,"Cases reported from Hampi University Girls Hostel, PHC/CHC Kamalapura, Taluk Hospet. District RRT investigated the outbreak. Active search of cases done. All cases consumed food in dinner and presented symptoms with vomiting and loose motion. Food samples were collected and sent to Divisional food lab; result awaited. All cases treated symptomatically. Health education given regarding personal hygiene and sanitation."
Karnataka,Davangere,Food Poisoning,14,0,08-05-19,09-05-19,Under Control,"Cases reported from Village Kumbaluru, PHC/CHC Malebennuru, Taluk Harihara. District RRT investigated the outbreak. Active search of cases done. All cases consumed food in dinner and presented symptoms with vomiting and loose motion. 3 water samples collected; result awaited. All cases treated symptomatically. Health education given regarding personal hygiene and sanitation. 1358833/2019/O/O NCDC 436 5 | P a g e"
Kerala,Wayanad,Cholera,15,0,06-05-19,07-05-19,Under Control,"Cases reported from Village Pullorkunnu, PHC Moopainad, Block Kalpetta. District RRT investigated the outbreak. All the cases were labourers from Assam working in a tea estate. Cases presented symptoms of diarrhea and were admitted in District Hospital. 4 stool samples were collected and sent to WIMS & MCVR; were positive for cholera culture. All cases treated symptomatically. Chlorination of water sources done. Disinfection of the surrounding area done by bleaching powder. Health education given regarding personal hygiene and sanitation."
Kerala,Kozhikode,West Nile Fever,1,0,01-05-19,11-05-19,Under Surveillance,"A 15yr old boy resident of Kallai area of Kozhikode Corporation presented symptoms of fever, neck stiffness and meningitis was admitted in MCH Kozhikode on 1st 01-05-19. District RRT investigated the outbreak. House to House survey done. Blood and CSF sample were collected and sent to ICMR Alapuzha were positive for West Nile (IgM ELISA). Entomological survey done (HI 13.9; CI 12.3; BI 15.9). IRS and anti-larval measures were carried out in the affected area. Case discharged on 9th 01-05-19. Health education given regarding personal protection measures."
Maharashtra,Amravati,Food Poisoning,86,0,11-05-19,11-05-19,Under Control,"Cases reported from Village Bhawar and Laktu, PHC Sadrawadi, Block Dharni. District RRT investigated the outbreak. Active search of cases done. All cases consumed food in marriage ceremony and presented symptoms with vomiting and loose motion. All cases treated symptomatically. Health education given regarding personal hygiene and sanitation."
Madhya Pradesh,Dhaar,Food Poisoning,133,0,07-05-19,11-05-19,Under Surveillance,"Cases reported from Village Saattalai PHC kroli Block Manwar. District RRT investigated the outbreak. Active search of cases done. All cases consumed food in marriage ceremony and presented symptoms with vomiting and loose motion. All cases treated symptomatically. Food samples were collected and sent to FSO, Bhopal; result awaited. Stool samples collected an sent to MGM, Indore; result awaited. Health education given. 1358833/2019/O/O NCDC 437 6 | P a g e"
Madhya Pradesh,Shivpuri,Food Poisoning,60,0,06-05-19,08-05-19,Under Control,"Cases reported from Village Kherona, SC Budi Badod, CHC Satanwada, Block Satanwada. District RRT investigated the outbreak. Active search of cases done. All cases consumed food in dinner and presented symptoms with vomiting and loose motion. All cases treated symptomatically. Health education given regarding personal hygiene and sanitation."
Meghalaya,West Khasi Hills (Nongstoin),Food Poisoning,3,2,06-05-19,07-05-19,Under Control,"Cases reported from SC Tynhiang, CHC Riangdo, Block Mawshynrut. District RRT investigated the outbreak. District RRT investigated the outbreak. Active search of cases done. All cases consumed food (mushroom) in dinner and presented symptoms with vomiting and loose motion. All cases treated symptomatically. Health education given regarding personal hygiene and sanitation."
Odisha,Kalahandi,Acute Diarrheal Disease,27,0,10-05-19,11-05-19,Under Surveillance,"Cases reported from Village Durbhata (Khairapada) under Biswanathpur CHC, Kalahandi. District RRT investigated the outbreak. House to house survey done. 03 water samples collected and sent to DPHL Kalahandi; result awaited. All cases treated symptomatically ORS packets were distributed in the community. IEC done regarding safe drinking water and personal hygiene."
Odisha,Balangir,Acute Diarrheal Disease,17,0,03-05-19,10-05-19,Under Surveillance,"Cases reported from Village Salepali, PO Salepali, SC Jarasingha, PS Tusura, CHC/Block Deogaon. District RRT investigated the outbreak. House to house survey done. 01 water sample collected and sent to DPHL Balangir showed no growth of enteropathogens. All cases treated symptomatically ORS packets were distributed in the community. IEC done regarding safe drinking water and personal hygiene."
Punjab,SAS Nagar,Jaundice,9,0,11-05-19,11-05-19,Under Surveillance,"Cases reported from Village Madanhery PHC Gharuan. District RRT investigated the outbreak. House to house survey done. 9 blood samples collected and sent to DPHL SAS Nagar; result awited. 5 water samples were collected; result awaited. All cases treated symptomatically. Health education given regarding personal hygiene, Hand hygiene practices and safe drinking water. 1358833/2019/O/O NCDC 438 7 | P a g e"
Punjab,Ferozepur,Chickenpox,16,0,07-05-19,07-05-19,Under Control,"Cases reported from Village Hussainiwala & Chak Bare Ke, Block Mamdot. District RRT investigated the outbreak. House to house survey done. All cases treated symptomatically. Health education given."
Tamil Nadu,Ariyalur,Food Poisoning,18,0,06-05-19,06-05-19,Under Control,"Cases reported from Village/SC G.K Puran, PHC Meensuriti, Block Jayankondam. District RRT investigated the outbreak. Active search of cases done. All cases consumed food in a social ceremony and presented symptoms with vomiting and loose motion. 2 water and 2 food samples were collected; result awaited. All cases treated symptomatically. Health education given regarding personal hygiene and sanitation."
Tamil Nadu,Dindigul - Palani,Acute Diarrheal Disease,19,0,08-05-19,09-05-19,Under Surveillance,"Cases reported from Village Sembarankulam, HSC Vedakavunji, PHC Perumpallam, Block Kodaikana. District RRT investigated the outbreak. House to house survey done. 09 stool sample collected were negative for enteropathogens. 02 water sample collected and sent to DPHL Dindigul were non potable. All cases treated symptomatically ORS packets were distributed in the community. IEC done regarding safe drinking water and personal hygiene."
Telangana,Adilabad,Food Poisoning,27,3,08-05-19,09-05-19,Under Control,"Cases reported from Village Kolamguda, SC Kothapally, Mdl. Narnoor. District RRT investigated the outbreak. Active search of cases done. All the cases consumed food in dinner and presented symptoms with loose motion and vomiting. Cases treated symptomatically. Health education given regarding food hygiene and sanitation."
Uttar Pradesh,Aligarh,Food Poisoning,5,1,06-05-19,09-05-19,Under Surveillance,"Cases reported from Village/SC Rampur, CHC/Block Jawan. District RRT investigated the outbreak. Active search of cases done. All the cases consumed food in dinner (chola and rice) and presented symptoms with loose motion and vomiting. One death occurred in a 5yr old male child. Cases treated symptomatically. Health education given regarding food hygiene and sanitation. 1358833/2019/O/O NCDC 439 8 | P a g e"
West Bengal,South 24 Paraganas,Food Poisoning,274,0,10-05-19,10-05-19,Under Surveillance,"Cases reported from Village Borokanaigachi, SC Raghunathnagar, GP Moshat, Block Diamond Harbour I. District RRT investigated the outbreak. Active search of cases done. Cases consumed food (iftar party) and presented symptoms with vomiting and loose motion. 04 stool samples were collected and sent to SSKM Kolkata; result awaited. Cases treated symptomatically. Health education given regarding food hygiene and sanitation."
West Bengal,Coochbehar,Food Poisoning,123,0,10-05-19,11-05-19,Under Control,"Cases reported from Village Dhanirtori, Dineswari, Hatidhura SC Bararangrash GP, Cooch Behar-II. District RRT investigated the outbreak. Active search of cases done. Cases consumed food (prasad) in a religious ceremony and presented symptoms with vomiting and loose motion. 03 stool samples and 1 food sample were collected and sent to NBMCH; result awaited. Cases treated symptomatically. Health education given regarding food hygiene and sanitation. 1358833/2019/O/O NCDC 440 9 | P a g e DISEASE OUTBREAKS OF PREVIOUS WEEKS REPORTED LATE Unique ID. Name of State/UT Name of District Disease/ Illness No. of Cases No. of Deaths Date of Start Outbreak Current Status Comments/ Action Taken"
Andhra Pradesh,Ananthapur,Measles,3,1,27-04-19,,Under Control,"Cases of fever, cough and maculopapular rash reported from Village Yerraguntapalli, SC Ravi Venkatampalli, PHC Chukkalur. District RRT investigated the outbreak. House to house survey done. 2 blood samples collected and sent to IPM, Hyderabad; results awaited. All cases treated symptomatically. Vitamin A supplementation provided. Health education given regarding isolation of cases."
Arunachal Pradesh,Namsai,Enteric Fever,15,0,23-04-19,,Under Control,"Cases reported from Chhowkham Town, CHC Chhowkham. District RRT investigated the outbreak. House to house survey done. Out of 18 blood samples collected sent to CHC Chowkham; 15 blood samples were positive for widal test. 40 water samples collected were potable. Symptomatic treatment given to cases. Health education given regarding safe drinking water and sanitation."
Delhi,South East,Typhoid?,43,0,27-04-19,,Under Surveillance,"Cases reported from Village Tuglakabad (Churiya Mohalla, Kumhaar Mohallah, Kangar Mohalla), PHC Kangar Nohallah, Block Churiya Mohallah. District RRT investigated the outbreak. House to house survey done. All 43 blood samples were collected were positive for Typhi dot test (ELISA). 13 blood sample collected and sent to Pt Madan Mohan Malviya; result awaited. Water samples collected and sent to Delhi Jal Board showed presence of ammonia confirming sewage contamination and the samples were bacteriologically unsatisfactory. All cases treated symptomatically. Food safety officer instructed to collect water samples from the water supply and shops for testing. Chlorine tablets were distributed in the community. Health education given safe drinking water and personal hygiene."
Meghalaya,Jaintia Hills,Chickenpox,9,0,15-04-19,,Under Control,"Cases reported from Village Lura, Birna, SC Ngaibang, PHC Saipung Block Saipung. District RRT investigated the outbreak. House to house survey done. All cases were children less than 5yr of age. Symptomatic treatment was given all cases. Health education given. 1358833/2019/O/O NCDC 441"
Andhra Pradesh,Guntur,Acute Diarrheal Disease,23,2,14-05-19,15-05-19,Under Control,"Cases reported from Village Rayapudi, Mandal Thulluru. District RRT investigated the outbreak. Cases had history of consumption of food consisting of fish, chicken and liquor after which they developed Diarrhea and admitted at NRI General Hospital. 3 stool samples collected at NRI Hospital and tested Negative. 2 water samples collected and sent to regional lab for biological & chemical analysis and found negative. One stool sample sent to Guntur Medical college, result awaited. All cases treated symptomatically. Health education given. Protection from heat wave also advised and a big tent with jumbo air coolers also installed at shelter for these workers. A 26 year old female and 70 year male died of illness."
Andhra Pradesh,Visakhapatnam,Food Poisoning,9,0,19-05-19,20-05-19,Under Surveillance,"Cases reported from Village Kotta Vedurupalli, PHC R.V.Nagar, Mandal Chintapalli. District RRT investigated the outbreak. 6 members of the same family collected mushrooms from the surrounding area and consumed it. No samples were collected. Villagers are educated to take only eatable mushrooms and to take fresh hot food. Para Medical Staff concerned have been instructed to continue door to door surveillance for one week. All cases treated symptomatically. Health education given."
Andhra Pradesh,Visakhapatnam,Acute Diarrheal Disease,16,0,19-05-19,19-05-19,Under Surveillance,"Cases reported from Village Pothangi, PHC Dumbriguda. District RRT investigated the outbreak. 1 water samples have been collected and send to the Regional Public Health Laboratory for analysis, result awaited. Water sources Chlorinated by the Panchayat. Health education given to take fresh, hot food and clean water and also to maintain environmental sanitation in the village. Para Medical Staff concerned have been instructed to continue door to door surveillance for 3 days. All cases treated symptomatically. 4 | P a g e"
Assam,Lakhimpur,Mushroom Poisoning,7,0,17-05-19,17-05-19,Under Surveillance,"Cases reported from Village Seajuli Tiniali, MPHC Seajuli, BPHC Boginodi. All cases were from two families and had history of consuming mushrooms harvested from vicinity. After consumption they developed abdominal pain, vomiting and diarrhea. All of them admitted in Civil hospital and treated. 3 stool samples collected for culture and sensitivity test, Result awaited. RRT investigated the outbreak. Active Surveillance is going on by the health workers in the affected area. Awareness camp organized in the affected area."
Assam,Tinsukia,Mushroom Poisoning,25,0,14-05-19,14-05-19,Under Surveillance,"Cases reported from Various villages of District Tinsukia. All had history of consuming mushrooms harvested from jungle. After consumption they developed abdominal pain, vomiting and diarrhea. All of them admitted in Tinsukia Civil hospital and further referred to Assam medical college and treated. RRT investigated the outbreak. Active Surveillance is going on by the health workers in the affected area. Awareness camp organized in the affected area"
Bihar,Muzaffarpur,Chickenpox,18,0,14-05-19,17-05-19,Under Control,"Cases reported from AT Vashudev Patti and Chakia Mohammadpur, HSC Saraiya, PHC/Block Saraiya. District RRT investigated the outbreak. Symptoms of red eyes, maculo popular eruption on body reported by cases. Majority of them belonged to low socio-economic condition, poor sanitary conditions found. MOICs & RRT Medical Team, visited affected area for investigating and taking control measures. All affected person and others sensitized about their personal hygiene and cleanliness. All cases treated symptomatically. Health education given. 5 | P a g e"
Bihar,Sheikhpura,Chickenpox,14,0,10-05-19,17-05-19,Under Control,"Cases reported from Village ToyBigha, HSC Kajifattuchak, PHC Barbigha, Block Barbigha. All patients are having fever with maculo popular rash. All patients given treatment & medicine under supervision of MOIC & Medical team. All affected were between 2 to 25 years of age. RRT investigated the outbreak. House to house survey done. IEC activity done regarding personal hygiene and isolation of cases. All cases treated symptomatically."
Karnataka,Chamarajanagar Suspected,Chikungunya,31,0,17-05-19,18-05-19,Under Surveillance,"Cases reported from Village Tille Gowdana Doddi & Rasi Boli Thanda, PHC/CHC Sathegala, Taluk Kollegal. District RRT investigated the outbreak. Index case had history of travel to Gundal, Duganikote Tq, Dharmapuri District, Tamilnadu one week prior to development of symptoms. He developed fever and joint pain and within one week other people of village developed same symptoms. 5 blood samples tested negative for Dengue and Chikungunya, 15 blood smears tested negative for Malaria."
Karnataka,Davangere,Food Poisoning,73,0,16-05-19,16-05-19,Under Surveillance,"Cases reported from Village Aurundi, PHC/CHC Nyamathi CHC, Taluk Honnali. District RRT investigated the outbreak. All cases attended a ceremony. 05-water sample tested by H2S method at DSU and 02 found unfit. 01 stool sample collected and found negative for any enteropathogen. All cases treated. Health education given. Active surveillance is continuing in the area."
Karnataka,Koppal,Acute Diarrheal Disease,49,0,13-05-19,14-05-19,Under Control,"Cases reported from Village Koradkera, PHC/CHC Chalgera, Taluk Kustagi. District RRT investigated the outbreak. Leakages in water pipeline have been observed causing mixing of drinking water with sewage. Leakages have been repaired and chlorination done. Alternate water supply provided. 3 stool samples tested negative for Salmonella, Cholera and Shigella and 4 water samples sent to DPHL Lab found potable. Health education given. 6 | P a g e"
Karnataka,Shimoga,Hepatitis E,36,0,16-05-19,21-05-19,Under Surveillance,"Cases reported from Village Alkola, PHC/CHC Seegihatti, Taluk Shimoga. District RRT investigated the outbreak. Well-Water contamination was suspected for the Outbreak. Government well is a common source of drinking water, through which water is supplied to households through pipelines. Well water contamination has been suspected as the cause of outbreak. 36 blood samples and 4 water samples were collected and sent to DSU lab. 20 blood samples tested positive for Hepatitis E by Ig M ELISA and 3 out of 4 water samples tested unfit for drinking. Well has been chlorinated and all cases treated at health facility."
Kerala,Ernakulam,Food Poisoning,55,0,19-05-19,21-05-19,Under Control,"Cases reported from Village Manjapra, PHC/Block Angamaly. District RRT investigated the outbreak. All cases had history of consumption of food in a marriage ceremony. Possible source of infection was pasta salad as per case history. All cases had abdominal pain, vomiting and loose stools. 2 water samples collected and sent to RPH lab Ernakulam, result awaited."
Kerala,Kollam,Food Poisoning,44,0,13-05-19,15-05-19,Under Surveillance,"Cases reported from Village Div12, HSC Thevally, PHC Thrikkadavoor, Block Kollam Corporation. All cases had history of consumption of food in a marriage ceremony. Food handlers were examined and none of them had health card. Kitchen premises were unhygienic and water used for cooking was also unchlorinated. Cases had abdominal pain, loose motions and vomiting. 2 water samples taken and sent to PH lab Kollam for culture and found satisfactory. All cases treated. Water chlorinated. Health education given."
Kerala,Kannur,Hepatitis A,24,0,09-05-19,18-05-19,Under Surveillance,"Cases reported from Village/HSC Chendayad, PHC Kunnothuparamba, Block Panoor. District RRT investigated the outbreak. 2 Blood samples collected and tested at RPH Lab Kannur and found positive for Hepatitis A. Water sample from the wells used for cooking purpose in the function collected and sent to quality analysis. Cases had history of consuming food in a marriage ceremony. Mass super chlorination done. Fever survey done. 7 | P a g e"
Kerala,Trivandrum,Leptospirosis,3,0,18-05-19,20-05-19,Under Control,"Cases reported from Village Ponganad, HSC Nil, PHC/Block Kilimanoor. District RRT investigated the outbreak. It was observed that around 50 children were being given swimming training in village pond by some private agency. All 03 affected had history of going to this pond. They developed fever and body ache. 3 blood samples taken and all found positive for Leptospirosis by Ig M ELISA. Panchayat was alerted and people asked not to take a dip in the pond. Pond cleaning started."
Meghalaya,East Khasi Hills,Food Poisoning,8,0,18-05-19,18-05-19,Under Surveillance,"Cases reported from Village Jaiaw, Shillong. Four males and four females were affected with age group ranging from 20 to 60 years. The common symptoms were multiple episodes of diarrhea and vomiting, nausea, chills and abdominal pain. Two stool samples collected and sent to ICMR Dibrugarh, result awaited. No food sample was available for collection. Investigated by RRT. The cases were admitted to a private hospital in Shillong and provided symptomatic treatment and at present are responding well to the treatment."
Maharashtra,Amravati Suspected,Hepatitis A,24,0,18-05-19,18-05-19,Under Surveillance,"Cases reported from Boys Government Residential Hostel Nimbhora under Amravati Muncipal Corporation. District RRT investigated the outbreak. Pipe-lines and Valve leakages, irregular chlorination, Junk food and bad dietary habits, all these factors caused Viral Hepatitis A. 1 water sample collected and sent to DPHL Amravati. Result – Awaited. Active case search done. Super- chlorination of main water source (Bore-well) done. Alternate water supply started. All cases treated symptomatically. 8 | P a g e"
Madhya Pradesh,Khargon,Acute Diarrheal Disease,49,0,18-05-19,20-05-19,Under Control,"Cases reported from Village/CHC/Block Segaon. District RRT investigated the outbreak. Leakeages were observed in water pipelines supplying water to households. 4 stool samples were collected and sent to department of microbiology MGM medical college Indore, result is awaited. 5 water samples collected by PHE department, result are awaited. District RRT investigated the outbreak. House to house health survey done, chlorine tablets and ORS packets distributed. Medical camp organized and all cases treated symptomatically. Health education given among community."
Odisha,Balangir,Food Poisoning,13,0,16-05-19,20-05-19,Under Control,"Cases reported from Village Shanpur, PO/SC Sikachhida, CHC/Block Chudapali. District RRT investigated the outbreak. Some cases found with stomach ache with loose motion after consumption of Raw mango fruit in a field and those people were professionally kendu leaf worker. 05 Nos of water samples sent to DPHL, Balangir and 3 found unfit for drinking. ORS distributed. All cases treated symptomatically. Health education given."
Odisha,Rayagada,Food Poisoning,11,0,18-05-19,21-05-19,Under Control,"Cases reported from Village Bariapali, GP Seriguma, SC Deulabadi, CHC/Block K. Singpur. District RRT investigated the outbreak. All patients were labourers and staying at a camp near Bariapali village. All had history of consumption of poisonous wild Mushroom collected from the nearby Jungle. They developed hematemesis and unconsciousness. All patients were immediately shifted to DHH Rayagada for treatment. Affected cases are treated at DHH Rayagada HW (M) &HW (F) is in search of new cases. MO I/C CHC K. Singpur is advised to keep the village under surveillance for 2 weeks from the date of reporting of last case. MHU K.Singpur deployed for 7 days to the village for case management & MAT. IEC activity regarding safe water and food items. All cases treated symptomatically. Health education given. 9 | P a g e"
Rajasthan,Pratapgarh,Measles,5,0,13-05-19,13-05-19,Under Surveillance,"Cases reported from Village Urban Pratapgarh. District RRT investigated the outbreak. 5 Suspected Patient Found with Fever & maculopapular Rashes with Cough & Coryza in Scatted Population in Urban Area of Pratapgarh. 5 Serum Sample sent to Microbiology Lab. SMS Medical College Jaipur for Confirmation of Measles & Rubella by ELISA, result awaited. DRRT Visited Affected Area. House to House surveillance is ongoing. All cases treated under isolation."
Rajasthan,Sri Ganganagar,Brucellosis,1,0,09-05-19,12-05-19,Under Surveillance,"Cases reported from 2 RKM, Kundal Village Gharsana. District RRT investigated the outbreak. The affected case had history of consumption of raw milk from a cow he owned. His blood sample was tested positive at Bikaner Medical College Four blood samples from house member taken and sent to Bikaner Medical College, result awaited. 10 blood samples from cattle were also taken and sent to animal husbandry department. RRT visited the area. Patient was treated and discharged asymptomatic. House to house survey done. Health education given."
Telangana,Nagarkurnool,Food Poisoning,21,0,18-05-19,,Under Control,"Cases reported from Village/SC Gattunellikuduru, PHC Pedduru. District RRT investigated the outbreak. House to house survey done. 2 Stool samples collected and sent to Dist. Public Health Lab (IDSP), Mahabubnagar for bacteriological investigations and 5 water samples collected and sent to RWS Lab Nagarkurnool for bacteriological investigations, result awaited. Health Education given to people on personal Hygiene and maintain the sanitation in and around the kitchen. Did the Pot Chlorination in the Village."
Uttar Pradesh,Barabanki,Food Poisoning,56,0,15-05-19,16-05-19,Under Surveillance,"Cases reported from Village Murtaza Nagar, Post kheuli, SC Mittai, CHC/Block Dewa. Cases had history of consumption of food in a marriage ceremony. RRT investigated the outbreak. It was observed that left over food was eaten in morning also. 1 food sample taken, result awaited. All cases were treated. 10 | P a g e"
Uttar Pradesh,Budaun,Chickenpox,11,0,15-05-19,16-05-19,Under Surveillance,"Cases reported from Village Abdullaganj, CHC Ujhani, Block Ujhani. Cases presented with fever with rash. RRT visited the area. Health education given."
West Bengal,Howrah,Cholera,108,2,08-05-19,13-05-19,Under Surveillance,"Cases reported from Village Howrah, WARD Panchla, GP Jujasha, Municipalty/Block Malipukur Samaj Unnayan Samiti. It was observed that inmates were living in very poor sanitary conditions. The kitchen were food was prepared was also dirty without proper water and food storage facilities. 4 water samples collected and sent to public health lab Kolkatta. 07 rectal swabs were taken and sent to SSKM Kolkatta, out of which 4 had pathogenic E Coli and 01 had V Cholera. Control measures were undertaken. All cases treated."
West Bengal,South 24 Parganas,Food Poisoning,61,0,19-05-19,19-05-19,Under Surveillance,"Cases reported from Village Bishaipara, S/CHarendranagar & Ramgopalpur, GP Ramgopalpur, Block Kakdwip. District RRT investigated the outbreak. People were affected after eating Sinni (Suji+Raw milk Fruits), Puri, Chana Daal, Fruits on the occasion of Satya Narayan Puja in the evening of 18-05-2019. One (1) stool sample collected on 19.05.2019 (5 PM) and sent to SSKM, Kolkata on 20.05.2019. Result awaited. Block RRT visited the affected area. Active search done. Medicine distributed & IV fluids & ORS given. IEC done & Health education imparted. All cases treated symptomatically. Health education given. 11 | P a g e DISEASE OUTBREAKS OF PREVIOUS WEEKS REPORTED LATE Unique ID. Name of State/UT Name of District Disease/ Illness No. of Cases No. of Deaths Date of Start Outbreak Current Status Comments/ Action Taken"
Goa,South Goa,Dengue,17,0,10-04-19,,Under Surveillance,"Cases reported from Village Gogal Salcete, UHC Margao. District RRT investigated the outbreak. 15 blood samples tested positive for NS1 and 2 cases positive by IgM Mac Elisa for Dengue. All cases treated symptomatically. Mosquito breeding was found in overhead tanks. Fever survey done. Overhead tanks were checked and cleaned. Source reduction activities undertaken. Health education given."
Himachal Pradesh,Solan,Hepatitis A,32,0,11-02-19,,Under Surveillance,"Cases reported from Village Oachghat, Bajhol, SC Jatoli, PHC Sultanpur, Block Dharampur. District RRT investigated the outbreak. Patients had fever and yellowish skin discoloration. 2 water samples were sent to Pune virology lab for viral testing and also for coliform count. Water supply was chlorinated."
Kerala,Kozhikode,Dengue,20,0,20-04-19,,Under Surveillance,"Cases reported from Village Maruthomkara, HSC Pashukadavu, PHC Maruthomkara, Block Kunnumal. The area had lot of water collections in rubber estates, coco planters, arecanut trees. Intersectoral meeting was done to take control measures. Source reduction activities done. Fogging done. Indoor residual spray done. Miking done in the area to spread awareness. 3 blood samples tested positive for Dengue by Ig M ELISA at. 17 blood samples tested positive for NS1 Antigen."
Kerala,Malappuram,West Nile,1,0,20-04-19,,Under Surveillance,"Cases reported from Chappappadi Area, Village Neduva, HSC Chappapadi, PHC/HSC/Block Neduva. District RRT investigated the outbreak. 01 Blood & CSF sample tested positive for Anti – WNV IgM antibody – ELISA Positive at ICMR Alappuzha. Culex mosquito breeding was found abundantly. RRT team visited area. Vector study done. Area under observation. No other similar cases were found in the area. Vector control measures initiated in the area. 12 | P a g e FOLLOW-UP DISEASE OUTBREAKS OF PREVIOUS WEEKS Unique ID. Name of State/UT Name of District Disease/ Illness No. of Cases No. of Deaths Date of Start Outbreak Current Status Comments/ Action Taken"
Himachal Pradesh,Hamirpur,Hepatitis A,120,0,26-04-19,,Under Control,"Cases reported from various villages and SCs of CHC Bijhari, Block Barsar. District RRT investigated the outbreak. Majority of cases are seen in age group of 11 -20 years of age and have history of attending educational institutions. 9 Blood samples have been taken and tested at LBSMC Ner Chowk Mandi and all found positive for Hepatitis A. All cases treated symptomatically. Source reduction activities undertaken. Health education given."
Assam,Dhubri,Malaria,12,0,21-05-19,21-05-19,Under Control,"Cases reported from Village Bochakata, SC Bhurakata, BPHC Gazarikandi. District RRT investigated the outbreak. Paddy fields and water loggings seen in the affected areas. Active search of cases done. Out of 12 blood smear collected 02 blood samples were found positive for malaria parasite (PV) tested at Gazarikandi BPHC. All cases treated locally. Source reduction activities undertaken. Awareness camp regarding prevention and control of vector borne disease were carried out in the affected areas."
Chhattisgarh,Balod,Food Poisoning,28,0,23-05-19,24-05-19,Under Control,"Cases reported from Village Mudpaar, PHC Mangchuwa, Block Dondilohara. District RRT investigated the outbreak. Active search of cases done. All cases consumed food in a social ceremony. Water samples collected: result awaited. All cases treated symptomatically. ORS packets and zinc tablets were distributed in the community. Health education given."
Chhattisgarh,Mahasamund,Acute Diarrheal Disease,34,0,23-05-19,25-05-19,Under Surveillance,"Cases reported from Village Kaundkera, SC Sorid, PHC Garhsiwani, Block Tumgaon. District RRT investigated the outbreak. House to house survey done. Water samples were collected and sent to Microbiology Dept, Pt JNM College, Raipur; result awaited. All cases treated symptomatically. ORS packets were distributed in the community. Chlorination of water sources done. IEC done regarding safe drinking water and personal hygiene."
Gujarat,Kheda,Acute Diarrheal Disease,55,0,25-05-19,25-05-19,Under Surveillance,"Cases reported from Village/SC Vadad, PHC Vanghroli, Block Galteshwar. District RRT investigated the outbreak. House to house survey done. 03 stool samples collected and sent to DPHL Nadiad; result awaited. All cases treated symptomatically. ORS packets and chlorine tablets were distributed in the community. IEC done regarding safe drinking water and personal hygiene. 4 | P a g e"
Gujarat,Botal,CCHF,1,1,17-05-19,23-05-19,Under Surveillance,"A suspected case of CCHF was admitted at Sir Takhtsingh General Hospital reported from Village/SC Ningala, PHC Khopala, Block Gadhada. The case presented symptoms of fever with rigor, body ache and headache since 08th 01-05-19. Serum samples collected and tested at NIV, Pune was positive for Crimean Congo Hemorrhagic Fever on 17th 01-05-19. The case expired on 18th 01-05-19. District RRT visited & investigated outbreak. Active search of cases done. Lime dusting done in village. IEC regarding CCHF done. Health education given."
Haryana,Yamunanagar,Jaundice,19,0,22-05-19,24-05-19,Under Surveillance,"Cases reported from Village Bhagwanpur SC/PHC Kharwan, CHC Khizabad. District RRT investigated the outbreak. House to house survey done. 4 water samples were collected and sent to DPHL Karnal; result awaited. All cases treated symptomatically. ORS packets and chlorine tablets were distributed in the community. Health education given regarding personal hygiene, Hand hygiene practices and safe drinking water."
Jharkhand,Bokaro,Chickenpox,43,0,24-05-19,25-05-19,Under Surveillance,"Cases reported from Village Tisri, Block Gomia. District RRT investigated the outbreak. House to house survey done. Out 06 blood samples collected sent to RIMS Ranchi; 05 blood samples were positive for Chickenpox. Symptomatic treatment was given all cases. Health education given."
Jammu And Kashmir,Badgam,Chickenpox,5,0,24-05-19,25-05-19,Under Control,"Cases reported from Noorani Public School, Village Arigam, Block Khanshab. District RRT investigated the outbreak. Active search of cases done. All cases treated symptomatically. Health education given."
Karnataka,Dharwad,Acute Diarrheal Disease,96,0,24-05-19,25-05-19,Under Surveillance,"Cases reported from urban Ward No-10, 12 & 13, PHC/CHC Yaraguppi, Taluk Kundagol. District RRT investigated the outbreak. House to house survey done. 08 stool samples collected and sent to KIMS Referral Lab, Hubballi; result awaited. Out of 04 water samples sent to DSU Lab; 4 samples are not potable. All cases treated symptomatically. Health education given. 5 | P a g e"
Karnataka,Shimoga,Food Poisoning,38,0,24-05-19,25-05-19,Under Control,"Cases reported from Village Annapura-A, PHC/CHC Hothanakatte, Taluk Shikaripura. District RRT investigated the outbreak. Active search of cases done. All cases consumed food in a social ceremony. 02 stool and 05 water samples collected and sent to SIMS Microbiology Department, Shimoga for culture & sensitivity; result awaited. All cases treated symptomatically. ORS packets and halogen tablets were distributed in the community. Health education given."
Karnataka,Tumkur,Food Poisoning,13,1,22-05-19,22-05-19,Under Control,"Cases reported from Village Nidagallu, PHC/CHC Mangalawada, Taluk Pavagada. District RRT investigated the outbreak. Active search of cases done. All cases consumed food in a religious ceremony. Out of 04 water samples collected; 3 samples were non-potable. All cases treated symptomatically. ORS packets and halogen tablets were distributed in the community. Health education given."
Karnataka,Tumkur,Food Poisoning,21,0,22-05-19,24-05-19,Under Control,"Cases reported from Village Mallenahalli Tanda Bevinahalli, PHC/CHC Kuppur, Taluk CN Halli. District RRT investigated the outbreak. Active search of cases done. All cases consumed food in a religious ceremony and presented symptoms with vomiting and loose motion. 3 stool samples and 2 water samples collected were negative for enteropathogens and water samples were non potable. All cases treated symptomatically. Health education given regarding personal hygiene and sanitation."
Kerala,Kasaragod,Hepatitis A,13,0,21-05-19,23-05-19,Under Surveillance,"Cases reported from Village Mundakai Valappu, SC Pouval, PHC/CHC Muliyar, Block Muliyar. District RRT investigated the outbreak. House to house survey done. All 2 blood samples collected and sent GH Kasargod were positive for Hepatitis A (IgM ELISA). All cases treated symptomatically. Chlorination of water sources done. Health education given. 6 | P a g e"
Kerala,Trivandrum,Diphtheria,1,0,21-05-19,25-05-19,Under Surveillance,"A 9yr and 10month old fully immunized boy presented symptoms fever sore throat vomiting and headache was admitted in Sri Avittom Thirunal Hospital on 22nd 01-05-19. Throat swabs collected and seen to Govt. Medical College & Hospital, Trivandrum was positive for C.diphtheria. District RRT investigated the outbreak. House to house survey done. 64 close contacts were given Erythromycin chemoprophylaxis. All cases treated symptomatically. Health education given."
Kerala,Kozhikode,Hepatitis A,13,0,23-05-19,25-05-19,Under Surveillance,"Cases reported from Village Chengaroth, HSC Kalloor, PHC Chengaroth, Block TH Perambra. District RRT investigated the outbreak. House to house survey done. All the cases consumed mango juice which was prepared from well water. All 2 blood samples collected and sent GH Kasargod were positive for Hepatitis A (IgM ELISA). All cases treated symptomatically. Chlorination of water sources done. Health education given."
Odisha,Khurda (Bhuvneshwar),Chickenpox,16,0,21-05-19,22-05-19,Under Surveillance,"Cases reported from Village Chadeibas (Das Sahi), SC Bisuniapada, CHC Balakati, Block Balianta. District RRT investigated the outbreak. All cases treated symptomatically. Health education given."
Odisha,Koraput,Food Poisoning,56,0,22-05-19,27-05-19,Under Control,"Cases reported from Village Hadia, CHC Rabanaguda. District RRT investigated the outbreak. Active search of cases done. All cases consumed food in marriage ceremony and presented symptoms with vomiting and loose motion. 2 rectal swabs and 2 water samples (tube well) were collected; result awaited. ORS packets distributed. All cases treated symptomatically. Health education given."
Odisha,Deogarh,Food Poisoning,21,0,20-05-19,22-05-19,Under Surveillance,"Cases reported from Village Tulispur, Budpasi, SC Palsama, CHC Chatabar, Block Reamai. District RRT investigated the outbreak. Active search of cases done. All cases consumed food (suji bhoga) in social ceremony (Trinath Mela) and presented symptoms with vomiting and loose motion. ORS packets distributed. All cases treated symptomatically. Health education given. 7 | P a g e"
Punjab,Ludhiana,Mumps,13,0,21-05-19,21-05-19,Under Surveillance,"Cases reported from Senior Secondary School, Baba Deep Singh Nagar. District RRT investigated the outbreak. Active search of cases done. 6 blood samples were collected & sent to DPHL, Ludhiana; results awaited. All cases treated symptomatically. Health education given regarding isolation of cases."
Punjab,Rupnagar,Chickenpox,5,0,21-05-19,22-05-19,Under Control,"Cases reported from Village Bhallian, Tehsil Chamkaur Sahib. District RRT investigated the outbreak. Active search of cases done. All cases treated symptomatically. Health education given."
Punjab,Rupnagar,Mumps,8,0,21-05-19,22-05-19,Under Control,"Cases reported from Village Makkowal, Tehsil Chamkaur Sahib. District RRT investigated the outbreak. Active search of cases done. 08 blood samples collected and sent to DPHL Rupnagar; result awaited. All cases treated symptomatically. Health education given."
Uttar Pradesh,Kushi Nagar,Chickenpox,44,0,21-05-19,25-05-19,Under Surveillance,"Cases reported from Village Rajpurbagha, Siswania Tola. District RRT investigated the outbreak. Active search of cases done. Age wise distribution of cases Age group No of cases 0-5yrs 7 5-10yrs 11 10-15yrs 11 >15yrs 15 All cases treated symptomatically. Health education given."
West Bengal,Howrah,Food Poisoning,19,0,18-05-19,20-05-19,Under Control,"Cases reported from S.M.M Home Liluah, Howrah Municipal Corporation, Howrah. District RRT investigated the outbreak. Active search of cases done. All cases consumed food (sarbat) and presented symptoms with vomiting and loose motion. 3 rectal swabs collected and sent to SSKM were negative for enteropathogens. 4 water samples (tube well) were collected; result awaited. ORS packets distributed. All cases treated symptomatically. Health education given. 8 | P a g e"
West Bengal,South 24 Paraganas,Food Poisoning,44,0,24-05-19,25-05-19,Under Control,"Cases reported from Village Raytala, SC Ramkishorepur, GP Ramkishorepur, Block Kulpi. District RRT investigated the outbreak. Active search of cases done. All cases consumed food in religious function (Iftar party) and presented symptoms with vomiting and loose motion. 2 rectal swabs and 1 vomitus samples were collected; result awaited. ORS packets distributed. All cases treated symptomatically. Health education given. 9 | P a g e DISEASE OUTBREAKS OF PREVIOUS WEEKS REPORTED LATE Unique ID. Name of State/UT Name of District Disease/ Illness No. of Cases No. of Deaths Date of Start Outbreak Current Status Comments/ Action Taken"
Gujarat,Devbhoomi Dwarka,Chikungunya,5,0,14-05-19,,Under Surveillance,"Cases of high grade fever and severe joint pain reported from Village Ugamnabara, SC Vachlabara-2, PHC Vachlabara, Block Khambhaliya. District RRT investigated the outbreak. Out of 9 blood sample collected and sent to General Hospital Khambhaliya & GGH Hospital, Jamnagar; 5 samples were found positive Chikungunya (IgM ELISA). All cases treated symptomatically. Source reduction activities undertaken. Health education given."
Karnataka,Chikkamagaluru,Dengue?,45,0,02-05-19,,Under Control,"Cases reported from Village Timmanahalli, PHC/CHC Kalasapura, Taluk Chikkamagaluru. District RRT investigated the outbreak. House to house survey done. Since the affected area has scarcity of water; water storage practices observed in the community. Out of 4 blood sample collected; 1 samples were found positive Dengue (IgM ELISA). All cases treated symptomatically. Source reduction activities undertaken. Health education given."
Kerala,Kozhikode,Dengue,23,0,12-04-19,,Under Surveillance,"Cases reported from Village Kunduthode, SC Pashukadavu, PHC Kunduthode, Block Kunnuma. District RRT investigated the outbreak. Affected area has rubber plantation, arecanut plantation and coconut plantation and large number of coconut shell and rubber leaves filled with rainwater scattered around the field. These shells and leaves are good breeding places of Aedes mosquitoes. Out of 5 blood samples collected 2 samples were found positive Dengue (IgM ELISA). All cases treated symptomatically. Source reduction activities undertaken. Health education given."
Kerala,Thrissur,Kala azar,1,0,15-01-19,,Under Control,"Case reported from Village Elijipra, SC Marancode, PHC/Block Elijipra. District RRT investigated the outbreak. The case belonged to a tribal community presented symptoms of fever, weight loss and hepatosplenomegaly. Bone marrow examination at Pathology lab, MCH Thrissur showed Leishmania donovani. Vector surveillance done. Medical camp organized. IRS and control measures done. Health education given. 10 | P a g e"
Meghalaya,West Jaintia Hills,Chickenpox,18,0,10-05-19,,Under Surveillance,"Cases reported from Village Thangbuli, PHC Jarain, Block Amlarem. District RRT investigated the outbreak. Symptomatically treatment was given all cases. Health education given."
Andhra Pradesh,Ananthpur,Food Poisoning,9,0,29-05-19,30-05-19,Under Control,"Cases reported from urban area of S.C. Colony Karamukkala, PHC Palthru, Vidapanakal Mandal. District RRT investigated the outbreak. Active search of cases done. Cases consumed food in marriage ceremony and presented symptoms with vomiting and loose motion. 1 stool sample collected and sent to VRD Lab, Dept. of Microbiology, GMC Ananthapur; sample showed growth of E.coli. Symptomatic treatment given to all cases. Health education given regarding food hygiene and sanitation."
Assam,Dhemaji,Acute Diarrheal Disease,15,0,01-06-19,01-06-19,Under Control,"Cases reported from Village Ghilghuri (2 & 3), Deogharia, SC Gowal Chapori, PHC Dhemaji. District RRT investigated the outbreak. House to house survey done. Water samples from tube well were collected and sent to PHED Dhemaji were found potable for drinking. All cases treated symptomatically. ORS packets and zinc tablets were distributed in the community. IEC done regarding safe drinking water and personal hygiene."
Bihar,Supaul,Chickenpox,6,1,27-05-19,02-06-19,Under Surveillance,Cases reported from PHC Kishanpur Phulkaha. District RRT investigated the outbreak. House to house survey done. Affected children were less than 10yr age group. 05 blood samples collected and sent to PMCH Patna; result awaited. All cases treated symptomatically. Health education given.
Gujarat,Junagadh,Food Poisoning,144,0,30-05-19,31-05-19,Under Control,"Cases reported from Village Mendarda, PHC Dedakiyali, Taluk Mendarda. District RRT investigated the outbreak. Active search of cases done. All cases consumed food (milk product) in marriage ceremony and presented symptoms with vomiting and loose motion. 1 food sample collected; result awaited. ORS packets distributed. All cases treated symptomatically. Health education given. 4 | P a g e"
Jharkhand,Pakur,Measles,6,0,29-05-19,30-05-19,Under Control,"Cases reported from Village Bhawanipur (Mukhiyatola), SC Bhawanipur, CHC Pakur Block Pakur. District RRT investigated the outbreak. House to house survey done. Out of 5 blood samples collected and sent to RIMS Ranchi; 1 sample was positive for Measles (IgM ELISA). All cases treated symptomatically. Vitamin A supplementation provided. Health education given regarding isolation of cases."
Jammu And Kashmir,Doda,Acute Diarrheal Disease,615,0,27-05-19,27-05-19,Under Surveillance,Cases of loose motion and vomiting and pain abdomen reported from several blocks of District Doda. District RRT investigated the outbreak. House to house survey done. Water samples sent to PHE Dept; result awaited. ORS and zinc tablets were distributed in the blocks. A meeting was organized by District Development Commissioner regarding provision of safe drinking water to the community followed by water testing once in a month. Chlorine tablets distributed in the community. Chlorination of water sources done in the community. All cases treated symptomatically. Health education given regarding drinking boiled and cooled water for daily consumption.
Jammu And Kashmir,Bandipora,Hepatitis E,15,0,27-05-19,02-06-19,Under Surveillance,"Cases reported from Village Gujjarpa Malagam, SC Malagam NTPC Quil Maquam, Block Bandipora. District RRT investigated the outbreak. House to house survey done. Out of 11 blood samples collected and sent to DPHL Srinagar; 2 samples were positive for Hepatitis E (IgM ELISA). 3 water samples were collected and tested were found non potable. All cases treated symptomatically. Health education given regarding personal hygiene, Hand hygiene practices and consumption of safe drinking water."
Karnataka,Belagavi,Dengue,7,2,28-05-19,29-05-19,Under Surveillance,"Cases reported from Village Khilegaov, PHC/CHC Anathapur, Taluk Athani. District RRT investigated the outbreak. House to house survey done. Out of 5 blood sample collected and sent to BIMS; 2 samples were found positive Dengue (IgM ELISA). All cases treated symptomatically. Source reduction activities undertaken. Health education given. 5 | P a g e"
Karnataka,Ramanagara,Mumps,12,0,23-05-19,28-05-19,Under Control,"Cases of fever with swelling of parotid glands reported from Village Gollaradoddi, PHC/CHC Lakshmipura, Taluk Ramanagara. District RRT investigated the outbreak. All the cases were in the the age group of 3-12yrs. Out of 7 serum samples collected and sent to BMC Bangalore; 5 samples were positive for Mumps (Ig M ELISA). All cases treated symptomatically. Isolation of cases and hygiene practices were imparted in the community."
Maharashtra,Amravati,Chickenpox,11,0,30-05-19,30-05-19,Under Control,"Cases reported from Village Pipadhari, SC Satti, PHC Tembrusonda, Block Chikhaldara. House to house survey done. Affected children were less than 10yr of age. 03 blood samples collected; result awaited. All cases treated symptomatically. Health education given."
Maharashtra,Raigad,Acute Diarrheal Disease,53,0,01-06-19,02-06-19,Under Surveillance,"Cases reported from SC Kamarli, PHC Kamarli, Taluka Pen. District RRT investigated the outbreak. House to house survey done. 4 water samples were collected and sent to DPHL Pen; result awaited. Chlorination of water sources done. All cases treated symptomatically. Health education given."
Madhya Pradesh,Vidisha,Measles,12,0,28-05-19,29-05-19,Under Control,"Cases reported from Village Vidisha, SC Vidisha Urban, PHC Mohalla, Block Chopra. District RRT investigated the outbreak. House to house survey done. 6 blood samples collected and sent to Hamidia Hospital Lab, Bhopal; result awaited. Vitamin A supplementation provided to all cases. All cases treated symptomatically. Health education given."
Nagaland,Tuensang,Suspected Meningitis,1,0,24-05-19,02-06-19,Under Surveillance,"A 28yr old male resident of Chendong Sadle presented symptoms of severe headache, vomiting, fever and dizziness was admitted in District Hospital Tuensang on 24th 01-05-19. Blood samples were collected and tested for Typhoid (Widal), JE (Rapid test), Scrub typhus and Malaria; were negative for all the above test. Symptomatically treated the case. He was discharged on 28th 01-05-19. Health education given. 6 | P a g e"
Tamil Nadu,Madurai,Chikungunya,79,0,27-05-19,28-05-19,Under Surveillance,"Cases reported from Maiyanuthampatty, Village Maiyanuthampatty, HSC Anaikaraipatty, PHC Saptur, Block Sedapatti. District RRT investigated the outbreak. House to house survey done. Out of 5 serum samples collected and sent to DPHL Madurai; 4 samples were positive for Chikungunya (IgM ELISA), 2 samples were positive for Typhoid, 1 sample was positive for Dengue (IgM ELISA). All cases treated symptomatically. Health education given."
Uttar Pradesh,Ballia,Food Poisoning,2,2,28-05-19,01-06-19,Under Surveillance,"Cases reported from Village Hardia, PHCBaghudi, Block Nawanagar. District RRT investigated the outbreak. Active search of cases done. All the cases consumed stale food and presented symptoms with loose motion and vomiting. Cases treated symptomatically. Health education given regarding food hygiene and sanitation."
Uttar Pradesh,Jhansi,Chickenpox,11,0,28-05-19,31-05-19,Under Control,Cases reported from Village Siyavani Khurd Block Mauranipur Jhansi. District RRT investigated the outbreak. House to house survey done. Cases presented with fever and maculopapular rash. Affected children were in age group between 8 months to 29yrs. All cases treated symptomatically. Health education given. 7 | P a g e DISEASE OUTBREAKS OF PREVIOUS WEEKS REPORTED LATE Unique ID. Name of State/UT Name of District Disease/ Illness No. of Cases No. of Deaths Date of Start Outbreak Current Status Comments/ Action Taken
Kerala,Kozhikode,West Nile Fever,1,0,04-05-19,,Under Control,"A 49yr old female case resident from Kottooly, UHC Ponomkode, Khozikode Corporation Area presented symptoms of fever, headache and vomiting on 4th 01-05-19 and was admitted in the hospital. District RRT investigated the outbreak. House to house survey done. Migratory birds (crane) were observed in the affected area. Blood and CSF samples of the case was collected and sent to NIV, Allapuzha. The samples were found positive for West Nile virus (IgM ELISA). Entomological survey done. IRS and anti-larval measures were carried out in the affected area. Case cured and discharged. Health education given regarding personal protection measures."
Kerala,Trivandrum,Food Poisoning,43,0,21-05-19,,Under Control,"Cases reported from Mar Ivanios Bethany Girls Hostel, Nalanchira Village Mannanthala, SC/PHC/Block Pangappara. District RRT investigated the outbreak. All cases consumed food (pickle, potato curry, papad) in dinner and presented symptoms with loose motion, vomiting and abdominal pain. All cases treated symptomatically. Health education given."
Kerala,Ernakulam,Nipah,1,0,20-05-19,,Under Surveillance,"A 23 year old male residing at Vadakkekara, Paravur a student of Al Akbar College Thodupuzha, presented symptoms of fever with altered sensorium was referred to a private hospital at Eranakulam on 30th 01-05-19. Throat swab, CSF, blood and urine were collected and sent to NIV Pune; the samples were found positive for Nipah Virus (Real-time RT-PCR, nested RT-PCR and for anti-Nipah human IgM and IgG antibodies by ELISA assay). Presently the case is stable. Central team and State/District RRT investigated the outbreak. Control room was set up at State Headquarter (Trivandrum) and District Headquarter (Ernakulum). 330 contacts were traced and 13 suspected cases samples were found negative for Nipah. 141 bats were captured and samples were collected (rectal and throat swabs) were tested. Out of these one bat sample was found positive for Nipah viral RNA. Standard NIPAH outbreak guidelines were implemented in the hospital and community settings. Health education given."
Andaman And Nicobar Islands,Island Andaman,Acute Diarrheal Disease,8,0,06-06-19,06-06-19,Under Control,Cases reported from PHC Chouldari. District RRT investigated the outbreak. All affected were males and labourers. All took meal from a dhaba after which they developed vomiting and dizziness. All of them treated at PHC. Health education given.
Arunachal Pradesh,Kra Daadi,Acute Diarrheal Disease,27,0,05-06-19,10-06-19,Under Surveillance,"Cases reported from Village Dimum Puring School, Palin Town, under CHC Palin. District RRT investigated the outbreak. All affected children were taken back by parents. No samples could be taken. Contaminated food and water were probable sources of infection. Health education given regarding safe drinking water and sanitation."
Arunachal Pradesh,West Kameng,Scrub Typhus,3,0,06-06-19,10-06-19,Under Surveillance,"Cases reported from Village Angkaling, under CHC Kalaktang, Block Kalaktang. District RRT investigated the outbreak. 3 blood samples collected and confirmed positive for Scrub Typhus by Immuno Chromatographic Assay Rapid Test at CHC Kalaktang. Cases reported with fever, chills, and headache. Typical eschar/lesion observed under arms. All cases treated symptomatically. Health education given."
Jharkhand,Dumka,Acute Diarrheal Disease,67,0,04-06-19,08-06-19,Under Surveillance,"Cases reported from Village Dhawadangal, HSC Phuljhinjri, CHC Kathikund Dumka. District RRT investigated the outbreak. All the affected were using water from unprotected well. All belonged to poor socioeconomic status with poor sanitation. Medical camp was organized in the area. All cases were treated. Health education given."
Jammu And Kashmir,Baramulla,Jaundice,19,0,06-06-19,08-06-19,Under Surveillance,"Cases reported from Village Deewan bagh, PHC NTPHC Old Town, Block Sheeri. District RRT investigated the outbreak. 6 blood samples and 2 water samples collected, result awaited. Chlorine tablets distributed. Health education regarding use of boiled water, hand washing, proper cooking and handling of food given. All cases treated symptomatically. 4 | P a g e"
Jammu And Kashmir,Shopian,Chickenpox,20,0,08-06-19,09-06-19,Under Control,"Cases reported from Shopian Shahi-hamdan school Batpora, Shopian. District RRT investigated the outbreak. Cases presented with fever and maculopapular rash. All cases were treated under isolation. Health education regarding the disease, its modes of transmission imparted among children as well as school Staff."
Kerala,Thiruvananthap uram,Food Poisoning,43,0,03-06-19,03-06-19,Under Surveillance,"Cases reported from Village Mar Ivanios Bethany Girls Hostel –Nalanchira. MCH Unit Pangappara, Mannanthala (Corp). Students had Fried rice, Chicken curry, salad, Pickle, Potato curry, Papad for dinner and on next early morning developed abdominal pain, vomiting, loose stools. All the students were discharged after treatment by same evening. No other cases were reported later. Public Health Team from MCH-Unit Pangapara inspected the area. Health education given and suggestions were given to prevent future outbreak."
Karnataka,Hassan,Fever,10,0,03-06-19,03-06-19,Under Surveillance,"Cases reported from Village Ramji halli, PHC/CHC Bageshpura, Taluk Arasikere. District RRT investigated the outbreak. 5 blood samples for Dengue, 3 blood samples for Typhoid culture collected, result awaited. All cases treated symptomatically. Health education given."
Karnataka,Hassan,Acute Diarrheal Disease,35,0,04-06-19,07-06-19,Under Control,"Cases reported from Village Jodigubbi, PHC/CHC Keragod, Taluk H.N. Pura. District RRT investigated the outbreak. All the affected attended a ceremony and had history of consuming chicken in the function after which they developed stomach pain. 2 water samples collected for H2S and found potable & 1 water sample collected for MPN, result awaited. 1 stool sample tested negative for Cholera. All cases treated symptomatically. Health education given. 5 | P a g e"
Karnataka,Hassan,Acute Diarrheal Disease,25,0,04-06-19,07-06-19,Under Control,"Cases reported from Village Bijapura colony, PHC/CHC Mallipatna, Taluk Arakalagud. District RRT investigated the outbreak. All the affected attended a ceremony and had history of consuming chicken in the function after which they developed stomach pain. 3 water samples collected for H2S and found potable & 1 water sample collected for MPN, result awaited. 1 stool sample collected, result awaited. All cases treated symptomatically. Health education given."
Karnataka,Kalaburagi,Acute Diarrheal Disease,21,0,08-06-19,10-06-19,Under Surveillance,"Cases reported from Village Lakshmipur Wadi, PHC/CHC Ravoor, Taluk Chittapur. District RRT investigated the outbreak. Investigation shows: The gastroenteritis cases occurred due to People consuming contaminated water from draw well situated near Yallamma temple. House to house survey done for active case search. Distribution of 25000 Halogen tablets. IEC activities and advice on drinking safe water given. Super chlorination of drinking water sources. All cases treated symptomatically. Health education given."
Karnataka,Koppal,Food Poisoning,13,0,04-06-19,07-06-19,Under Surveillance,"Cases reported from Village /SC Tippanal, PHC/CHC Hire-Vankulkunta, Taluk Yalburga. District RRT investigated the outbreak. Cases were reported from children consuming mid-day meal consisting of Rice, Sambar, Egg and poyasa. All children admitted at District hospital. 3 water samples tested by H2S found potable. Active case search done. IEC on food safety and safe water drinking has been done. All cases treated symptomatically."
Karnataka,Shimoga,Chikungunya,32,0,06-06-19,06-06-19,Under Surveillance,"Cases reported from Village Navule Bsavapura, PHC/CHC Donabhaghatta, Taluk Bhadravathi. District RRT investigated the outbreak. Water collections inside and outside of houses was noted with larval breeding. House to house fever survey done. Additional health team deployed for surveillance of fever cases. All cases treated. 14 blood samples collected and sent to DSU Shimoga for testing, all found positive for Chikungunya by IgM ELISA. Health education given. 6 | P a g e"
Odisha,Kalahandi,Jaundice,16,0,03-06-19,04-06-19,Under Surveillance,"Cases reported from Village Makraguda, Mahaling SC, Chapuria, Kalahandi. District RRT investigated the outbreak. Contaminated water supply was supposed to cause the jaundice. Serum Sample collected-6, Water Samples collected-5. Tube well premises were cleaned. Water chlorinated. Handwashing promoted. All cases treated symptomatically. Health education given."
Odisha,Sundargarh,Anthrax,1,0,04-06-19,07-06-19,Under Control,"Cases reported from Village Tetrabahal, SC Dullarpur, GP Andalijambahal, and CHC/Block Kuarmunda. District RRT investigated the outbreak. Infection spread after handling & taken dead goat meat. House to house search continuing, IEC activities, Group meeting done, Contact Doses Given."
Punjab,Bathinda,Mumps,8,0,03-06-19,04-06-19,Under Surveillance,"Cases reported from Partap Nagar BTI, Aggarwal Colony BTI, Krishan Colony Bti, VPO Gari Bhagi, Block Goniana, VPO Mehta Block Sangat, Qila Road Bti, VPO Jassi Pauwali Block Goniana, and VPO Bhagwangarh Block Sangat. District RRT investigated the outbreak. Fever with malaise, swelling tenderness present over parotid region. All blood samples tested were positive for Mumps by ELISA. All cases treated symptomatically. Health education given."
Punjab,Shahid bhagat singh nagar,Hepatitis A,8,0,03-06-19,03-06-19,Under Control,"Cases reported from Village Banga town, District SBS Nagar. District RRT investigated the outbreak. House to house survey done. Patients are reporting with symptoms of abdominal pain, loss of appetite, yellowish discoloration of skin and fatigue. 5-6 cases are from same school rest belong to different areas of the city. 15 blood samples collected out of which 13 tested positive for Hepatitis A by IgM ELISA at SPHL. 16 water samples collected out of which 15 found non potable at SPHL. Chlorine tablets distributed in school, IEC activity done, Patients being educated to take proper hygiene measures. Survey in the affected areas is in process. 7 | P a g e"
Punjab,Fatehgarh Sahib,Hepatitis E,18,0,07-06-19,08-06-19,Under Surveillance,"Cases reported from Village Raipur Majri, PHC Sanghol. District RRT investigated the outbreak. 06 blood samples were collected out of which 04 were positive for Hepatitis E by IgM ELISA at DPHL Patiala. 05 water samples collected and all found nonpotable by H2S test. Advise for sanitation awareness given regarding the mode of transmission. All cases symptomatically. Health education given."
Tamil Nadu,Dharmapuri,Suspected Dengue,63,0,03-06-19,11-06-19,Under Surveillance,"Cases reported from Village Barathinagar, Veerappanaickenpatti, HSC Veerappanaikanpatti, PHC Theerthamalai, Block Harur. District RRT investigated the outbreak. 5 serum samples sent to IVCZ, Hosur, Krishnagiri for Dengue, result awaited. Due to scarcity and insufficient supply of water, public used to store water without proper cleanliness and waste is disposed in improper way. Break in pipeline is also identified. Pipeline repair, Source reduction, antilarval activities done. OHT chlorination done. All cases treated symptomatically. Health education given."
Tamil Nadu,Dindigul-Palani,Leptospirosis,20,0,05-06-19,11-06-19,Under Control,"Cases reported from Hill Area, Village/HSC Patchalur, PHC Poolathur, Block Palani. District RRT investigated the outbreak. 5 serum samples sent to DPHL Dindigul, 2 positive for Leptospirosis. Water samples collected from well and overhead tank and sent to DPHL, result awaited. Chlorination work is monitored for all drinking water sources. Mass cleaning campaign conducted. All cases treated."
Telangana,Adilabad,Food Poisoning,21,0,05-06-19,10-06-19,Under Control,"Cases reported from Village Chimanguda, SC Kondapur Mdl. Pittabongaram. District RRT investigated the outbreak. They had history of consuming rice and mutton in a ceremony, after which they developed symptoms of vomiting and loose motion. 1 rice sample tested was negative for any pathogen, 1 sample of mutton tested positive for Staphylococcus Aureus, 1water sample tested positive for E Coli. All cases treated. Medical camp organized. Health education given. 8 | P a g e"
Telangana,Nizamabad,Food Poising,11,0,05-06-19,10-06-19,Under Surveillance,"Cases reported from Village Sangem, Saloora PHC, Bodhan Mandal. District RRT investigated the outbreak. All cases had history of consumption of food in a ceremony. All had abdominal pain and loose stools. All ages were affected. Health education given in the village no further cases in the village. All cases treated symptomatically. Health education given."
Uttar Pradesh,Lakhimpur Kheri,Food Poisoning,29,0,04-06-19,07-06-19,Under Surveillance,"Cases reported from Village Amanatpur Salreli and Bhudkuda. District RRT investigated the outbreak. House to house survey done. All cases treated. Medicine, Chlorine, Bleaching Powder and ORS Distributed. Health education given. Samples of ice-cream taken from factory of that area and sent to Lab by FSDA. Health camp organized in the school and all cases treated symptomatically. Health education given."
Uttar Pradesh,Sant Ravi Das Nagar,Food Poisoning,8,0,04-06-19,04-06-19,Under Control,"Cases reported from Village ll Mohalla Alampur (Nayi Basti), PHC Bhadohi, SC-CHC Bhadohi. Block Bhadohi. District RRT investigated the outbreak. IEC in the affected area done regarding personal hygiene, consumption of fresh food and clean drinking water. All cases treated at MBS hospital Bhadohi. Distribution of ORS, Chlorine tablets and bleaching powder done in the area. Health camp organized in the school and all cases treated symptomatically. Health education given."
West Bengal,Basirhat,Acute Diarrheal Disease,27,0,05-06-19,05-06-19,Under Surveillance,"Cases reported from Village Uttar Mamudpur and Boltala, G.P Hingalganj, Block Hingalganj, District RRT investigated the outbreak. Cases reported from hamlets situated close to roads. Drinking water was provided by van. . Four stool samples collected and send to NICED, Beleghata for bacteriological test, result awaited. Active case finding done in the community. Essential medicines were given. PHE department was requested to provide chlorinated water. Health education given. 9 | P a g e DISEASE OUTBREAKS OF PREVIOUS WEEKS REPORTED LATE Unique ID. Name of State/UT Name of District Disease/ Illness No. of Cases No. of Deaths Date of Start Outbreak Current Status Comments/ Action Taken"
Assam,Kamrup Metro,Acute Diarrheal Disease,13,0,30-04-19,,Under Surveillance,"Cases reported from Village Amchung Tea garden SC Ghogua SD Digaru BPHC Sonapur. District RRT investigated the outbreak. Cases reported from the labourers of a tea estate. All of them were using water from a common stream. All of them were treated at PHC. 3 water samples from stream sent to DPHL, Sonapur for MPN & H2S test, fecal contamination found. 6 stool samples collected sent to DPHL, Sonapur, negative for Cholera. RRT visited the area, house to house survey done. Counseling regarding personal health and hygiene and safe drinking water was given. ORS and Zinc tablet was distributed among the community. Informed the PHE Dept. and requested to take necessary action."
Assam,Marigaon,Chickenpox,6,0,17-04-19,,Under Control,"Cases reported from Village Balipathar, SC-Thekaraguri under Ahatguri SHC of Jhargaon BPHC. District RRT investigated the outbreak. All cases were from same family. All of them presented with fever, cough and maculopapular rash. All were treated. House to house visit done to identify more cases. Health education given."
Assam,Nalbari,Scrub Typhus,4,0,26-05-19,,Under Surveillance,"Cases reported from Village Makhibaha, Village Milanpur, Village/SC Borajol, Village Kakaya. All affected were adults. All had fever, headache, body ache, gastrointestinal pain and chest pain. No eschar or change in mental status was observed. There was no travel history. No contact with cattle or pets. 4 blood samples collected and sent to DPHL, SMK Civil Hospital, Nalbari and all found positive. All cases treated symptomatically. Health education given."
Assam,Cachar,Japanese Encephalitis,1,1,20-05-19,,Under Control,"Case reported from Village Soligram, SC Kalain, PHC Jalalpur. This case presented with history of fever and neurological symptoms. One CSF sample was taken and it tested positive for JE by IgM ELISA at SRL Lab SMCH. Fever surveillance done in the area. Fogging and other mosquito control measures were taken. The case died due to illness. 10 | P a g e"
Bihar,Muzaffarpur,Acute Encephalitis Syndrome (AES),729,153,22-04-19,,Under Control,"Cases reported from Village Sahebganj, PHC Bochahan, Mushahari, Block Aurai. District RRT investigated the outbreak. Rise in cases was observed in first week of June. All the cases were between 1-12 years of age. Majority of affected were between 3-4 years of age. Majority of affected were females. Cases were also reported from other districts as well with maximum affected being East Champaran, Vaishali, Musahiri. Central team investigated the outbreak. A team of pediatricians from central level hospitals were stationed at Muzaffarpur for providing treatment to cases. Teams from NIE Chennai, NIV Pune, NIMHANS, CDC also visited the affected areas."
Bihar,Nalanda,Measles,40,2,04-11-18,,Under Control,"Cases reported from Village Sakri, HSC Sakri, Block Islampur. District RRT investigated the outbreak. First case was reported on 4.11.2018. A total no of 40 cases were reported with fever, cough, coryza and conjunctivitis. Of all affected only 4 had history of non-immunization. 5 samples sent to PMCH, Patna and found positive for Measles by IgM ELISA. All cases treated symptomatically. Health education given."
Chhattisgarh,Rajnandgaon,Acute Diarrheal Disease,112,0,13-05-19,,Under Control,"Cases reported from CHC A. Chowki urban. District RRT investigated the outbreak. 2 Water sample collected by PHE department, no bacteria found; 2 stool sample collected and sent to GMCH Rajnandgaon, result awaited. District RRT visited the area. Active case search was done. All cases treated symptomatically. Health education given."
Jharkhand,Sahebganj,Acute Diarrheal Disease,7,0,20-05-19,,Under Control,"Cases reported from Village Bichmako, kitajhor, PHC Kitajhor, CHC Barhait. District RRT investigated the outbreak. Probable source of infection was drinking water of handpump. Patient treated in CHC Barhait. RRT team visited affected area and organized a medical camp. Provided essential medicines antibiotics, ORS, PCM, Zinc tab and suggested to drink clean boiled water, hand wash and cleaning area of hand pump."
Jharkhand,Sahebganj,Acute Diarrheal Disease,23,0,21-05-19,,Under Control,"Cases reported from Village Argori, PHC Simra and Village Babupur, PHC Raxi of CHC Barhait. District RRT investigated the outbreak. Probable source of infection was contaminated water from a handpump. All patients treated at CHC Barhait, RRT team visited affected area and organized a medical camp on 21.5.19 to treat & create awareness among community. Provided essential medicine, antibiotics, ORS, PCM and Zinc tab. Health education was given to maintain sanitary practices. 11 | P a g e"
Kerala,Idukki,Dengue,15,0,18-05-19,,Under Surveillance,"Cases reported from Hilly Area, Village/HSC Mullaringadu, PHC Vannapuram, Block Purapuzha. District RRT investigated the outbreak. Water reservoir with larval breeding found in cocoa and rubber plantations and indoor unattended reservoirs. 35 blood samples collected and sent to District hospital, Todupura and 15 found positive NS1 IgM Elisa Positive. All cases treated symptomatically. Source reduction activities undertaken. Health education given."
Kerala,Ernakulam,Dengue,36,0,21-05-19,,Under Surveillance,"Cases reported from Village Angamaly, Block Angamaly. District RRT investigated the outbreak. A total of 5 samples tested at RPH Lab Ernakulam tested positive for Dengue by IgM ELISA. RRT visited the area. Fogging done. Source reduction activities done. Health education given."
Karnataka,Chikkamagaluru,Dengue,15,0,21-05-19,,Under Control,"Cases reported from Village Gowdanahalli, PHC/CHC KR Pete, Taluk Chikkamagaluru. District RRT investigated the outbreak. Primary treatment given to all fever cases. Relevant blood investigation were done to rule out Malaria, Dengue and Chikungunya. IEC regarding Dengue and other vector born disease have been given to the community. Door to door fever survey done. Aedes larva survey and breeding site source reduction being done. One blood samples for Dengue and Chikungunya, tested positive for Dengue by NS1 ELISA. Blood smears-Negative for MP. All cases treated symptomatically. Health education given."
Karnataka,Haveri,Dengue,65,0,31-03-19,,Under Surveillance,"Cases reported from Village Kalalakonda, PHC/CHC Hattimathur, Taluk Savanur. District RRT investigated the outbreak. Poor sanitary conditions were prevalent in the village. 6 blood samples taken for dengue testing and 2 found positive by IgM ELISA. Water stored in houses for domestic purposes had larval breeding. Fogging done. Fever survey started. All cases treated. Indoor spraying done."
Karnataka,Tumkur,Food Poisoning,11,0,25-05-19,,Under Control,"Cases reported from Village Shasamaru, PHC/CHC Doddahulikunte, Taluk Sira. District RRT investigated the outbreak. 50 members have attended marriage function in the village of which 11 members complained of vomiting and loose stools after consuming food. All cases treated at PHC. Health education given. Potable water made available. 1 vomitus sample sent to DPHL and 2 water samples sent to DPHL Tumkur, result awaited. Vomitus tested positive for Aeromonas Hydrophillia. 12 | P a g e"
Karnataka,Vijayapur,Acute Diarrheal Disease,21,0,27-05-18,,Under Surveillance,"Cases reported from Village Harnal, PHC/CHC konnur, Taluk Muddebihal. District RRT investigated the outbreak. Cases occurred after people consumed water from a contaminated source. Regular Chlorination of all water sources was instructed Pipeline leakages were repaired. Health education given. 7 water samples collected and 4 found unfit for consumption by H2S test. All cases treated. Health education given."
Maharashtra,Buldhana,Acute Diarrheal Disease,48,0,19-05-19,,Under Control,"Cases reported from Village Dhamangaon Badhe, PHC Dhamangaon Badhe, Block Motala. District RRT investigated the outbreak. Due to the collapse of pipeline in the adjoining area the water supply got contaminated. All cases treated. Pipeline damage repaired. Water supply chlorinated."
Maharashtra,Palaghar,Dengue,8,0,24-05-19,,Under Surveillance,"Cases reported from Village Chaudhari pada, Bauddhawadi, SC Khupri, PHC Kudus, Block Wada. District RRT investigated the outbreak. Larval breeding observed in water storage tank in the village. 9 samples tested out of which 5 were NS1 ELISA positive & 2 IgM ELISA positive. House to house monitoring done, container survey done. All cases treated symptomatically. Source reduction activities undertaken. Health education given."
Maharashtra,Raigad,Dengue,24,0,20-05-19,,Under Surveillance,"Cases reported from JSW Company Tata Project, L&T Company Wadkhal, L&T Company Kharpale, SC Bori & Dolvi, PHC Gadab, Taluka Pen. District RRT investigated the outbreak. Non Cleanliness in company premises was leading to mosquito breeding. Entomological survey done HI - 20.0, BI - 33.0, CI - 13.0. 4 Sample Sent to JJ Hospital and all 4 found positive for Dengue by IgM ELISA. 13 Blood Sample Tested for Malaria and Found Negative. Fogging done. All cases treated symptomatically. Source reduction activities undertaken. Health education given."
Odisha,Koraput,Anthrax,8,0,10-05-19,,Under Control,"Cases reported from Village Anlajodi, GP/SC Chipakhur. Block Boipariguda. District RRT investigated the outbreak. 7 no. Of samples collected, result awaited. Patients Treated with Doxycycline, Ciprofloxacin. Povidone Iodine ointment. All cases treated symptomatically. Health education given. 13 | P a g e"
Tamil Nadu,Karur,Hepatitis A,6,0,30-05-19,,Under Surveillance,"Cases reported from Plain, Village Nehrunagar, HSC Vedichipalayam, PHC Vengal, Block Karur. District RRT investigated the outbreak. 6 serum samples sent to DPHL Karur, 5 found positive for Hepatitis A by IgM ELISA. OHT cleaning and water chlorinated daily. Leakages in pipeline were identified and repaired. House to house survey done. All cases treated. Health education given."
Uttar Pradesh,Siddharth Nagar,Chickenpox,7,0,26-05-19,,Under Surveillance,"Cases reported from Village Pikaura, SC Khantara, PHC Dumariyagunj, Block Dumariyagunj. District RRT investigated the outbreak. District RRT investigated the outbreak. Cases presented with fever and maculopapulovesicular rash. IEC activities undertaken regarding isolation and early treatment of cases. All cases treated symptomatically."
Assam,Bongaigaon,Acute Encephalitis Syndrome,1,1,09-06-19,15-06-19,Under Surveillance,"A case resident of Village/SC Choto Borjona, PHC Srijangram presented symptoms of fever, vomiting, headache, semi-consciousness, neck pain on 9th 01-06-19 and was admitted to Bongaigaon Civil Hospital on 13th 01-06-19. Case had no travel history and was unaware of immunization status for JE. Case was discharged on leave against medical advice (LAMA) and later died on the way to home on 13th 01-06-19. District RRT investigated the outbreak. House to house survey done. 54 blood slides were collected; result awaited. Fogging done in that affected area. Awareness campaign regarding vector borne disease were carried out in the affected area."
Assam,Lakhimpur,Food Poisoning,75,0,11-06-19,12-06-19,Under Surveillance,"Cases reported from Village Murtia, SC Batomari. BPHC Dhakuakhana. District RRT investigated the outbreak. District RRT members investigated the outbreak. All cases consumed Maha Prasad in a religious ceremony and presented symptoms with loose motion and vomiting. 3 rectal swabs were collected and sent to DPHL Lakhimpur showed growth of normal flora and 1 swab sample showed the growth of Klebshiella oxytoca. 2 water samples collected and tested at DPHL Lakhimpur wer satisfactory (MPN test). Food samples (Banana, Gram) collected and sent to NLP; result awaited. All cases treated symptomatically. Health education given regarding safe drinking water and prsonsl hygiene."
Assam,Sonitpur (Tezpur),Diphtheria,1,0,06-06-19,13-06-19,Under Surveillance,"A Case reported from Village/SC Ghoramara, Dhekiajuli Singri Ghoramara. The case was admitted in Infectious Disease Hospital on 11th 01-06-19. District RRT investigated the outbreak. House to house survey done. 1 throat swab was collected and sent to GMCH, Guwahati showed growth of C.diptheriae. Health education given. 4 | P a g e"
Assam,Udalguri,Acute Encephalitis Syndrome,1,1,10-06-19,14-06-19,Under Surveillance,"A 6yr old female resident of Dunseri Tea Estate, SC Dalanibasti, BPHC Orang presented symptoms of Fever, headache, neck rigidity, change in mental status was admitted in Tezpur Medical College & hospital on 28th 01-05-19. And later expired on the same day. Serum sample collected and tested at TMCH were negative for JE. District RRT investigated the outbreak. House to house survey done. Awareness campaign regarding vector borne disease were carried out in the affected area."
Chhattisgarh,Janjgir,Acute Diarrheal Disease,24,0,10-06-19,13-06-19,Under Control,"Cases reported from Village Dhabadih, CHC Pamgarh, Sector Dongargoha, Section Shashah. District RRT investigated the outbreak. House to house survey done. ORS packets and chlorine tablets distributed in the community. IEC done regarding safe drinking water and personal hygiene."
Delhi,North Delhi,Cholera,4,0,10-06-19,12-06-19,Under Surveillance,"Cases reported from urban area of Malik Pur, Model Town. District RRT investigated the outbreak. House to house survey done. Out of 26 stool samples were collected and sent to MVIDH, Delhi; 4 samples were positive for Cholera culture. All cases treated locally. ORS packets were distributed in the affected area. DJB and other civic bodies were involved in awareness campaign regarding safe water drinking and personal hygiene. Health education given."
Gujarat,Mahesana,Acute Diarrheal Disease,13,0,13-06-19,13-06-19,Under Control,"Cases of loose motion and vomiting reported from Village Virsoda, PHC Nadasa Ta-Jotana. District RRT investigated the outbreak. House to house survey done. Pipeline leakages were observed in the community. Water samples collected and sent to Jal Bhavan; result awaited. All cases treated symptomatically. Chlorine tablets and ORS packets were distributed in the community. Pipeline leakages were repaired. Health education given regarding personal hygiene and sanitation. 5 | P a g e"
Gujarat,Gandhi Nagar,Cholera,3,0,12-06-19,18-06-19,Under Control,"Cases reported from Village Dharisana, PHC Patnakuva, Block Dahegam. District RRT investigated the outbreak. 03 stool samples collected and sent to GMERS Gandhinagar; were positive for cholera culture. Cases treated symptomatically. Chlorine tablets and ORS packets were distributed in the affected area. Health education given regarding personal hygiene and sanitation."
Haryana,Nuh,Measles,7,0,07-06-19,12-06-19,Under Control,"Cases of fever with rash, cough, coryza and conjunctivitis reported from Village Sirolli, PHC Shikrawa. District RRT investigated the outbreak. All cases were found partially immunized. 02 blood samples collected, sent to NCDC Delhi; result awaited. All cases treated symptomatically. Vitamin A supplementation provided. Health education given regarding isolation of cases."
Jammu And Kashmir,Shopian,Hand Foot Mouth Disease,40,0,08-06-19,11-06-19,Under Surveillance,"Cases of fever, headache, poor appetite, sore throat, rashes on hands and soles reported from Block Shopian. District RRT investigated the outbreak. House to house survey done. Cases treated symptomatically. Awareness on personal hygiene and sanitation imparted in the affected area. Health education given regarding isolation of cases."
Kerala,Kannur,Malaria,3,0,10-06-19,15-06-19,Under Control,"Cases reported from Village Pinarayi, Kottayam (M), Purakkalam. District RRT investigated the outbreak. A family comprising of mother and children travelled to Chennai on 1st 01-05-19. On 8th 01-06-19 they returned to Kannur and presented symptoms of fever and later blood smear were positive for Malaria PV; tested at Shemi Hospital Thalassery. District RRT investigated the outbreak. House to house survey done. IRS, fogging and other IVM activities were carried out in the affected area. Health education given. 6 | P a g e"
Karnataka,Hassan,Food Poisoning,35,0,06-06-19,11-06-19,Under Control,"Cases reported from Village Holenarasipura, Keragod, Jodigubbi. District RRT investigated the outbreak. Active search of cases done. All the cases consumed food (chicken) and presented symptoms with loose motion and vomiting. 1 stool collected and sent to DSU was negative for cholera culture. 3 water samples collected; result awaited. Cases treated symptomatically. Health education given regarding food hygiene and sanitation."
Karnataka,Chitradurga,Shigellosis,46,0,09-06-19,10-06-19,Under Surveillance,"Cases reported from Village Tonachenahalli, PHC Srirampura, Taluk Hosadurga. District RRT investigated the outbreak. Active search of cases done. All the cases consumed food and presented symptoms with loose motion and vomiting. Out of 8 stool samples collected and sent to District Hospital Chitradurga; 1 sample showed growth of Shigella. All cases treated symptomatically. Health education given regarding food hygiene and sanitation."
Karnataka,Kalaburagi,Acute Diarrheal Disease,40,0,11-06-19,12-06-19,Under Control,"Cases reported from Village Gudur, PHC/CHC Naribol, Taluk Jewargi. District RRT investigated the outbreak. House to house survey done. Out of 7 water samples were collected and sent to DPHL; 5 samples were non potable. All 3 stool samples collected and tested at DPHL were negative for enteropathogens. Chlorination of water sources done. All cases treated symptomatically. Health education given."
Maharashtra,Jalgaon,Shigellosis,32,0,08-06-19,11-06-19,Under Surveillance,"Cases reported from Village Kolnhavi, SC Dambhurni, PHC Kingaon, Block Block Yawal. District RRT investigated the outbreak. District RRT investigated the outbreak. House to house survey done. Pipe line leakages were observed in the affected area. 06 stool samples collected and sent to GMC Aurangabad; 1 sample showed growth of Shigella. Out of 10 water samples sent to DPHL Lab; 2 samples were not potable. All cases treated symptomatically. Pipeline leakages were repaired by the Panchayat. Chlorination of water sources done. Health education given. 7 | P a g e"
Maharashtra,Sangli,Malaria,7,0,04-06-19,11-06-19,Under Surveillance,"Cases reported from Aditi Juice Factory, Village/PHC Nerle, SC Nerle 2, Block Walwa. District RRT investigated the outbreak. Active search of cases done. All the 7 blood smear collected were found positive for malaria parasite. All the cases were migrant labours from District Badaun of Uttar Pradesh. All cases treated locally. Source reduction activities undertaken. Awareness camp regarding prevention and control of vector borne disease were carried out in the affected areas."
Madhya Pradesh,Badwani,Acute Diarrheal Disease,31,0,12-06-19,14-06-19,Under Surveillance,"Cases reported from Village Panjhriya (Khartya Faliya), SC Panjhriya, PHC Dhawali, Sendhwa. District RRT investigated the outbreak. House to house survey done. 03 stool samples collected and sent to MGM, Indore; result awaited. 02 water samples sent to PHE Barwani Lab; result awaited. Chlorination of water sources done. ORS packets and chlorine tablets were distributed in the community. All cases treated symptomatically. Health education given."
Madhya Pradesh,Dhaar,Food Poisoning,30,0,11-06-19,14-06-19,Under Control,Cases reported from Village Rajgarh PHC Rajgarh Block Sardarpur. District RRT investigated the outbreak. Active search of cases done. All cases consumed food (ice gola). All cases treated symptomatically. ORS packets were distributed in the community. Health education given.
Madhya Pradesh,Dhaar,Acute Diarrheal Disease,63,0,09-06-19,11-06-19,Under Control,Cases reported from Village Dhapla PHC Guraj Blok Dharmpuri. District RRT investigated the outbreak. House to house survey done. All cases treated symptomatically. ORS packets were distributed in the community. Chlorination of water sources done. IEC done regarding safe drinking water and personal hygiene. 8 | P a g e
Odisha,Angul,Acute Diarrheal Disease,8,1,11-06-19,14-06-19,Under Control,"Cases reported from Village Pokanda (Guriamunda Sahi), SC G. Tapdhola, CHC Madhapur, Block Anthamalik. District RRT investigated the outbreak. House to house survey done. All the 4 water samples were collected were tested potable for drinking purposes. Out of 2 rectal swabs collected; 1 swab showed growth of Citrobacter spp. All cases treated symptomatically. One death occurred in a 60yr old female. ORS packets were distributed in the community. Chlorination of water sources done. IEC done regarding safe drinking water and personal hygiene."
Punjab,Patiala,Cholera,141,2,16-06-19,16-06-19,Under Surveillance,"Cases reported from Village Bathonia, Block Harpalpur. District RRT investigated the outbreak. District RRT investigated the outbreak. House to house survey done. Pipe line leakages were observed in the community. 5 water samples collected were non potable. Out of 8 stool samples were collected and sent to DPHL Patiala; 4 samples were positive for cholera (ogawa). Death occurred in 20yr old female and 30yr old male. All cases treated symptomatically. Temporary medical camps organized. Alternative drinking water supply provided. Pipe line leakages were repaired. ORS packets were distributed in the community. Chlorination of water sources done. IEC done regarding safe drinking water and personal hygiene."
Tamil Nadu,Dindigul,Leptospirosis,15,0,10-06-19,11-06-19,Under Control,"Cases reported from Village/SC Adalur, PHC Kannivadi, Block Reddiarchatram. District RRT investigated the outbreak. House to house survey done. 15 blood smear collected were negative for malaria. Out of 5 serum samples collected; 3 samples were positive for Leptospirosis (IGM ELISA). All cases treated symptomatically. Health education given. 9 | P a g e"
Tamil Nadu,The Nilgiris,Acute Diarrheal Disease,16,0,13-06-19,16-06-19,Under Control,"Cases reported from Village Nedugula and Selakorai, SC VOC Nagar, PHC/Block Nedugula (Kotagiri). District RRT investigated the outbreak. House to house survey done. All 02 water samples were collected and sent to DPHL Nilgiris were non potable for drinking purposes. 3 stool sample collected; result awaited. All cases treated symptomatically. ORS packets were distributed in the community. Chlorination of water sources done. IEC done regarding safe drinking water and personal hygiene."
Tamil Nadu,Dharmapuri,Dengue,52,0,16-06-19,16-06-19,Under Control,"Cases reported from Village Kondagarahalli, SC Thippireddihally, PHC B.Mallapuram, Block Pappireddipatti. District RRT investigated the outbreak. House to house survey done. Out of 5 serum samples sent to DPHL Dharmapuri; 4 samples were found positive for Dengue (IgM ELISA); 2 samples were found positive for Leptospirosis (IgM ELISA) and 1 sample was positive for Scrub Typhus. All cases treated symptomatically. Health education given."
Uttar Pradesh,Auraiya,Acute Diarrheal Disease,70,0,08-06-19,13-06-19,Under Surveillance,"Cases reported from Village Daulatpur, Block Bhagyanagar, SC Ramnagar, PHC Dewarpur, CHC Dibiyapur. District RRT investigated the outbreak. House to house survey done. Water sample collected were non potable. All cases treated symptomatically ORS packets and chlorine tablets were distributed in the community. IEC done regarding safe drinking water and personal hygiene."
Uttar Pradesh,Auraiya,Food Poisoning,35,0,11-06-19,12-06-19,Under Control,"Cases reported from Village Biriya, SC Kakhautoo, PHC Khanpur, Block Ayana. District RRT investigated the outbreak. District RRT investigated the outbreak. Active search of cases done. All cases consumed food in marriage ceremony and presented symptoms with vomiting and loose motion. All cases treated symptomatically. Food samples were collected; result awaited. Health education given. 10 | P a g e"
Uttar Pradesh,Bara-Banki,Chickenpox,6,0,12-06-19,14-06-19,Under Control,"Cases reported from Village Post-Gadiya, CHC Jatabarauli, Block Banki. District RRT investigated the outbreak. House to house survey done. Affected children were below 15yrs of age group. Symptomatically treatment was given all cases. Health education given."
Uttar Pradesh,Bara-Banki,Food Poisoning,14,0,13-06-19,14-06-19,Under Control,"Cases reported from Village Usmanpur, Post/CHC Kothi, Block Siddhaur. District RRT investigated the outbreak. Active search of cases done. All cases consumed food in a social ceremony. All cases treated symptomatically. ORS packets were distributed in the community. Health education given."
Uttar Pradesh,Bara-Banki,Chickenpox,36,0,11-06-19,13-06-19,Under Control,"Cases reported from Village Lalapur, Post/CHC/Block Dewa. District RRT investigated the outbreak. Active search of cases done. All cases treated symptomatically. Health education given."
Uttar Pradesh,Jhansi,Food Poisoning,36,0,11-06-19,13-06-19,Under Control,"Cases reported from urban area of Ward No- 41, K K Puri Colony, Awas Vikas Jhansi. District RRT investigated the outbreak. All cases consumed food in marriage ceremony and presented symptoms with vomiting and loose motion. Food samples were collected; result awaited. All cases treated symptomatically. Health education given."
Uttar Pradesh,Fatehpur,Food Poisoning,32,0,06-06-19,10-06-19,Under Control,"Cases reported fromVillage Manjhkhor Eitgaon, CHC Khaga, Block Aeranya. District RRT investigated the outbreak. All cases consumed food in social ceremony and presented symptoms with vomiting and loose motion. Food samples were collected; result awaited. All cases treated symptomatically. Health education given."
Uttar Pradesh,Kaushambi,Chickenpox,17,0,06-06-19,10-06-19,Under Control,"Cases reported from Village Mozampur, SC Pindara Sahawanpur, PHC Manjhanpur NPHC Karari. District RRT investigated the outbreak. Active search of cases done. Affected children were below 15yrs of age group. Symptomatic treatment given to cases. IEC done regarding isolation of cases and personnel hygiene. 11 | P a g e"
Uttar Pradesh,Lucknow,Chickenpox,8,0,08-06-19,10-06-19,Under Control,Cases reported from Village Jagdishpur CHC Malihabad Lucknow. District RRT investigated the outbreak. House to house survey done. 05 blood samples collected sent to KGMC Lucknow; result awaited. Symptomatic treatment was given all cases. Health education given.
Uttar Pradesh,Lucknow,Chickenpox,11,0,08-06-19,10-06-19,Under Control,"Cases reported from Village Gayatri Nagar, NauBasta Madarsa Madiyaon UPHC Dudauli, and Lucknow. District RRT investigated the outbreak. House to house survey done. 01 blood samples collected sent to KGMC Lucknow; result awaited. Symptomatic treatment was given all cases. Health education given."
West Bengal,Purulia,Acute Diarrheal Disease,25,0,10-06-19,10-06-19,Under Surveillance,"Cases reported from Village Manpur, Hamlet- Kalindipar, SC Bamundiha, Block Barabazar. District RRT investigated the outbreak. Community utilized pond water and tube well water for drinking and domestic purposes. 02 rectal swab collected and sent to BSMCH Lab; showed growth of normal commensal bacteria. Water sample from pond and Tube well collected (H2S vial) were non potable for drinking purposes. All cases treated symptomatically. Health education given regarding personal hygiene and sanitation. 12 | P a g e DISEASE OUTBREAKS OF PREVIOUS WEEKS REPORTED LATE Unique ID. Name of State/UT Name of District Disease/ Illness No. of Cases No. of Deaths Date of Start Outbreak Current Status Comments/ Action Taken"
Andhra Pradesh,Visakhapatnam,Dengue,14,0,03-06-19,,Under Surveillance,"Cases reported from Urban area of Ramalayam Veedhi, Chintapalli, PHC R.V.Nagar, Chintapalli Mandal. District RRT investigated the outbreak. House to house survey done. Out of 14 blood samples collected and sent to the Virology Laboratory, AMC, 6 samples were positive for Dengue (IgM ELISA). All cases treated symptomatically. Elimination of mosquito breeding places were carried out. Panchayat was instructed to provide sanitation and repairs drainages. Pyrethrum spraying done in the affected area. Anti-larval operations were carried out in the affected areas. Health education given."
Assam,Barpeta,Chickenpox,18,0,01-06-19,,Under Control,"Cases of fever with rash reported from Village Kathalmari, SC Pachimkathalmari, CHC Baghmara, BPHC Nityananda. District RRT investigated the outbreak. House to house survey done. 5 blood samples were collected and sent to GMCH, Microbiology; were found positive for Chickenpox (IgM ELISA). Affected children were in the age group as below: Age group No of cases 0-5 yrs 2 6-14 yrs 7 >15yrs 9 All cases treated symptomatically. Health education given."
Assam,Cachar,Fever,8,0,01-06-19,,Under Control,"Cases reported from Village Angarjun, SC Rongpur IV, BPHC Udharbond. District RRT investigated the outbreak. House to house survey done. All cases treated symptomatically. Awareness regarding mosquito control activities done by health workers. Health education given."
Assam,Cachar,Acute Diarrheal Disease,8,0,02-06-19,,Under Control,"Cases reported from Village Angarjun, SC Rongpur Pt IV, BPHC Udharbond. District RRT investigated the outbreak. House to house survey done. All cases treated symptomatically. ORS packets were distributed in the community. IEC done regarding safe drinking water and personal hygiene. 13 | P a g e"
Assam,Jorhat,Fever,32,0,03-06-19,,Under Surveillance,"Cases reported from Village Gayanchuk, Phultol, Da Gharphalia, Kapilachuk, SC Kapilachuk, BPHC Bhogamukh. District RRT investigated the outbreak. House to house survey done. All 32 blood slides collected were negative for malaria parasite. All cases treated symptomatically. Awareness regarding vector borne, water borne diseases was done. Health education given."
Assam,Jorhat,Fever,13,0,03-06-19,,Under Surveillance,"Cases reported from Village Gaon, Sowguri Gaon, Goriasapori Gaon, Gandhali Gaon, SC Eporia, BPHC Solmora BPHC. District RRT investigated the outbreak. Active search of fever cases done. All 13 blood slides collected were negative for malaria parasite. All cases treated symptomatically. Awareness regarding vector borne, water borne diseases was done. Health education given."
Assam,Kamrup Metro,Hepatitis B,6,0,31-05-19,,Under Surveillance,"Cases reported from Village Kamarkuchi, PHC Hahara, BPHC Sonapur. District RRT investigated the outbreak. House to house survey done. All the 6 serum samples collected and tested at DPHL Sonapur were found positive for Hepatitis B (IgM ELISA). Cases were treated at District hospital. Health education given."
Assam,Kamrup Metro,Chickenpox,18,0,06-05-19,,Under Control,"Cases reported from Marwari Maternity Hospital, Athgaon, Zone South. District RRT investigated the outbreak. Active search of cases done. 3 serum samples collected and sent to DPHL Sonapur; result awaited. Symptomatic treatment was given all cases. Health education given."
Assam,Kamrup,Chickenpox,11,0,14-05-19,,Under Control,"Cases reported from Village Rangamati and urban area Ward No -10 & Ward No-4, Polashbari, BPHC Rampur, BPHC Uparhali SC Dohali. District RRT investigated the outbreak. Active search of cases done. All cases treated symptomatically. Health education given."
Assam,Kamrup,Japanese Encephalitis,2,0,06-05-19,,Under Surveillance,"Cases reported from Villages Satdola and Garal Kohaban, SC Satdola and Garal, BPHC Hajo and Azara. District RRT investigated the outbreak. House to house survey done. Rice field were observed in the affected area. 2 serum samples collected and sent to GMCH were positive for JE (IgM ELISA). All cases treated symptomatically. Health education given. 14 | P a g e"
Assam,Nagaon,Chickenpox,29,0,31-05-19,,Under Surveillance,"Cases reported from several villages Chotakandoli-1, Kuhiartoli, Pamtoli, Jargaon, Kamarpar, Darangial, SC Chotakandoli, BPHC Kathiatoli, SD Nanoi. District RRT investigated the outbreak. House to house survey done. 4 blood samples collected and sent to DPHL (IDSP), Kamrup (Metro); result awaited. Majority of the cases were children less than 15yrs of age group. Cases treated at Nonoi SD and Kathiatoli BPHC. IEC done regarding personal hygiene and sanitation. Health education given regarding isolation of cases."
Assam,Nalbari,Acute Encephalitis Syndrome,1,1,02-06-19,,Under Surveillance,"A case resident of Village Borkuriha, SC Gangapukhuri, BPHC Kamarkuchi presented symptoms of fever, vomiting was admitted in SMK Civil Hospital, Nalbari on 03rd 01-06-19. And later shifted to GNRC Hospital. CSF and serum samples collected and tested at GNRC were negative for JE. District RRT investigated the outbreak. House to house survey done. Paddy field and pig farm were observed in the affected area. 9 blood slides were collected were negative for malaria. Fogging done in that affected area. Awareness campaign regarding vector borne disease were carried out in the affected area."
Assam,Sonitpur (Tezpur),Fever,32,0,13-05-19,,Under Control,"Cases reported from Village North Jamuguri Tewaripal, PHC Ghiladharimukh, Majorati, Bokabil, Pokakhati, No-2 Adaveti, Ghiladhaarimukh. District RRT investigated the outbreak. Active search of fever cases done. All 32 blood slides collected were negative for malaria parasite. All cases treated symptomatically. Awareness regarding vector borne, water borne diseases was done. Health education given."
Chhattisgarh,Janjgir,Acute Diarrheal Disease,19,0,26-04-19,,Under Control,"Cases reported from Village Mudpar, PHC Salkhan, Kachanda, CHC Navagarh. District RRT investigated the outbreak. House to house survey done. ORS packets and chlorine tablets distributed in the community. IEC done regarding safe drinking water and personal hygiene."
Chhattisgarh,Janjgir,Chickenpox,19,0,02-04-19,,Under Control,"Cases reported from Village Masaniyakala, PHC Masaniyakala, Block Sakti. District RRT investigated the outbreak. House to house survey done. Symptomatic treatment given all cases. Health education given."
Jharkhand,Ranchi,Japanese Encephalitis,1,1,27-05-19,,Under Surveillance,"A case resident of urban area of Kurban Gali Hindpiri Mohalla, presented symptoms of fever, vomiting was admitted in a hospital. Serum sample collected was positive for Japanese Encephalitis (IgM ELISA). District RRT investigated the outbreak. House to house survey done. Awareness campaign regarding vector borne disease were carried out in the affected area. 15 | P a g e"
Kerala,Kannur,West Nile Fever,1,0,13-05-19,,Under Control,"A 43yr old male resident of Azhikode presented symptoms with fever, altered sensorium was admitted in Kozhikode Medical College. District RRT investigated the outbreak. House to house survey done. Serum sample was collected and sent to NIV, Alappuzha; was positive for West Nile Virus (IgM ELISA). Cases treated symptomatically. Mosquito vector (Culex quinquefasciatus) were identified in the community. Entomological survey done (BI=50); fogging activities were undertaken along with larvicidal spraying in the affected area. Integrated Vector Management activities were carried out in the affected area."
Karnataka,Bangalore Urban,Chikungunya,40,0,05-06-19,,Under Control,"Cases reported from Village Mantapa, PHC/CHC Jigani, Taluk Anekal. District RRT investigated the outbreak. House to house survey done. All 3 serum samples collected were positive for Chikungunya (IgM ELISA). All cases treated symptomatically. Fogging and source reduction activities undertaken. Health education given."
Kerala,Kannur,Dengue,20,0,30-04-19,,Under Surveillance,"Cases reported from Village Payam, HSC Kunntoh, PHC Vallithode, Block Iritty. District RRT investigated the outbreak. House to house survey done. Rubber cultivation is carried out in the affected area. All the 3 blood sample collected and sent to RPH Kannur were found positive Dengue (IgM ELISA). All cases treated symptomatically. Fogging and source reduction activities undertaken. Health education given."
Meghalaya,RI-Bhoi (Nongpoh),Fever,5,0,30-05-19,,Under Control,"Cases reported from Village Tasku-A, Block Jirang. District RRT investigated the outbreak. House to House survey done. Blood samples collected and send to State Referral Lab; result awaited. All cases treated symptomatically. Health education given."
Maharashtra,Chandrapur,Acute Diarrheal Disease,142,0,05-06-19,,Under Surveillance,"Cases reported from Village Wowala, SC Palasgaon, PHC Talodhi, Taluka Nagbhid. District RRT investigated the outbreak. House to house survey done. Out of 07 water samples sent to DPHL Lab; 5 samples were not potable. All cases treated symptomatically. Health education given."
Maharashtra,Sangli,Dengue,12,0,29-05-19,,Under Surveillance,"Cases reported from Village Gavan, PHC Manerajuri, Block Tasgaon. District RRT investigated the outbreak. Out of 5 blood sample collected and sent to General Medical College, Miraj; 5 samples were found positive Dengue (IgM ELISA). All cases treated symptomatically. Entomological survey done. Source reduction activities undertaken. Health education given. 16 | P a g e"
Maharashtra,Sangli,Chikungunya,10,0,13-05-19,,Under Control,"Cases reported from Village/SC Kasabe Digraj, PHC Kavthepiran, Block Miraj. District RRT investigated the outbreak. Out of 4 blood sample collected and sent to Sentinel Lab, Govt Medical College, Miraj; 2 samples were found positive Chikungunya (IgM ELISA). All cases treated symptomatically. Fogging and source reduction activities undertaken. Health education given."
Maharashtra,Sindhudurg (Kudal) Viral,Hepatitis,16,0,25-05-19,,Under Surveillance,"Cases reported from Village/SC Khanoli, PHC Adeli, Taluk Vengurla. District RRT investigated the outbreak. House to house survey done. All 6 blood samples collected and sent NIV Pune were positive for Hepatitis A (IgM ELISA). Out of 2 water samples collected and sent to DPHL; 1 sample found positive for coliform bacteria. All cases treated symptomatically. Chlorination of water sources done. Health education given. FOLLOW UP OF DISEASE OUTBREAKS PREVIOUS WEEKS Unique ID. Name of State/UT Name of District Disease/ Illness No. of Cases No. of Deaths Date of Start Outbreak Current Status Comments/ Action Taken"
Bihar,Muzaffarpur,Acute Encephalitis Syndrome (AES),842,168,22-04-19,,Under Surveillance,"A total of 729 cases and 153 deaths due to AES were reported from Bihar till 26th 01-06-19. Further 113 cases and 15 death were reported till 4th 01-07-19. Out of reported cases and deaths of AES from Bihar, 544 cases and 99 deaths were from alone Muzaffarpur District of Bihar and followed by East Champaran (106 cases, 24 deaths); Sitamarhi (30 cases, 11 deaths); Vaishali (73 cases , 15 deaths) till 4th 01-07-19. Central Team and Medical officer from ROHFW Patna are deputed at State level to support State and District Teams."
Andhra Pradesh,Chittoor,Acute Diarrheal Disease,35,0,19-06-19,19-06-19,Under Control,"Cases reported from Village T.P.Palyam, SC TP.Kota, PHC/Block Nagalapuram Mandal. District RRT investigated the outbreak. 03 Water samples collected and sent to I.P.M, District Public health lab, Tirupati for Bacterial & Chemical examination. House to house survey & Medical Camp conducted in the village for identifying new cases and treatment. Alternated chlorinated water supplied by water tankers. Chlorine tablets, O.R.S packets distributed to the people in the village. Health education given."
Arunachal Pradesh,East Siang,Fever,29,0,18-06-19,19-06-19,Under Control,"Cases reported from Kasturba Gandhi School, under SC Motum, Block Mebo. District RRT investigated the outbreak. 18 blood samples were collected and all found negative for Dengue and JE tested at DPHL Pasighat. Necessary advice for prevention and control in terms of IEC has been imparted to the school teachers and patients. All cases treated symptomatically. Health education given."
Assam,Darrang (Mangaldoi),Food Poisoning,11,0,16-06-19,18-06-19,Under Control,"Cases reported from Village Mollapara, SC Mollapara, BPHC Jaljali. District RRT investigated the outbreak. All had history of consuming food in a ceremony. Of all 12 people who consumed food 11 felt sick with abdominal pain and vomiting. All case treated. The source of drinking water is tube-well. 8 rectal swabs collected and sent to DPHL Darrang. Water sample collected for MPN and H2S bacteriological test. IEC done for safe drinking water, hygiene and sanitation 4 | P a g e"
Gujarat,Ahmedabad,Acute Diarrheal Disease,34,0,24-06-19,25-06-19,Under Surveillance,"Cases reported from Village Mirkua, UHC Dholka, Block Urban Dholka. District RRT investigated the outbreak. There was mixing of drinking water and sewage in the affected area. 2 stool sample taken and sent to Sola Civil Hospital, result awaited. 3 water sample taken for microbiological investigation, result awaited. House to house survey done. IEC done. All cases treated."
Haryana,Panipat,Measles,7,0,19-06-19,24-06-19,Under Control,"Cases reported from Ganpati Factory, Sector 13- 17 CHC Dadlana. District RRT investigated the outbreak. 5 blood samples taken and sent to NCDC Delhi, result awaited. All cases treated under isolation. Health education given."
Jammu And Kashmir,Poonch,Acute Diarrheal Disease,117,0,16-06-19,20-06-19,Under Control,Cases reported from Village Chajala Mendhar. District RRT investigated the outbreak. The affected people had gathered for a religious ceremony and used water from a tanker. All cases treated. Health education given.
Jammu And Kashmir,Pulwama,Hepatitis E,11,0,18-06-19,21-06-19,Under Surveillance,"Cases reported from Village/SC Reshipora, PHC Gulzarpora, Block Pulwama. District RRT investigated the outbreak. 09 Blood Samples collected and sent to out of which 4 found positive for Hepatitis E by .All cases treated. Health education given."
Jammu And Kashmir,Pulwama,Chickenpox,11,0,20-06-19,21-06-19,Under Surveillance,"Cases reported from Village Tengpuna, SC Pathan, PHC Pinglena, Block Pulwama. District RRT investigated the outbreak. Cases were found with febrile illness with acute onset of diffuse (generalized) maculopapulovesicular rash. Health education given to the population about the disease and its preventive measures imparted. All cases treated under isolation."
Karnataka,Hassan,Dengue,11,0,17-06-19,18-06-19,Under Surveillance,"Cases reported from Village Marenahalli, PHC/CHC Gangur, Taluk Belur. District RRT investigated the outbreak. 4 blood samples were collected of which one was positive for Dengue, result for chikungunya is awaited. Entomological survey done. All cases treated. Health education given. 5 | P a g e"
Karnataka,Tumkur,Fever,22,0,16-06-19,18-06-19,Under Control,"Cases reported from Village/PHC/CHC Pattanayakanahalli, Taluk Sira. District RRT investigated the outbreak. 2 serum samples taken and found negative for Dengue and Chikungunya, 1 blood sample was subjected to culture and yielded no growth after 72 hours, result for chicken pox is awaited. All samples were sent to DPHL Tumkur. House to house survey done. IED done."
Kerala,Kasaragod,Dengue,19,0,17-06-19,21-06-19,Under Surveillance,"Cases reported from Hilly, Village Punnakunnu, Eleri and Elerithattu, HSC Narkkilakkad and Bheemanadi, PHC Narkkilakad, Block Nileshwer. District RRT investigated the outbreak. 2 blood serum samples tested positive for Dengue by IG M ELISA at SSH Lab Kanhangad. Water collections and aedes breeding was observed. Health education given. Fogging done. House to house visit done. Personal protective measures recommended."
Kerala,Kozhikode,Food Poisoning,45,0,20-06-19,21-06-19,Under Surveillance,"Cases reported from Manampoyil, Village Meppayur, PHC Meppayur, Block Melady. District RRT investigated the outbreak. Cases were reported from a LP school from students after consuming mid day meal. The meal consisted of Rice, soyabeen curry, cabbage and milk. The food samples were collected by Food and safety department, stool samples were also collected, water samples were also collected. Age group of affected children was between 4-9 years of age. Health education given. All cases treated."
Kerala,Pathanamthitta Suspected,Hepatitis A,8,0,18-06-19,22-06-19,Under Surveillance,"Cases reported from Village Kulanada, HSC Manthuka, PHC Kulanada, Block Vallana. District RRT investigated the outbreak. 2 blood samples and sent to GH Pathanamthitta, result awaited. District RRT investigated the outbreak. It was observed that to disrupted water supply in the area private water tanker was hired for water supply. The water samples were taken, result awaited. House to house survey done. All cases treated. Health education given. 6 | P a g e"
Kerala,Wayanad,Dengue,17,0,17-06-19,19-06-19,Under Surveillance,"Cases reported from Amarakuni, Village Pulpally, HSC Aadikolly and vandikadavu, PHC/CHC CHC Pulpally, Block Sulthan Bathery. District RRT investigated the outbreak. 3 blood samples tested at DH Manathavdi were positive for Dengue by NS1 Ag. It was observed that water was collected over areca palm leaves and having aedes mosquito breeding. House to house survey done. Indoor spraying done. Water bodies were treated with antilarval measures. Health education given."
Maharashtra,Sangli,Acute Diarrheal Disease,58,0,20-06-19,21-06-19,Under Control,"Cases reported from Village/SC/PHC Khanderajuri, Block Miraj. RRT investigated the outbreak. It was observed that unchlorinated water was supplied few days prior to the onset of illness. 3 stool samples taken and sent to GMC Miraj, result awaited. House to house survey done. Chlorinated water supply started. Leakages were repaired. Health education given."
Madhya Pradesh,Nimach,Acute Diarrheal Disease,123,0,20-06-19,22-06-19,Under Surveillance,"Cases reported from Village Kundla, SC KhanKhedi, Sector PHC Mahaghar, Block Manasa. District RRT investigated the outbreak. It was observed that there was leakages in water pipeline. 05 Stool samples taken and sent to PHED. Alternate water was provided till the leakages were repaired. Health education given."
Nagaland,Zunheboto,Chickenpox,5,0,17-06-19,18-06-19,Under Surveillance,"Cases reported from Village Old Town Colony, Zunheboto Sadar. Cases presented with fever, rash and body ache. Diagnosis made on clinical grounds. All the cases treated and advised isolation. Health education given. 7 | P a g e"
Odisha,Cuttack,Jaundice,8,0,22-06-19,24-06-19,Under Control,"Cases reported from Ganga Mandir, Block CMC Cuttack Ward No 18. District RRT investigated the outbreak. Contamination of water due to leakage of pipeline. 04 water and 03 Blood Serum samples collected result awaited. District RRT visit the affected area along with CMC and NUHM staffs. Active surveillance done by distribution of ORS/ Halo zone distributes and IEC activities done. Information shared with PHED for repairing of supply pipeline and supply of alternate water tanker. All cases treated symptomatically. Health education given."
Tamil Nadu,Pudukottai,Leptospirosis,30,0,21-06-19,22-06-19,Under Surveillance,"Cases reported from Village K.Nangupatti (Keela seethakudipatti, Mela Seethakudipatti), HSC Maruthampatti, PHC Neerpalani, Block Viralimalai. District RRT investigated the outbreak. 4 water samples sent to Water lab, Trichy. 15 serum samples sent to DPHL, Aranthangi and 7 found positive for Leptospirosis by IgM ELISA. Health camp organized in the area. All cases treated symptomatically. Health education given."
Tripura,Gomati,Malaria,190,0,18-06-19,18-06-19,Under Control,Cases reported from Village Area Under Ompi Rural Hospital & Ghorakappa PHC Gomati. District RRT investigated the outbreak. Blood samples collected and tested in RDK & Slide and found positive. All cases treated locally. Source reduction activities undertaken. Health education given. Mass screening programme undertaken. Mosquito nets distributed.
Uttar Pradesh,Lucknow,Chickenpox,5,0,17-06-19,18-06-19,Under Surveillance,"Cases reported from Village Kaliya Kheda, Sarojninagar, Lko. District RRT investigated the outbreak. Cases presented with fever and Maculopapular rashes in whole body. 5 Blood Samples taken by RRT, result awaited. Essential Medicines and IEC given by the RRT. All cases treated symptomatically. Health education given. 8 | P a g e"
West Bengal,Burdwan,Acute Diarrheal Disease,40,0,23-06-19,24-06-19,Under Surveillance,"Cases reported from Village Purba Bardhaman/Raina-1/Narugram/Sipta Dighirpar. District RRT investigated the outbreak. Mainly adult people are affected and male, female are equally affected. One rectal swab has been collected on 20.6.2019 and sent to BMC&H. 2 water sample (Tube well) has been collected and sent to DD&PH Lab. Water quality was good of both the sample. MPN 01/100 ml in both the sample. Block RRT visited the area And investigated the outbreak. Medical team has been visiting in area and treated the cases. Serious cases have been admitted to Mahesbati BPHC. Halogen Tabs, ORS have been distributed in the affected area. Health education has been given on hygiene and sanitation. Disinfection of the Tube well has been done. The area is under surveillance. All cases treated symptomatically. Health education given. DISEASE OUTBREAKS OF PREVIOUS WEEKS REPORTED LATE Unique ID. Name of State/UT Name of District Disease/ Illness No. of Cases No. of Deaths Date of Start Outbreak Current Status Comments/ Action Taken"
Assam,Multiple districts,AES,1350,177,25-05-19,,Under Surveillance,"Cases of AES reported from various villages of multiple districts of Assam. State and Central level RRT investigated the outbreak. A total of 3175 blood samples were tested for JE of which 348 were tested positive. A total of 1720628 blood smears were examined of which 238 were positive for P Falciparum, 142 for P Vivax and 3 for both. Of all 177 deaths 76 were due to JE. Extensive vector control measures were taken. Fogging done. Various RRTs constituted. Insecticide treated bed nets distributed. 9 | P a g e"
Assam,Dibrugarh,Acute Diarrheal Disease,70,0,15-06-19,,Under Surveillance,"Cases reported from Village Barbaruah, Khamtighat, Konwergaon. District RRT investigated the outbreak. 3 rectal swabs samples collected and sent to AMCH Dibrugarh and found positive for Shigella Flexineri by Culture. 1 water sample tested at AMCH Dibrugarh was also found positive for Shigella Flexineri. All cases treated. A health camp organized and health education given."
Assam,Sonitpur (Tezpur),Suspected Enteric Fever,6,0,10-06-19,,Under Surveillance,"Cases reported from various villages of PHC Rangapara. District RRT investigated the outbreak. All cases treated. 4 blood samples collected and sent to DPHL Darrang for Culture for Typhoid, result awaited. 5 water samples collected and sent to SRL, IDSP, TMCH, Tezpur, Sonitpur for bacteriological examination, Result awaited. Awareness done in the affected area. Source reduction activities undertaken. Health education given."
Assam,Tinsukia,Food Poisoning,6,3,13-06-19,,Under Surveillance,"Cases reported from Village Bordubi TE BPHc Kakopather. All affected cases were women in the age group of 30-60 years who work in the garden and took lunch together with sharing. The food items were rice, edible ferns, Pumpkin, Cucumber and Bamboo shoot. DRRT visited the affected garden for investigation on 14062019. Three women died of illness in hospital. Raw Rice and Flour samples have been collected by Food Safety Officer and sent to State Public Health Laboratory Guwahati for Biochemical analysis, Result awaited."
Bihar,Gopalganj,Chickenpox,6,0,14-06-19,,Under Surveillance,"Cases reported from Village Kushahar, SC Pakhri, PHC / Block Sidhwaliya. District RRT investigated the outbreak. All affected were males and belonged to low socio economic class. All were treated and advised isolation for atleast 8 days. 5 Blood Sample collected and sent to PMCH Patna for chicken pox, result awaited. Health education given."
Bihar,Gopalganj,Chickenpox,9,0,13-06-19,,Under Surveillance,"Cases reported from Village Jagdishpur, SC Rajapatti,, PHC Baikunthpur,, Block Baikunthpur. District RRT investigated the outbreak. All affected belonged to low socio economic class. All were treated and advised isolation for atleast 8 days. 5 Blood Sample collected and sent to PMCH Patna for chicken pox, result awaited. Health education given. 10 | P a g e"
Chhattisgarh,Raipur,Hepatitis E,8,0,14-06-19,,Under Control,"Cases reported from Village Tulsi Nagar, Kushalpur, Ward No.64, Raipur. District RRT investigated the outbreak. During investigation it was found that drinking municipal water got mixed with sewage. 13 blood samples were collected and 8 were confirmed Hepatitis E at Government Medical college Raipur by IgM ELISA. All cases treated. Health education given. PHE department was informed to take sanitation and hygiene work."
Jharkhand,East Singhbhum,Dengue,8,0,15-06-19,,Under Surveillance,"Cases reported from Block Jugsalai Cum Golmuri., East Singhbhum. Cases presented with fever, body ache headache and weakness. A total of 42 serum samples collected and sent to referral Lab MGM Medical College Jamshedpur and 8 Samples found positive for Dengue by IgM ELISA. DRRT investigated the outbreak. House to house survey is done. Source reduction being carried out. IEC & BCC activity done and all preventive measures are being taken. All cases treated symptomatically."
Jammu And Kashmir,Baramulla,Chickenpox,8,0,15-06-19,,Under Surveillance,"Cases reported from Village Kawachak, SC Sheikhpora, Block Kreeri. District RRT investigated the outbreak. Health education regarding spread of the disease. Isolation of the affected children done. Pamphlets with health advisories distributed. Making done in the local mosque. All cases treated symptomatically."
Karnataka,Chamarajanagar,Chikungunya,32,0,15-06-19,,Under Surveillance,"Cases reported from Village Chikkabegur, PHC/CHC Aralikatte, Taluk Chamarajanagar. District RRT investigated the outbreak. It was observed that pipeline leakages have created fresh water pits in which aedes mosquito breeding was found. Indoor breeding was also observed during house to house visit. Cases presented with fever, bodyache and joint pains. Source reduction activities undertaken. 4 blood samples taken and sent to DSL Chamrajnagar, 2 found positive for Chikungunya by IgM ELISA."
Karnataka,Dakshina Kannada,Hepatitis E,10,0,10-06-19,,Under Surveillance,"Cases reported from Village Kudumbur, PHC UPHC Kulai, Taluk Mangalore. District RRT investigated the outbreak. Cases presented with symptoms like fever, anorexia, nausea, vomiting along with Jaundice. A total of 4 blood samples taken and sent to DPHL and tested positive for Hepatitis E. 4 water samples were also taken and found unpotable by MPN and H2S test. Health education given. 11 | P a g e"
Karnataka,Dakshina Kannada,Dengue,21,0,03-06-19,,Under Surveillance,"Cases reported from Village Gorakshadandu, PHC/CHC UPHC Jeppu, Taluk Mangalore. District RRT investigated the outbreak. Cases presented with fever, headache, body ache and vomiting. All of them were positive for Dengue by card test for NS1 antigen. A total of 16 samples were taken and sent to DPHL of which 5 were positive for Dengue by ELISA. House to house fever survey done. Health education given. Fogging was carried out in the area."
Meghalaya,West Garo Hill,Japanese Encephalitis,13,1,08-04-19,,Under Surveillance,"Cases reported from Village West Garo Hills. District RRT investigated the outbreak. Symptoms of the majority patients are headache, Joint pain and fever, cough. Most of the patients are above the age of 15 years. 67 blood samples tested out of which 13 were positive for JE by Ig M ELISA. Health education given."
Maharashtra,Kolhapur,Dengue,7,0,15-06-19,,Under Surveillance,"Cases reported from (Tipugade and Nikam galli) Kalamba, SC Kalamba, PHC Kaneri, Block Karveer. District RRT investigated the outbreak. Entomological indices are HI: 16.86 %, CI: 8.90 %, BI: 20.48 %. 8 Blood Serum taken out of which 5 are positive for Dengue by IgM ELISA at SSH CPRH Kohlapur. House to house survey done. Pit holes were filled. Breeding places were destroyed. Fogging done. Personal protective measures recommended."
Maharashtra,Satara,Dengue,6,0,28-05-19,,Under Surveillance,"Cases reported from Village Varade, SC Belawade, PHC Umbraj, Block Karad. District RRT investigated the outbreak. House to house fever survey done. Water collections were dried or emptied. People were advised to cover water collected for domestic purposes. Increase in larval density found. 6 Blood samples taken and sent to Civil hospital Satara out of which 5 found positive for Dengue by IgM ELISA. Fogging done."
Madhya Pradesh,Bhind,Acute Diarrheal Disease,34,0,12-06-19,,Under Surveillance,"Cases reported from Village Arjuddhpura, PHC Surpura, CHC Ater. District RRT investigated the outbreak. House to House survey done. 08 stool samples collected for Bacteriological test and sent to Microbiology Gwalior, water sample collected sent to PHE Bhind and found faecally contaminated. All cases treated. Chlorination done of all water source of village. Health education given. 12 | P a g e"
Odisha,Balasore,Jaundice,7,0,10-06-19,,Under Surveillance,"Cases reported from Village Munipada Malliksahi Under Balasore Municipality, UPHC Sunhat. District RRT investigated the outbreak. The affected area was a socioeconomically backward area. The water line was mixing with sewage line. 04 Water samples collected from Govt. Tube well and affected house for testing at DPHL, result awaited. All cases treated symptomatically. Health education given. Chlorine tablets distributed to the community for household chlorination."
Rajasthan,Baran,Hepatitis,6,0,14-06-19,,Under Surveillance,"Cases reported from Village Baran City Colony, Jhalriya Kua Baran. District RRT investigated the outbreak. 05 Serum samples collected and sent to MBS Hospital Kota and all found positive for Hepatitis E by IgM ELISA. 9 water samples taken and sent to PHED Baran and all found satisfactory. House to house survey done. Health education given. All cases treated."
Uttar Pradesh,Bahraich,Measles,13,1,12-06-19,,Under Surveillance,"Cases reported from Village Keshwapur, Block- Tejwapur. District RRT investigated the outbreak. District RRT visited the affected village and found 13 suspected measles cases on house to house survey. Out of 13 cases 7 were male and 6 were female. No travel history recorded. Out of 13 cases 6 cases were found vaccinated with 2 doses of measles vaccine while the status of 7 cases was unknown. One case aged 15 years died of illness. 5 serum samples taken, result awaited. Vitamin A supplementation given. IEC done. All cases treated."
Uttar Pradesh,Bareilly,Malaria,2102,0,28-01-19,,Under Surveillance,"Cases reported from Tehsil Aonla, Bloks- Majhgawan, Ramnagar, Bhamora, Kyara and less Affected other blocks Bareilly. District RRT investigated the outbreak. 19942 Blood slides examined out of which 130 were PF positive and 1972 were PV positive. Active Surveillance is being carrying out, daily fever tracking. Daily fever camps organised in the affected areas. All cases treated locally. Source reduction activities undertaken. Health education given."
Uttar Pradesh,Lucknow,Chickenpox,7,0,15-06-19,,Under Surveillance,"Cases reported from Village Bhadwana, PHC Kasmandikala, CHC Malihabad. District RRT investigated the outbreak. Cases presented with fever and Maculopapular rashes in body. 3 blood samples taken by RRT, result awaited. Essential Medicines and IEC given by RRT. All cases treated symptomatically. Health education given."
Assam,Dhemaji,Suspected Meningitis,1,1,23-06-19,25-06-19,Under Surveillance,"A case resident of Nepali Basti, Block Jonai presented symptoms of headache, vomiting and fever was admitted in AMCH, Dibrugarh and later expired on 12th 01-06-19. Blood and CSF samples were collected and tested for JE; were negative for JE (IgM ELISA). District RRT investigated the outbreak. House to house survey done. 71 blood smears were collected; result awaited. All cases treated symptomatically. Fogging done. Health education given."
Bihar,Buxar,Measles,9,0,20-06-19,29-06-19,Under Control,"Cases reported from Villages Pandeypatti, Naya Bazar, SC Pandey Patti, Block Buxar Sadar. District RRT investigated the outbreak. 05 blood samples collected, sent to WHO lab; result awaited. All cases treated symptomatically. Vitamin A supplementation provided. Health education given regarding isolation of cases."
Chhattisgarh,Rajnandgaon,Acute Diarrheal Disease,39,0,21-06-19,24-06-19,Under Surveillance,"Cases reported from Village Malpuri, PHC/SC Surgi, Block Ghumka. District RRT investigated the outbreak. House to house survey done. 01 stool sample collected and sent to GMCH Rajnandgaon; result awaited. Cases treated symptomatically. Chlorine tablets and ORS packets were distributed in the affected area. Health education given regarding personal hygiene and sanitation."
Himachal Pradesh,Kangra Viral,Hepatitis?,13,0,24-06-19,25-06-19,Under Surveillance,"Cases reported from Village Chowki Khalet (Tea Garden), SC Chowki Khalet, Block Gopalpur. District RRT investigated the outbreak. House to house survey done. Blood samples collected; result awaited. All cases treated symptomatically. Chlorination of water sources done. Health education given."
Jammu And Kashmir,Srinagar,Chickenpox,12,0,29-06-19,29-06-19,Under Control,"Cases reported from Sangri Khonmoh Govt boys Middle school, Block Hazratbal. District RRT investigated the outbreak. House to house survey done. Symptomatic treatment given all cases. Health education given regarding isolation of cases. 4 | P a g e"
Jharkhand,Dumka,Food Poisoning,91,0,29-06-19,29-06-19,Under Control,"Cases reported from Village Bagmari & Chandanpahari, PHC Sahara, CHC Jarmundi. District RRT investigated the outbreak. All cases consumed food in marriage ceremony and presented symptoms with vomiting and loose motion. All cases treated symptomatically. Health education given."
Jharkhand,East Singhbhum,Malaria,44,1,28-06-19,29-06-19,Under Surveillance,"Cases of fever with chill and rigor reported from Tola Gumrikocha, Village Jungle, SC Rangamatia, Block Dumaria. District RRT investigated the outbreak. House to house survey done. Out of 44 blood samples collected and tested (RDK); 25 samples were positive for malaria (24 blood samples were P. falciparum and 1 sample was P. vivax). Symptomatic treatment provided to all cases. Entomological survey done. DDT spraying and LLIN distributed in the block. Source reduction activities undertaken. Health education done."
Jharkhand,East Singhbhum,Japanese Encephalitis,50,0,20-09-19,29-06-19,Under Surveillance,"Cases reported from Village Baraol, SC Kesherda. District RRT investigated the outbreak. House to house survey done. Rice fields and pig rearing were observed in the affected area. 48 blood samples tested were negative for malaria (RDK). Out of 29 serum samples collected and sent to MGM Medical College; 8 samples were positive for JE and 2 samples were positive for Chikungunya (IgM ELISA). All cases treated symptomatically. Awareness regarding mosquito control activities done by health workers. Health education given."
Jharkhand,Latehar,Measles,13,0,24-06-19,25-06-19,Under Control,"Cases reported from Rose Children Home (anathalay). District RRT investigated the outbreak. 05 blood samples collected, sent to RIMS Ranchi; result awaited. All cases treated symptomatically. Vitamin A supplementation provided. Health education given regarding isolation of cases. 5 | P a g e"
Jharkhand,West Singhbhum,Food Poisoning,12,0,28-06-19,29-06-19,Under Control,"Cases reported from Faizul Kuran Madarsha, Ward No-18, Tola Dandasai. District RRT investigated the outbreak. Active search of cases done. All the cases consumed food and presented symptoms with loose motion and vomiting. Out of 4 stool samples collected and sent to DPHL, Chaibasa; result awaited. All cases treated symptomatically. Health education given regarding food hygiene and sanitation."
Jharkhand,West Singhbhum,Malaria?,49,0,25-06-19,27-06-19,Under Control,"Cases reported from Village Tirlipee, SC Kelende, CHC Jhinkpani. District RRT investigated the outbreak. House to house survey done. Out of 49 blood samples collected; 1 sample was positive for malaria (P. falciparum). Symptomatic treatment provided to all cases. Entomological survey done. DDT spraying and LLIN distributed in the block. Source reduction activities undertaken. Health education done."
Kerala,Kasaragod,Malaria,5,0,28-06-19,29-06-19,Under Surveillance,"Cases reported from Village Majbael, HSC Moodambayal, PHC Meenja, Block Mangalpady. District RRT investigated the outbreak. Active search of cases done. All cases were migrant from Uttar Pradesh working in the construction site. Out of 7 blood smear collected 5 sample were positive for malaria (P.V). Vector survey and larval survey done. All cases treated locally. Source reduction activities undertaken. Health education given."
Karnataka,Bangalore Rural,Dengue?,27,0,26-06-19,28-06-19,Under Control,"Cases reported from Village Honnagangaihnapalya, PHC/CHC Modalkote, Taluk Nelamangala. District RRT investigated the outbreak. House to house survey done. 1 sample was positive for Dengue (IgM ELISA). All cases treated symptomatically. Fogging and source reduction activities undertaken. Health education given. 6 | P a g e"
Maharashtra,Godchiroli,Acute Diarrheal Disease,11,0,24-06-19,25-06-19,Under Control,"Cases reported from Village Janala, SC Rekhegaon, PHC Amgaon, Block Chamorshi. District RRT investigated the outbreak. House to house survey done. 10 water samples collected and sent to SDL Chamorshi; 2 samples were non potable. All cases treated symptomatically. Chlorination of water sources done. Health education given regarding personal hygiene and sanitation."
Maharashtra,Raigad,Dengue,15,0,26-06-19,28-06-19,Under Surveillance,"Cases reported from Karambeli, SC Usroli, PHC Wavoshi, Block Khalapur. District RRT investigated the outbreak. House to house survey done. Out of 10 serum samples sent to DPHL Raigad; 5 samples were found positive for Dengue (IgM ELISA). All cases treated symptomatically. Fogging and source reduction activities undertaken. Health education given."
Maharashtra,Ratnagiri,Acute Diarrheal Disease,26,0,26-06-19,28-06-19,Under Surveillance,"Cases reported from Village Terav, SC Terav, PHC Sawarda, Tal Chiplun. District RRT investigated the outbreak. House to house survey done. All 03 water samples were collected and sent to SDH Kamathe were non potable for drinking purposes. All cases treated symptomatically. Chlorination of water sources done. IEC done regarding safe drinking water and personal hygiene."
Madhya Pradesh,Hoshangabad,Viral Hepatitis E,32,0,20-06-19,26-06-19,Under Surveillance,"Cases reported from Village Sirwad, Furtala, Senderwada, SHC Sirwad, Chauraha, Block Babai. District RRT investigated the outbreak. House to house survey done. Out of 8 blood samples collected and sent to GMC Virology Lab Bhopal; 6 samples were positive for HEV (IgM ELISA). 5 water samples were collected sent to PHE lab Hoshangabad; were potable. All cases treated symptomatically. Health education given regarding personal hygiene, Hand hygiene practices and safe drinking water. 7 | P a g e"
Madhya Pradesh,Datia,Acute Diarrheal Disease,17,0,26-06-19,28-06-19,Under Control,"Cases reported from Village Bsbaha, Sub health Centre Dursada, Block PHC Unao. District RRT investigated the outbreak. House to house survey done. 05 stool samples collected and sent to Datia Medical Collage; result awaited. Water samples from tube well were collected and sent to PHE Lab. Datia; result awaited. All cases treated symptomatically. Halogen tablets and ORS packets were distributed in the community. IEC done regarding safe drinking water and personal hygiene."
Manipur,West Imphal,Japanese Encephalitis,3,0,28-06-19,30-06-19,Under Surveillance,"Cases reported from Village Yaikongpao, Kangpokpi, Moidangpokpi Mayai Leikai and Irom Meijao. District RRT investigated the outbreak. House to House survey done. 1 CSF and 4 blood samples collected and sent to SRL JNIMS; 3 samples were positive for JE (IgM ELISA). All cases treated symptomatically. Awareness regarding mosquito control activities done by health workers. Health education given."
Odisha,Nabarangpur,Food Poisoning,12,0,28-06-19,30-06-19,Under Control,"Cases reported from Village: Badamasigaon, Block Nabarangapur. District RRT investigated the outbreak. Active search of cases done. All the cases consumed food (wild mushroom curry) and presented symptoms with loose motion and vomiting. All cases treated symptomatically. Health education given regarding food hygiene and sanitation."
Odisha,Ganjam,Acute Diarrheal Disease,19,0,26-06-19,29-06-19,Under Control,"Cases reported from Village Parvatipur, SC Baranga, Block Patrapur. District RRT investigated the outbreak. House to house survey done. Community consumed contaminated well water for drinking purposes. 06 water samples collected and sent to MKCG MCH, Berhampur; result awaited. All cases treated symptomatically. Halogen tablets and ORS packets were distributed in the community. IEC done regarding safe drinking water and personal hygiene. 8 | P a g e"
Punjab,Kapurthala,Chickenpox,8,0,27-06-19,27-06-19,Under Control,"Cases reported from Village Togawal, PHC Bhanolanga, CHC Kala Sanghian. District RRT investigated the outbreak. House to house survey done. Symptomatic treatment given all cases. Health education given regarding isolation of cases."
Punjab,Shahid Bhagat Singh Nagar,Jaundice,9,0,29-06-19,30-06-19,Under Surveillance,"Cases reported from Village Pojewal, Block Saroya. District RRT investigated the outbreak. House to house survey done. All cases treated symptomatically. Health education given regarding personal hygiene, hand hygiene practices and safe drinking water."
Punjab,Muktsar,Acute Diarrheal Disease,12,0,26-06-19,27-06-19,Under Control,"Cases reported from Village Baba Deep Singh Nagar, Malout. District RRT investigated the outbreak. House to house survey done. 08 stool samples collected; result awaited. All cases treated symptomatically. Halogen tablets and ORS packets were distributed in the community. IEC done regarding safe drinking water and personal hygiene."
Rajasthan,Kota,Viral Hepatitis A,18,0,26-06-19,26-06-19,Under Surveillance,"Cases reported from Village Makbara (Rampura Hospital), UPHC Chandraghata. District RRT investigated the outbreak. House to house survey done. All 9 blood samples collected were positive for HAV (IgM ELISA). 7 water samples were collected; result awaited. All cases treated symptomatically. Chlorination of water sources done. Chlorine tablets distributed in the affected area. Health education given regarding personal hygiene and safe drinking water."
Tamil Nadu,Dharmapuri,Chikungunya,39,0,26-06-19,26-06-19,Under Surveillance,"Cases reported from Village Dhombaragampatti, SC Palayampudur, PHC Palayampudur, Block Nallampalli. District RRT investigated the outbreak. House to house survey done. Out of 5 serum samples sent to DPHL Dharmapuri; 3 samples were found positive for Chikungunya (IgM ELISA); 1 samples were found positive for Leptospirosis (IgM ELISA) and 1 sample was positive for Dengue. All cases treated symptomatically. Health education given. 9 | P a g e"
West Bengal,Paschim Medinipur,Food Poisoning,135,0,26-06-19,27-06-19,Under Control,"Cases reported from Khirpai Municipality, Ward No-1 Chandrakona-I Paschim Medinipur. District RRT investigated the outbreak. Active search of cases done. All the cases consumed food and presented symptoms with loose motion and vomiting. Out of 4 stool samples collected and sent to MMCH; result awaited. All cases treated symptomatically. Health education given regarding food hygiene and sanitation."
Uttar Pradesh,Lucknow,Chickenpox,7,0,28-06-19,29-06-19,Under Control,"Cases reported from Villages Basi Tola, Jauhar Mehlar, Gadhaiya, UFWC Chitwapur. District RRT investigated the outbreak. Active search of cases done. All cases treated symptomatically. Health education given. DISEASE OUTBREAKS OF PREVIOUS WEEKS REPORTED LATE Unique ID. Name of State/UT Name of District Disease/ Illness No. of Cases No. of Deaths Date of Start Outbreak Current Status Comments/ Action Taken"
Arunachal Pradesh,East Siang,Dengue,15,0,03-06-19,,Under Surveillance,"Cases reported from Pasighat Town. District RRT investigated the outbreak. House to house survey done. Out of 31 serum samples sent to RMRC, ICMR, Dibrugarh, Assam; 15 samples were found positive for Dengue (IgM ELISA). All cases treated symptomatically. Source reduction activities undertaken. Health education given."
Chhattisgarh,Baster,Japanese Encephalitis,6,1,19-06-19,,Under Surveillance,"Cases reported from Villages Cholnar, Damaguda, PHC Pandanar, Block Bakawand Darbha. District RRT investigated the outbreak. House to house survey done. Rice fields and duck shelters were observed in the affected area. Out of 6 blood serum samples collected and sent to Lt. Baliram Memorial Govt. Medical College Virology Lab; 3 samples were positive for JE (IgM ELISA). Entomological survey done in the affected area. All cases treated symptomatically. Health education given. 10 | P a g e"
Chhattisgarh,Raipur,Acute Diarrheal Disease,39,0,17-06-19,,Under Surveillance,"Cases reported from urban area of Ward No. 4,5,6 & 7, CHC Abhanpur, Block Abhanpur. District RRT investigated the outbreak. House to house survey done. Water samples collected and sent to JNM Medical College; were not potable. All cases treated symptomatically. Chlorine tablets and ORS packets were distributed in the community. Health education given regarding personal hygiene and sanitation."
Chhattisgarh,Raipur,Food Poisoning,24,0,01-04-19,,Under Control,"Cases reported from Thakur Pyarelal State Institute of Panchayat & Rural Development, Nimora, CHC Abhanpur, Block Abhanpur. District RRT members investigated the outbreak. All cases consumed food in dinnerand presented symptoms with loose motion and vomiting. Stool samples were collected and sent to JNM Medical College; were negative for enteropathogens. Water samples collected and tested at JNM Medical College were non potable. All cases treated symptomatically. Health education given regarding safe drinking water and personal hygiene."
Jharkhand,Lohardaga,Measles,5,0,01-06-19,,Under Control,"Cases reported from Village/SC/PHC/ Rampur, Block Lohardaga. District RRT investigated the outbreak. 05 blood samples collected, sent to RIMS Ranchi; result awaited. All cases treated symptomatically. Vitamin A supplementation provided. Health education given regarding isolation of cases."
Kerala,Kollam,Viral Hepatitis A,11,0,06-06-19,,Under Surveillance,"Cases of fever, myalgia, vomiting, abdominal pain, nausea and yellowish discoloration of urine reported from Ward 1 (Kunnicode North), SC Avaneeshwaram, PHC Vilakkudy, Block Pathanapuram. District RRT investigated the outbreak. House to house survey done. Water is supplied through pond. The pond water is stored into water tanks and consumed for drinking. Out of 5 serum samples collected and sent to District PH Lab; 2 samples were found positive for Hepatitis A (HAV IgM Elisa). All cases treated symptomatically. Chlorination done. Health education given."
Kerala,Kozhikode,Viral Hepatitis A,30,0,23-05-19,,Under Surveillance,"Cases of fever, nausea, vomiting, abdominal pain, dark urine and yellowish eyes reported from Village/PHC Panangad, Block Balussery. District RRT investigated the outbreak. House to house survey done. Pipeline leakages were observed in the community. All the 7 serum samples collected and sent to RPH Lab; were found positive for Hepatitis A (HAV IgM Elisa). Pipeline leakages were repaired. All cases treated symptomatically. Chlorination done. Health education given. 11 | P a g e"
Kerala,Ernakulam,Dengue,30,0,01-05-19,,Under Surveillance,"Cases reported from Village Mamalakandam, PHC Kuttampuzha, Block Varapetty. District RRT investigated the outbreak. District RRT investigated the outbreak. House to house survey done. 7 samples were positive for Dengue (IgM ELISA tested as RPH lab Ernakulum. All cases treated symptomatically. Entomological survey done in the affected area. Fogging and source reduction activities undertaken. Health education given."
Karnataka,Chickaballapura,Fever,26,0,19-06-19,,Under Control,"Cases reported from Village Akkibikki Colony, PHC/CHC Kurudi, Taluk Gowribidanur. District RRT investigated the outbreak. 2 serum samples sent to SSL and 2 blood sample sent to BMRCI; result awaited. All cases treated symptomatically. Health education given"
Karnataka,Haveri,Dengue,33,0,18-06-19,,Under Surveillance,"Cases reported from Village Savasagi, PHC/CHC Belagalpet, Taluk Hanagal. District RRT investigated the outbreak. House to house survey done. Out of 8 blood samples collected and sent to KIMS; 1 sample was positive for Dengue (IgM ELISA). All cases treated symptomatically. Fogging and source reduction activities undertaken. Health education given."
Karnataka,Kolar,Chikungunya,23,0,07-06-19,,Under Control,"Cases reported from Village Hunkunda, PHC/CHC Betamangala, Taluk Bangarpet. District RRT investigated the outbreak. House to house survey done. Out of 6 blood samples collected; 2 samples were positive for Chikungunya (IgM ELISA) & 2 samples were positive for Leptospirosis. Temporary clinic established to treat fever cases. All cases treated symptomatically. Entomological survey done in the affected area. Fogging and source reduction activities undertaken. Health education given."
Maharashtra,Nagpur,Food Poisoning,13,0,17-06-19,,Under Control,"Cases reported from Village Bhadura, PHC Panchgaon, Taluka Umred. District RRT investigated the outbreak. Active search of cases done. All the cases consumed food and presented symptoms with loose motion and vomiting. All cases treated symptomatically. Health education given regarding food hygiene and sanitation."
Maharashtra,Mumbai,Hepatitis (E & A),207,0,27-04-19,,Under Surveillance,"Cases reported from Village Kurla (West), L Ward, Mumbai. District RRT investigated the outbreak. House to house survey done. Pipeline leakages were observed in the community. Out of 1097 samples collected and sent to KEM; 169 samples were positive for HEV and 38 samples were positive for HAV (IgM ELISA). Pipeline leakages were repaired. All cases treated symptomatically. Chlorination done. Health education given. 12 | P a g e"
Odisha,Koraput,Suspected Anthrax,7,0,17-06-19,,Under Control,"Cases reported from Village Tikarapada CHC/Block Lamtaput. District RRT investigated the outbreak. House to house survey done. All the cases handled dead cattle and consumed the meat of the dead cattle. Out of 6 smears collected; 2 smears showed growth of bacillus anthrax like organisms on Gram staining. All cases treated symptomatically. Disinfection of drains and cattle sheds done in the affected area. IEC done regarding safe food, safe drinking water, personal hygiene, avoiding consumption & handling of carcasses and safe disposal of carcasses."
Odisha,Koraput,Chickenpox,8,0,05-06-19,,Under Control,"Cases reported from Village/SC Tikarapada, CHC/Block Lamtaput. District RRT investigated the outbreak. House to house survey done. 2 blood samples collected were positive for varicella zoster virus (IgM ELISA). Symptomatic treatment given all cases. Health education given regarding isolation of cases."
Uttar Pradesh,Ballia,Chickenpox,38,0,04-06-19,,Under Control,"Cases reported from Village Devdih, CHC Bansdih, Block Bansdih. District RRT investigated the outbreak. Active search of cases done. All cases treated symptomatically. Health education given. 13 | P a g e FOLLOW UP OUTBREAKS OF PREVIOUS WEEKS REPORTED LATE Unique ID. Name of State/UT Name of District Disease/ Illness No. of Cases No. of Deaths Date of Start Outbreak Current Status Comments/ Action Taken"
Assam,Multiple Districts,Acute Encephalitis Syndrome,1481,207,25-05-2019,,Under Surveillance,A total of 1481 cases and 207 deaths due to AES reported from various villages of multiple Districts of Assam till 17th 01-07-19. Out of 1481 cases of AES; 406 cases were of JE and; out of 207 deaths of AES; 94 deaths were due to JE. State and Central RRT investigated the outbreak. Majorly affected Districts were District AES JE Cases Deaths Cases Deaths Barpeta 43 11 10 5 Darrang 49 13 20 6 Dibrugarh 227 25 26 9 Jorhat 82 17 25 8 Kamrup R 45 16 27 11 Lakhimpur 105 11 35 5 Nalbari 25 9 17 5 Sonitpur 116 10 26 1 Extensive vector control measures were taken. Fogging done. Insecticide treated bed nets distributed. Health education done.
Andhra Pradesh,Kadapa,Acute Diarrheal Disease,282,0,30-06-19,06-07-19,Under Surveillance,"Cases reported from Village Ramanapally, SC Chinnamachupalli, PHC/Block Chennur. District RRT investigated the outbreak. The cases occurred after drinking water from contaminated source. Pipeline leakages identified in the water distribution line. 5 water samples collected from various water outlet points and found potable. 6 stool samples collected and sent to GGH lab for culture, result awaited."
Andhra Pradesh,Vizianagaram,Acute Diarrheal Disease,14,0,30-06-19,30-06-19,Under Control,"Cases reported from Village Bhallu Kota, PHC N K Puram. District RRT investigated the outbreak. 4 water samples collected and send to RWS department & 9 stool Samples collected and send to Andhra Medical College Virology & Microbiology Department, result awaited. Water Chlorination and sanitation work done. All cases treated symptomatically. Health education given."
Assam,Nalbari,Food Poisoning,5,0,04-07-19,06-07-19,Under Control,"Cases reported from Village Ukhura, SC Kotalkuchi, BPHC Kamarkuchi. District RRT investigated the outbreak. All cases were family members and had history of consuming fermented rice with brown chickpeas chutney that was made in home. Cases presented with fever and vomiting. 3 water samples sent to DPHL Nalbari, result awaited."
Himachal Pradesh,Solan,Acute Diarrheal Disease 46 00,3,719,30-06-19,,Under Control,"Cases reported from Village Palog SC Manjoo Block Arki. District RRT investigated the outbreak. Cases had history of attending a funeral and suspected of getting infection after using water from a contaminated source. 4 water samples were collected, result awaited. All cases treated. Health education given. 4 | P a g e"
Jammu And Kashmir,Pulwama,Enteric Fever,13,0,06-07-19,06-07-19,Under Surveillance,"Cases reported from NTPHC Pingleena, Village Pingleena. District RRT investigated the outbreak. Cases had history of fever of more than one week. 2 blood samples for blood culture was taken and sent to PHL JLNM hospital Sri nagar, result awaited. 2 water samples collected and sent to PHL JLNM hospital Sri nagar result awaited. All cases treated. Health education given."
Jharkhand,Khunti,Food Poisoning,31,1,03-07-19,03-07-19,Under Surveillance,Cases reported from Khunti Jail. District RRT investigated the outbreak. Cases had history of having breakfast in jail after which they felt dizzy and had vomiting. All cases treated.
Karnataka,Bangaluru,Dengue,13,0,02-07-19,04-07-19,Under Control,"Cases reported from Village Uttasipalya, PHC/CHC Modalkote, Taluk Nelamangala. District RRT investigated the outbreak. Cases presented with fever and rash. 01 water sample and 01 blood serum sample collected and sent to PHI, results awaited. Mosquito breeding was found in the area. All cases treated. Health education given."
Karnataka,Dharwad,Mumps,5,0,01-07-19,03-07-19,Under Surveillance,"Cases reported from Village/SC Kotabagi, PHC Uppin Betageri, Taluk Dharwad. District RRT investigated the outbreak. Cases presented with fever and bilateral swelling of parotid glands. House to house survey done. Health camp organized in the area. Serum samples collected result awaited. Health education given."
Kerala,Alappuzha,Acute Diarrheal Disease,94,0,05-07-19,06-07-19,Under Surveillance,"Cases reported from Eruva Mavileth NPV School in Village/HSC Kayamkulam, PHC Kayamkulam THQH, Block Muthukulam. District RRT investigated the outbreak. All students had consumed food in the school. 01 Rice sample collected and sent to PH lab Trivandrum, result awaited 04 water & 09 stool samples collected and sent to Microbiology lab, Vandanam, Alappuzha, 02 stool samples found positive for Shigella. Health Education given. Chlorination, IEC material distributed in the entire affected ward. All cases treated locally. Source reduction activities undertaken. 5 | P a g e"
Meghalaya,Jaintia Hills,Food Poisoning,23,0,03-07-19,04-07-19,Under Surveillance,"Cases reported from Village/SC Mooshrot (Laskein), PHC Sahsniang. District RRT investigated the outbreak. Cases had history of consumption of food in a funeral function, after which they developed loose stools and vomiting. Most of the affected were above 40 years of age. All cases treated. Health education given."
Madhya Pradesh,Dhaar,Food Poisoning,6,0,03-07-19,01-07-19,Under Control,"Cases reported from Village Khadi Biloda, PHC Kesur, Block Teesgaon."
Punjab,Moga,Acute Diarrheal Disease,13,0,01-07-19,01-07-19,Under Control,"Cases reported from Village Basti Mohan Singh. District RRT investigated the outbreak. As per survey of affected area 13 children age 5-8 are suffering from abdomen pain with vomiting. Survey of the affected area started. Stool samples taken and Municipal Corporation informed. 3 stool samples taken. ORS and Zinc, chlorine tabs distributed. IEC activity started and pamphlets distributed. Alternate water supply arranged. All cases treated symptomatically. Health education given."
Rajasthan,Bikaner,Enteric Fever,14,0,04-07-19,04-07-19,Under Surveillance,"Cases reported from SC Kunpalsar, PHC Ridi, Block Shri Dugargarh. District RRT investigated the outbreak. Cases presented with fever, headache, fatigue, cough and abdominal pain. 9 blood samples and 2 water samples sent to SPMC Bikaner, result awaited. Active fever survey done in the area. All cases treated symptomatically. Health education given."
Tamil Nadu,Coimbatore,Food Borne Illness,22,0,01-07-19,02-07-19,Under Surveillance,"Cases reported from GRT Jewelleries Coimbatore Gandhinagar. 7 Rectal swabs sent to KMCH Coimbatore, Result awaited. All cases treated symptomatically. Health education given."
Tamil Nadu,Tiruvallur,Acute Diarrheal Disease,11,0,06-07-19,07-07-19,Under Surveillance,"Cases reported from Village Enathi melpakkam, HSC Rettambedu, PHC Equarpalayam, Block Gummudipoondi. District RRT investigated the outbreak. 01 stool sample and 06 water samples sent to DPHL Tiruvallur, result awaited. All 11 patients were treated and all are now stable. Total affected patients 11 (male 7 and female 4). Chlorination of the water done. Health education was given on personal hygiene. All cases treated. 6 | P a g e"
Telangana,Mahabubnagar,Chikungunya,26,0,04-07-19,08-07-19,Under Control,"Cases reported from Village Achyapally, SC/PHC Janampet, Moosapet Mandal. District RRT investigated the outbreak. Cases presented with fever, jointpain and malaise. 26 blood smears were prepared and all found negative for Malaria parasite. 10blood samples were taken and 05 found positive for Chikungunya by IGM ELISA. Pyrethrum sprayed in houses. Health education given."
Telangana,Mahabubnagar,Food Poisoning,9,0,04-07-19,08-07-19,Under Control,"Cases reported from Village Aparna Constructions, Masjid Banda Serlingampally. District RRT investigated the outbreak. All the cases were laborers at construction site. They had consumed dinner together. They developed loose motion and vomiting after that. Chlorination was done. Health education given on personal hygiene. All cases treated symptomatically."
Tripura,Gomoti,Suspected Diphtheria,13,1,03-07-19,08-07-19,Under Surveillance,"Cases reported from Village Kurma, Kanchanchara, Gobindabari Amarpur SDH & Thentharai para. District RRT investigated the outbreak. All samples are sent for examination. Only one was found positive and results of others are awaited. All cases treated symptomatically. Health education given. Vaccination drive started in the area."
Tripura,West Tripura,Food Poisoning,29,0,04-07-19,08-07-19,Under Surveillance,"Cases reported from Village/SC Tulabagan, Block Mohanpur R.D. District RRT investigated the outbreak. All had history of consuming food in a ceremony after which they developed diarrhea and vomiting. Drinking water and mustard oil were sent to AGMC Lab, result awaited. All cases treated."
Uttar Pradesh,Azamgarh Viral,Hepatitis,27,0,01-07-19,05-07-19,Under Control,"Cases reported from Village Mohalla Alinagar. CHC Mubarakpur, Block Sathiyaon. District RRT investigated the outbreak. All cases treated Outbreak was started after drinking infected water. 27 patients of different families were found suffering from Viral Hepatitis. All cases treated. 7 | P a g e DISEASE OUTBREAKS OF PREVIOUS WEEKS REPORTED LATE Unique ID. Name of State/UT Name of District Disease/ Illness No. of Cases No. of Deaths Date of Start Outbreak Current Status Comments/ Action Taken"
Andhra Pradesh,Kadapa,Dengue,6,0,01-05-19,,Under Control,"Cases reported from Village Komantharajupuram HW, SC Narayana Nellore, PHC/Block Penagalur. District RRT investigated the outbreak. Larval breeding was found in the water collections. Due to water scarcity people were storing water. 6 serum samples taken and sent to GGH lab Kadapa 2 found positive for Dengue by MAC ELISA. House to house larval survey done. Anti-larval survey was conducted. All cases treated symptomatically. Source reduction activities undertaken. Health education given."
Andhra Pradesh,Visakhapatnam,Anthrax,2,0,27-06-19,,Under Surveillance,"Cases reported from Village Madagada, Dumbriguda Mandal. District RRT investigated the outbreak. Cases had history of consumption of row meat. 2 smear samples from lesions were collected and tested at AMC Virology lab, 1 sample found positive for Anthrax, 2nd result awaited. House to house survey done. Animal husbandry department alerted for necessary action. All cases treated. Health education given."
Arunachal Pradesh,East Siang,Scrub Typhus,18,0,22-06-19,,Under Surveillance,"Cases reported from various villages of East Siang. District RRT investigated the outbreak. 18 blood samples were collected and all found positive for Scrub Typhus and tested at RMRC-ICMR, Dibrugarh. All cases treated education given."
Arunachal Pradesh,Tawang,Chickenpox,12,0,28-06-19,,Under Control,Cases reported from Mt. Ghesela Eng. School under District Hospital Tawang. District RRT investigated the outbreak. Cases presented with fever with rash and majority of them were between 5-14 year of age. All cases treated under isolation. Health education given.
Arunachal Pradesh,Tirap,Enteric Fever,42,0,07-01-19,,Under Control,"Cases reported from Village Deomali, CHC Deomali. District RRT investigated the outbreak Cases of Fever with weakness reported. 42 blood samples were collected and all found positive by Widal test at CHC Deomali. Majority of cases were in 7-15 year age group. Necessary advice for prevention and control in terms of IEC has been imparted. All cases treated symptomatically. 8 | P a g e"
Bihar,Jahanbad,Acute Diarrheal Disease,10,0,26-06-19,,Under Surveillance,"Cases reported from Village Chaklarsa, HSC Karauna, PHC/Block Sadar. District RRT investigated the outbreak. Cases presented with vomiting and loose stools. All belonged to poor socio economic status. 2 stool samples sent to PMCH Patna, no entero pathogen detected. House to house survey done. All cases treated. Health education given."
Bihar,Purnia Suspected,Chickenpox,21,0,23-01-19,,Under Control,"Cases reported from Village/HSC Jianganj, PHC/Block Banmankhi. District RRT investigated the outbreak. Cases presented with fever and rash. Of all the cases 09 were females and 12 were males. The affected were in age group of 02 years to 10 Years of age. House to house survey done. All cases treated under isolation. Health education given."
Chhattisgarh,Baster,Food Poisoning,6,0,26-06-19,,Under Surveillance,"Cases reported from Village/PHC Dimrapal, Block Tokapal. District RRT investigated the outbreak. 05 Food samples collected, result awaited. Health education given."
Chhattisgarh,Kawardha,Acute Diarrheal Disease,10,0,24-06-19,,Under Control,"Cases reported from Village Urban Navapara, Block S Lohara. District RRT investigated the outbreak. House to house survey done. All cases treated. Health education given."
Chhattisgarh,Raipur Viral,Hepatitis,6,0,28-06-19,,Under Surveillance,"Cases reported from Village Jagannath Nagar,Ward No.-34, Raipur. District RRT investigated the outbreak. It was observed that water supply line was contaminated with sewage. 10 blood samples collected and sent to JNM Medical college 6 found positive for Hepatitis A and E. House to house survey done. All cases treated. Municipal department communicated for sanitation and hygiene."
Himachal Pradesh,Mandi,Acute Diarrheal Disease,104,0,29-06-19,,Under Control,"Cases reported from Village Upper Barot, SC Chuku Paunta, PHC Fatehpur, Block Baldwara. District RRT investigated the outbreak. 3 stool samples collected and sent to IPH department result, awaited. House to house survey done. All cases treated. Health education given."
Jharkhand,Dhanbad,Chickenpox,8,0,19-06-19,,Under Surveillance,"Cases reported from Village Nayadih, Tundi Dhanbad. District RRT investigated the outbreak. Cases presented with fever, cough and rash. 5 blood samples collected and sent to RIMS Ranchi, result awaited. All cases treated Under isolation. 9 | P a g e"
Karnataka,Chickaballapura,Chikungunya,45,0,20-06-19,,Under Surveillance,"Cases reported from Village Devekunte, PHC/CHC margankunte, Taluk Bagepalli. District RRT investigated the outbreak. Fever and larval surveillance has been initiated in the village. All the patients have been treated locally. 4 serum samples collected and sent to SSL and found positive for Chikungunya. All cases treated symptomatically. Health education given."
Maharashtra,Ahmednagar,Fever,4,1,26-06-19,,Under Control,"Cases reported from Village Sonari, SC Dharangaon, PHC Takli Brahamangaon, Block Kopergaon. District RRT investigated the outbreak. In entomological survey, out of 190 containers, 3 found positive for larva. HI-6.66, CI-1.57, BI- 6.66. 4 Blood sample taken for PV and PF and all found negative. 3 serum sample sent to sentinel center for Dengue, result awaited. House to house survey done. Fogging done Health education given. 1 male age 26 yr died of illness."
Maharashtra,Beed,Food Poisoning,74,0,11-06-19,,Under Control,"Cases reported from Village Dhanora Road, Beed PHC Mominpura Beed City. District RRT investigated the outbreak. Cases had history of consumption of food in a ceremony after which they developed loose motions and vomiting. The consumed food item was meat curry. All cases treated."
Madhya Pradesh,Nimach,Chickenpox,4,0,26-06-19,,Under Surveillance,Cases reported from Village CISF Colony Nimach. District RRT investigated the outbreak. Cases presented with fever and maculopapular rash. All cases were adults. Active surveillance done in the area. All cases treated under isolation. Health education given.
Odisha,Keonjhar,Acute Diarrheal Disease,13,0,29-06-19,,Under Control,"Cases reported from Village Masinajodi, SC Binida, CHC/Block Ghatagaon. District RRT investigated the outbreak. 01 rectal swab & 03 water samples collected, result awaited. All cases treated symptomatically. Health education given."
Puducherry,Puducherry,Hepatitis A,6,0,14-06-19,,Under Surveillance,"Cases reported from Village Pudupet, Mannadipet CHC, Villianur Block, Puducherry. District RRT investigated the outbreak. 20 days prior to the onset of illness the area was receiving foul smelling and stained water which was subsequently stopped and new pipe line laid in the area. After one index case was detected active case search was done and further 12 cases were detected. 10 blood samples were taken out of which 5 were tested positive for Hepatitis A by IgM ELISA at RVRDL JIPMER. Health education given. All cases treated. 10 | P a g e"
Telangana,Karimnagar,Food Poisoning,51,0,25-06-19,,Under Control,"Cases reported from TS Model School Girls Hostel, Shankarapatnam. District RRT investigated the outbreak. Students consumed dinner in the hostel After which they developed loose motion, vomiting, abdomen pain. All cases treated. 34 blood samples taken, result awaited. Health education given. And handwashing on personal hygiene."
Telangana,Nalgonda,Food Poisoning,40,0,26-06-19,,Under Control,"Cases reported from Kasturba Gandhi Girls High School, Village &PHC Chandampet, Nalgonda. District RRT investigated the outbreak. Students had consumed breakfast in the hostel after which they developed vomiting and loose motion. All cases treated. Food samples were taken and sent to state food laboratory Hyderabad, result awaited. Health education given. And handwashing on personal hygiene."
Uttar Pradesh,Mathura,Acute Diarrheal Disease,194,0,27-06-19,,Under Control,"Cases reported from Village Anyore, Block Goverdhan. District RRT investigated the outbreak. Probable cause of infection was contaminated water. Pipeline leakages were observed in the supply line. 4 water samples collected and tested at SN Medical College and 3 found positive for Klebseilla Pneumonia. Chlorination of water sources done. All cases treated. Health education given."
West Bengal,West Medinipur,Food Poisoning,135,0,26-06-19,,Under Surveillance,"Cases reported from Village Khirpai Municipality, Ward No - 1 Chandrakona-I Paschim Medinipur. District RRT investigated the outbreak. During 'Hari Nam Sankritan' at night, pilgrims cases had history of consuming Prasad in a religious ceremony after which they developed loose motions and vomiting. 4 stool samples were taken and sent to MMCH, no enteropathogen detected. Health education given. 11 | P a g e FOLLOW UP OUTBREAKS OF PREVIOUS WEEKS REPORTED LATE Unique ID. Name of State/UT Name of District Disease/ Illness No. of Cases No. of Deaths Date of Start Outbreak Current Status Comments/ Action Taken 26th week Follow-up Outbreaks ID 0712 Assam Multiple districts AES 1824 257 25-05-19 Under Surveillance Cases of AES reported from various villages of multiple districts of Assam. State and Central level RRT investigated the outbreak. A total of 5087 blood samples were tested for JE of which 521 were tested positive. A total of 2044319 blood smears were examined of which 272 were positive for P Falciparum, 156 for P Vivax and 3 for both. Of all 257 deaths 118 were due to Japanese Encephalitis. Extensive vector control measures were taken. Fogging done. Various RRTs constituted. Insecticide treated bed nets distributed."
Andhra Pradesh,Cuddapha,Food Poisoning,49,0,13-07-19,14-07-19,Under Control,"Cases reported from Govt. ST Welfare Boys Hostel, Bose Nagar, SC Rayachoti PPU Of Rayachoty Mandal. District RRT investigated the outbreak. Active search of cases done. All the cases consumed food and presented symptoms with pain abdomen, loose motion and vomiting. Food samples were collected and sent to Regional Public Health Lab; Guntur; result awaited. All cases treated symptomatically. Health education given regarding food hygiene and sanitation."
Andhra Pradesh,Guntur,Food Poisoning,15,0,10-07-19,12-07-19,Under Control,"Cases reported from Ramakrishna Mission High School (Telugu) Seethnagaram, Tadepalli Mandal. District RRT investigated the outbreak. Active search of cases done. All the cases consumed food in mid-day meal organized by Akshaya Patra Foundation and presented symptoms with loose motion and vomiting. All cases treated symptomatically. ORS packets were distributed to all the school children. Health education given regarding food hygiene and sanitation."
Arunachal Pradesh,East Siang,Japanese Encephalitis,33,0,09-07-19,09-07-19,Under Surveillance,Cases reported from Pasighat town. District RRT investigated the outbreak. House to House survey done. Out of 33 serum samples collected and sent to DPHLBP Genral Hopital; 21 samples were positive for JE (IgM ELISA). All cases treated symptomatically. Awareness regarding mosquito control activities done by health workers. Health education given.
Arunachal Pradesh,East Siang,Chikungunya,21,0,07-07-19,14-07-19,Under Surveillance,Cases reported from Pasighat Town. District RRT investigated the outbreak. House to house survey done. Out of 21 serum samples collected and sen to DPHL BP General Hospital; 13 sample was positive for Chikungunya (IgM ELISA). All cases treated symptomatically. Fogging and source reduction activities undertaken. Health education given. 4 | P a g e
Assam,Kamrup,Food Poisoning,62,0,07-07-19,09-07-19,Under Surveillance,"Cases reported from Village South Lemga, SC Lemga, PHC North Guwahati. District RRT investigated the outbreak. Active search of cases done. All the cases consumed food (Prasad) and presented symptoms with loose motion and vomiting. 4 stool and 2 water samples collected and sent to MMCH; result awaited. All cases treated symptomatically. Health education given regarding food hygiene and sanitation."
Chhattisgarh,Balodabazar,Acute Diarrheal Disease,47,0,10-07-19,11-07-19,Under Surveillance,"Cases reported from Village Datan, PHC Lachhanpur, Block Palari. District RRT investigated the outbreak. House to house survey done. Water sample collect and sent to PHE; result awaited result All cases treated symptomatically. Halogen tablets and ORS packets were distributed in the community. IEC done regarding safe drinking water and personal hygiene."
Chhattisgarh,Balod,Acute Diarrheal Disease,65,0,10-07-19,11-07-19,Under Surveillance,"Cases reported from Village Jhikatola, SHC Kodekasa Sector Bhawarmara, Block Dondilohara. District RRT investigated the outbreak. House to house survey done. Water sample collect and sent to PHE; result awaited result All cases treated symptomatically. Halogen tablets and ORS packets were distributed in the community. IEC done regarding safe drinking water and personal hygiene."
Chhattisgarh,Janjgir,Acute Diarrheal Disease,72,0,04-07-19,08-07-19,Under Surveillance,"Cases reported from Village Pakariya Jhulan, PHC Naryara, Section Pakariya Jhulan, CHC Akaltara. District RRT investigated the outbreak. House to house survey done. Water sample collect and sent to PHE; result awaited result All cases treated symptomatically. Halogen tablets and ORS packets were distributed in the community. IEC done regarding safe drinking water and personal hygiene. 5 | P a g e"
Jammu And Kashmir,Kulgam Viral,Hepatitis?,18,0,09-07-19,10-07-19,Under Surveillance,"Cases reported from Village Ahmadabad Block D H Pora. District RRT investigated the outbreak. House to house survey done. Out of 11 blood samples collected and sent to GMC Srinagar; result awaited. 3 water samples were collected; result awaited. All cases treated symptomatically. Health education given regarding personal hygiene, Hand hygiene practices and safe drinking water."
Jammu And Kashmir,Shopian,Food Poisoning,45,0,10-07-19,12-07-19,Under Control,"Cases reported from Village Tashloo Institute: Darul Ashia Sidiquee, PHC Herman, Block Shopian. District RRT investigated the outbreak. Active search of cases done. All the cases consumed food and presented symptoms with loose motion and vomiting. All cases treated symptomatically. Health education given regarding food hygiene and sanitation."
Kerala,Alappuzha,Food Poisoning,17,0,11-07-19,11-07-19,Under Control,"Cases reported from Kerala State Sports Council Hostel, Village Aryad S, SC Punnamada, Block Ambalappuzha. . District RRT investigated the outbreak. Active search of cases done. All the cases consumed food and presented symptoms with loose motion and vomiting. 2 water samples collected and sent to DPHL; result awaited. All cases treated symptomatically. Health education given regarding food hygiene and sanitation."
Kerala,Kollam,Chickenpox,23,0,07-07-19,08-07-19,Under Control,"Cases reported from Govt Model UPS Piravanthoor Ward XII, CHC/Block Pathanapuram. District RRT investigated the outbreak. House to house survey done. Symptomatic treatment given all cases. Health education given regarding isolation of cases."
Kerala,Idukki,Food Poisoning,23,0,10-07-19,11-07-19,Under Control,"Cases reported from Village Kalkoonthal, SC PP Unit Nedumkandam, PHC Nedumkandam, Block Nedumkandam. District RRT investigated the outbreak. Active search of cases done. All the cases consumed food and presented symptoms with loose motion and vomiting. All cases treated symptomatically. Health education given regarding food hygiene and sanitation. 6 | P a g e"
Nagaland,Mokokchung,Measles,1,0,05-07-19,17-07-19,Under Surveillance,"Cases reported from Village Penli Ward Mokokchung. District RRT investigated the outbreak. Blood samples collected sent to GMCH Guwahati, Assam; result awaited. All cases treated symptomatically. Health education given."
Meghalaya,East Khasi Hills,Food Poisoning,21,0,10-07-19,12-07-19,Under Surveillance,"Cases reported from Village Phanniewlah Langiong, SC Thainthynroh, CHC Mawphlang, Block Mawphlang. District RRT investigated the outbreak. Active search of cases done. All the cases consumed food (pork salad - Dohkhleh) and presented symptoms with loose motion and vomiting. 3 stool samples collected and sent to NEIGRIHMS were negative for enteropathogens. All cases treated symptomatically. Health education given regarding food hygiene and sanitation."
Maharashtra,Amravati,Acute Diarrheal Disease,16,0,08-07-19,12-07-19,Under Control,"Cases reported from Village Dehanda, PHC Kalamkhar, Block Dharni. District RRT investigated the outbreak. House to house survey done. Pipeline leakages were observed in the community. 3 water samples collected and sent to DPHL Amravati; result awaited. Pipeline leakages were repaired. All cases treated symptomatically. Chlorination done. Health education given."
Maharashtra,Nagpur,Acute Encephalitis Syndrome,2,2,08-07-19,11-07-19,Under Surveillance,"Cases reported from Village Zopadi, Moragaon PHC Bela and Khat, Block Umred and Moud. District RRT investigated the outbreak. House to house survey done. 02 blood samples collected and sent to NIV, Pune were negative for JE (IgM ELISA). All cases treated symptomatically. Entomological survey done in the affected area. Fogging done. Health education given. 7 | P a g e"
Maharashtra,Nashik,Food Poisoning,21,0,06-07-19,09-07-19,Under Control,"Cases reported from Village Dadmali Mala, PHC Sawargaon, Block Yeola. District RRT investigated the outbreak. On 6th July food prepared under Sahley Poshan Aahar was consumed by 21 students. All the cases consumed food and presented symptoms with loose motion and vomiting. Active search of cases done. 2 food samples (khichidi and milk) 2 vomitus sample were collected and sent to bacteriological examination; result awaited. All cases treated symptomatically. Health education given regarding food hygiene and sanitation."
Maharashtra,Sindhudurg (Kundal),Malaria,1,1,06-07-19,09-07-19,Under Surveillance,"Cases reported from Village Ijali Nagar, Kankavli, SC Kasaral, PHC-Waravade, Block Kankavli. District RRT investigated the outbreak. House to house survey done. Out of 06 blood samples collected and sent to DH Sindhudurg; 1 sample was positive for malaria (P. falciparum). Symptomatic treatment provided to all cases. Entomological survey done. Source reduction activities undertaken. Health education done."
Odisha,Bolangir,Food Poisoning,10,0,08-07-19,11-07-19,Under Control,"Cases reported from Village Ampada, SC Ghunsar, CHC/Block Khaprakhol. District RRT investigated the outbreak. Active search of cases done. All the cases consumed food (wild mushroom curry) and presented symptoms with loose motion and vomiting. All cases treated symptomatically. Health education given regarding food hygiene and sanitation."
Odisha,Koraput,Food Poisoning,7,0,07-07-19,12-07-19,Under Control,"Cases reported from Village Kakalpada, SC/Block Lamtaput. District RRT investigated the outbreak. Active search of cases done. All the cases consumed food (wild mushroom curry) and presented symptoms with loose motion and vomiting. All cases treated symptomatically. Health education given regarding food hygiene and sanitation. 8 | P a g e"
Odisha,Koraput,Food Poisoning,10,0,08-07-19,12-07-19,Under Control,Cases reported from Village Sana Dhadriguda G.PSC- Konga CHC- Rabanaguda. District RRT investigated the outbreak. Active search of cases done. All the cases consumed food (wild mushroom curry) and presented symptoms with loose motion and vomiting. All cases treated symptomatically. Health education given regarding food hygiene and sanitation.
Odisha,Angul,Acute Diarrheal Disease,14,0,06-07-19,10-07-19,Under Control,"Cases reported from Village Gopinathapur(Harijana Sahi), SC/G.P Khalari, CHC Bantala, Block Angul. District RRT investigated the outbreak. House to house survey done. 01 stool samples collected; result awaited. 2 water samples from tube well were collected; result awaited. All cases treated symptomatically. Halogen tablets and ORS packets were distributed in the community. IEC done regarding safe drinking water and personal hygiene."
Rajasthan,Pratapgarh,Acute Diarrheal Disease,90,0,11-07-19,12-07-19,Under Surveillance,"Cases reported from Village/SC Viravali (Raidas Mohalla), CHC Arnod, Block Arrnod. District RRT investigated the outbreak. House to house survey done. 04 stool samples collected and sent to RNT Medical College Udaipur; result awaited. All cases treated symptomatically. Halogen tablets and ORS packets were distributed in the community. IEC done regarding safe drinking water and personal hygiene."
Tamil Nadu,Erode,Diphtheria,2,0,09-07-19,13-07-19,Under Surveillance,"Cases reported from Village Malliamman Durgam, SC/PHC Kadambur, Block Sathyamangalam. District RRT investigated the outbreak. House to house survey done. All cases treated symptomatically. Health education given."
Tamil Nadu,Erode,Dengue,19,0,05-07-19,09-07-19,Under Surveillance,"Cases reported from Plain, Village Veera Sivaji nagar, HSC Virumandampalayam, PHC/Block Chithode. District RRT investigated the outbreak. House to house survey done. Out of 2 blood sample collected and sent to DPHL Erode; 1 sample was positive for Dengue (IgM ELISA). All cases treated symptomatically. Source reduction activities undertaken. Health education given. 9 | P a g e"
Telangana,Hyderabad,Food Poisoning,34,0,11-07-19,12-07-19,Under Control,"Cases reported from Telangana Minority Residential School (TMREIS), Asif Nagar, UPHC Nilofur & Nampally. District RRT investigated the outbreak. Active search of cases done. All cases consumed food in a social ceremony and presented symptoms with vomiting and loose motion. Stool samples were collected; result awaited. ORS packets distributed. All cases treated symptomatically. Health education given."
Uttar Pradesh,Maharajganj,Fever,35,0,05-07-19,08-07-19,Under Surveillance,"Cases reported from Village Matihanwa Tola- Dudharwa, Block-Brijmanganj PHC Bahaduri. District RRT investigated the outbreak. House to house survey done. All blood slides collected were negative for malaria. All cases treated symptomatically. Health education given."
Uttarakhand,Rudraprayag,Mumps,9,0,08-07-19,10-07-19,Under Surveillance,"Cases reported from Village Dungri, SC Jawari, Block Agastymuni. District RRT investigated the outbreak. 3 serum sample collected and sent to Govt. Medical College Haldwani Nainital (IDSP referral lab); result awaited. All cases treated symptomatically. Health education given."
West Bengal,Midnapore East,Acute Diarrheal Disease,22,0,10-07-19,14-07-19,Under Surveillance,"Cases reported from Bagicha Hazra Para, Village Bagicha, Block Kolaghat. District RRT investigated the outbreak. House to house survey done. 3 stools samples collected and sent to District Public Health Lab; result awaited. All cases treated symptomatically. ORS packets were distributed in the community. Chlorination of water sources done. IEC done regarding safe drinking water and personal hygiene. 10 | P a g e DISEASE OUTBREAKS OF PREVIOUS WEEKS REPORTED LATE Unique ID. Name of State/UT Name of District Disease/ Illness No. of Cases No. of Deaths Date of Start Outbreak Current Status Comments/ Action Taken"
Arunachal Pradesh,Papumpare,Japanese Encephalitis,4,0,07-06-19,,Under Surveillance,Cases reported from various places of Itanagar. District RRT investigated the outbreak. House to House survey done. 2 serum and 2 CSF samples collected were positive for JE (IgM ELISA). All cases treated symptomatically. Awareness regarding mosquito control activities done by health workers. Health education given.
Bihar,Jahanabad,Acute Encephalitis Syndrome,4,1,15-06-19,,Under Surveillance,"Cases reported from Villages Sikariya, Kakariya, Gaurakshni Mohalla and Erki, PHC Sikariya,, Block Sadar (Sikariya). District RRT investigated the outbreak. House to house survey done. All cases treated symptomatically. Technical malathion fogging done at the affected area. Immunization for JE was done in the affected area. Health education given."
Bihar,Nawada,Japanese Encephalitis,1,1,29-06-19,,Under Surveillance,"A 4yr old male child resident of Village Bhola Bigha, PHC/Block Hisua presented symptoms of fever with convulsions and was admitted in PMCH, Patna on 29th 01-06-19. 1 blood & csf sample collected & tested at PMCH, Patna were found positive for JE (IgM ELISA). District RRT investigated the outbreak. Active survey of cases done in the affected area. Technical Malathion fogging was done in affected area. Health education given."
Kerala,Ernakulam,Dengue,24,0,23-06-19,,Under Surveillance,"Cases reported from Kochi Corporation, UPHC Kaloor. District RRT investigated the outbreak. House to house survey done. 10 serum samples collected and sent to DPHL Ernakulum; result awaited. All cases treated symptomatically. Fogging and source reduction activities undertaken. Health education given."
Maharashtra,Chandrapur,AES/JE,101,10,01-07-19,,Under Surveillance,Cases reported from several talukas of the District. District RRT investigated the outbreak. House to house survey done. Out of 86 blood serum samples collected and sent to GMC Chandrapur; 3 samples were positive for JE (IgM ELISA). All cases treated symptomatically. Entomological survey done in the affected area. Fogging done. Health education given. 11 | P a g e
Maharashtra,Thane,Dengue?,5,1,01-07-19,,Under Control,"Cases reported from Village Vartak Nagar, Thane Municipal Corporation. District RRT investigated the outbreak. House to house survey done. 5 blood samples collected; result awaited. All cases treated symptomatically. Entomological survey done (H.I. - 14.6, C.I. - 7.3, B.I. – 14). Fogging and source reduction activities undertaken. Health education given. TL/---/2019/28/0855 Telangana Wanaparthy Dengue 19 00 02-07-19 Under Surveillance Cases reported from Village/SC Amudalakunta Thanda, PHC /Mandal Polikipadu. District RRT investigated the outbreak. House to house survey done. Since the affected area has scarcity of water; water storage practices observed in the community. Out of 7 blood sample collected; 4 samples were found positive Dengue (IgM ELISA). All cases treated symptomatically. Pyrethrum spraying done in the affected areas. Source reduction activities undertaken. Health education given."
Uttar Pradesh,Jalaun,Acute Diarrheal Disease,47,3,03-07-19,,Under Control,"Cases reported from Village Khadgui, SC Nymatpur, PHC Babai, BlockMahewa. District RRT investigated the outbreak. House to house survey done. Water samples sent to Jal Nigam; result awaited. All cases treated symptomatically. Health education given."
Uttar Pradesh,Lucknow,Chickenpox,15,0,02-07-19,,Under Surveillance,"Cases reported from Villages Tulaganj, Behta, Banthara, Sikandarpur CHC Sarojninagar. District RRT investigated the outbreak. House to house survey done. 5 blood samples collected were positive for Chickenpox (IgM ELISA). Symptomatic treatment was given all cases. Health education given."
Arunachal Pradesh,Subansiri,Japanese Encephalitis,3,1,07-07-19,07-07-19,Under Surveillance,"Cases reported from Subansiri, Daporijo town, DH- Daporijo. District RRT investigated the outbreak. 3 Serum samples collected and tested at IDSP-DPHL, Naharlagun and all found positive for JE by IgM ELISA. Source reduction activities undertaken. Health education given."
Arunachal Pradesh,Tezu (Lohit),Japanese Encephalitis,2,0,09-07-19,06-07-19,Under Surveillance,Cases reported from Tezu town under Zonal GH Tezu. District RRT investigated the outbreak. 4 Serum samples were tested at RMRC Dibrugarh out of which 2 found positive for JE by IgM ELISA. All cases treated symptomatically. Health education given.
Arunachal Pradesh,West Kameng,Japanese Encephalitis,1,1,04-07-19,05-07-19,Under Surveillance,"Cases reported from Village Tippi, CHC Bhalukpong under West Kameng District. District RRT investigated the outbreak. 1 Serum sample found IgM ELISA positive for JE tested at GNRC-Hospital Dibrugarh. All cases treated symptomatically. Source reduction activities undertaken. Health education given."
Bihar,Buxar,Suspected Measles,11,0,13-07-19,16-07-19,Under Surveillance,"Cases reported from PHC/Block Sadar, Urban Bangali Tola. District RRT investigated the outbreak. 05 Lab samples collected, and result awaited. All cases treated, vitamin A supplementation given."
Bihar,Nawada,Food Poisoning,30,0,05-07-19,15-07-19,Under Control,"Cases reported from Village Rajaundh, PHC Sirdala, Block Sirdala. District RRT investigated the outbreak. All cases had history of consumption of food in a ceremony after which they fell ill. Majority of affected were males. It was observed that stale food was served, however food samples could not be collected. All cases treated symptomatically. Health education given. 4 | P a g e"
Gujarat,Sabakrantha,Hepatitis A,8,0,03-07-19,17-07-19,Under Surveillance,"Cases reported from Village/SC Raigadh, PHC Viravada, Taluka Himatnagar. District RRT investigated the outbreak. 12 blood serum samples collected, and sent to GMERS Medical College, Himatnagar for Hepatitis A & E testing. 04 samples found positive for Hepatitis A by IgM ELISA. 7 Water samples sent for culture test and found Unsatisfactory (coliform Bac.). All cases treated. Health education given."
Gujarat,Vadodara,Acute Diarrhoeal Disease,20,0,13-07-19,15-07-19,Under Surveillance,"Cases reported from UHC Karjan, Block Karjan. District RRT investigated the outbreak. 03 water samples and 08 stool samples collected and sent to Medical college public health laboratory, all stool samples negative for Vibrio Cholera and result awaited for water samples. All cases treated. Several Pipeline leakages were found. Municipal water supply was stopped till repair work done and pot chlorination done. Health education given."
Jammu And Kashmir,Jharkhand Dumka,Acute Diarrheal Disease,16,0,20-07-19,20-07-19,Under Surveillance,"Cases reported from Village Vikrampur, CHC Masaliya. District RRT investigated the outbreak. House to house to survey done. The affected area was having poor sanitary conditions and all affected belonged to low socio economic status. All cases treated. Health education given."
Jammu And Kashmir,Kupwara,Acute Diarrheal Disease,21,0,17-07-19,17-07-19,Under Surveillance,"Cases reported from Dardsun, Kralpora. District RRT investigated the outbreak. House to house survey done. 03 Stool samples sent to Public Health Laboratory Barzulla, Srinagar, result awaited. 02 Water samples sent to District Public Health Lab Chogal, Handwara for MPN, Result awaited. All cases treated. Health education given and IEX material distributed among the people."
Karnataka,Bangalore Rural,Chikungunya /Dengue,28,0,02-07-19,03-07-19,Under Control,"Cases reported from Village Karehalli, PHC/CHC Thadsightatta, Taluk Nelamangala. District RRT investigated the outbreak. Larval breeding was found in the water collections in and around houses in the affected village. 01 blood sample collected and sent to PHI Bangalore and found positive for Dengue and Chikungunya. All cases treated. Health education given. 5 | P a g e"
Karnataka,Bagalkot,Food Poisoning,10,0,19-07-19,19-07-19,Under Control,"Cases reported from Village Bilagi, PHC/CHC Bilagi TH, Taluk Bilagi. Cases occurred after students consumed food in a coaching centre and developed vomiting and loose motion.. District RRT investigated the outbreak. 05 stool samples and 04 water samples collected and sent to DPHL Balakot, 1 water sample found unfit and no pathogen isolated from stool. All cases treated and recovered on same day. Health education given."
Karnataka,Belagavi,Food Poisoning,81,0,16-07-19,17-07-19,Under Surveillance,"Cases reported from Village/PHC/CHC/ Vantamuri. District RRT investigated the outbreak. Cases occurred after students consumed food provided in a Government school. A dead lizard was also observed in the food. All students had history of consuming rice and sambhar. Food samples collected and sent to divisional food lab Belagavi, result awaited. All cases treated. Health education given."
Karnataka,Chitradurga,Food Poisoning,54,0,17-07-19,17-07-19,Under Control,"Cases reported from Village Channabasayyanahatti, PHC/CHC Nelagetanahatti, Taluk Challakere. District RRT investigated the outbreak. All cases had history of consuming mid-day meal in the school. 06 blood samples collected and food samples sent to PHI Bangalore, result awaited. Food and water samples taken, result awaited.All cases treated. Health education given."
Karnataka,Dharwad,Suspected Food Poisoning,23,0,10-07-19,10-07-19,Under Control,"Cases reported from Village Kundagol, PHC Kalidas Nagar Kundagol town, Taluk, Yaraguppi. District RRT investigated the outbreak. All had history of consuming food in the hostel, after which they developed loose motion, stools and vomiting. 02 water samples collected and sent to DSU Dharwad and both found non potable. All cases treated symptomatically. Health education given. 6 | P a g e"
Karnataka,Davanagere,Dengue,32,0,16-07-19,16-07-19,Under Surveillance,"Cases reported from Village Hallekundavada, SC Doddabathi, PHC Davangere, Block Davangere. District RRT investigated the outbreak. 05 serum samples collected and sent to DPHL lab for confirmation of Dengue and Chikungunya and 03 samples found positive for Dengue by IgM ELISA. 04 water samples taken, result awaited. Active case search done in the area. All cases treated. Health education given."
Kerala,Kollam,Mumps,10,0,17-07-19,19-07-19,Under Surveillance,"Cases reported from Village Arippa, HSC Chozhiyakkode, PHC/Block Kulathupuzha. District RRT investigated the outbreak. Index case had history of travel to Palakkad after which he developed fever and bilateral cheek swelling, on same day other children with similar findings were also reported from the same area. All the cases were in age group of 11-15 years. All cases treated under isolation. Health education given."
Meghalaya,East Khasi Hills,Mushroom Poisoning,4,0,11-07-19,15-07-19,Under Surveillance,"Cases reported from Mawsynram, SC Wahmawpat, CHC Sawsymper, Block Mawsynram. District RRT investigated the outbreak. Mushroom samples collected and sent for lab analysis and identification. All affected from same family and had vomiting and diarrhea an hour after consuming mushrooms harvested from vicinity of house. All cases treated. Health education given."
Maharashtra,Chandrapur,Japanese Encephalitis,6,1,13-07-19,19-07-19,Under Surveillance,"Cases reported from Village Bhagat Singh ward, PHC/Block Ballarpur. District RRT investigated the outbreak. 01 serum sample collected and found JE positive at GMC Chandrapur. 6 Blood smears examined and all found negative for Malaria. Entomological survey done CI (6.02), HI (3.31), BI (8.26). All cases treated. Health education given."
Maharashtra,Chandrapur,Japanese Encephalitis,23,1,17-07-19,20-07-19,Under Surveillance,"Cases reported from Village Navegaon Pandav, PHC Navegaon Pandav, Taluka Nagbhid. District RRT investigated the outbreak. 01 serum sample collected and found JE positive. 23 blood smears examined and found negative for malaria. Entomological survey done CI (7.04), HI (2.27), BI (10.67). All cases treated. Health education given. 7 | P a g e"
Maharashtra,Gadchiroli,Acute Diarrheal Disease,24,0,15-07-19,16-07-19,Under Surveillance,"Cases reported from Village/SC Sakhara, CHC Porla, Block Gadchiroli. District RRT investigated the outbreak. 22 water samples collected and sent to DPHL Gadchiroli, and 09 stools samples collected and sent to DPHL, result awaited. Cases had history of consuming water from a single well which according to local was not chlorinated. All cases were above 15 years of age. House to house survey done. All cases treated. Health education given. All water sources chlorinated."
Madhya Pradesh,Raisen,Acute Diarrheal Disease,16,0,07-07-19,15-07-19,Under Surveillance,"Cases reported from Village Rashidour, PHC Jugharpur, Block Gairatganj. District RRT investigated the outbreak. House to house survey done. Cases occurred due to consumption of drinking water. All cases treated. Health education given."
Nagaland,Dimapur,Japanese Encephalitis,9,0,17-07-19,17-07-19,Under Surveillance,"Cases reported from Supply colony, Forest colony, Chumu. District RRT investigated the outbreak. All cases treated. Health education given."
Odisha,Bolangir,Food Poisoning,7,0,17-07-19,19-07-19,Under Surveillance,"Cases reported from Village Jhalap, SC Bhuslad, CHC Sindhekela, Block Bangomunda. District RRT investigated the outbreak. Cases had history of consumption of food in a mid-day meal, after which they developed vomiting. All cases treated. Health education given."
Odisha,Bolangir,Food Poisoning,8,0,11-07-19,15-07-19,Under Control,"Cases reported from Losingha Ksaturba Gandhi Balika Vidyalaya. District RRT investigated the outbreak. Cases presented with vomiting and loose motion after consumption of meal. 01 water sample collected and sent to DPHL Balangir, and found non potabel. All cases treated. Health education given."
Odisha,Bolangir,Food Poisoning,9,0,16-07-19,18-07-19,Under Control,"Cases reported from CHC Jamgaon, Block Puintala, District RRT investigated the outbreak. Cases presented with vomiting. 01 water sample collected and sent to DPHL Balangir, result awaited. All cases treated. Health education given. 8 | P a g e"
Odisha,Bolangir,Acute Diarrheal Disease,30,0,16-07-19,19-07-19,Under Control,"Cases reported from CHC Harijanpada, Block Belpada. District RRT investigated the outbreak. Cases presented with vomiting. All cases treated. Health education given."
Odisha,Balasore,Dysentery,17,0,13-07-19,18-07-19,Under Surveillance,"Cases reported from Village Banabhuin Seba Ashram TRW School, SC Banabhuin, CHC Berhampur, Block Nilgiri. District RRT investigated the outbreak. 04 water samples and 10 rectal swab samples collected sent to DPHL, result awaited. All cases treated. Health education given."
Punjab,Jalandhar,Suspected Cholera,6,0,18-07-19,18-07-19,Under Surveillance,"Cases reported from Gandhi Camp, Urban Jalandhar. District RRT investigated the outbreak. House to house survey done. Cholera was suspected based on a positive stool sample hanging drop method done in a private hospital. 01 stool sample collected and sent to DPHL, result awaited. All cases treated. Health education given."
Punjab,Hoshiarpur,Acute Diarrheal Disease,11,0,18-07-19,18-07-19,Under Surveillance,"Cases reported from Roop Nagar Hoshiarpur (Ward no. 21 & 22). District RRT investigated the outbreak. 20 water samples collected and sent to S.P.H.L, Kharara. 01 stool samples collected and result awaited. Contamination of potable water with sewer line was observed. All cases treated. Health education given."
Punjab,Gurdaspur,Cholera,2,1,20-07-19,22-07-19,Under Surveillance,"Cases reported from Mohalla Hathi gate, Batala. A case 11 years old male died of diarrhea immediately after admission. Other 9 year old child admitted with similar symptoms and was tested positive for Vibrio cholera at CH Babri. Both were siblings. House to house survey done. Water contamination was observed due to mixing of water with sewage line. Treatment given to admitted child and recovered. 9 | P a g e"
Puducherry,Puducherry,Food Poisoning (Salmonellosi s),14,0,21-07-19,22-07-19,Under Surveillance,"Cases reported from JIPMER Campus, PHC Gorimedu, Block Oulgaret. District RRT investigated the outbreak. All cases presented with diarrhea. Source of infection was traced to a nearby restaurant serving shawarma and mayonnaise. 08 Stool samples and 01 Food sample collected and sent to JIPMER Lab. Stool samples were positive for Salmonella Enterica. Surveillance started to trace other people. All cases treated symptomatically. Health education given."
Rajasthan,Baran,Acute Diarrheal Disease,59,0,08-07-19,15-07-19,Under Surveillance,"Cases reported from Village/SC Rampur Upareti, PHC/Block Shahabad. District RRT investigated the outbreak. 05 stool samples collected and sent to Microbiology Central Lab M.B.S Hospital Kota 05 samples found Escherichia Coli Positive. 09 water samples collected and sent to PHED Lab, result awaited. All cases treated. House to house surveyo done. Health education given."
Rajasthan,Dholpur,Food Poisoning,41,0,17-07-19,18-07-19,Under Surveillance,"Cases reported from Village Basailalu, PHC Bareh, Block Rajakhera. District RRT investigated the outbreak. Cases had history of consumption of food in a ceremony. 10 stool and vomitus samples collected and sent to DPHL Dholpur, result awaited. All case treated. Health education given."
Rajasthan,Jhalawar,Acute Diarrheal Disease,25,0,15-07-19,17-07-19,Under Surveillance,"Cases reported from Village Bhanpuriya, SC Thobriya Kurd, CHC/Block Bakani. District RRT investigated the outbreak. The cases occurred after drinking water from contaminated source. 06 stool samples collected sent to Microbilogy Lab, Medical College Jhalawar and 08 water samples collected and sent to PHED Lab Jhalawar, result awaited. House to house survey done. Medical camp organized in the area. All cases treated. Health education given."
Tamil Nadu,Ariyalur,Food poisoning,18,0,20-07-9,22-07-19,Under Surveillance,"Cases reported from Amman Kovil street, Village/HSC/PHC/Block Ulkottai. District RRT investigated the outbreak. 03 water samples 03 food samples and 03 stool samples collected sent to GH Ariyalur, result awaited. All cases treated. Health education given. 10 | P a g e"
Uttar Pradesh,Kanpur (Dehat),Acute Diarrheal Disease,153,2,09-07-19,17-07-19,Under Surveillance,"Cases reported from Village Sujaur, PHC/Block Amraudha. District RRT investigated the outbreak. The cases occurred after drinking water from contaminated source. Pipe line leakage identified in the water distribution line. 09 water samples collected by Jal Nigam, result awaited. All cases treated. Health education given."
Uttarakhand,Dehradun,Acute Diarrheal Disease,29,0,17-07-19,21-07-19,Under Surveillance,"Cases reported from Shivaji Colony Marg Urban Health, Post Khurbura, Block Raipur. District RRT investigated the outbreak. 03 stool samples collected sent to DPHL Haridwar, samples found negative for Cholera and Coliforms. All cases treated. Health education given."
West Bengal,Purulia,Cholera,31,0,12-07-19,13-07-19,Under Control,"Cases reported from Village/SC Hetgugui, Block Arsha. District RRT investigated the outbreak. 02 rectal swab samples collected sent to BSMCH, one sample found positive for Vibrio Cholera and other for E Coli. All cases treated. Health education given. DISEASE OUTBREAKS OF PREVIOUS WEEKS REPORTED LATE Unique ID. Name of State/UT Name of District Disease/ Illness No. of Cases No. of Deaths Date of Start Outbreak Current Status Comments/ Action Taken"
Assam,Cachar,Fever,38,0,05-07-19,,Under Surveillance,"Cases reported from Village Salganga, Champatila & Tikolparghat, SC Salganga, BPHC Udharbond. District RRT investigated the outbreak. 19 RDT and 12 Blood slides collected and sent to Udharbond BPHC and all found negative for Malaria. All cases treated symptomatically. Health education given."
Bihar,Nalanda,Food poisoning,49,0,19-06-19,,Under Surveillance,"Cases reported from Village Jati Bhagawanpur, HSC Nekpur, PHC/Block Silao. District RRT investigated the outbreak. Cases were reported from village after consuming food in a ceremony. Cases presented with loose motion and abdominal pain. All cases treated. Health education given. 11 | P a g e"
Chhattisgarh,Janjgir,Acute Diarrheal Disease,13,0,14-07-19,,Under Surveillance,"Cases reported from Ward No, 04, PHC Naila, Block Navagarh. District RRT investigated the outbreak. House to house survey done. Water samples collected and sent to PHE Department, result awaited. It was observed that drinking water was contaminated with sewage line. All cases treated symptomatically. Health education given."
Chhattisgarh,Surajpur,Acute Diarrheal Disease,74,0,12-06-19,,Under Surveillance,"Cases reported from Village Banshipur, SC Durti, PHC Songara, Block Pratapur. District RRT investigated the outbreak. Lab samples collected and result awaited. All cases treated. Health education given. All water sources were chlorinated."
Chhattisgarh,Surajpur,Food Poisoning,68,0,12-05-19,,Under Control,"Cases reported from Village Nawaparakala, SC Nawaparakala, PHC Tara, Block Prem nagar, District RRT investigated the outbreak. House to house survey done. Cases had history of consumption of food in a social function. After which they developed vomiting and diarrhoea. All cases treated. Health education given."
Gujarat,Kheda,Chandipura viral encephalitis,1,0,16-07-19,,Under Surveillance,"Case reported from Village Siholadi, SC Alindra, PHC Alindra, Block Vaso. District RRT investigated the outbreak. Affected case was a 6 year old male presenting with fever, foul smelling vomiting and foul smelling stools and convulsions. 1 Serum sample collected by Shree Krishna Hospital and sent to NIV Pune and found positive for CHPV by PCR. House to house survey done. All cases treated. Health education given. 5% Malathion Dusting done. Cleanliness drive initiated in the area."
Gujarat,Valsad,Food poisoning,19,0,17-07-19,,Under Surveillance,"Cases reported from SC Aslona, PHC Aslona, Block Kaparada. District RRT investigated the outbreak. Cases occurred after consuming stale food in an Ashram school. 02 water samples collected and sent to GMERS College, 01 sample found positive for Pseudomonas aeruginosa and other for Kleibseilla. House to house survey done. All cases treated. Health education given."
Jharkhand,Khunti,Chickenpox,8,0,16-07-19,,Under Surveillance,"Cases reported from Village Sahyog, Dugdugia, Gutjora, Block Khunti. District RRT investigated the outbreak. Cases presented with fever and rash. 07 Blood samples collected and result awaited. All cases treated under isolation. Health education given. 12 | P a g e"
Karnataka,Dharwad,Chikungunya,12,0,14-07-19,,Under Surveillance,"Cases reported from Village Adarsh Nagar, PHC/CHC PHQ UPHC, Taluk Dharwad. District RRT investigated the outbreak. Cases presented with fever and headache. 03 serum samples collected and sent to KIMS referral Lab and 02 found positive for Chikungunya by IgM ELISA and 1 found positive for Dengue by NS1 ELISA. Rapid fever survey done in the area. Vector indices were HI 29.6%, CI 4.5% and BI 45.5%. All cases treated. Health education given."
Karnataka,Uttara Kannada,Acute Diarrheal Disease,20,0,16-07-19,,Under Control,"Cases reported from Village Watnal, PHC/CHC Belwatgi, Taluk Haliyal. District RRT investigated the outbreak. The cases occurred after drinking water from contaminated source. Pipe line leakage identified in the water distribution line. 02 water samples collected and sent to DSL Karwar, result awaited. All cases treated. Health education given."
Kerala,Idukki,Chikungunya,10,0,05-07-19,,Under Control,"Cases reported from Village Kumily, HSC Rosapookandam, PHC Kumily, Block Vaniperiyar. District RRT investigated the outbreak. Lab samples collected and result PCR & Elisa positive. All cases treated. Health education given."
Kerala,Kasaragod,Hepatitis A,47,0,14-07-19,,Under Surveillance,"Cases reported from Village Badira, HSC PP Unit, PHC Urban Kasaragod, and Block Muliyar. District RRT investigated the outbreak. 06 serum samples collected and sent to SSH Lab Kasaragod and found IgM ELISA Positive for Hepatitis A. All cases treated. Health education given. Medical camp organized in the area."
Meghalaya,RI- Bhoi (Nongpoh),Japanese Encephalitis,4,0,01-07-19,,Under Surveillance,Cases reported from CHC/Block Umsning. District RRT investigated the outbreak. All affected had fever and associated change in mental status. 04 CSF collected and sent to NEIGRIHMS and found JE positive. All cases treated. Health education given.
Maharashtra,Kolhapur,Scrub Typhus,4,0,04-07-19,,Under Surveillance,"Cases reported from Ghalwad, SC Kutwad, PHC Ghalwad, Block Shirol. District RRT investigated the outbreak. Affected area is a remote place and having cattle sheds in all around in the area. Sanitation was poor. 03 blood serum samples collected and tested positive for Scrub typhus by Weil Felix test. House to house survey done. All cases treated. Health education given. Antimite dusting was done in the area along with the management of shrubs. 13 | P a g e"
Maharashtra,Satara,Dengue,28,0,03-06-19,,Under Surveillance,"Cases reported from Block Khatav, Block Satara, Block Karad. District RRT investigated the outbreak. 21 blood serum samples collected and sent to Civil Hospital and 15 found positive for Dengue by IgM ELISA. All cases treated. Active fever surveillance done in the area. IEC done for using personal protective methods against mosquito bite. Fogging done."
Maharashtra,Thane,Suspected Dengue,5,1,28-06-19,,Under Surveillance,"Cases reported from Ulhasnagar Corporation from UHC Shantinagar. Increase larval density found in the area. A 18 year old male died of illness while admitted at Sion hospital Mumbai. 04 blood samples tested for Dengue found negative at UHC Ulhas Nagar 4, 02 blood samples collected and sent to JJ Hospital Thane result awaited. Fogging done."
Maharashtra,Wardha,Japanese Encephalitis,14,2,04-07-19,,Under Control,"Cases reported from Village Bhivapur, SC Neri, PHC Talegaon (T) and slum area of Itwara Ward of Block Wardha. District RRT investigated the outbreak. 12 bloods smears samples taken for the evaluation of Malaria all found negative. 12 serum samples collected sent to MGIMS and 02 sample positive for JE. Culex and Aedes density was found to be very high. Poor sanitary conditions favored mosquito breeding. Manure pits with intense mosquito breeding was found. Lindane dusting done on the pits. Fogging done. Dry day observed in the area. All cases treated. Health education given. FOLLOW UP OF DISEASE OUTBREAKS PREVIOUS WEEKS Unique ID. Name of State/UT Name of District Disease/ Illness No. of Cases No. of Deaths Date of Start Outbreak Current Status Comments/ Action Taken 26th week Follow-up Outbreaks ID 0712 Assam Multiple districts AES 2417 318 25-05-19 Under surveillance Cases of AES reported from various villages of multiple districts of Assam. State and Central level RRT investigated the outbreak. A total of 7776 blood samples were tested for JE of which 609 were tested positive. A total of 2608853 blood smears were examined of which 488 were positive for P Falciparum, 180 for P Vivax and 3 for both. Of all 318 deaths 145 were due to Japanese Encephalitis. Extensive vector control measures were taken. Fogging done. Various RRTs constituted. Insecticide treated bed nets distributed."
Andhra Pradesh,Krishna,Food Poisoning,17,0,19-07-19,19-07-19,No new cases reported,"Cases reported from BC College Girls Hostel Kaikaluru, Krishna. District RRT investigated the outbreak. Active search for cases done. Cases consumed food (stale chicken dish) and presented with symptoms of vomiting and loose motion. Water samples collected and sent to IPM Vijayawada; result awaited. All cases treated symptomatically. Health education given regarding food hygiene and sanitation."
Chhattisgarh,Balodabazar,Acute Diarrheal Disease,47,1,21-07-19,26-07-19,No new cases reported,"Cases reported from Village Chandidih, SC Sel, PHC Katgi, Block Kasdol. District RRT investigated the outbreak. House to house survey done. One death occurred in a 16yr old female. Water sample collected and sent to PHE; result awaited. All cases treated symptomatically. IEC done regarding safe drinking water and personal hygiene."
Delhi,North Delhi,Cholera,5,0,25-07-19,25-07-19,No new cases reported,"Cases reported from urban area of Azadpur, Sub- Division Model Town, Delhi. District RRT investigated the outbreak. 5 stool samples collected and sent to MVIDH were positive for Cholera culture. House to house survey done. 10 stool samples collected by North Municipal Corporation Delhi were negative for cholera culture. ORS packets were distributed in the affected area. All cases treated symptomatically. Health education given regarding safe water drinking and personal hygiene."
Gujarat,Kheda,Acute Diarrheal Disease,18,0,24-07-19,24-07-19,No new cases reported,"Cases reported from Village Dhunadra (Navi Nagari), SC/PHC Dhunadra, Block Thasra. District RRT investigated the outbreak. House to house survey done. 1 stool sample collected and sent to DPHL Nadiad was found negative for enteropathogens by culture. All cases treated symptomatically. Halogen tablets and ORS packets were distributed in the community. IEC done regarding safe drinking water and personal hygiene. 4 | P a g e"
Gujarat,Navsari,Cholera,25,0,24-07-19,25-07-19,No new cases reported,"Cases reported from Village Sadlav, PHC Nagdhara, Block Navsari. District RRT investigated the outbreak. House to house survey done. 12 water samples collected and tested were not suitable for drinking purpose. Out of 9 stool samples were collected; 2 stool samples were positive for cholera culture. All cases treated symptomatically. Halogen tablets and ORS packets were distributed in the community. IEC done regarding safe drinking water and personal hygiene."
Gujarat,Surendranagar,Viral Hepatitis E,26,0,23-07-19,24-07-19,No new cases reported,"Cases reported from Popatpara, UHC Veparimandal, Taluka Wadhwan. District RRT investigated the outbreak. House to house survey done. 2 water samples collected and sent to DPHL Rajkot; were non potable. Out of 4 blood sample collected and sent to PDUMC Rajkot; 2 samples were positive for Hepatitis E (IgM ELISA). All cases treated symptomatically. Chlorination of water sources done. Halogen tablets were distributed in the community. Health education given."
Gujarat,Amreli,Food Poisoning,155,0,28-07-19,28-07-19,No new cases reported,"Cases reported from Village Bhurakhiya, PHC Jarakhiya Rural, Taluk Lathi. District RRT investigated the outbreak. All cases consumed food in social ceremony and presented symptoms with loose motion, vomiting and abdominal pain. 09 stool samples collected and sent to DPHL, Amreli were negative for cholera culture. 03 food samples sent to Govt, Lab. result awaited. All cases treated symptomatically. Health education given."
Jharkhand,Godda,Influenza B,29,0,22-07-19,26-07-19,No new cases reported,"Cases of fever, chest pain, headache, sore throat reported from Village Sadarprakhand, Sadarprakhand, Dama, Jhilwa-Majhitoal. District RRT investigated the outbreak. Active search of cases done. 3 blood samples and 2 nasopharyngeal swab were collected and sent to NICED, Beleghata, Kolkata; 1 nasopharyngeal swab was found to be positive for Influenza-B. All cases treated symptomatically. Health education given. 5 | P a g e"
Jammu And Kashmir,Baramulla,Chickenpox,5,0,21-07-19,23-07-19,No new cases reported,"Cases reported from Ghanai Mohalla, Village Sherabad Khor PHC Khor, Block Kunzer. District RRT investigated the outbreak. House to house survey done. All cases treated symptomatically. Health education given."
Jammu And Kashmir,Baramulla,Enteric Fever,31,0,21-07-19,25-07-19,Under Surveillance,"Cases reported from Village Takya Batpora, PHC/Block Kunzer. District RRT investigated the outbreak. The water treatment plant supplied contaminated water to the affected area. 2 water samples and 6 blood samples were collected; result awaited. All cases treated symptomatically. Chlorine tablets distributed in the affected areas. Health education given regarding personal hygiene, hand hygiene practices and consumption of safe drinking water."
Jammu And Kashmir,Jammu |& Kashmir Srinagar,Chickenpox,9,0,24-07-19,26-07-19,No new cases reported,"Cases reported from Village Rahat Manzil (Orphanage) Bemina, SC Bemina, Batamaloo. District RRT investigated the outbreak. House to house survey done. All cases treated symptomatically. Health education given."
Karnataka,Dharwad,Chikungunya,6,0,22-07-19,22-07-19,No new cases reported,"Cases reported from Village Bhadrapur, PHC Annigeri, Taluk Navalgund. District RRT investigated the outbreak. House to house survey done. 1 serum samples collected was found positive for Chikungunya (IgM ELISA). All cases treated symptomatically. Entomological survey done. Source reduction activity and fogging done in the affected area. Health education given."
Karnataka,Mandya,Dengue,19,0,22-07-19,26-07-19,No new cases reported,"Cases reported from Village Shikaripura, SC Thuppudamadu, PHC Haradanahalli, Taluk Nagamangala. District RRT investigated the outbreak. House to house survey done. Out of 3 serum samples collected; 1 sample was found positive for Dengue (IgM ELISA). All cases treated symptomatically. Entomological survey done. Source reduction activity and fogging done in the affected area. Health education given. 6 | P a g e"
Karnataka,Raichur,Dengue,4,0,22-07-19,24-07-19,No new cases reported,"Cases reported from Village/SC Idabhavi, PJHC Gurugunta, Block Lingsugur. District RRT investigated the outbreak. House to house survey done. Out of 4 serum samples collected; 1 sample was found positive for Dengue (IgM ELISA). All cases treated symptomatically. Entomological survey done. Source reduction activity and fogging done in the affected area. Health education given."
Kerala,Kasaragod,Melioidosis,2,2,24-07-19,24-07-19,Under Surveillance,"A 6 month old female child and 4.5 year old male child resident of Mugu Village, PHC Puthige, Block Kumbala presented fever and were referred to Fr. Muller Hospital Mangalore on 21st 01-07-19. Later children died on 23rd 01-07-19. District RRT investigated the outbreak House to house survey done. Blood and body fluids of the children were collected and sent to Fr Mullers Hospital; were found positive for Burkhoideria pseudomallei. Endotracheal aspirate sample collected and tested at MCVR was positive for Burkhoideria mallei/pseudomallei by Real Time PCR. Soil, water samples collected and sent to State Public Health lab; result awaited. Veterinary Dept collected goats and cats samples were negative for Burkhoideria. Health education given."
Kerala,Kottayam,Food Poisoning,13,0,23-07-19,25-07-19,No new cases reported,"Cases reported from Sreenipram, Kanakappalam area of Erumeli Panchyath (Ward 21 & 22), SC Kanakappalam, PHC Erumeli, Block Erumeli. District RRT investigated the outbreak. Active search of cases done. All the cases consumed food (mushroom) and presented symptoms with loose motion and vomiting. Food samples collected and sent to Food Analytical Lab of Trivandrum; result awaited. All cases treated symptomatically. Health education given regarding food hygiene and sanitation. 7 | P a g e"
Meghalaya,RI-Bhoi (Nongpoh),Viral Hepatitis A,15,1,22-07-19,24-07-19,No new cases reported,"Cases of yellow discoloration of urine and sclera, weakness and fatigue reported from CHC Umsning. District RRT investigated the outbreak. House to house survey done. One death occurred in a 5yr old male child. Out of 0 3 blood samples collected and send to NEIGRIHMS ;To samples were positive for hepatitis A (IgM ELISA). All cases treated symptomatically. Chlorination of water sources done. Health education given regarding personal hygiene, hand hygiene practices and safe drinking water."
Maharashtra,Palaghar,Acute Diarrheal Disease,9,0,19-07-19,22-07-19,No new cases reported,"Cases reported from Village Poshera (Bijalpada), SC Poshera, PHC/Block Morhanda. District RRT investigated the outbreak. House to house survey done. Water sample collect and sent to PHE; result awaited. All cases treated symptomatically. Halogen tablets and ORS packets were distributed in the community. IEC done regarding safe drinking water and personal hygiene."
Odisha,Koraput,Anthrax,13,0,19-07-19,25-07-19,No new cases reported,"Cases reported from Village Rupuguda, CHC/Block Boipariguda. District RRT investigated the outbreak. House to house survey done. All cases consumed meat of a dead goat. 6 swabs were collected and sent to DPHL & MCVR; 5 swabs were positive for Anthrax bacillus by RT PCR. All cases treated symptomatically. Health education given."
Odisha,Mayurbhanj,Food Poisoning,24,0,25-07-19,26-07-19,No new cases reported,"Cases reported from Village Mankadkenda, SC Purna Baripada, CHC Khunta. District RRT investigated the outbreak. Active search of cases done. All the cases consumed food from a common source and presented with symptoms of loose motion and vomiting. 02 water and 03 rectal swabs samples were collected; were negative for enteropathogens. All cases treated symptomatically. Health education given regarding food hygiene and sanitation. 8 | P a g e"
Odisha,Balasore,Food Poisoning,25,0,23-07-19,24-07-19,No new cases reported,"Cases reported from Village Tapundia (Giri Sahi), SC Tapundia, Sector Sriram, GP Kumbhari Under, CHC Baliapal, Block Baliapal. District RRT investigated the outbreak. Active search of cases done. All the cases consumed food from a common source and presented with symptoms of loose motion and vomiting. 04 water samples collected were found non-potable. All cases treated symptomatically. Health education given regarding food hygiene and sanitation."
Odisha,Sundargarh,Food Poisoning,24,0,26-07-19,28-07-19,No new cases reported,"Cases reported from Bad Dalki ST Girl’s Hostel, SC Bad Dalki, CHC Birkera, Block Lathikata. District RRT investigated the outbreak. Active search of cases done. All the cases consumed food from a common source and presented with symptoms of loose motion and vomiting. 05 stool samples were collected and sent to DPHL Sundargarh; were negative for enteropathogens. All cases treated symptomatically. Health education given regarding food hygiene and sanitation."
Punjab,SAS Nagar,Acute Diarrheal Disease,24,0,24-07-19,25-07-19,No new cases reported,"Cases reported from Village Bhabat, Block Derabassi. District RRT investigated the outbreak. House to house survey done. 1 stool sample collected and sent to DPHL SAS Nagar; negative for cholera culture. Water sample collect; result awaited result All cases treated symptomatically. Halogen tablets and ORS packets were distributed in the community. IEC done regarding safe drinking water and personal hygiene."
Punjab,Muktsar,Mumps,8,0,19-07-19,26-07-19,No new cases reported,Cases reported from a school in an urban area. District RRT investigated the outbreak. Active search for cases done. All 7 blood samples collected and sent to DPHL Bathinda were positive for Mumps (IgM ELISA). All the cases were less than 15yr of age. All cases treated symptomatically. Health education given. 9 | P a g e
Tamil Nadu,Tiruvallar,Acute Diarrheal Disease,43,0,26-07-19,27-07-19,No new cases reported,"Cases reported from urban area Optima Upgrade, Sector-4, UPHC Paruthipattu, Avadi Municipality. District RRT investigated the outbreak. House to house survey done. 9 water sample collect and sent to DPHL Tiruvallur; result awaited result All cases treated symptomatically. Halogen tablets and ORS packets were distributed in the community. IEC done regarding safe drinking water and personal hygiene."
Tamil Nadu,Namakkal,Food Poisoning,60,0,22-07-19,26-07-19,No new cases reported,"Cases reported from Village Anna nagar, Ethir medu, Vattamalai, SC Olappalayam, PHC Pallakkapalayam, Block Pallipalayam. District RRT investigated the outbreak. Active search of cases done. All the cases consumed food in a social ceremony and presented symptoms with loose motion and vomiting. 04 stool samples and 2 water samples were collected and sent to DPHL Namakkal; were negative for Salmonella, Cholera, Shigella culture. All cases treated symptomatically. Health education given regarding food hygiene and sanitation."
Telangana,Hyderabad Rural,Food Poisoning,13,0,28-07-19,28-07-19,No new cases reported,"Cases reported from Gundla Pochampally, PHC Srirangavaram. District RRT investigated the outbreak. Active search of cases done. All the cases consumed food (chicken) in a restaurant and presented symptoms with loose motion and vomiting. All cases treated symptomatically. Health education given regarding food hygiene and sanitation."
Uttar Pradesh,Ghazipur,Acute Diarrheal Disease,12,0,25-07-19,25-07-19,No new cases reported,"Cases reported from Village Sardarpur, CHC Birno. District RRT investigated the outbreak. House to house survey done. All cases treated symptomatically. Halogen tablets and ORS packets were distributed in the community. IEC done regarding safe drinking water and personal hygiene. 10 | P a g e DISEASE OUTBREAKS OF PREVIOUS WEEKS REPORTED LATE Unique ID. Name of State/UT Name of District Disease/ Illness No. of Cases No. of Deaths Date of Start Outbreak Current Status Comments/ Action Taken"
Bihar,Jahanabad,Food Poisoning,29,1,09-07-19,,No new cases reported,"Cases reported from Village Rattu Bigha, PHC/Block Ghosi. District RRT investigated the outbreak. Active search of cases done. Cases consumed food (pork) and presented symptoms with vomiting and loose motion. Symptomatic treatment given to all cases. Health education given regarding food hygiene and sanitation."
Bihar,Munger,Acute Encephalitis Syndrome,2,1,23-06-19,,No new cases reported,"Cases reported from PHC/Block Jamalpur and Sadar. District RRT investigated the outbreak. 2 cases were admitted in JLNMCH, Bhaglpur and one death occurred on 24th 01-06-19. House to house fever survey done. Health education given."
Gujarat,Vadodara,Chandipura (Viral Encephalitis),1,1,12-07-19,,No new cases reported,"A 4yr and 11moth old female child resident of Village Bhayli- 1, PHC Bhayli, Taluka Vadodara was admitted in GMERS Medical College on 28th 01-06-19. The child presented symptoms with diarrhea, vomiting and unconsciousness and later died on 30th 01-06-19. Blood and csf samples were positive for Chandipura virus from NIV, Pune. District RRT investigated the outbreak. House to house survey done. Malathion dusting done in the affected area. Health education given."
Jharkhand,Simdega,Chickenpox,21,0,05-06-19,,No new cases reported,"Cases reported from Village Japlanga Tangratoli, SC Koramia, PHC Salgapoch, CHC/Block T. Tanger. District RRT investigated the outbreak. House to house fever survey done. All 5 blood samples collected and sent to RIMS Ranchi were positive for chickenpox (IgM ELISA). All cases treated symptomatically. Health education given."
Karnataka,Chikkaballapur,Diphtheria?,3,0,07-07-19,,No new cases reported,"Cases reported from Village Mustoor, PHC Muddenahalli, Taluk Chickaballaprua; Villages Jaraganahalli and S Devaganahalli, PHC Sadali, Taluk Sidlaghatta. District RRT investigated the outbreak. Active search of cases done. 1 throat swab was collected and sent to BMCRI was found negative for C.diphtheriae. All the cases were fully immunized. ADT for management of Diphtheria stocked at District. DPT and Td vaccine given to all eligible children. All cases treated symptomatically. Health education given. 11 | P a g e"
Karnataka,Chikkaballapur,Dengue,17,0,10-07-19,,No new cases reported,"Cases reported from Village Chandrahalli, PHC/CHC Chinnasandra, Taluk Chintamani. District RRT investigated the outbreak. House to house survey done. Out of 5 serum samples collected; 4 sample was found positive for Dengue (IgM ELISA). All cases treated symptomatically. Source reduction activity and fogging done in the affected area. Entomological survey done. Health education given."
Karnataka,Udupi,Malaria,13,0,10-07-19,,No new cases reported,"Cases reported from Village Kodavoor A, PHC/CHC Malpe, Taluk Udupi. District RRT investigated the outbreak. Active search of cases done. Cases were migrant laborers from other Districts. Out of 60 blood smear were collected; 13 smears were positive for Malaria (Pf) and 1 smear positive for (Pv). All cases treated locally. Source reduction activities undertaken. Awareness camp regarding prevention and control of vector borne disease were carried out in the affected areas."
Kerala,Trivandrum,Mumps?,15,0,20-06-19,,No new cases reported,"Cases of fever with swelling of right parotid glands reported from BHV High School, Village/SC/PHC Thiruvallam, Block Vizhinjam. District RRT investigated the outbreak. All the cases were children less than 15yrs of age group. All cases treated symptomatically. Health education given regarding isolation of cases."
Rajasthan,Kota,Viral Hepatitis E,21,0,15-07-19,,No new cases reported,"Cases reported from PHC Ayana. District RRT investigated the outbreak. District RRT investigated the outbreak. House to house survey done. Pipeline leakages were observed in the community. Out of 21 blood samples collected and sent to GMC, Kota; 10 samples were positive for Hepatitis E and 1sample was positive for Hepatitis A (IgM ELISA). 3 water samples collected were non potable. Pipeline leakages were repaired. All cases treated symptomatically. Chlorination done. Health education given."
Telangana,Hyderabad Rural,Food Poisoning,9,0,04-07-19,,No new cases reported,"Cases reported from Aparna Constructions, Masjid Banda Serlingampally. District RRT investigated the outbreak. Active search of cases done. All the cases consumed food (chicken) in a restaurant and presented symptoms with loose motion and vomiting. All cases treated symptomatically. Health education given regarding food hygiene and sanitation. 12 | P a g e"
Uttar Pradesh,Aligarh,Acute Diarrheal Disease,75,2,16-07-19,,No new cases reported,"Cases reported from Village Salgawan Siroli, SC Bhamori Kala, PHC Gangiri, Block Charra. District RRT investigated the outbreak. House to house survey done. 4 water sample collected and sent to Jal Nigam; result awaited. 6 rectal swabs collected and sent to JNMC; were negative for enteropathogens. Two deaths occurred 1.5 yrs and 7 yrs male children. All cases treated symptomatically. Halogen tablets and ORS packets were distributed in the community. IEC done regarding safe drinking water and personal hygiene"
Uttar Pradesh,Mirzapur,Food Poisoning,20,0,16-07-19,,No new cases reported,"Cases reported from Village/SC Rampur, PHC Patehra. District RRT investigated the outbreak. Active search of cases done. All the cases consumed food (fish) and presented symptoms with loose motion and vomiting. All cases treated symptomatically. Health education given regarding food hygiene and sanitation."
Assam,Golaghat,Food Poisoning,16,0,31-07-19,01-08-19,Under Surveillance,"Cases reported from Village Duboroni, SC Kachomari Notional, PHC Kachomari, Block Kamarbandha. District RRT investigated the outbreak. The affected individuals’ age ranged between 0 and 61 years. All cases gave history of consuming in the area. A total of 02 stool samples were collected and sent to DPHL, Golaghat for culture sensitivity test the result of which reported growth of E.coli. A total of 02 water samples were collected and sent for H2S test the result was reported as not contaminated. All cases treated symptomatically. Health education given."
Assam,Nagaon,Scrub Typhus,1,1,01-08-19,01-08-19,Under Surveillance,"Case reported from Village Bohuabheti, SC/PHC Kasamari, Block Buragohaithan. District RRT investigated the outbreak. A 45 year old female presented in a semiconscious state with fever, vomiting and pain abdomen in a K/C/O hypetension and stroke. The patient expired at home after discharge against medical advice. Serum sample was collected and sent to DPHL, Nagaon, and reported negative for Japanese Encephalitis and positive for Scrub Typhus. Fever survey conducted in the affected area. Health education given."
Assam,Tinsukia,Acute Diarrheal Disease,10,0,03-08-19,03-08-19,Under Surveillance,"Cases reported from tea garden workers in Village Gellapukhuri, BPHC Hapjan. District RRT investigated the outbreak. A total of 03 water samples and 2 stool samples were collected and sent to AMCH Microbiology for MNP and culture sensitivity, results awaited. All cases treated symptomatically. Health education given. Tea garden authorities were instructed to improve sanitation. 4 | P a g e"
Bihar,Munger,Suspected Food Poisoning,23,0,30-07-19,03-08-19,Under Surveillance,"Cases reported from Village Bhuna, HSC Manjura Panchyat, Block Tetia Bamber. District RRT investigated outbreak. All cases gave history of consuming food in a religious ceremony. All cases developed loose motions and vomiting. All cases treated symptomatically. Health education given."
Chhattisgarh,Balodabazar,Food Poisoning,17,0,30-07-19,31-07-19,Under Control,"Cases reported from Village Jhabadhi, SC Jhabadhi, PHC Katgi, Block Kasdol. Cases presented with vomiting and loose motions. All cases were treated symptomatically. Health education given."
Dadra And Nagar Haveli,Dadra & Nagar Haveli,Suspected Mumps,5,0,31-07-19,31-07-19,Under Surveillance,"Cases reported from Village/SC Kheradi (Kathiyapada), PHC Amboli, Block Silvassa. District RRT investigated the outbreak. House to house survey done. Most of the affected cases were under 5 years of age. A 32 year old female was also affected. A total of 05 blood samples were collected and sent to NIV Pune, result awaited. All cases treated symptomatically under isolation."
Gujarat,Panchmahal,Chandipura Viral Encephalitis,1,0,31-07-19,31-07-19,Under Surveillance,"Case reported from Village Kaliyavav, PHC Samp, Block Godhra. District RRT investigated outbreak. Serum sample collected and sent to NIV Pune, result reported as positive by CHPV PCR Test. Samples of contact also sent to NIV, Pune and reported as Not Positive. House to house survey done. Case treated symptomatically. Health education given."
Karnataka,Chikkaballapur,Fever,12,0,27-07-19,03-08-19,Under Surveillance,"Cases reported from Polanayakanahalli, PHC Kencharlahalli, Taluk Chintamani. District RRT investigated outbreak. Lab samples collected and result awaited. Mosquito density has been reported as high in the area. All cases treated symptomatically. Health education given."
Karnataka,Chikkaballapur,Dengue,8,0,27-07-19,03-08-19,Under Control,"Cases reported from Village Gotlagunte, PHC Nakkalahalli, Taluk Gowribidanur. District RRT investigated the outbreak. Lab samples collected and result reported as Dengue IgM ELISA positive. All cases treated symptomatically. Health education given. 5 | P a g e"
Karnataka,Dharwad,Dengue,10,0,30-07-19,30-07-19,Under Control,"Cases reported from Hubballi KIMS Campus, PHC Medaroni, Taluk Hubballi. District RRT investigated the outbreak. Cases presented with fever, headache and vomiting. On survey it was found that hostel was surrounded by waste collections serving as water reservoirs and subsequent mosquito breeding. A total of 03 serum samples collected and sent to laboratory Hubballi and one found positive for Dengue by NS1 Ag and negative for Rickettsial fever by RTPCR. All cases treated symptomatically. Health education given."
Odisha,Bargarh,Food Poisoning,27,0,29-07-19,31-07-19,Under Control,"Cases reported from Village Katharpali, SC Dumerpali, CHC Sohela, Block Sohela. District RRT investigated the outbreak. Cases had history of consuming food at a religious gathering, after which they developed pain abdomen, vomiting and loose motions. All cases treated symptomatically. Health education given."
Rajasthan,Pali,Acute Diarrheal Disease,15,0,31-07-19,01-08-19,Under Surveillance,"Cases reported from Kasturba Balika Hostel, Naya Gaon Pali City. District RRT investigated the outbreak. Cases presented with nausea, pain abdomen and loose motions. A total of 09 stool samples sent to Medical college Jodhpur, result awaited. All cases treated symptomatically. Health education given."
Telangana,Medchal,Acute Diarrheal Disease,13,0,28-07-19,31-07-19,Under Control,"Cases reported from Labor Colony (V), Gundla Pochampally, PHC Srirangavaram. District RRT investigated the outbreak. Cases gave history of consumption of food in the area, following which they developed loose stools and vomiting. All cases treated symptomatically. Health camp organized in the area. Health education given regarding personnel hygiene and sanitation."
Tripura,Gomati,Jaundice,36,0,28-07-19,28-07-19,Under Control,"Cases reported from Shantipalli, Udaipur town. District RRT investigated the outbreak. The affected area was localized around a housing board comples and had water supply supplied by a common overhead tank. Water samples were collected, result awaited. Blood samples collected and sent to AGMC, result awaited. All cases treated symptomatically. Health camp organized in the area. Health education given. 6 | P a g e"
Uttar Pradesh,Firozabad,Acute Diarrheal Disease,32,3,26-07-19,01-08-19,Under Control,"Cases reported from Mohalla Azaad Nagar, UPHC Sant Nagar and Mohalla Anand nagar. District RRT investigated the outbreak. It was observed that unchlorinated water was supplied in the area in the past few days. 14 water samples were tested by OT test and chlorination found unsatisfactory. Health camp organized in the area. All cases treated. Health education given. DISEASE OUTBREAKS OF PREVIOUS WEEKS REPORTED LATE Unique ID. Name of State/UT Name of District Disease/ Illness No. of Cases No. of Deaths Date of Start Outbreak Current Status Comments/ Action Taken"
Arunachal Pradesh,Kamle,Suspected Enteric Fever,19,0,19-07-19,,Under Surveillance,"Cases reported from Boasimla Town under PHC Boasimla, Block Raga. District RRT investigated the outbreak. A total of 29 blood samples were collected and sent to PHC Boasimla out of which 19 were positive for Typhoid by Widal test. All cases treated symptomatically. Health education given."
Arunachal Pradesh,West Siang,Japanese Encephalitis,5,0,19-07-19,,Under Surveillance,"Cases reported from Aalo Town. District RRT investigated the outbreak. A total of 30 Serum samples were collected and sent to IDSP-DPHL, BPGH Pasighat out of which 05 samples found Ig M ELISA positive for Japanese Encephalitis. All cases treated symptomatically. Health education given."
Assam,Goalpara,Hepatitis A,18,0,15-07-19,,Under Surveillance,"Cases reported from Village Bakhrapara, SC Ambuk, PHC Bikali Model Hospital, Dhupdhara, Block Rangjuli. District RRT investigated the outbreak. House to house survey done. Maximum number of cases belonged toge 6-15 years. Poor sanitation and unhygienic conditions were observed in the village. A total of 05 serum and 05 water samples were collected and sent to DPHL, Goalpara. All serum samples were tested for Hepatitis A & E and 04 found positive for Hepatitis A by IgM ELISA. Result awaited for water samples. Cases treated symptomatically. Health education given. Disinfection of water sources done. 7 | P a g e"
Bihar,Vaishali,Mumps,6,0,19-06-19,,Under Control,"Cases reported from Village Seikhopur, Block Sahdeibuzurg. District RRT investigated outbreak. Cases presented with fever, swelling of parotid gland. Cases belonged to the age group 3 to 5 years. A total of 4 blood samples were collected and of which 2 were found positive for Mumps by IgM ELISA. All cases were treated symptomatically. Health education given."
Chhattisgarh,Durg,Acute Diarrheal Disease,40,0,22-07-19,,Under Surveillance,"Cases reported from Village Godpendri, SHC Achanakpur, CHC Patan, Block Patan. District RRT investigated outbreak. Cases probably occurred due to consumption of contaminated water. Water samples collected and sent to PHE Dept. Result awaited. House to house survey done. All cases treated. Health education given. Chorination of water done in the area."
Delhi,South Delhi,Trypanosomiasis,1,0,11-07-19,,Under Surveillance,"Case reported from Humayupur Safdarganj, Enclave, New Delhi. District RRT the investigated outbreak. Case presented with high fever with chills, vomiting, and irritability and also gave history of bleeding from nostril and terminal neck rigidity which relieved on its own. Peripheral blood examination revealed anisocytosis, microcytic hypochromic RBCs. PS also revealed Trypanosoma sp and negative for Malaria."
Gujarat,Dahod,Chandipura Viral Encephalitis,1,1,05-07-19,,Under Control,"Case reported from Village Surpur, SC Bor, PHC Kaliyavad, Block Dhanpur. District RRT investigated outbreak. The serum sample of the case was collected and sent to NIV Pune and SSGH, Vadodara, result reported as positive for Chandipura by CHPV PCR Test by NIV, Pune. A total of 6 contact serum samples collected and sent to NIV, Pune for investigation, result awaited. Dusting and spraying done in 35 houses. Health education given."
Karnataka,Chikkaballapur,Dengue,28,0,24-07-19,,Under Surveillance,"Cases reported from Village Giddappanahalli, PHC Beechaganahalli, Taluk Gudibande. District RRT investigated the outbreak. Blood samples collected and found positive for Dengue by NS1 at SSL Chikkaballapur. All cases treated symptomatically. Fogging done in the affected area. Use of mosquito net was advocated. Health education given."
Karnataka,Chikkaballapur,Fever,17,0,23-07-19,,Under Surveillance,"Cases reported from Village Chandralahalli, PHC Beechaganahalli, Taluk Gudibande. District RRT investigated outbreak. Larval survey done. Lab samples collected and result awaited. All cases treated. Health education given. 8 | P a g e"
Karnataka,Chikkaballapur,Diphtheria,1,1,26-07-19,,Under Control,"Case reported from Village/PHC Manchenahalli, Taluk Gowribidanur. District RRT investigated outbreak. 1 Throat swab samples collected and result reported as positive by culture. The case was admitted at Indiragandhi hospital and became non responsive to treatment and died after 2 days of admissions with the complications of Myocarditis and cardiogenic shock. House to house survey done. Health education given."
Karnataka,Dharwad,Chikungunya,9,0,22-07-19,,Under Control,"Cases reported from Village Hosalli, PHC Saunshi, Taluk Kundagol. District RRT investigated the outbreak. Cases presented with fever, headache and arthralgia. 01 serum sample collected sent to laboratory KIMS, Hubli, result awaited. All cases treated symptomatically. Active case search done. Health education given."
Madhya Pradesh,Jabalpur,Measles,41,0,20-04-19,,Under Control,"Cases reported from Village Dadargawan, PHC Chorai, CHC Kundum, Block Kundum. District RRT investigated the outbreak. Blood samples collected and sent to ICMR, result awaited. Vitamin A syrup administered. All cases treated symptomatically. Health education given."
Madhya Pradesh,Jabalpur,Acute Diarrheal Disease,6,0,28-12-19,,Under Control,"Cases reported from near Bandariya Tiraha, Rampur. District RRT investigated the outbreak. All the cases were members of the same family and gave history of consuming pizza from a near by shop. Food samples of left over pizza was taken by the food department, result awaited. All cases treated."
Madhya Pradesh,Jabalpur,Acute Diarrheal Disease,29,0,27-06-19,,Under Control,"Cases reported from Village Gauri, SC Kuwarhat, CHC Kundum, Block Kundum. District RRT investigated the outbreak. Contamination of drinking water sources like tube well and well due to rains was the cause of infection. 2 water samples were taken from Khalli Mohalla by PHE department and found positive for Coliforms. Authorities were requested to safeguard water sources by constructing parapet wall. Chlorination was done. All cases treated."
Madhya Pradesh,Jabalpur,Acute Diarrheal Disease,8,0,14-07-19,,Under Control,"Cases reported from Village Aamateetha, SC Kuwarhat. CHC/Block Kundum. District RRT investigated the outbreak. 03 water samples collected and found negative for any contamination. Contamination of water source was the probable cause of infection. The cases also gave history of consuming locally grown Kudai millet. All cases treated. Health education given. Halogen tablets were given for chlorination of water at house hold level. 9 | P a g e"
Madhya Pradesh,Jabalpur,Chickenpox,13,0,12-06-16,,Under Control,"Cases reported from Ward No. 18, PHC Khitola, Block Sihora. District RRT investigated the outbreak. Cases presented with Fever and rash. All affected belonged to the age group range 1.5 to 28 yrs. All cases were treated symptomatically. Health education given."
Puducherry,Mahe,Dengue,4,0,29-06-19,,Under Surveillance,Cases reported from 1 GH Mahe- Block Mahe. District RRT investigated the outbreak. A total of 19 blood serum samples collected and sent for Dengue NS1 Ag and 04 found positive. All 4 had history of travel to Assam prior to onset of illness. All cases treated symptomatically. Health education given. Fogging done in the area.
Rajasthan,Baran,Acute Diarrheal Disease,61,0,25-07-19,,Under Surveillance,"Cases reported from Village/SC Chachoda, PHC Jepla, Block Chabara. District RRT investigated the outbreak. A total of 06 stool samples collected and sent to Microbiology Central Lab M.B.S Hospital Kota and all found positive for Escherichia coli and 07 water samples were also collected and found unsatisfactory. All cases treated symptomatically. Health education given."
Uttar Pradesh,Gonda,Acute Diarrheal Disease,4,1,20-07-19,,Under Control,"Cases reported from Village Gyanipur Ramprasad Gonda, PHC Thanpurwa, Block Mankapur. Cases presented with vomiting and pain abdomen. District RRT investigated the outbreak. All cases were under 10 years of age. One female died of illness. All cases treated symptomatically. Health education given."
Uttar Pradesh,Gonda,Acute Diarrheal Disease,15,1,20-07-19,,Under Control,"Cases reported from Village VII- Panditpurwa, PHC Quazidewar, Block Jhanjhari. District RRT investigated the outbreak. Cases presented with loose stools, vomiting and pain abdomen. All cases treated symptomatically. Health education given. FOLLOW UP OF DISEASE OUTBREAKS PREVIOUS WEEKS Unique ID. Name of State/UT Name of District Disease/ Illness No. of Cases No. of Deaths Date of Start Outbreak Current Status Comments/ Action Taken Arunachal Pradesh (Follow up) Arunachal Pradesh Tezu Japanese Encephalitis 05 00 06-07-19 Under Surveillance Cases reported from Tezu town under Zonal GH Tezu. District RRT investigated the outbreak. A total of 02 serum samples were collected and both samples were Ig M ELISA positive for Japanese Encephalitis.. All cases treated symptomatically. Health education given. 10 | P a g e Arunachal Pradesh (Follow up) Arunachal Pradesh East Siang Japanese Encephalitis 43 00 09-07-19 Under Surveillance Cases reported from Pasighat town. District RRT investigated the outbreak. A total of 43 samples were collected and sent to IDSP DPHL, BP General Hospital Pasighat, all samples were IgM ELISA positive for Japanese Encephalitis. All cases treated symptomatically. Health education given. Arunachal Pradesh (Follow up) Arunachal Pradesh Papumpare Japanese Encephalitis 06 01 06-07-19 Under Surveillance Cases reported from various places of Itanagar. District RRT investigated the outbreak. A total of 02 serum and 04 CSF samples were collected and all samples found IgM ELISA positive for Japanese Encephalitis. All cases treated symptomatically. Health education given. Arunachal Pradesh (Follow up) Arunachal Pradesh East Siang Chikungunya 77 00 07-07-19 Under Surveillance Cases reported from Pasighat town. District RRT investigated the outbreak. Cases presented with fever, headache, chills, rigors and vomiting. A total of 111 blood samples were collected and sent to IDSP-DPHL, BP General Hospital Pasighat, out of which 77 samples were found positive for Chikungunya by IgM ELISA. All cases treated symptomatically. Health education given. Arunachal Pradesh (Follow up) Arunachal Pradesh East Siang Dengue 158 00 22-06-19 Under Surveillance Cases reported from Pasighat Town, BP General Hospital Pasighat. District RRT investigated the outbreak. A total of 278 blood samples were collected and sent to RMRC, IDSP, DPHL BPGH, Pasighat of which 158 samples found positive for Dengue. All cases were treated symptomatically. Health education given. Karnataka (Follow up) Karnataka Uttara Kannada Acute Diarrheal Disease 43 00 02-08-19 Under Control Cases reported from Village Watnal, PHC Belawatgi, Block Haliyal. District RRT investigated the outbreak. It was observed that drinking water supply line was contaminated by sewage water. A total of 04 stool samples were collected and result reported as no enteric bacterial pathogen isolated. All cases treated symptomatically. Health education given. Authorities were requested to repair drinking water line and provide chlorinated water."
Assam,Sonitpur (Tezpur),Food Poisoning,11,0,03-08-19,07-08-19,No new cases reported,"Cases reported from Village Soibari Kurmi Gaon, PHC Itakhola, Block North Jamuguri. District RRT investigated the outbreak. Active search for cases done. Cases consumed food (fish pumpkin curry) and presented with symptoms of vomiting and loose motion. Water samples collected and sent to Microbiology Dept. TMCH Sonitpur; result awaited. All cases treated symptomatically. Health education given regarding food hygiene and sanitation."
Bihar,West Champaran,Acute Diarrheal Disease,15,3,01-08-19,07-08-19,No new cases reported,"Cases reported from Village Harpur, PHC Bagha. District RRT investigated the outbreak. House to house survey done. All cases treated symptomatically. Halogen tablets and ORS packets were distributed in the community. IEC done regarding safe drinking water and personal hygiene."
Karnataka,Chikkaballapur,Acute Diarrheal Disease,71,0,06-08-19,08-08-19,No new cases reported,"Cases reported from Village Kagati, PHC Murugurumala, Taluk Chintmaani. District RRT investigated the outbreak. Pipeline leakages were observed in the community. Water and stool sample collected and sent to BMRCI; result awaited. All cases treated symptomatically. Halogen tablets and ORS packets were distributed in the community. IEC done regarding sanitation and personal hygiene."
Karnataka,Tumkur,Food Poisoning,21,0,06-08-19,07-08-19,No new cases reported,"Cases reported from Village Devarayapattana, PHC/CHC Taluk Tumkur. District RRT investigated the outbreak. Active search of cases done. All cases consumed food in a social ceremony and presented symptoms of vomiting and loose motion. 4 stool samples collected and sent to DPHL Tumkur were negative for enteropathogens. ORS packets distributed. All cases treated symptomatically. Health education given. 4 | P a g e"
Karnataka,Tumkur,Dengue,14,0,06-08-19,07-08-19,No new cases reported,"Cases reported from Village Jayanagara, PHC/CHC Badavanahalli, Taluk Madhugiri. District RRT investigated the outbreak. House to house fever survey done. Out of 2 blood sample collected and sent to DPHL Tumkur; 1 sample was positive for Dengue and 1 sample was positive for Dengue and Chikungunya (IgM ELISA). All cases treated symptomatically. Source reduction activities undertaken. Health education given."
Kerala,Kollam,Diphtheria,1,1,05-08-19,11-08-19,No new cases reported,"A 13yr old partially immunized boy resident of Village Mayyanad, SC Dhavalkuzhy, PHC Mayyanad, Block Palathara presented symptoms fever, sore throat vomiting and headache was referred to District Hospital Kollam on 9th 01-08-19. Further the case was referred to MCH Trivandrum and later died on 11th 01-08-19. Throat swabs collected and sent to Govt Medical College Hospital, Trivandrum was positive for C.diptheriae. District RRT investigated the outbreak. House to house survey done. Health education given."
Maharashtra,Nagpur,Acute Diarrheal Disease,12,0,05-08-19,07-08-19,No new cases reported,"Cases reported from Village Mangrul, PHC Nand, Taluk Bhivapur. District RRT investigated the outbreak. House to house survey done. Pipeline leakages were observed in the community. Water samples collected; result awaited. All cases treated symptomatically. Chlorination of water sources done. Alternative water supply provided. Pipeline leakages were repaired. Health education given regarding personal hygiene and sanitation."
Madhya Pradesh,Datia,Acute Diarrheal Disease,7,1,07-08-19,08-08-19,No new cases reported,"Cases reported from Village Anandpur, SC Pipraua, CHC Indergarh. District RRT investigated the outbreak. House to house survey done. 2 stool samples collected; result awaited. 01 water samples collected and sent to PHE; result awaited. All cases treated symptomatically. ORS packets and chlorine tablets were distributed in the community. IEC done regarding safe drinking water and personal hygiene. 5 | P a g e"
Madhya Pradesh,Datia,Acute Diarrheal Disease,20,0,06-08-19,06-08-19,No new cases reported,"Cases reported from Village Nadai, SC Kumhrra, Block PHC Unao. District RRT investigated the outbreak. House to house survey done. 5 stool samples collected; result awaited. 01 water samples collected and sent to PHE; result awaited. All cases treated symptomatically. ORS packets and chlorine tablets were distributed in the community. IEC done regarding safe drinking water and personal hygiene."
Odisha,Koraput,Food Poisoning,6,0,04-08-19,07-08-19,No new cases reported,"Cases reported from Village Bhaluguda SC Pujariput, CHC Boiapriguda. District RRT investigated the outbreak. Active search of cases done. All cases consumed food (rice & dal) in a social ceremony and presented symptoms of vomiting and loose motion. 2 water samples collected and tested were potable for drinking purposes. ORS packets distributed. All cases treated symptomatically. Health education given."
Odisha,Bhadrak,Food Poisoning,19,0,08-08-19,11-08-19,No new cases reported,"Cases reported from Village Tihidi, Pirhat, Rajnagar, Charitaraf (School). District RRT investigated the outbreak. Active search of cases done. All cases consumed food (mid-day meal) and presented symptoms of vomiting and loose motion. ORS packets distributed. All cases treated symptomatically. Health education given."
Odisha,Rayagada,Acute Diarrheal Disease,13,0,11-08-19,11-08-19,No new cases reported,"Cases reported from Villages Jhunurguda, Mariguda & Jhariponga, SC Jhumurguda, Block Padmapur. District RRT investigated the outbreak. House to house survey done. 05 rectal swab samples collected sent to DPHL Rayagada; were negative for cholera culture. 3 water samples collected and tested at DPHL Rayagada were potable for drinking purposes. All cases treated symptomatically. Health education given."
Punjab,Sasnagar,Acute Diarrheal Disease,10,0,03-08-19,09-08-19,No new cases reported,Cases reported from Village Mubarkpur Block derabassi. District RRT investigated the outbreak. House to house survey done. 06 water samples collected; result awaited. All cases treated symptomatically. ORS packets and chlorine tablets were distributed in the community. IEC done regarding safe drinking water and personal hygiene. 6 | P a g e
Punjab,Amritsar,Jaundice,21,0,08-08-19,08-08-19,Under Surveillance,"Cases reported from Village Nizampur, PHC Manawala. District RRT investigated the outbreak. House to house survey done. Water samples collected; result awaited. All cases treated symptomatically. ORS packets and chlorine tablets were distributed in the community. IEC done regarding safe drinking water and personal hygiene."
Tamil Nadu,Madurai,Viral Hepatitis A,15,0,07-08-19,08-08-19,Under Surveillance,"Cases reported from Village/SC Mangalampatty, PHC Karungalakudi, Block Kottampatti. District RRT investigated the outbreak. House to house survey done. 5 serum samples collected and sent to DPHL Madurai; 4 sample was found positive for Hepatitis A (IgM ELISA). All cases treated symptomatically. Chlorination of water sources done. Health education given."
Tamil Nadu,Theni,Chikungunya,34,0,09-08-19,11-08-19,No new cases reported,"Cases reported from Village Anna nagar, HSC Gandhinagar, PHC E.Pudupatti, Block E.Pudupatti. District RRT investigated the outbreak. Out of 4 blood sample collected and sent to DPHL Theni; 2 samples were found positive Chikungunya (IgM ELISA). All cases treated symptomatically. Source reduction activities undertaken. Health education given."
Uttar Pradesh,Bareilly,Dengue?,16,0,02-08-19,08-08-19,No new cases reported,"Cases reported from several blocks Bhojipura, Meerganj, Baheri Bhamora, Majhgawan. District RRT investigated the outbreak. House to house survey done. All cases treated symptomatically. Source reduction activities and fogging undertaken. Health education given."
Uttar Pradesh,Gonda,Acute Diarrheal Disease,12,0,01-08-19,07-08-19,No new cases reported,"Cases reported from Villages Sonvasa, Tadiya, Pandrikripal, Gonda. District RRT investigated the outbreak. House to house survey done. All cases treated symptomatically. ORS packets and chlorine tablets were distributed in the community. IEC done regarding safe drinking water and personal hygiene. 7 | P a g e"
Uttar Pradesh,Rae-Bareilly,Food Poisoning,51,0,06-08-19,07-08-19,No new cases reported,"Cases reported from Pandit Deen Dayal Upadhyay Awasiya Vidalaya, Raen, Block Bachhrawan Raebareli. District RRT investigated the outbreak. Active search of cases done. All cases consumed food (rajma chawal) in the hostel and presented symptoms of vomiting and loose motion. 4 food samples and 2 water samples collected and sent to Food and Drug Administration Dept and DPHL; result awaited. ORS packets distributed. All cases treated symptomatically. Health education given."
West Bengal,Nadia,Dengue,27,0,09-08-19,10-08-19,No new cases reported,"Cases reported from Village Bhandarkona, SC Singha, GP Nagarukhra-II, Block Haringhata, District RRT investigated the outbreak. House to house fever survey done. 10 blood sample collected was positive for Dengue (IgM ELISA). All cases treated symptomatically. Source reduction activities undertaken. Health education given. 8 | P a g e DISEASE OUTBREAKS OF PREVIOUS WEEKS REPORTED LATE Unique ID. Name of State/UT Name of District Disease/ Illness No. of Cases No. of Deaths Date of Start Outbreak Current Status Comments/ Action Taken"
Assam,Kamrup Metro,Typhoid,11,0,25-07-19,,No new cases reported,"Cases reported from Village Sonapur CHC Baruhabari. District RRT investigated the outbreak. House to house survey done. Cases consumed well water and presented symptoms with fever, loss of appetite and bodyache. 11 serum samples collected; 8 samples were positive for Typhoid by widal test. 2 water samples collected; result awaited. Symptomatic treatment given. Health education given regarding personal hygiene and sanitation."
Assam,Marigaon,Acute Diarrheal Disease,31,0,25-07-19,,No new cases reported,"Cases reported from Village Sibir, BPHC Laharighat. District RRT investigated the outbreak. House to house survey done. Out of 2 stool samples collected; 1 stool sample showed growth of Shigella. ORS packets and halogen tablets were distributed in the affected areas. All cases treated symptomatically. IEC done regarding safe drinking water and personal hygiene."
Manipur,Imphal East &West / Thoubal,Dengue,29,0,29-07-19,,Under Control,Cases reported from several districts. District RRT investigated the outbreak. House to house fever survey done. Out of 29 blood sample collected and sent to SRL JNIMS; 8 sample was positive for Dengue (IgM ELISA). All cases treated symptomatically. Source reduction activities undertaken. Health education given.
Tripura,Gomati,Viral Hepatitis A & E/ Leptospirosis,43,0,28-07-19,,No new cases reported,"Cases reported from Village Shanti Palli, Udaipur Town. District RRT investigated the outbreak. House to house survey done. 31 serum samples collected and sent to SRL AGMC; 14 sample was found positive for Hepatitis A (IgM ELISA); 3 samples were positive for Hepatitis E (IgM ELISA); 02 samples were positive for both Hepatitis A & E and 06 samples were positive for Leptospirosis. All cases treated symptomatically. Chlorination of water sources done. Health education given."
West Bengal,Bankura,Viral Hepatitis A,17,0,26-07-19,,No new cases reported,"Cases reported from Village Natungram, SCBiharjuria, Gp- Gobindadham. District RRT investigated the outbreak. House to house survey done. 4 serum samples collected and sent to SSKM, Kolkata; result awaited. Water samples collected; result awaited. All cases treated symptomatically. Chlorination of water sources done and halogen tablets distributed in the affected area. Health education given. 9 | P a g e FOLLOW UP OF DISEASE OUTBREAKS PREVIOUS WEEKS Unique ID. Name of State/UT Name of District Disease/ Illness No. of Cases No. of Deaths Date of Start Outbreak Current Status Comments/ Action Taken"
Arunachal Pradesh,East Siang,Chikungunya,83,0,07-07-19,,Under Surveillance,A total of 21 cases were reported in 28th week (ending 14th 01-07-19). Further 62 cases were reported till 11 01-08-19. Out of 121 blood samples collected and tested at DPHL Pasighat; 83 samples were positive for Chikungunya (IgM ELISA). All cases treated symptomatically. Source reduction activity undertaken. Health education given
Arunachal Pradesh,East Siang,Dengue,168,0,03-06-19,,Under Surveillance,A total of 15 cases were reported in 28th week (ending 14th 01-07-19). Further 153 cases were reported till 11 01-08-19. Out of 341 blood samples collected and tested at DPHL Pasighat; 168 samples were positive for Dengue (IgM ELISA). All cases treated symptomatically. Source reduction activity undertaken. Health education given
Chhattisgarh,Balodabazar,Acute Diarrheal Disease,39,0,11-08-19,13-08-19,Under Control,"Cases reported from Village Simga, SC Paunsari. District RRT investigated the outbreak. It was observed that villagers used unsafe water from power pump. All cases were treated symptomatically. Health education given"
Gujarat,Vadodara,Cholera,11,0,13-08-19,14-08-19,Under Control,Cases reported from Rampir tekri Warasiya UPHC East Zone. District RRT investigated the outbreak. A total of 03 stool samples were collected and sent to SSG Vadodara MC and found positive for Vibrio cholera. A total of 03 water samples were collected and sent to SSG Vadodara MC results of which are still awaited. All cases were treated symptomatically. Illegal water pipeline was cut off and tanker supply started. All sanitary measures taken. Active surveillance done. Chlorine tablets distributed. Health education given.
Himachal Pradesh,Mandi,Acute Diarrheal Disease,59,0,12-08-19,14-08-19,Under Control,"Cases reported from various villages of Block Bagsaid. District RRT investigated the outbreak. A total of 4 water samples collected by I&PH and health department, result awaited. All cases treated symptomatically. Health education given."
Kerala,Ernakulum,Food Poisoning,23,0,15-08-19,19-08-19,Under Control,"Cases reported from Village Muttar, PHC Eloor, Block Varapuzha. District RRT investigated the outbreak. Cases presented with pain abdomen, vomiting, diarrhea and mild fever. All cases participated in family function. Source of infection was not identified. A single water sample collected from the house and sent to RPH lab Ernakulum, result awaited. All cases treated symptomatically. Health education given. 4 | P a g e"
Maharashtra,Nagpur,Acute Encephalitis Syndrome,1,1,13-08-19,16-08-19,Under Surveillance,"Cases reported from Village Rethi, Kursapar, PHC Khapa, Taluk Soner. District RRT investigated the outbreak. The case was a 10 year old female, expired on 08-08-2019. Additional 4 cases were identified with similar complaints, 04 CSF samples were collected and sent to NIV, Pune. All samples were negative for Japanese Encephalitis, Dengue and Chandipura virus. All cases treated symptomatically. Health education given"
Odisha,Bolangir,Bacillary Dysentery,12,0,16-08-19,18-08-19,Under Control,"Cases reported from Village Kadalipali, SC Agalapali, CHC/Block Loisingha. District RRT investigated the outbreak. Cases gave history of consumption of stale bread. A total of 03 tube well water samples were collected sent DPHL Balangir, and found suitable for human consumption. All cases treated symptomatically. Health education given on safe drinking water, safe food habits and environmental sanitation."
Odisha,Malkangiri,Food Poisoning,33,0,19-08-19,20-08-19,Under Control,"Cases reported from PUP Residential School, Temporary Colony, Chitrakonda. District RRT investigated the Outbreak. Cases presented with loose stools. The probable source of infection was contaminated food. Students were served food which was made the previous night for lunch. A total of 02 water samples collected and sent to DPHL, Malkangiri, found not suitable for human consumption. All cases treated symptomatically. Instruction was given to keep the school environment and kitchen clean. 5 | P a g e"
Odisha,Balasore,Acute Diarrheal Disease,18,0,14-08-19,16-08-19,Under Control,"Cases reported from Village Kuanali, GP/SC Mahisapata under CHC Berhampur, Block Nilgiri. District RRT investigated the outbreak. Cases presented with vomiting, pain abdomen and loose stools. History of intake of wild mushroom curry was positive among all cases. A total of 04 stool and 04 water samples collected and sent to DPHL, in the 04 stool samples no significant organism was grown and 03 water samples were found not suitable for human consumption. All cases were treated symptomatically. Halogen tablets distributed in the affected village. All water sources were disinfected. Health education given."
Odisha,Balasore,Acute Diarrheal Disease,17,0,16-08-19,17-08-19,Under Control,"Cases reported from Village Badadiha, GP/SC Parikhi, CHC Rupsa, Block Sadar. District RRT investigated the outbreak. Cases presented with loose stools and pain abdomen. All cases were treated symptomatically. Halogen tablets distributed in the affected village. Water source disinfected. Health education given."
Telangana,Vikarabad,Food Poisoning,17,0,10-08-19,13-08-19,Under Control,"Cases reported from Kasturba School, Doulthabad. District RRT investigated the outbreak. Cases gave history of consumption of dal rice for lunch following this within an hour developed pain abdomen. Health camp conducted in the affected school. All cases were treated symptomatically. Chlorination of drinking water done. Health education given on personal hygiene and proper sanitation at school."
Uttar Pradesh,Pratapgarh,Food Poisoning,9,0,15-08-19,17-08-19,Under Surveillance,"Cases reported from Village Deum Paschim, SC Ghuisarnath, PHC Ghuisarnath, Block Sangipur. District RRT investigated the outbreak. All affected cases were male and belonged to age group of 10-18 yrs. The cases presented with vomiting and pain abdomen. Source of infection was identified to be consumption of contaminated meat. All cases treated symptomatically. House to house survey done. Health education given. 6 | P a g e"
Uttar Pradesh,Siddharth Nagar,Acute Diarrheal Disease,9,1,12-08-19,14-08-19,Under Surveillance,"Cases reported from Village Patiyapaar, SC Hoorila, PHC/Block Khuniyawa. Cases presented with loose stool, vomiting and dehydration. House to house survey done. All cases treated symptomatically. Health education given. 4 year old child died of illness."
Uttarakhand,Tehri Garhwal,Acute Diarrheal Disease,5,1,14-08-19,16-08-19,Under Surveillance,"Cases reported from Village Pandargaon, Block Pratapnagar. District RRT investigated the outbreak. A total of 02 stool collected and sent to DPHL,Pauri and found negative for any pathogenic organism. A total 02 water samples collected and sent to Jal Sansthan New Tehri and found normal. All cases treated symptomatically. A single death occurred in a 42 year old female, the lady expired on th same day as onset on illness(12-08-2019) Active case search done. Medical camp organized. Water sources disinfected. Health education given."
West Bengal,South 24 Parganas,Food Poisoning,55,0,15-08-19,16-08-19,Under Surveillance,"Cases reported from Village Majherpara (Baharu), SC Baharu, GP Baharu, Block Joynagar-I. District RRT investigated the outbreak. Cases presented with loose stools and lethargy. All affected cases gave history of consumption of food in a religious gathering. A total of 04 stool samples (Rectal Swab) collected and sent to SSKM Hospital and 01 food sample collected sent to Public Health Laboratory, results awaited. All cases were treated symptomatically. Medical camp organized. Active case search done. Health education given."
West Bengal,Murshidabad,Dengue,17,0,16-08-19,16-08-19,Under Surveillance,"Cases reported from Village/SC Bundainagar, GP Raipur, Nowda, Sansad-13. District RRT investigated the outbreak. District RRT investigated the outbreak. A total of 27 blood samples collected and sent to MSDM, of these 7 samples were found positive for Dengue by IgM and 10 samples were found reactive for NS1. Travel history present in 3 cases. All cases treated symptomatically. Mass fever survey done. Entomological survey done (HI 53.33, BI 46.70, CI 85.18). Potential breeding sites identified. Fogging done. Health education given. 7 | P a g e"
West Bengal,Purulia,Acute Diarrheal Disease,35,0,15-08-19,15-08-19,Under Surveillance,"Cases reported from Hamlet – Kumarpara, Village Barobendya, SC- Barobendya, Block Joypur. District RRT investigated the outbreak. Most of the cases were children below 9 years of age. A total of 02 stool samples (Rectal Swab) collected and sent to BSMCH, result awaited. All cases treated symptomatically. Poor hygienic habits, poor drainage system and open defecation was observed. Health education given. DISEASE OUTBREAKS OF PREVIOUS WEEKS REPORTED LATE Unique ID. Name of State/UT Name of District Disease/ Illness No. of Cases No. of Deaths Date of Start Outbreak Current Status Comments/ Action Taken"
Andhra Pradesh,Arunachal Pradesh Siang,Japanese Encephalitis,1,1,08-07-19,,Under Control,"Case reported from Village Lokpeng, CHC Pangin. District RRT investigated the outbreak. Case presented with high fever, headache, pain abdomen followed by unconsciousness. Serum sample was collected and sent to DPHL, Pasighat and was found positive for Japanese Encephalitis. Case treated symptomatically. Health education given."
Assam,Kamrup Metro,Chickenpox,14,0,20-07-19,,Under Control,"Cases reported from village Adabari Anandanagar, UPHC Garpandu, Zone Pandu. District RRT investigated the outbreak. Cases presented with fever with maculopapulo vesicular rash. A total of 04 serum samples were collected and sent to DPHL, Sonapur it was found that 3 samples were positive for Chickenpox by IgM ELISA. All cases treated symptomatically. House to house survey done to identify new cases Health education given."
Assam,Sonitpur (Tezpur),West Nile Fever,4,0,27-06-19,,Under Control,"Cases reported from Village Bihaguri UPHC, SC Sonabil Bosti Dhekiajuli, SC Alisinga Behali TInisuti Karbi Jinjia, Block Hiru. District RRT investigated the outbreak. Serum samples collected sent to Apex laboratory at RMRC Dibrugarh, result of all 04 samples positive for West Nile Virus by Ig M ELISA. All cases treated symptomatically and recovered. Mass blood slide collection done. Fogging done, ITBN distributed. No epidemiologically linked cases identified so far. Health education given. 8 | P a g e"
Assam,Sonitpur (Tezpur),Scrub Typhus,33,6,01-04-19,,Under Control,"Cases reported from various places in Sonitpur. District RRT investigated the outbreak. All cases were first diagnosed as Acute encephalitis Syndrome. Serum samples of all 33 cases collected sent to Apex laboratory at RMRC Dibrugarh, result of all samples reported positive for Scrub Typhus. A total of 06 individuals’ succumbed to death. Deaths are being reported since the 7th of April, 2019. The details of the death cases is presented in tabular form: Age Gender 10years Male 9 years Male 50 years Female 7 years Female 15 years Female 9 years Male Health education given with special reference to mite control and removing overgrown weeds/grasses in the area."
Chhattisgarh,Rajnandgaon,Acute Diarrhoeal Disease,61,0,05-08-19,,Under Control,"Cases reported from villages Chhuria, KHobha, Bharritola, Morkutumbh. District RRT investigated the outbreak. Water samples collected by PHE, result awaited. Active case search done. Chlorination of drinking water done. ORS packets and Zinc tablets were distributed. All cases were treated symptomatically. Health education given"
Haryana,Palwal,Suspected Diphtheria,3,0,02-08-19,,Under Control,"Cases reported from Village Jarali, PHC Uttawar, CHC Hathin,. District RRT along with a team from WHO investigated the outbreak. The cases (two boys and one girl) were in the age group 6-9 years, belonged to the same family and immunization status of cases is not known. Children complained of fever and throat pain, on examination a grayish white adherent membrane was seen in the throat. Lab samples collected and sent to Maharsi Valmiki lab, Delhi(WHO approved centre for Diphtheria) and result awaited. All cases were treated symptomatically. Mass survey conducted as case definition in the area, no new cases found. Health education given. 9 | P a g e"
Kerala,Kozhikode,Viral Hepatitis A,16,0,10-07-19,,Under Surveillance,"Cases reported from Village/PHC Chekkiyad, Block Valayam. District RRT investigated the outbreak. All cases had history of participating in a family function organized 10 days before the onset of symptoms. A single blood sample was collected and found positive for Hepatits A Virus IgM by ELISA . Super-chlorination of water done. All cases were treated symptomatically. Health education given."
Punjab,Amritsar,Hepatitis E,24,0,09-08-19,,Under Control,"Cases reported from Village Nizampur, Block Manawala. District RRT investigated the outbreak. It was observed that there was improper water connection leading to mixing of sewage water with drinking water. A total of 7 blood samples were collected and sent to DPHL, Amritsar, of the 07 samples, 06 samples were positive for Hepatitis E by Ig M ELISA. A total of 05 water samples were sent to SPHL, Kharar, wherein 04 were found non potable. Issue of water supply was resolved after meeting with SDM. All cases were treated symptomatically. Chlorine tablets were distributed. Health education given."
Tamil Nadu,Madurai,Chikungunya,32,0,07-08-19,,Under Surveillance,"Cases reported from Village Pomminayakampatty, HSC Manickampatty. PHC Palamedu, Block Alanganallur. District RRT investigated the outbreak. A total of 05 serum samples collected and sent to DPHL Madurai and all found positive for Chikungunya. All cases treated symptomatically. All potential breeding sites destroyed. Fogging done. Medical camp conducted. Health education given."
Tamil Nadu,Madurai,Mumps,8,0,07-08-19,,Under Surveillance,"Cases reported from Village Kovilpatti & Thandavanpatti, HSC/PHC Thiruvathavur, Block Melur. District RRT investigated the outbreak. Cases presented with fever and bilateral swelling of parotid gland. A total of 05 serum samples were collected and sent to King Institute Chennai, result of 05 samples found positive for Mumps by Ig M ELISA. All cases treated symptomatically. Affected cases isolated. Medical camp conducted. Health education given. 10 | P a g e FOLLOW UP OF DISEASE OUTBREAKS PREVIOUS WEEKS Unique ID. Name of State/UT Name of District Disease/ Illness No. of Cases No. of Deaths Date of Start Outbreak Current Status Comments/ Action Taken (Follow up of 26th week, outbreak 761) Arunachal Pradesh East Siang Dengue 158 00 22-06-19 Under Control Cases reported from Pasighat town, BP General Hospital Pasighat. District RRT investigated the outbreak. A total of 278 blood samples were collected and sent to RMRC, IDSP- DPHL, BPGH, Pasighat of which 158 samples were positive for Dengue by IgM ELISA. How many to RMRC and positive All cases were treated symptomatically. Health education given. (Follow up of 28th week, outbreak 822) Arunachal Pradesh East Siang Chikungunya 77 00 07-07-19 Under Control Cases reported from Pasighat town. District RRT investigated the outbreak. Cases presented with fever for a few days followed by headache, chills, rigor, vomiting and dizziness. A total of 111 blood samples collected and sent to IDSP-DPHL, BP General Hospital Pasighat of which 77 samples were positive for Chikungunya. All cases treated symptomatically. Health education given. (Follow up of 29th week, outbreak 859) Arunachal Pradesh Tezu Japanese Encephalitis 05 00 06-07-19 Under Control Cases reported from Tezu town under Zonal GH Tezu. District RRT investigated the outbreak. A single serum sample collected and sent to AMC, Dibrugarh, it was found positive for Japanese Encephalitis by IgM ELISA. All cases were treated symptomatically. Health education given. (Follow up of 28th week, outbreak 849) Arunachal Pradesh Papumpare Japanese Encephalitis 06 01 06-07-19 Under Control Cases reported from various places of District Itanagar. District RRT investigated the outbreak. A total of 02 serum samples and 04 CSF samples collected and all were found positive for Japanese Encephalitis by IgM ELISA. All cases were treated symptomatically. Health education given. (Follow up of 31st week, outbreak 968) Arunachal Pradesh Kamle Enteric Fever 24 00 19-07-19 Under Control Cases reported from Boasimla town under PHC Boasimla, Block Raga. District RRT investigated the outbreak. A total of 29 blood samples were collected and 19 were found positive for Widal test. All cases were treated symptomatically. Health education given."
Andhra Pradesh,East Godavari,Food Poisoning,37,0,24-08-19,25-08-19,No new cases reported,"Cases reported from a school in Chintoor Narsihapuram. District RRT investigated the outbreak. Active search for cases done. Cases consumed food in hostel (rice, brinjal curry and sambar) and presented with symptoms of vomiting and loose motion. Medical camp organized and cases treated symptomatically. Health education given regarding food hygiene and sanitation."
Arunachal Pradesh,East Kameng,Acute Diarrheal Disease,24,0,21-08-19,25-08-19,No new cases reported,"Cases reported from Jawahar Navodaya Vidyalaya, New Seppa. District RRT investigated the outbreak. House to house survey done. Water sample collected; result awaited. All cases treated symptomatically. IEC done regarding safe drinking water and personal hygiene."
Arunachal Pradesh,East Kameng,Acute Diarrheal Disease,21,1,24-08-19,25-08-19,No new cases reported,"Cases reported from Kasturba Gandhi Balika Vidyalaya, PHC Bameng. District RRT investigated the outbreak. House to house survey done. Water sample collected; result awaited. All cases treated symptomatically. IEC done regarding safe drinking water and personal hygiene."
Assam,Darrang (Mangaldoi),Food Poisoning,19,0,18-08-19,22-08-19,No new cases reported,"Cases reported from Village Jaljali, SC Hapamara, BPHC Samala. District RRT investigated the outbreak. Active search for cases done. Cases consumed food (Prasad bhog) in religious ceremony (rice flour, milk, banana, apple, mango, ghee) and presented with symptoms of vomiting and loose motion. 02 water samples collected and sent to DPHL, Darrang; were found potable. Cases treated symptomatically. ORS packets distributed in the affected area. Health education given regarding food hygiene and sanitation. 4 | P a g e"
Assam,Dibrugarh,Food Poisoning,30,0,20-08-19,23-08-19,No new cases reported,"Cases reported from Village Notun Chring Gaon, SC Nirmali, PHC/Block Barbaruah. District RRT investigated the outbreak. Active search for cases done. Cases consumed food (Prasad bhog) in religious ceremony and presented with symptoms of vomiting and loose motion. Water samples collected and sent to AMCH, Dibrugarh; result awaited. Cases treated symptomatically. ORS packets distributed in the affected area. Health education given regarding food hygiene and sanitation."
Assam,Udalguri,Food Poisoning,14,0,19-08-19,20-08-19,No new cases reported,"Cases reported from Village Jengerjhar, SC Paskiapara, SD Kalaigaon, BPHC Udalguri. District RRT investigated the outbreak. Active search for cases done. Cases consumed food in religious ceremony and presented with symptoms of vomiting and loose motion. Cases treated symptomatically. ORS packets distributed in the affected area. Health education given regarding food hygiene and sanitation."
Assam,Nalbari,Food Poisoning,32,0,19-08-19,22-08-19,No new cases reported,"Cases reported from Villages Tilana & Alengidol, SC Mugkuchi and Alengidol, Block Chamata. District RRT investigated the outbreak. Active search for cases done. Cases consumed food in religious ceremony and presented with symptoms of vomiting and loose motion. 3 stool samples collectd and sent to DPHL Nalbari; were negative for enteropathogens. Cases treated symptomatically. ORS packets distributed in the affected area. Health education given regarding food hygiene and sanitation."
Chhattisgarh,Janjgir,Acute Diarrheal Disease,17,0,21-08-19,23-08-19,No new cases reported,"Cases reported from Village Khamariya, PHC Bhotiya Section Bhotiya, CHC Jaijalpur. District RRT investigated the outbreak. House to house survey done. Temporary medical camps organized in the community. All cases treated symptomatically. Halogen tablets were distributed in the community. IEC done regarding safe drinking water and personal hygiene. 5 | P a g e"
Chhattisgarh,Kawardha,Acute Diarrheal Disease 11 00 23-,0,19,16-08-19,,No new cases reported,"Cases reported from Village/SC Gaindpur, PHC Rampur, Block S Lohara. District RRT investigated the outbreak. House to house survey done. Community consumed contaminated water from hand pump. All cases treated symptomatically. Halogen tablets were distributed in the community. IEC done regarding safe drinking water and personal hygiene."
Chhattisgarh,Kawardha,Acute Diarrheal Disease,9,0,21-08-19,23-08-19,No new cases reported,"Cases reported from Village Sajatola, SC Bhursipakri, PHC Daldali, Block Bodla. District RRT investigated the outbreak. House to house survey done. All cases treated symptomatically. Halogen tablets were distributed in the community. IEC done regarding safe drinking water and personal hygiene."
Gujarat,Anand,Acute Diarrheal Disease,40,0,19-08-19,20-08-19,No new cases reported,"Cases reported from Village Nani Sherdi, SC Kothitakhad, PHC Alarsa, Taluk Borsad. District RRT investigated the outbreak. Pipeline leakages were observed in the community. House to house survey done. 2 Stool sample collected and sent to DPHL Petlad; result awaited. All cases treated symptomatically. Halogen tablets were distributed in the community. IEC done regarding safe drinking water and personal hygiene."
Gujarat,Panchmahal,Chandipura (Viral Encephalitis),2,1,22-08-19,22-08-19,Under Surveillance,"Cases reported from Village/SC/PHC Malu, Block Ghoghamba and Village Bahi, Block Shahera. District RRT investigated the outbreak. House to house survey done. Out of 3 blood samples collected and sent to NIV, Pune; 2 samples were positive for Chandipura virus (IgM ELISA). Malathion dusting done in the affected area. Health education given."
Gujarat,Surat,Acute Diarrheal Disease,43,0,19-08-19,21-08-19,No new cases reported,"Cases reported from Urban area of Sayan, PHC Sandhiyer. District RRT investigated the outbreak. Heavy rains had the flooded the affected area and water sources were contaminated. House to house survey done. 8 stool samples and 1 water samples collected; result awaited. All cases treated symptomatically. Halogen tablets and ORS packets were distributed in the community. IEC done regarding safe drinking water and personal hygiene. 6 | P a g e"
Karnataka,Chikkaballapur,Dengue,40,1,16-08-19,21-08-19,No new cases reported,"Cases reported from several villages Dodnancherlu, Rayanakallu, Bachapanahalli, several Taluk Gudibande, Gowribidanur, Chintamani. District RRT investigated the outbreak. House to house survey done. Out of 4 serum samples collected; 3 samples were positive for Dengue (IgM ELISA). All cases treated symptomatically. Entomological survey done. Source reduction activity and fogging done in the affected area. Health education given."
Karnataka,Tumkur,Food Poisoning,65,0,20-08-19,21-08-19,No new cases reported,"Cases reported from Village Kankuppe, PHC/CHC Hebbur, Taluk Tumkur. District RRT investigated the outbreak. Active search for cases done. Cases consumed food in social ceremony and presented with symptoms of vomiting and loose motion. 02 food samples and 01 water samples collected and sent to DPHL Tumkur; result awaited. Cases treated symptomatically. ORS packets distributed in the affected area. Health education given regarding food hygiene and sanitation."
Kerala,Ernakulam,Dengue?,15,0,19-08-19,03-08-19,No new cases reported,"Cases reported from Village Korhamagalam, PHC THQH Kothamangalam, Block Varapetty. District RRT investigated the outbreak. House to house survey done. All cases treated symptomatically. Entomological survey done. Source reduction activity and fogging done in the affected area. Health education given."
Maharashtra,Chandrapur,Acute Diarrheal Disease,84,0,18-08-19,21-08-19,No new cases reported,"Cases reported from Village Barddkinhi, PHC Gangalwali, Block Bramhpuri. District RRT investigated the outbreak. House to house survey done. Stool samples collected were found negative for enteropathogens. Out of 12 water samples collected 7 samples were found non-potable. All cases treated symptomatically. Halogen tablets and ORS packets were distributed in the community. IEC done regarding safe drinking water and personal hygiene. 7 | P a g e"
Maharashtra,Kolhapur,Dengue,2,1,18-08-19,20-08-19,No new cases reported,"Cases reported from Vakare, SC Vakare, PHC Vadanage, Block Karveer. District RRT investigated the outbreak. House to house survey done. 2 serum samples collected were positive for Dengue (IgM ELISA). All cases treated symptomatically. Entomological survey done. Source reduction activity and fogging done in the affected area. Health education given."
Madhya Pradesh,Agar,Acute Diarrheal Disease,221,0,21-08-19,24-08-19,No new cases reported,Cases reported from Village Kundlakheda Agar Block Agar. District RRT investigated the outbreak. House to house survey done. All cases treated symptomatically. Halogen tablets and ORS packets were distributed in the community. IEC done regarding safe drinking water and personal hygiene.
Madhya Pradesh,Morena,Malaria?,15,0,22-08-19,24-08-19,No new cases reported,Cases reported from Village Noorpur PHC Sumabali CHC Joura. District RRT investigated the outbreak. Active search of cases done. Out of 15 blood smear were collected; result awaited. All cases treated locally. Source reduction activities undertaken. Awareness camp regarding prevention and control of vector borne disease were carried out in the affected areas.
Odisha,Dhenkanal,Cholera?,15,0,18-08-19,19-08-19,No new cases reported,"Cases reported from Ranja, SC Kankadapal, CHC Beltikiri, Block Sadar. District RRT investigated the outbreak. House to house survey done. 4 rectal swabs collected and sent to SRL; 1 sample was positive for cholera culture. 2 water samples tested were found to be non-potable. All cases treated symptomatically. Halogen tablets and ORS packets were distributed in the community. IEC done regarding safe drinking water and personal hygiene."
Odisha,Jajpur,Food Poisoning,20,0,19-08-19,20-08-19,No new cases reported,"Cases reported from Village Hatasahi, SC Karjanga, Block Rasupur. District RRT investigated the outbreak. Active search for cases done. Cases consumed food (mushroom) in social ceremony and presented with symptoms of vomiting and loose motion. Cases treated symptomatically. ORS packets distributed in the affected area. Health education given regarding food hygiene and sanitation. 8 | P a g e"
Odisha,Balasore,Acute Diarrheal Disease,8,0,18-08-19,19-08-19,No new cases reported,"Cases reported from Village Mahespur, SC Medinpur, Block Remuna. District RRT investigated the outbreak. House to house survey done. 2 rectal swabs were collected and were found negative for enteropathogens. Out of 3 water samples collected; 2 samples were found to be non-potable. All cases treated symptomatically. Halogen tablets and ORS packets were distributed in the community. IEC done regarding safe drinking water and personal hygiene."
Odisha,Balasore,Acute Diarrheal Disease,10,0,20-08-19,21-08-19,No new cases reported,"Cases reported from Village Mendhapada, SC Jagatipur, CHC/Block Ballapal. District RRT investigated the outbreak. House to house survey done. Out of 4 water samples collected; 2 samples were found to be non-potable. All cases treated symptomatically. Halogen tablets and ORS packets were distributed in the community. IEC done regarding safe drinking water and personal hygiene."
Punjab,Tarn Taran,Food Poisoning,3,3,21-08-19,23-08-19,No new cases reported,"Cases reported from Village Mari Nau Abad, SC Algo Kothi, CHC Sursingh. District RRT investigated the outbreak. Active search for cases done. Cases consumed food (poultry) and presented with symptoms of vomiting and loose motion. Cases treated symptomatically. Food sample collected sent to Punjab Food Testing Lab, Kharar Chandigarh; result awaited. ORS packets distributed in the affected area. Health education given regarding food hygiene and sanitation."
Punjab,Patiala,Hepatitis A & E,8,0,21-08-19,24-08-19,No new cases reported,"Cases reported from Village Ulana, Block Harpalpur. District RRT investigated the outbreak. House to house survey done. Out of 4 blood collected and sent to DPHL Patiala; 2 samples were positive for Hepatitis A & E; 1 sample was positive for Hepatitis E (IgM ELISA). Out of 5 water samples were collected and sent to SPHL, Kharar; 2 samples were nonpotable. Medical camp organized and cases treated symptomatically. ORS packets and chlorine tablets were distributed in the community. Health education given regarding personal hygiene, Hand hygiene practices and safe drinking water. 9 | P a g e"
Punjab,Fatehghar Saheb,Acute Diarrheal Disease,43,0,22-08-19,22-08-19,No new cases reported,"Cases reported from Ram Nagar, Mandi Gobindgarh. District RRT investigated the outbreak. House to house survey done. All 03 water collected and sent to SPHL Kharar; were non potable. 01 stool samples collected and sent to DPHL Fatehghar Saheb was negative for cholera culture. All cases treated symptomatically. Halogen tablets and ORS packets were distributed in the community. IEC done regarding safe drinking water and personal hygiene."
Telangana,Mahabubnagar,Dengue & Chikungunya,32,0,21-08-19,26-08-19,No new cases reported,"Cases reported from Village Gunded, SC Balanagar, PHC Mandal. District RRT investigated the outbreak. House to house survey done. Out of 7 serum samples collected; 1 sample was positive for Dengue (IgM ELISA); 1 sample was positive for Chikungunya (IgM ELISA) and 1 sample was positive for Dengue & Chikungunya (IgM ELISA) All cases treated symptomatically. Entomological survey done. Source reduction activity and fogging done in the affected area. Health education given."
Tamil Nadu,Salem,Food Poisoning,16,0,23-08-19,24-08-19,No new cases reported,"Cases reported from Village/SC Kanjanaickenpatty, PHC Semmandapatty. District RRT investigated the outbreak. Active search for cases done. Cases consumed food in a social ceremony and presented with symptoms of vomiting and loose motion. Cases treated symptomatically. Health education given regarding food hygiene and sanitation."
Uttarakhand,Rudraprayag,Dengue?,20,0,20-08-19,26-08-19,No new cases reported,"Cases reported from Village/SC Sumari, Block Jakholi. District RRT investigated the outbreak. House to house survey done. 05 serum samples collected and sent District Hospital Rudraprayag; result awaited. All cases treated symptomatically. Entomological survey done. Source reduction activity and fogging done in the affected area. Health education given. 10 | P a g e DISEASE OUTBREAKS OF PREVIOUS WEEKS REPORTED LATE Unique ID. Name of State/UT Name of District Disease/ Illness No. of Cases No. of Deaths Date of Start Outbreak Current Status Comments/ Action Taken"
Andhra Pradesh,Chittoor,Food Poisoning,36,0,12-08-19,,No new cases reported,"Cases reported from Village Burlapalli, PHC/Block Peddha Thippa Samudhram. District RRT investigated the outbreak. Active search for cases done. Cases consumed food in death ceremony (mushroom briyani) and presented with symptoms of vomiting and loose motion. Medical camp organized and cases treated symptomatically. Health education given regarding food hygiene and sanitation."
Bihar,Nalanda,Acute Diarrheal Disease,33,0,13-07-19,,No new cases reported,"Cases reported from Village Jagdishpur, SC Nirpur, PHC Silao. District RRT investigated the outbreak. House to house survey done. All cases treated symptomatically. Halogen tablets and ORS packets were distributed in the community. IEC done regarding safe drinking water and personal hygiene."
Bihar,Shekhpura,Acute Diarrheal Disease,18,0,13-08-19,,No new cases reported,"Cases reported from Village Farpar, HSC Deha, PHC Ariyari, Block Ariyar. District RRT investigated the outbreak. House to house survey done. All cases treated symptomatically. Halogen tablets and ORS packets were distributed in the community. IEC done regarding safe drinking water and personal hygiene."
Chhattisgarh,Janjgir,Acute Diarrheal Disease,39,0,13-08-19,,No new cases reported,"Cases reported from Villages Nawagarh, Naila, SC/PHC Naila. District RRT investigated the outbreak. House to house survey done. Stool sample collected and sent to SRL CIMS Bilaspur; result awaited. Temporary medical camps organized in the community. All cases treated symptomatically. Halogen tablets were distributed in the community. IEC done regarding safe drinking water and personal hygiene."
Jharkhand,East Singhbhum,Viral Hepatitis E,35,0,20-07-19,,Under Surveillance,"Cases reported from Madarsa Faizul Uloom-Dhatkidih, Block Jugsalai. District RRT investigated the outbreak. House to house survey done. Out of 07 blood samples collected and sent to RIMS Ranchi; 4 samples were positive for Hepatitis E (IgM ELISA). All cases treated symptomatically. Chlorination of water sources done. Health education given regarding personal hygiene, hand hygiene practices and safe drinking water. 11 | P a g e"
Maharashtra,Amravati,Japanese Encephalitis,6,0,13-08-19,,Under Surveillance,"Cases reported from Village Chincholi, PHC Nimboli, Block Dhamangaon Railway. District RRT investigated the outbreak. House to house survey done. Out of 06 blood samples were sent to MGIMS Sewagram Wardha: 04 sample was found positive for JE (IgM ELISA). All cases treated symptomatically. Entomological survey done. Source reduction activity and fogging done in the affected area. Health education given."
Maharashtra,Chandrapur,Malaria,83,0,12-08-19,,No new cases reported,"Cases reported from Villages Kakban, Nanak Pathar,PHC/Taluk Jiwati. District RRT investigated the outbreak. Active search of cases done. Out of 66 blood smear were collected; 7 smears were positive for Malaria (6 were positive for Pf; 1 was positive for Pv). All cases treated locally. Entomological survey done. Source reduction activities undertaken. Awareness camp regarding prevention and control of vector borne disease were carried out in the affected areas."
Maharashtra,Satara,Dengue,15,0,10-08-19,,No new cases reported,"Cases reported from Village Deur, SC Perle, PHC Palashi, Block Koregaon. District RRT investigated the outbreak. House to house survey done. Out of 15 serum samples collected; 9 samples were positive for Dengue (IgM ELISA). All cases treated symptomatically. Entomological survey done. Source reduction activity and fogging done in the affected area. Health education given."
Rajasthan,Bhilwara,Food Poisoning,42,0,13-08-19,,No new cases reported,"Cases reported from Village Jhaberkiya, PHC Lakhola, Block Gangapur. District RRT investigated the outbreak. Active search for cases done. Cases consumed food in a social ceremony and presented with symptoms of vomiting and loose motion. Cases treated symptomatically. 3 food sample collected sent to FSS Lab Ajmer; result awaited. ORS packets distributed in the affected area. Health education given regarding food hygiene and sanitation."
West Bengal,Purba Medinipur,Dengue,428,0,12-08-19,,Under Surveillance,"Cases reported from Village Kashthakhali, SC Barsundra, GP Baruttarhingly, Block Haldia. District RRT investigated the outbreak. House to house survey done. Out of 22 blood samples collected, 04 samples were positive for Dengue (IgM ELISA). All cases treated symptomatically. Entomological survey done (HI - 11.9%, BI - 33.33, CI - 10%, PI-4). Source reduction activity and fogging done in the affected area. Health education given. 12 | P a g e FOLLOW UP OF DISEASE OUTBREAKS PREVIOUS WEEKS Unique ID. Name of State/UT Name of District Disease/ Illness No. of Cases No. of Deaths Date of Start Outbreak Current Status Comments/ Action Taken"
Himachal Pradesh,Mandi,Acute Diarrheal Disease,87,0,12-08-19,,Under Surveillance,"A total of 59 cases reported in 33rd week (ending 18th August) from several villages Bagsaid, Ch.Gohar, Naun Chhawad, Kufri, Sah, Chagan, Dhagwahan, Bhagwanpur Satkahan, Nawangawn, Naun Grwin, Mandoglu, Chachiot & Karnala. District Further 28 cases were reported District RRT investigated the outbreak. House to house survey done. Out of 3 water samples collected; 2water samples were non-potable. All cases treated symptomatically. Halogen tablets and ORS packets were distributed in the community. IEC done regarding safe drinking water and personal hygiene."
West Bengal,Murshidabad,Dengue,480,0,16-08-19,,Under Surveillance,"A total of 17 cases were reported in 33rd week (ending 18th August) from Village/SC Bundainagar, GP Raipur, Nowda, Sansad-13. District RRT investigated the outbreak. House to house survey done. 118 blood samples collected and sent to MSDMCH, 11 samples were positive for Dengue (IgM ELISA). All cases treated symptomatically. Entomological survey done. Source reduction activity and fogging done in the affected area. Health education given."
Assam,Darrang (Mangaldoi),Acute Diarrheal Disease,7,0,28-08-19,28-08-19,Under Control,"Cases reported from Village/SC 4 no. Nanglichar, BPHC Jalajli. District RRT investigated the outbreak. Cases presented with loose stools, pain abdomen and fever; cases were distributed across all age groups, both men and women were affected. The cases belonged to families with poor socio-economic condition. The source of drinking water was identified as tube well. A total of 3 rectal swab samples collected and tested at DPHL, Darang. E. coli growth was seen after 24-48hrs of incubation. A total of 2 water samples collected for H2S were positive and MPN were suspicious. All cases were treated symptomatically. Active case search done. Health education given with reference to safe drinking water, sanitation and hygiene."
Gujarat,Amreli,Food Poisoning,59,0,30-08-19,31-08-19,Under Control,"Cases reported from Town/UHC/Taluka Savar Kundala. District RRT investigated the outbreak. Cases gave history of consuming food sold by hawker in the area. Few hours following consumption developed loose stools and vomiting. A total of 02 stool samples collected and tested at DPHL, Amreli were negative for enteropathogens. All cases were treated symptomatically. Active case search done in the affected area. ORS and chlorine tablets were distributed to households. Health education given on safe drinking water, safe food, hygienic practices and sanitation measurers."
Himachal Pradesh,Mandi,Acute Diarrheal Disease,42,0,27-08-19,27-08-19,Under Surveillance,"Cases reported from Village Badhu, CHC Nihari, Block Karsog. District RRT investigated the outbreak. A total of 02 water samples collected and tested at IPH lab Mandi, reported potable All cases were treated symptomatically. ORS & Zinc and anti-diarrheal medication distributed in affected villages. Health education given. 4 | P a g e"
Karnataka,Chikkaballapur,Acute Diarrheal Disease,8,0,26-08-19,26-08-19,Under Surveillance,"Cases reported from Village Chikkapanahalli, PHC Kencharlahalli, Taluk Sidlaghatta. Distirct RRT A total of 02 stool samples were collected and sent to Bangalore Medical College and Researcb Institute and 01 water sample collected and sent to PHI, result awaited. It was suspected to be due to contamination of drinking water due to leakage in pipeline. All cases treated symptomatically. Survey was done and ORS was given to affected cases. Health education given."
Karnataka,Chikkaballapur,Fever,14,0,26-08-19,30-08-19,Under Surveillance,"Cases reported from Shettikere, PHC Thimmasandra, Taluk Sidlaghatta. District RRT investigated the outbreak. A total of 02 serum samples were collected and sent to DPHL Lab. 02 water samples were collected and tested by H2S media, result awaited. All cases were treated symptomatically. No larva was found indoor or outdoor. Health education given."
Karnataka,Kalaburagi,Chikungunya,28,0,26-09-18,27-09-19,Under Control,"Cases reported from Village/PHC/CHC Diggaon, Taluk Chittapur. District RRT investigated the outbreak. Index case gave history of travel to Kalaburgi where many sporadic cases were reported. Breeding of larvae was found in both indoor as well as outdoor containers. A total of 08 blood samples were collected and tested at DPHL, Kalburgi; 05 samples were positive for Chikungunya by IgM ELISA. All cases were treated symptomatically. Fever survey conducted in the area. House to house larval survey conducted and source reduction activities done. Fogging done. Blood samples and smears were collected. Health education given."
Karnataka,Kalaburagi,Diphtheria,97,0,30-08-19,30-08-19,Under Surveillance,"Cases reported from GIMS Girls Hostel, Taluk Kalaburagi. District RRT investigated the outbreak. Active search of cases done. Out of 95 throat swabs were collected and tested at Bangalore Medical College and Researcb Institute (23 swabs); 21 samples were culture positive for C.diphtherie. Affected cases were in the age group of 19-22 yrs. Anti-Diphtheria Serum stocks were available, TD vaccination done. All cases were treated symptimatically. Health education given. 5 | P a g e"
Karnataka,Kolar,Chickenpox,15,0,26-08-19,31-08-19,Under Control,"Cases reported from Village Belamaranahalli, PHC/CHC Narasapura, Taluk Kolar. District RRT investigated the outbreak. House to house fever survey done. All 2 blood samples collected and tested at MMC, Mysore were positive for chickenpox (IgM ELISA). All cases treated symptomatically. Health education given."
Karnataka,Ramanagara,Acute Diarrheal Diseases,87,0,26-08-19,27-08-19,Under Control,"Cases reported from Village Ramasagara, PHC/CHC Harohalli, Taluk Kanakapur. District RRT investigated the outbreak. All cases presented with abdominal pain, vomiting and vertigo after consumption of food from a common source (office canteen). A single water sample was collected and sent to PHI Bangalore, result awaited. No remains of food were available for sampling. All cases were treated symptomatically. Health education given."
Kerala,Ernakulum,Food Poisoning,130,0,30-08-19,03-09-19,Under Surveillance,"Cases reported from Village Kolenchery, PHC Pattimatton, Block Vadavukode. District RRT investigated the outbreak. Cases presented with fever, vomiting, pain abdomen and vomiting. Cases belonged to the age group 17 to 20 years. Cases were mostly medical students and consumed food prepared in canteen. A total of 02 stool samples were collected and sent to Microbiology lab MOSC Medical College, Kolenchery for culture test result awaited. Water sample collected from tap and sent to RPH lab Ernakulum for bacteriological analysis, result awaited. Health education given."
Maharashtra,Ahmednagar,Dengue,40,0,26-08-19,29-08-19,Under Control,"Cases reported from Nagardevale, PHC Devgaon, Block Nagar. District RRT investigated the outbreak. A total of 11 blood smears collected and all were found negative for Plasmodium vivax and falciparum and 15 serum samples were collected and tested at sentinel centre, Civil hospital, Ahmednagar 06 samples were found positive for Dengue by IgM ELISA. All cases were treated symptomatically. Entomological survey done. Fever survey done. Fogging done. Health education given. 6 | P a g e"
Maharashtra,Kolhapur,Dengue,5,1,25-08-19,31-08-19,Under Control,"Cases reported from Ichalkaranji, Block Hatkanagle, District RRT investigated the outbreak. The affected area is an industrial area with high migrated population, 04-05 containers found positive. Entomological survey revealed HI- 15.90%, CI-8.19% and BI 22.72%. A total of 04 blood samples collected and sent to Sentinel Surveillance Hospital, CPRH and all were found negative for Dengue. The deceased was positive for Dengue, tested in a private lab. All cases were treated symptomatically. Fogging done. Environmental interventions for mosquito control undertaken. Health education given."
Maharashtra,Kolhapur,Malaria,3,0,29-08-19,31-08-19,Under Control,"Cases reported from Majarewadi, SC Herwad, PHC A Lat, Block Shirol. District RRT investigated the outbreak. The area is a flood prone area, it was noted that the affected patient had migrated from Mumbai 02 weeks ago. A total of 05 blood smear samples collected and tested at PHC and confirmed at DMO office, 3 were positive for P Vivax Malaria. Entomological survey revealed HI- 9.30%, CI- 5.26% and BI- 11.62%. All cases were treated symptomatically. Container survey and anti larval activity done. Environmental interventions for mosquito control undertaken. Fogging done. Health education given."
Maharashtra,Nagpur,Dengue,23,1,28-08-19,31-08-19,Under Control,Cases reported from Yadav Nagar Kampthi. District RRT investigated the outbreak. 5 blood samples collected and were positive for Dengue by NS1. All cases were treated symptomatically. Health education given. 7 | P a g e
Maharashtra,Wardha,Japanese Encephalitis,1,1,23-08-19,30-08-19,Under Control,"Cases reported from Sindhi (Meghe) Dharka Nagar Ward no 03, PHC Waifad, Taluk Wardha. District RRT investigated. Case presented with complaints of moderate to high grade fever with chills & rigor followed by irrelevant talk with episodes of convulsions. Serum sample and CSF samples were collected and tested at MGIMS, Sevagram and serum sample was found positive for Japanese Encephalitis by IgM ELISA, CSF sample found negative for Japanese Encephalitis. A total of 07 serum samples of the contacts, were tested for Japanese encephalitis and Dengue and all were negative. Sanitation around patients house was poor. Entomological survey done. Fogging done and advised to monitor the sanitation regularly. Health education given."
Meghalaya,East Khasi Hills,Food Poisoning,13,0,31-08-19,02-09-19,Under Surveillance,"Cases reported from Village Pongkumg, SC Sawsymper, CHC/Block Mawsynram. District RRT investigated the outbreak. Cases presented with loose stools, vomiting and abdominal pain, cases were distributed across all age groups both men and women were affected. The probable source of infection was consumption of food in a gathering held in the village. A total of 04 stool samples were collected and sent to NEIGRIHMS, result awaited. All cases were treated symptomatically. Active case search done. Health education given."
Odisha,Mayurbhanj,Cholera,13,0,24-08-19,27-08-19,Under Control,"Cases reported from Village Baghiatangar, SC/CHC Bijatala. District RRT investigated the outbreak. The probable source of infection was contaminated drinking water. A total of 04 rectal swabs and 03 water samples were collected for bacteriological investigation; tested at DPHL, Mayurbhanj; 02 rectal swabs were found positive for Vibrio cholera and 01 water sample was found not potable. All cases were treated symptomatically. Health education given. Halozone distributed. 8 | P a g e"
Odisha,Mayurbhanj,Cholera,16,0,25-08-19,29-08-19,Under Control,"Cases reported from Village Badakaima, SC Tikarpada, CHC Dukura. District RRT investigated the outbreak. The probable source of infection was contaminated drinking water. A total of 05 rectal swabs and 03 water samples were collected and tested at DPHL, Mayurbhanj for bacteriological investigation; 04 rectal swabs were found positive for Vibrio cholera(Ogawa) and 03 water samples found not potable. All cases were treated symptomatically. The consumption of water from the open well has been banned and alternate source of drinking water arranged. Health education given."
Odisha,Puri,Hepatitis A,7,0,26-08-19,28-08-19,Under Control,"Cases reported from Village Sanapatana, GP Arakhakuda, SC Panaspada, CHC Chilika Nuapada. District RRT investigated the outbreak. The probable source of infection was contamination of tube well water. A total of 04 water and 09 serum samples were collected and tested at DPHL, Puri. The water samples were not potable and all 09 serum samples were found positive for Hepatitis A by Ig M ELISA. All cases were treated symptomatically. Health education given hand washing, personal hygiene and use of chlorinated water."
Punjab,Hoshiarpur,Cholera,72,0,28-08-19,28-08-19,Under Surveillance,Cases reported from Ravidass Colony & Vijay Nagar. District RRT investigated the outbreak. Pipeline leakages were observed. Out of 16 stool sample collected 7 samples were positive for Cholera (Ogawa). Out of 10 water samples collected and tested at SPHL Kharar; 7 samples were nonpotable. All cases treated symptomatically. Health education given. 9 | P a g e
Punjab,Sasnagar,Mumps,30,0,28-08-19,28-08-19,Under Surveillance,"Cases reported from Govt Primary School Daun. District RRT investigated the outbreak. The index case is a 8 year old female and then other school children developed symptoms of fever, swelling in the parotid region and throat pain. Out of 22 blood samples were collected and tested at DPHl, SAS Nagar; 19 samples were positive for Mumps by Ig M ELISA. All cases were treated symptomatically. Health education given. Age group Male Female Total 0-10yrs 9 17 26 11-20 yrs 3 1 4 Total 12 18 30"
Tamil Nadu,Tiruchirapalli,Diphtheria,3,0,29-08-19,30-08-19,Under Surveillance,"Cases reported from Village Arabikulatheru, HSC Ward-13, PHC Theppakulam, Block Trichy Corporation. District RRT investigated the outbreak. Cases presented with complaints of fever, cold and cough, cases belonged to age group 10-14 years. A total of 03 throat swab samples were collected and tested at KAPV Medical College; 02 samples were positive for Corynebacterium diphtheria. All cases were treated symptomatically. Containment immunization for all school in the respective area. Children were immunized with DPT and Td. Health education given."
Tamil Nadu,Virudhunagar- Sivakasi,Dengue,14,0,30-08-19,02-09-19,Under Surveillance,"Cases reported from Village Sevalor, HSC Pudukottai, PHC M. Pudupatti, Block Sivakasi. Cases presented with fever, headache, cough and body ache. Cases belonged to age group 0-14 years both boys and girls were affected. A total of 06 blood serum samples were collected; 01 found Typhoid positive, 01 - Dengue and Typhoid positive and 01 Dengue positive. All cases were treated symptomatically. House to house fever survey done. Source reduction activities, mosquito and larva control measures undertaken. Health education given. 10 | P a g e"
Tamil Nadu,Virudhunagar- Sivakasi,Typhoid,68,0,29-08-19,02-09-19,Under Surveillance,"Cases reported from Village/HSC Vijayakarisalkulam, PHC Thayilpatti, Block Vembakottai. District RRT investigated the outbreak. Cases presented with fever, headache, cough and cold. Cases belonged to age group 1-14 years, both boys and girls were affected. A total of 08 serum samples were collected and tested at DPHL Virudhunagar; 03 samples were positive for typhoid and 01 positive for typhoid and leptospirosis. Pipeline leakages were observed at 5 points which could be the probable source of infection. All cases were treated symptomatically. Medical camp conducted at school and village. House to house survey conducted. Mosquito and larva control measures undertaken. Water chlorination done. Health education given."
Telangana,Adilabad,Acute Diarrheal Disease,51,0,29-08-19,03-09-19,Under Control,"Cases reported from Mahatma Jyothibhapule Girls School (Hostel), Village Anukunta , Mdl, Adilabad Rural. Medical camp was conducted in the area. All cases were treated symptomatically. Health education given."
Tripura,Gomati,Acute Diarrheal Disease,22,0,25-08-19,25-08-19,Under Control,"Cases reported from Dudpushkuni, Kakraban, Udaipur. District RRT investigated the Outbreak. Cases presented with vomiting, pain abdomen, loose stools and fever. The probable source of infection was consumption of food prepared for a religious occasion, only those who consumed the food the next day developed symptoms. Lab samples not found. All cases were treated symptomatically. Health education given."
West Bengal,West Midnapur,Acute Diarrheal Disease,47,0,01-09-19,02-09-19,Under Surveillance,"Cases reported from Village Nakorbag, Tatarpur, Ramkriahsnapur, SC GP-2 (Jara), Chandrakona-I Paschim Medinipur. District RRT investigated the outbreak. Source of infection identified as contaminated pond water. A total of 03 stool samples collected and tested at MMCH. 03 water samples collected and tested at PHE Lab at Midnapore, results awaited. All cases were treated symptomatically. Local people were instructed not to use pond water for drinking purpose. Health education given. 11 | P a g e DISEASE OUTBREAKS OF PREVIOUS WEEKS REPORTED LATE Unique ID. Name of State/UT Name of District Disease/ Illness No. of Cases No. of Deaths Date of Start Outbreak Current Status Comments/ Action Taken"
Assam,Cachar,Fever,12,0,20-08-19,,Under Control,"Cases reported from Village Old Bagbahar, SC Borjelenga, BPHC Dholai. District RRT investigated the outbreak. Blood sample collected for PSMP were negative for Malaria parasite. All cases were treated symptomatically. Fever surveillance conducted in the area. Heath education given."
Assam,Cachar,Fever,11,0,20-08-19,,Under Control,"Cases reported from Village Clubtilla, SC Borjelenga, BPHC Dholai. District RRT investigated the outbreak. Rapid Diagnostic Kit used at field level in 6 cases and found negative for Malaria. Blood sample collected for PSMP from 11 cases and all were negative. All cases were treated symptomatically. Fever surveillance conducted in the area. Health education given."
Assam,Cachar,Fever,15,0,18-08-19,,Under Control,"Cases reported from Village Kamranga pt I, SC Kamranga II, BPHC Harinagar. District RRT investigated the outbreak. Rapid Diagnostic Kit used at field level for detection of Malaria in all 15 cases and found negative. Blood sample was collected from all 15 cases for PSMP and found negative. All cases treated symptomatically. Fever surveillance conducted. Health education given."
Assam,Sonitpur (Tezpur),Fever,164,0,12-08-19,,Under Control,"Cases reported from Village N. Jamuguri Bordikorai HWC Khokonbasti, Agarguri and Bordikorai. Block HIRU. District RRT investigated the outbreak. Cases presented with fever, cases were distributed across all age group and both men and women were affected. Case specific investigation done. Blood sample collected from all cases for PSMP and found negative. All cases were treated symptomatically. Health education given with reference to Vector Borne Diseases."
Assam,Sonitpur (Tezpur),Dengue,8,0,12-07-19,,Under Control,"Cases reported from Villages Bihaguri, Niraiati, Borbil, Bahumari and Bargaon. District RRT investigated the outbreak. Cases belonged to age group 6-60 years, of the 08 cases one gave history of travel to Bangalore. Serum samples of all cases collected and found positive for Dengue by Ig M ELISA. All cases treated symptomatically. Mass blood slide was collected from the affected area. Fogging done in the affected area. Health education given. 12 | P a g e"
Assam,Sonitpur (Tezpur),Suspected Enteric Fever,195,0,10-08-19,,Under Control,"Cases reported from Village Gohpur Lohitmukh, various SHC’s under Block HIRU. District RRT investigated the outbreak. Cases presented with fever and poor appetite, few cases also complained of headache and pain abdomen. Cases were distributed across all age groups. Blood sample was collected from all cases and found positive for WIDAL. Of the 195 cases 05 blood samples were collected and sent to DPHL, IDSP, Darrang for confirmation of typhoid and found negative. A total of 05 water samples collected sent to Microbiology Dept. TMCH for MPN test and found unsatisfactory for drinking. Blood culture showed no significant growth. All cases were treated symptomatically. Health education given on water borne diseases, hand washing and personal hygiene."
Bihar,Muzaffarpur,Dengue,10,0,22-07-19,,Under Surveillance,"Cases reported from various PHC’s. District RRT investigated the outbreak. Cases presented with fever, headache, vomiting, severe joint pain and rash. Samples collected and sent to SKMCH Muzaffarpur & PMCH, Patna and found positive for Dengue by IgM ELISA. All cases were treated symptomatically. Active case search done in the affected area for new fever cases. Fogging and anti-larval spraying done in the affected area. Health education given on personal hygiene and sanitation."
Bihar,Siwan,Acute Diarrheal Disease,9,3,23-08-19,,Under Surveillance,"Cases reported from Village Tarwar Khariya Tola, SC Mora, Panchayat Mora, PHC Bhagwanpur Hat. District RRT investigated the outbreak. Cases presented with diarrhea. The deceased were 10y/M, 8y/F and 18y/F. All cases were treated symptomatically. Health education given regarding prevention and control of diarrhoeal diseases."
Gujarat,Amreli,Food Poisoning,59,0,30-08-19,,Under Control,"Cases reported from Town/UHC/Taluka Savar Kundala. District RRT investigated the outbreak. Cases gave history of consuming food sold by hawker in the area. Few hours following consumption developed loose stools and vomiting. A total of 02 stool samples were collected and tested at DPHL, Amreli, were negative for enteropathogens. All cases were treated symptomatically. Active case search done in the affected area. ORS and chlorine tablets were distributed to households. Health education given on safe drinking water, safe food, hygienic practices and sanitation measurers. 13 | P a g e"
Karnataka,Belagavi,Dengue,14,0,12-08-19,,Under Control,"Cases reported from Village/PHC/CHC Kudachi, Taluk Raybag. District RRT investigated the outbreak. A total of 02 serum samples collected and were positive for Dengue by IgM ELISA. All cases were treated symptomatically. Fever and larva survey conducted in the area, larval breeding present in the area. Indoor fogging done. Health education given on use personal protective measures against mosquito bite."
Karnataka,Haveri,Dengue,63,0,08-07-19,,Under Control,"Cases reported from Belavagi, Negalur, Taluk Haveri. District RRT investigated the outbreak. A total of 04 blood samples collected and tested at DPHL, Haveri were positive for Dengue by Ig M ELISA. It was observed the village had - poor sanitary conditions, potential mosquito breeding sites and water was being stored in containers. Fever survey and larva survey done. Fogging done in the affected area. All cases were treated symptomatically. Health education given."
Karnataka,Haveri,Dengue,63,0,08-07-19,,Under Control,"Cases reported from Belavagi, Negalur, Taluk Haveri. District RRT investigated the outbreak. A total of 04 blood samples collected and tested at DPHL, Haveri were positive for Dengue by Ig M ELISA. It was observed the village had - poor sanitary conditions, potential mosquito breeding sites and water being stored in containers. Fever survey and larva survey conducted. Fogging done in the affected area. All cases were treated symptomatically. Health education given."
Karnataka,Haveri,Acute Diarrheal Disease,54,0,15-07-19,,Under Control,"Cases reported from Village Bankapur, PHC Bankapur, Taluk Shiggaon. District RRT investigated the outbreak. A possible source of infection was contaminated water, as water is stored in open well. A single stool sample and 04 water samples were collected and tested at DPHL, Haveri were negative for enteropathogens. All cases were treated symptomatically. Chlorination of drinking water source was advised. Health education given."
Karnataka,Tumkur,Suspected Dengue,21,1,17-08-19,,Under Control,"Cases reported from Village Junjuramanahalli, PHC/CHC Kallambella Kadavigere, Taluk Sira. District RRT investigated the outbreak. A total of 02 serum samples were collected and tested at DPHL, Tumkur were negative for Dengur and Chikungunya. The result of the death case was positive for NS1 antigen. Entomological survey done. Source reduction activity and fogging done. All cases were treated symptomatically. Health education given. 14 | P a g e"
Karnataka,Tumkur,Chickenpox,16,0,23-08-19,,Under Control,"Cases reported from Village Bevinahalli Gollaratti, PHC/CHC Kuppur, Taluk C N Halli. District RRT investigated the outbreak. A total of 02 blood samples collected and sent to Bangalore Medical College, result awaited. Close contacts among school children in Anganwadi centre have been observed. All cases were treated symptomatically. Fever survey done in the area. Health education given."
Kerala,Malappuram,Hepatitis A,23,0,03-08-19,,Under Control,"Cases reported from Village Anakkayam, HSC Pappinippara. PHC Anakkayam, Block Pokkottur. District RRT investigated the outbreak. Cases gave history of attending a marriage function. Source of infection probably was welcome drink and dairy products. A total of 06 blood samples were collected and tested at MCH Manjeri were positive for Hepatitis A virus by IgM ELISA. All cases were treated symptomatically. Health education given."
Kerala,Thrissur,Hepatitis A,28,0,17-08-19,,Under Surveillance,"Cases reported from Village Thrissur Corporation, HSC Pullazhy, PHC Ayyanthole, Block Tholur. District RRT investigated the outbreak. All cases gave history of consumption of food from a single food stall. A total of 10 samples were collected and tested at DMO lab; 03 samples were positive. No septic tank or proper latrine is present in the food stall. Open defecation is practiced. All cases were treated symptomatically. Health education given."
Maharashtra,Ahmednagar,Dengue,32,0,20-08-19,,Under Control,"Cases reported from Pargaon Sudrik (Gavthan), PHC Loni Venkanath, Block Shrigonda. District RRT investigated the outbreak. A total of 23 blood samples were collected and tested at sentinel center, Civil hospital, Ahmednagar, were negative for Plasmodium vivax and falciparum. A total of 06 serum samples were collected and 03 were positive for Dengue by IgM ELISA. All cases were treated symptomatically. Entomological survey revealed of the 652 containers examined 35 were positive for larva, of these in 18 containers Abet was poured and the remaining 17 were emptied. Fever survey done. Fogging done. Health education given."
Maharashtra,Palaghar,Dengue,143,0,11-08-19,,Under Control,"Cases reported from Village Kundachapada, SC Bhovadi, PHC Ase, Block Mokhada. District RRT investigated the outbreak. Case was suffering from Acute Encephalitis Syndrome, bodyache and generalized weakness. A total of 22 samples were collected and 10 were positive for Dengue by IgM ELISA. All cases were treated symptomatically. Rapid house to house survey and container survey done. Fogging done. Health education given. 15 | P a g e"
Maharashtra,Wardha,Acute Encephalitis Syndrome,9,1,16-08-19,,Under Control,"Cases reported from Railway Colony Wagholi, PHC Allipur, Block Hinganghat. District RRT investigated the outbreak. Case presented with moderated to high grade fever with chills and rigor, followed by irrelevant talking and altered sensorium, eventually succumbed. The sibling of the case presented with fever and convulsions, is stable. A check for absenteeism was done at school and it was found that 13 students were absent, a total of 04 samples were collected from school. Serum sample and CSF samples were collected and tested at MGIMS, Sevagram. CSF samples were negative for Japanese Encephalitis. Serum sample was found positive for Japanese Encephalitis by IgM ELISA. All cases were treated symptomatically. It was observed the railways quarter is surrounded by bushes and shrubs, tanks in all residence were positive for larval breeding and sanitation was very poor. Rapid fever survey conducted in the area. Station master advised to keep the area around quarters clean. Health education given."
Odisha,Puri,Hepatits A,21,0,18-08-19,,Under Control,"Cases reported from Village Nijigadakhuriki, Sector Panidola, SC Bahilipada, CHC Mangalpur. District RRT investigated the outbreak. The probable source of infection was contaminated water. A total of 04 tube well water samples and 05 serum samples were collected and tested at DPHL, Puri and water samples were not potable and 02 serum samples were positive for Hepatitis A by IgM ELISA. All cases were treated symptomatically. House to house survey conducted. Health education given hand washing, personal hygiene and use of chlorinated water."
Sikkim,East Sikkim,Fever,17,0,23-08-19,,Under Control,"Cases reported from Under Samdong, PHC SAP Camp Pangthang East Sikkim. District RRT investigated the outbreak. Cases presented with high fever, joint pain, nausea followed by dysentery. A total of 145 trainees were screened by a medical team and 43 were diagnosed as viral fever and 03 as Acute Gastroenteritis. A total of 07 nasopharyngeal swab samples were collected and tested at NICED Kolkata and 02 samples tested positive for Influenza A(H3N2), 01 sample found positive for Influenza B the remaining 04 samples were negative. A total of 02 water samples were collected one each from main line and dining hall and tested at MS STNM, Hospital (DPHL), the sample from main line was found unsatisfactory for drinking and one from dining hall (aqua guard) was satisfactory for drinking. All cases were treated symptomatically. Health education given. 16 | P a g e"
Telangana,Mahaboobnagar,Dengue,32,0,21-08-19,,Under Surveillance,"Cases reported from, Village Mandal SC Gunded, PHC Balanagar. District RRT investigated the outbreak. Cases presented with high fever, body ache, joint pain, joint swelling and malaise. A total of 32 blood smears collected and found negative for malarial parasite, 07 blood samples were collected of which 01 positive for Chikungunya, by IgM ELISA, 01 positive for Dengue by IgM ELISA and 01 positive for both Dengue and Chikungunya by IgM ELISA. All cases were treated symptomatically. Mosquito and larva control measures undertaken. Health education given."
Uttar Pradesh,Barabanki,Fever,40,0,22-08-19,,Under Control,"Cases reported from Village Bhitri, Post Talwarpur, CHC/Block Trivediganj. District RRT investigated the outbreak. All cases were treated symptomatically. Unhygienic environment and water logging was observed. Health education given."
Uttar Pradesh,Gonda,Acute Diarrheal Disease,17,0,20-08-19,,Under Control,"Cases reported from Gusyana, Baryarpurwa, Jhanjhari. District RRT investigated the outbreak. Cases presented with loose stools, vomiting and abdominal pain, cases belonged to all age groups, both men and women were affected. All cases were treated symptomatically. Water logging near hand pump was observed. Health education given."
Uttar Pradesh,Sitapur,Malaria,344,0,29-07-19,,Under Surveillance,"Cases reported from a total of 24 villages under CHC Gondlamau, Block Gondlamau. District RRT investigated the outbreak. Rapid Diagnostic kits were used for investigation and found Plasmodium vivax positive. All cases were treated symptomatically. Potential breeding sites were identified in the affected areas. Health education given. 17 | P a g e FOLLOW UP OF DISEASE OUTBREAKS PREVIOUS WEEKS Unique ID. Name of State/UT Name of District Disease/ Illness No. of Cases No. of Deaths Date of Start Outbreak Current Status Comments/ Action Taken West Bengal (Follow up of 34th week outbreak 1079) Purba Medinipur Dengue 464 00 12-08-19 12-08-19 Under Surveillance Cases reported from Village Kashthakhali, SC Barsundra, GP Baruttarhingly, Block Haldia. District RRT investigated the outbreak. A clustering of cases was observed. No history of migration noted among cases. A total of 139 samples for Dengue NS1 and 22 for Dengue MAC ELISA was collected and 25 were positive for NS1 and 4 MAC ELISA IgM. All cases were treated symptomatically. Fever camp conducted in the affected area. Entomological survey done and revealed HI 11.9%, BI 33.33%, CI 10%, PI 4 at Kastakhali on 20.08.19 and HI 9.8%, BI 17.64%, CI 6.52% at Kastakhali on 26.08.19. Potential breeding sites identified. Source reduction activities undertaken. Health education given."
Assam,Marigaon,Acute Diarrheal Disease,16,0,30-08-19,06-09-19,Under Control,"Cases reported from Village/SC Goriabori, PHC Laharighat. District RRT investigated the outbreak. House to house survey done. 1 stool sample and 2 rectal swabs collected; showed growth of normal commensal. Out of 3 water samples collected; 2 samples were non potable. All cases treated symptomatically. Halogen tablets and ORS packets were distributed in the community. IEC done regarding safe drinking water and personal hygiene."
Assam,Tinsukia,Cholera,5,0,02-09-19,02-09-19,Under Control,"Cases reported from Village Tingrai Bangali Gaon, HWC Hebeda, BPHC Hapjan. District RRT investigated the outbreak. House to house survey done. 1 stool sample collected and sent to AMCH; was positive for cholera (Ogawa) by culture. 2 water samples collected; result awaited. ORS packets and halogen tablets distributed in the affected area. PHE provided safe drinking water at the community level. All cases treated symptomatically. Health education given regarding personal hygiene and sanitation."
Chhattisgarh,Dantewada,Japanese Encephalitis,4,0,31-08-19,04-09-19,Under Control,"Cases reported from Village Midkudnar, Siyanaar (School-para), Block Dantewada, and Block Geedam. District RRT investigated the outbreak. Active search of cases done. Pig rearing was practiced in the community. Blood samples were collected and sent to GMC, Jadalpur were positive for JE (IgM ELISA). Entomological survey done. All cases treated symptomatically. IEC regarding use of LLIN and personal protection measures were emphasized in the community settings."
Jammu And Kashmir,Udhampur,Acute Diarrheal Disease,37,0,01-09-19,12-09-19,Under Control,"Cases reported from Village Sethi, SC Matlo, PHC Gharrian, Block Chenani. District RRT investigated the outbreak. House to house survey done. 1 water samples collected and sent to GMC, Jammu; result awaited. All cases treated symptomatically. Health education given. 4 | P a g e"
Jharkhand,West Singhbhum,Malaria,74,0,03-09-19,05-09-19,Under Control,"Cases reported from Village Talsarjom Jono, SC Lodhdal, CHC Sonua West Singhbhum. District RRT investigated the outbreak. Active search of cases done. Out of 74 blood smear were collected; 18 smears were positive for Malaria (Pf). All cases treated locally. Source reduction activities undertaken. Awareness camp regarding prevention and control of vector borne disease were carried out in the affected areas."
Jharkhand,West Singhbhum,Mumps,12,0,05-09-19,07-09-19,Under Control,"Cases reported from Village Beratulunda, Tola Manjhi, HSC Dumirta, Block Manoharpur. District RRT investigated the outbreak. All the cases were children less than 12yrs of age group. All cases treated symptomatically. Health education given regarding isolation of cases."
Karnataka,Kalaburagi,Malaria,25,0,06-09-19,07-09-19,Under Control,"Cases reported from Village Lakshmipur Wadi, PHC/CHC Ravoor, Taluk Chittapur. District RRT investigated the outbreak. House to house fever survey done. Out of 25 blood smears samples collected; 08 samples were positive for Malaria (Pf). All cases treated. Health education given."
Maharashtra,Palaghar,Leptospirosis ?,9,2,29-08-19,03-09-19,Under Control,"Cases reported from Village Chandali Pada, SC Shrigaon, PHC Satpati, Block Palghar; Village Patilpada, SC Dehane, PHC Chandranagar, Block Dahanu. District RRT investigated the outbreak. 06 serum samples collected and sent to J.J Hospital; result awaited. Two death occurred in 33yr and 40yr old male. All cases treated. Health education given."
Madhya Pradesh,Ashok Nagar,Acute Diarrheal Disease,19,0,04-09-19,06-09-19,Under Control,"Cases reported from Village Shankarpur, SC Jamdera, Block Esagarh. District RRT investigated the outbreak. House to house survey done. Stool sample collected and sent to GMC, Gwalior;result awaited. Water sample collected and sent to PHE Dept; result awaited. All cases treated symptomatically. Medical camps were organized. Halogen tablets were distributed in the community. IEC done regarding safe drinking water and personal hygiene. 5 | P a g e"
Odisha,Bolangir,Food Poisoning,24,0,02-09-19,05-09-19,Under Control,"Cases reported from Village Harijanpada (Jamjharan), SC Uperjhar, PHC Arjunpur, Block Deogaon. District RRT investigated the outbreak. Active search of cases done. All the cases consumed food from a common source (Ganesh Puja Prasad) and presented with symptoms of loose motion and vomiting. 02 water samples were collected and sent to DPHL Bolangir; result awaited. All cases treated symptomatically. Health education given regarding food hygiene and sanitation."
Odisha,Khurda (Bhuvaneshwar),Acute Diarrheal Disease,16,1,31-08-19,04-09-19,Under Control,"Cases reported from Village Haripur, SC Arakhapalli, CHC Bankoi, Block Bolagarh. District RRT investigated the outbreak. House to house survey done. 5 water sample and 3 stool samples collected; result awaited. All cases treated symptomatically. Halogen tablets and ORS packets were distributed in the community. IEC done regarding safe drinking water and personal hygiene."
Odisha,Puri,Food Poisoning,45,0,05-09-19,06-09-19,Under Control,"Cases reported from Govt High School, Komark, Block Gop. District RRT investigated the outbreak. Active search of cases done. All the cases consumed food and presented with symptoms of loose motion and vomiting. 02 water and 02 stool samples were collected and sent to DPHL Puri; result awaited. All cases treated symptomatically. Health education given regarding food hygiene and sanitation."
Odisha,Keonjhar,Food Poisoning,32,0,02-09-19,03-09-19,Under Control,"Cases reported from Village/SC/PHC Padampur, Block Sadar. District RRT investigated the outbreak. Active search of cases done. All the cases consumed food (Panchamruta) and presented with symptoms of loose motion and vomiting. 02 water a samples were collected; result awaited. All cases treated symptomatically. Health education given regarding food hygiene and sanitation. 6 | P a g e"
Odisha,Bhadrak Viral,Hepatitis?,25,0,04-09-19,05-09-19,Under Surveillance,"Cases reported from Tihidi, Kolha, Musanga. District RRT investigated the outbreak. House to house survey done. 08 blood samples collected and sent to DPHL Bhadrak; result awaited. All cases treated symptomatically. Chlorination of water sources done. Health education given regarding personal hygiene, hand hygiene practices and safe drinking water."
Odisha,Keonjhar,Food Poisoning,24,0,03-09-19,04-09-19,Under Control,"Cases reported from Village Rimuli (Klandi Sahi), SC Rimuli, CHC Bhanda, Block Champua. District RRT investigated the outbreak. All the cases consumed food (Bhog) and presented with symptoms of loose motion and vomiting. 02 water a samples were collected; result awaited. All cases treated symptomatically. Health education given regarding food hygiene and sanitation."
Punjab,Mansa,Mumps?,13,0,08-09-19,08-09-19,Under Control,Cases reported from Arya Primary School Mausa. District RRT investigated the outbreak. District RRT investigated the outbreak. Active search for cases done. Out of 5 blood samples collected and sent to Mansa; 3 samples were positive for Mumps (IgM ELISA). All the cases were less than 20yr of age. All cases treated symptomatically. Health education given.
Puducherry,Puducherry,Dengue,32,0,02-09-19,02-09-19,Under Control,"Cases reported from Oulgaret, Increased incidence in Lawspet PHC. District RRT investigated the outbreak. House to house survey done. Out of 32 serum samples collected and sent to DPHL Karaikal; 1 sample was found positive for Dengue (IgM ELISA). All cases treated symptomatically. Entomological survey done. Source reduction activity and fogging done in the affected area. Health education given."
Tamil Nadu,Salem,Food Poisoning,34,0,02-09-19,03-09-19,Under Control,"Cases reported from Village Sankili Muniyappan, HSC Konaickan, PHC/Block Kolathur. District RRT investigated the outbreak. Active search of cases done. All the cases consumed food (mushroom) and presented symptoms with loose motion and vomiting. All cases treated symptomatically. Health education given regarding food hygiene and sanitation. 7 | P a g e"
West Bengal,Medinipur West,Acute Diarrheal Disease,53,1,01-09-19,02-09-19,Under Control,"Cases reported from Village Nakorbag, SC Tatarpur, Ramkriahsnapur, Chandrakona-I. District RRT investigated the outbreak. House to house survey done. 3 stool samples collected and sent to PHE Lab at Midnapore; result awaited. result awaited. All cases treated symptomatically. Halogen tablets and ORS packets were distributed in the community. IEC done regarding safe drinking water and personal hygiene. 8 | P a g e DISEASE OUTBREAKS OF PREVIOUS WEEKS REPORTED LATE Unique ID. Name of State/UT Name of District Disease/ Illness No. of Cases No. of Deaths Date of Start Outbreak Current Status Comments/ Action Taken"
Chhattisgarh,Baster,Dengue,74,0,07-08-19,,Under Control,"Cases reported from Village Badeparakot PHC Raikot SC Tokapal PHC Mavlibhata; several villages from CHC Tokapal, CHC Nangoor and CHC Darbha. District RRT investigated the outbreak. House to house fever survey done. Out of 74 blood sample collected and sent to GMC, Jagdalpur; 8 sample was positive for Dengue (IgM ELISA). All cases treated symptomatically. Source reduction activities undertaken. Health education given."
Chhattisgarh,Dhamtari,Acute Diarrheal Disease,15,0,06-08-19,,Under Control,"Cases reported from Village Reve, SC Reve, CHC Berla. District RRT investigated the outbreak. House to house survey done. All cases treated symptomatically. ORS packets and chlorine tablets were distributed in the community. IEC done regarding safe drinking water and personal hygiene."
Gujarat,Morbi,Crimean Congo Haemorrhagic Fever (CCHF),2,1,26-08-19,,Under Surveillance,"Cases of fever, headache, myalgia, nausea, vomiting, diarrhea reported from Village Halvad, PHC Tikar, Block Halvad. Central, State and District RRT investigated the outbreak. House to house survey done in the affected village. All the cases worked in a private plastic firm. Out of 3 serum samples collected and sent to NIV, Pune; 2 samples were positive for CCHF (IgM ELISA) and the same samples were found negative for CCHF (RT-PCR). One death occurred in a 20yr old male. Contacts were traced and 13 blood samples were collected and sent to NIV, Pune; all samples were found negative for CCHF. Animal Husbandry team collected; 9 cattle samples and sent to NIV, Pune; blood samples were found negative for CCHF. Entomological survey done and 5 tick pool samples were collected and sent to NIV, Pune; all samples were found negative for CCHF. Cases were treated symptomatically. Anti-tick measures were carried out in the affected area. De-ticking of cattle was done. Deltamethrin spraying done in the affected area. 9 | P a g e"
Gujarat,Botad,Crimean Congo Haemorrhagic Fever (CCHF),2,1,27-08-19,,Under Surveillance,"Cases of fever, headache, myalgia, nausea, vomiting, diarrhea reported from Village Timbada, SC Khambhada, PHC Salanpur, Block Barwala. Central, State and District RRT investigated the outbreak. All the 2 serum samples collected and sent to NIV, Pune; were positive for both CCHF (RT- PCR) and CCHF (IgM ELISA). One death occurred in a 45yr old female. 10 blood samples of contacts were collected and sent to NIV, Pune; 1 sample was found positive for CCHF. Animal Husbandry team collected; 5 cattle samples and sent to NIV, Pune; 2 blood samples were found positive for CCHF. Entomological survey done and 5 tick pool samples were collected and sent to NIV, Pune; all samples were found negative for CCHF. Cases were treated symptomatically. Anti-tick measures were carried out in the affected area. De- ticking of cattle was done. Deltamethrin spraying done in the affected area."
Gujarat,Surendranagar,Crimean Congo Haemorrhagic Fever (CCHF),3,2,23-08-19,,Under Surveillance,"Cases of fever, headache, myalgia, nausea, vomiting, diarrhea reported from Village Zamadi, PHC Boradi, Block Limadi. Central, State and District RRT investigated the outbreak. Initially two cases 55yr old and 75yr old female were reported RT-PCR and (IgM ELISA) positive at NIV Pune, both of them died during the course of illness. 13 blood samples of contacts were collected and sent to NIV, Pune; 1 sample was found RT-PCR positive for CCHF. Animal Husbandry team collected; 9 cattle samples and sent to NIV, Pune; 2 blood samples were found positive for CCHF. Entomological survey done and 9 tick pool samples were collected and sent to NIV, Pune; all samples were found negative for CCHF. Cases were treated symptomatically. Anti-tick measures were carried out in the affected area. De-ticking of cattle was done. Deltamethrin spraying done in the affected area."
Himachal Pradesh,Kangra,Acute Diarrheal Disease,122,0,27-08-19,,Under Control,"Cases reported from Villages Siholpuri, Jhular Kairi, Shahpur, SC Kairi Bhanala, PHC Seon, Block Shahpur. District RRT investigated the outbreak. House to house survey done. All cases treated symptomatically. Chlorination of water sources done in the affected areas. ORS packets and chlorine tablets were distributed in the community. IEC done regarding safe drinking water and personal hygiene. 10 | P a g e"
Jharkhand,Bokaro,Chickenpox,16,0,22-08-19,,Under Control,"Cases reported from Village Gumanjara, SC Kedla, Block Kasmar. District RRT Investigated the outbreak. District RRT investigated the outbreak. House to house fever survey done. All 5 blood samples collected and sent to RIMS Ranchi were positive for chickenpox (IgM ELISA). All cases treated symptomatically. Health education given."
Jharkhand,Ranchi,Acute Diarrheal Disease,13,0,25-08-19,,Under Control,"Cases reported from Villages Angara, Tatisingri, PHC Harjanum. District RRT investigated the outbreak. House to house survey done. All cases treated symptomatically. Disinfectant of the surroundings done. IEC done regarding safe drinking water and personal hygiene."
Maharashtra,Amravati,Scrub Typhus,1,1,22-08-19,,Under Control,"A 35yr old female resident of Village/SC Wagholi, PHC Nimboli, Block Dhamangaon presented symptoms of fever, headache and vomiting and was admitted in a hospital and later died. District RRT investigated the outbreak. Serum samples collected, was positive for scrub typhus (IgM ELISA). Health education given."
Maharashtra,Palaghar,Viral Hepatitis A,5,1,24-08-19,,Under Surveillance,"Cases reported from Village Tawa (Govt Ashram School), SC Tawa, PHC Tawa, Block Dahanu. District RRT investigated the outbreak. House to house survey done. Pipeline leakages were observed in the school. Water samples collected were non potable. Out of 11 blood sample collected and sent to NIV, Pune; 4 samples were positive for Hepatitis A (IgM ELISA). All cases treated symptomatically. Chlorination of water sources done. Halogen tablets were distributed in the community. Health education given."
Maharashtra,Satara,Dengue,6,0,30-07-19,,Under Control,"Cases reported from Village Targaon, SC Targaon, PHC Vathar ki, Block Koregaon. District RRT investigated the outbreak. Active search of cases done in the affected area. Out of 6 serum samples collected and sent to Civil Hospital Satara, 4 samples were positive for Dengue (IgM ELISA). All cases treated symptomatically. Entomological survey done. Source reduction activity and fogging done in the affected area. Health education given. 11 | P a g e"
Maharashtra,Thane,Dengue,61,4,20-07-19,,Under Surveillance,"Cases reported from several areas of Municipal Corporation. District RRT investigated the outbreak. House to house survey done. 35 serum samples collected; result awaited. All the 2 blood samples collected and sent to NIV, Pune were positive for Dengue (IgM ELISA). 4 deaths occurred in 2 male (19yr &17yr) and 2 female (21yr & 4yr) All cases treated symptomatically. Entomological survey done. Source reduction activity and fogging done in the affected area. Health education given."
Maharashtra,Thane,Dengue,4,1,16-08-19,,Under Surveillance,"Cases reported from Village Cherpoli, SC Atgaon, PHC Aghai, Taluk Shahapur. District RRT investigated the outbreak. House to house survey done. All 4 serum samples collected and sent to Sentinel Centre Thane; were positive for Dengue (IgM ELISA). One death occurred in 45yr old female. All cases treated symptomatically. Source reduction activity and fogging done in the affected area. Entomological survey done. Health education given."
Maharashtra,Thane,Malaria,7,1,21-08-19,,Under Surveillance,"Cases reported from Anjan Society, Hanuman Nagar, Badlapur (w), Municipal Council Badlapur. District RRT investigated the outbreak. Active search of cases done. Cases were laborers. One death occurred in a 30yr old male malaria positive (Pv). All cases treated locally. Source reduction activities undertaken. Awareness camp regarding prevention and control of vector borne disease were carried out in the affected areas."
Odisha,Bolangir,Acute Diarrheal Disease,65,0,28-08-19,,Under Control,"Cases reported from Villages Sarasmal Siletkani, CHC/Block Deogaon. District RRT investigated the outbreak. House to house survey done. 6 water sample collect and sent to DPHL Bolangir; result awaited. All cases treated symptomatically. Halogen tablets and ORS packets were distributed in the community. IEC done regarding safe drinking water and personal hygiene"
Odisha,Bolangir,Acute Diarrheal Disease,19,0,28-08-19,,Under Control,"Cases reported from Swadhar Ashram, Salepali, Balamgir Municipality. District RRT investigated the outbreak. House to house survey done. 2 water sample collected and sent to DPHL Bolangir; result awaited result All cases treated symptomatically. Halogen tablets and ORS packets were distributed in the community. IEC done regarding safe drinking water and personal hygiene. 12 | P a g e"
Uttar Pradesh,Budaun,Malaria,360,0,24-08-19,,Under Control,"Cases reported from several villages Beerampur, Behta Madhav, Dataganj, Dolapur, Kalaura, Mudsena, Mudsena Khurd, Sarai Pipariya, Antiyanagla, Bada Parsura, Bada Tajpura, Barsuniya, Basaiya Kheda,. District RRT investigated the outbreak. Active search of cases done. Out of ….. blood smear were collected; ……smears were positive for Malaria (Pf). Medical camps organized and cases treated symptomatically. Source reduction activities undertaken. Awareness camp regarding prevention and control of vector borne disease were carried out in the affected areas."
Uttar Pradesh,Jalaun,Dengue,5,0,23-08-19,,Under Control,"Cases reported from several blocks Kadaura, Jalaun, Chhriya, Pindari, Kuthond. District RRT investigated the outbreak. House to house survey done. 5 serum samples collected and sent to GMC, Jhansi; were found positive for Dengue (IgM ELISA). All cases treated symptomatically. Source reduction activity and fogging done in the affected area. Entomological survey done. Health education given."
Uttar Pradesh,Kannauj,Acute Diarrheal Disease,75,0,28-08-19,,Under Control,"Cases reported from Village Rangian Purwa, CHC/Block Kannauj. District RRT investigated the outbreak. House to house survey done. Pipeline leakages were observed in the community. All cases treated symptomatically. Pipeline leakages were repaired. Chlorination of water sourced done. Health education given."
Uttar Pradesh,Kushi Nagar,Chickenpox,21,0,28-08-19,,Under Control,"Cases reported from Duddhi, Village Rampur Tandavatola, Mushar Basti. District RRT investigated the outbreak. House to house survey done. Affected cases were less than 15yrs of age. Out of 9 serum samples collected and sent to KGMU; 3 samples were positive for chickenpox (IgM ELISA). All cases treated symptomatically. Health education given."
Arunachal Pradesh,Papumpare,Acute Diarrheal Disease,55,0,12-09-19,16-09-19,Under Control,"Cases reported from Vivekananda Kendra Vidyakaya, Sher, School under CHC Kimin. District RRT investigated the outbreak. A total of 07 water samples were collected and 01 sample was found positive for bacteriological growth. Source of contamination was use of contaminated water supply and unhygienic environment. Clustering of cases was observed. All cases were treated symptomatically. Health education given."
Arunachal Pradesh,Upper Subansiri,Acute Diarrheal Disease,27,0,10-09-19,13-09-19,Under Control,"Cases reported from Sun View School, Digbak village under District Hospital Daporijo. District RRT investigated the outbreak. Poor hygienic condition were observed in kitchen and store room. People consumed water directly from the tap. A total of 02 stool samples were collected and tested at Dr. Lal Path Lab, Naharlagun; it was reported as Escherichia coli- heavy growth. A single water sample was collected and found positive for bacteriological test. All cases were treated symptomatically. Health education given. 4 | P a g e"
Haryana,Panchkula,Cholera,108,2,10-09-19,17-09-19,Under Control,"Cases reported from Shahpur Huts, SC Marrnwala, PHC Nanakpur. District RRT investigated the outbreak. Poor sanitary conditions and lack of drinking water storage facilities were observed in the affected area. A total of 22 samples of drinking water were taken by health department and sent to public health laboratory, Ramgarh for bacteriological testing; 12 samples were found unfit for consumption. A total of 06 samples of drinking water were collected and examined by PGI, Chandigarh and all were found positive for Cholera. A total of 02 sewage water samples were collected and examined at PGI, Chandigarh and both were positive for cholera. A total of 18 stool samples were collected, of these 07 samples were collected by Health Department Panchkula and sent to referral Lab, Civil Hospital, Panchkula and all were found negative for Cholera. 11 stools samples collected and sent to PGI Chandigarh, 04 were found positive for Cholera and 07 were found negative for Cholera and 02 rectal swab were collected and sent to PGI, Chandigarh and 01 sample was found positive for cholera. All cases were treated symptomatically. Active case search done. Halogen tablets and ORS packets distributed. Alternate potable water supply arranged. Special medical post established in the affected area. Health education given."
Jharkhand,Deoghar,Acute Diarrheal Disease,19,0,10-09-19,13-09-19,Under Control,"Cases reported from Madhupur (SDH), Pathalchapti, and (UPHC) Pradhantola. District RRT investigated the outbreak. The outbreak was probably due to poor sanitation, hygiene and non utilization of latrines. A total of 02 water samples from hand pumps were collected and tested in Microbiology Dept. RIMS, Ranchi and one found unsatisfactory for drinking purpose. All cases were treated symptomatically. Health education given. 5 | P a g e"
Karnataka,Chickaballapura,Food Poisoning,65,0,08-09-19,09-09-19,Under Control,"Cases reported from Village Pothenahalli, PHC/CHC Thondebhavi, Taluk Gowribidanur. District RRT investigated the outbreak. The source was suspected to be contaminated food. A total of 03 food samples collected and 01 water sample tested at BMRCI and PHI; food sample negative. A total of 02 water samples collected and tested by H2S media at PHC were potable by H2S media. All cases were treated symptomatically. Health education given."
Karnataka,Dharwad,Dengue,6,0,09-09-19,13-09-19,Under Control,"Cases reported from Village Harobelavadi, PHC Amminabhavi, Taluk Dharwad. District RRT investigated the outbreak. Cases presented with fever, headache, vomiting, myalgia and generalized weakness. A single serum sample was collected and sent to KIMS Microbiology department and found positive for Dengue and Chikungunya by IgM ELISA. All cases were treated symptomatically. Active case search done. Larval survey done. Health education given."
Karnataka,Kalaburagi,Chikungunya,23,0,11-09-19,12-09-19,Under Control,"Cases reported from Village Kamaknur, PHC/CHC Kal Hipparga, Taluk Chittapur. District RRT investigated the outbreak. A total of 19 blood samples collected and sent to DPHL,Kalburgi, 09 of these were found positive for Chikungunya by Ig M ELISA. All cases were treated symptomatically. Fever survey done. Larval survey done and breeding was found in indoor as well as outdoor containers. Source reduction activities undertaken. Fogging done. Temporary clinic established in the area. Blood samples and smears collected. Health education given. 6 | P a g e"
Karnataka,Ramanagara,PUO,19,0,12-09-19,13-09-19,Under Control,"Cases reported from Village Chamundipura, PHC/CHC UPHC Mehaboobnagara, Taluk Ramanagara. District RRT investigated the outbreak. Cases presented with fever, cold, cough and vomiting. A total of 02 water samples collected and sent to PHI, Bangalore and 04 blood samples were collected and sent to SSL; water samples were potable and blood samples were negative for Dengue and Chikungunya. All cases were treated symptomatically. Fever surveillance initiated. Health education given."
Maharashtra,Parbhani,Dengue,32,1,07-09-19,12-09-19,Under Surveillance,"Cases reported from Village Pimpla, SC Palodi, PHC Kolha, Block Manwat. District RRT investigated the outbreak. The deceased was a 9 year old boy and had tested positive for Dengue NS1. A total of 18 blood smears were collected and all found negative for malaria. A total of 16 serum samples were collected and tested at GMC Nanded and 03 samples were found positive for Dengue by IgM ELISA. All cases were treated symptomatically. House to house survey and larval survey conducted. Fogging done Health education given."
Maharashtra,Sindhudurg (Kudal),Dengue,8,0,05-09-19,11-09-19,Under Control,"Cases reported from Village/SC/PHC Kasarde, Block Kankavli. District RRT investigated the outbreak. A total of 08 samples were collected for Malaria; all were negative for Malaria. A total of 04 samples were collected and tested at NIV, Pune; 02 were positive for Dengue by IgM ELISA. All cases were treated symptomatically. House to house survey conducted. Mosquito control measures undertaken. Entomological indices are CI 3.4, HI 9.8, BI 13.1. Health education given. 7 | P a g e"
Odisha,Balangir,Acute Diarrheal Disease (Shigella),63,0,07-09-19,09-09-19,Under Control,"Cases reported from Village Sirol, SC/CHC/Block Muribahal. District RRT investigated the outbreak. Cases presented with loose stools and vomiting. A total of 01 tube well water and 01 supply water samples collected and tested at DPHL, Balangir, for bacteriological investigation, both samples found potable. A total of 07 rectal swab samples collected; 03 were positive for Shigella species. All cases were treated symptomatically. Halogen tablets were distributed. Health education given."
Odisha,Cuttack,Jaundice,15,0,13-09-19,17-09-19,Under Control,"Cases reported from Village Sumandi, CHC Mahidharapada, Block Baranga. District RRT investigated the outbreak. The outbreak is probably due to contamination of water sources. A total of 03 water samples collected and all were non potable. All cases were treated symptomatically. Health education given. Information shared with PHED RWSs for repairing supply pipeline and for supply of alternate water tanker."
Punjab,Bathinda,Hepatitis E,56,0,15-09-19,15-09-19,Under Surveillance,"Cases reported from VPO Raman Pind, Block Talwandi Sabo. District RRT investigated the outbreak. Clustering of cases noted. A total of 13 samples were collected and tested at DPHL Bathinda; 10 were positive for Hepatitis E by IgM ELISA and 03 for Scrub typhus by Ig M ELISA. House to house to survey done. All cases were treated symptomatically. Health education given."
Punjab,Hoshiarpur,Cholera,123,1,14-09-19,14-09-19,Under Control,"Cases reported from Bichhohi, PHC Paldi, Block Mahilpur. District RRT investigated the outbreak. A total of 21 stool samples were collected and tested at DPHL Hoshiarpur; 04 were positive for V. Cholera and 03 were positive for Shigella. ORS and chlorine tablets were distributed. Medical camp arranged in the affected area. All cases were treated symptomatically. Health education given. 8 | P a g e"
Telangana,Sangareddy,PUO,30,0,10-09-19,12-09-19,Under Control,"Cases reported from Village Beeramguda, SC Beeramguda, PHC Bhanoor. District RRT investigated the outbreak. A total of 07 serum samples collected and tested at IPM. Result awaited. Blood smears collected to rule out P. vivax and p falciparum. All cases were treated symptomatically. Potential breeding sites were identified and poor sanitation was observed in the area. Medical camp conducted, house to house survey conducted. Anti larval and anti adult measures taken. Health education given."
Uttar Pradesh,Fatehpur,Food Poisoning,25,0,12-09-19,13-09-19,Under Surveillance,"Cases reported from PHC Gopalganj, Thanpur Badagaon Fatehpur, Block Malwan. District RRT investigated the outbreak. Cases presented with vomiting loose stools and abdominal pain. All cases were treated symptomatically. ORS and chlorine tables distributed. Health education given."
Uttarakhand,Haridwar,Acute Diarrheal Disease,80,0,14-09-19,16-09-19,Under Control,"Cases reported from PHC Mohalla Puri, Lal Dhang. Sate and District RRT investigated the outbreak. A total 10 stool and 40 blood samples collected and sent to DPHL Haridwar and all stool samples were negative for enterogenic pathogens, 40 samples were negative for Hepatitis A and 1 samples was positive for Heaptits E. H2S test conducted on water sample not found not potable. All cases were treated symptomatically. Active case search done. Chlorination of water sources done. Chlorine tablets distributed. Health education given. 9 | P a g e DISEASE OUTBREAKS OF PREVIOUS WEEKS REPORTED LATE Unique ID. Name of State/UT Name of District Disease/ Illness No. of Cases No. of Deaths Date of Start Outbreak Current Status Comments/ Action Taken"
Arunachal Pradesh,Shi-Yomi,Acute Diarrheal Disease,95,0,23-08-19,,Under Control,"Cases reported from Mechuka town, block Mechukha under CHC Mechuka. District RRT investigated the outbreak. Lab samples were not collected. The source of contamination was use of contaminated water supply. All cases were treated symptomatically. Health education given."
Assam,Kamrup Metro,Typhoid,27,0,22-08-19,,Under Surveillance,"Cases reported from Maruwary Maternity Hospital. District RRT investigated the outbreak. Cases presented with acute onset fever, loss of appetite and cough. A total of 27 serum samples were collected and tested for Widal and culture, and all 27 were Typhoid positive by Widal, culture showed no significant growth. All cases were treated symptomatically. Health education given. PHE Dept was informed to take necessary actions."
Gujarat,Bhavnagar,Crimean Congo Hemorrhagic Fever,2,1,21-08-19,,Under Control,"Cases reported from Village Kamlej, PHC Fairadka, Block Bhavnagar. District RRT investigated the outbreak. Cases presented with high grade fever and headache. The deceased was a 40 year old female. A total of 18 human serum samples, 06 animal blood samples and 06 tick samples collected and sent to NIV Pune. 02 blood samples were found positive for CCHF by RT PCR. Cases treated symptomatically. Health education given. Insecticide spraying over animals and households, deltaforce liquid for washing animals, Malathion+lime powder dusting in 109 houses with domestic animals by Animal husbandry department."
Gujarat,Rajkot,Crimean Congo Hemorrhagic Fever,1,1,09-08-19,,Under Surveillance,"Case reported from Village Nana Sagadiya, SC/PHC Salpipallya, Block Padhhari. District RRT investigated the outbreak. Case presented with fever. A total of 03 serum samples were collected and sent to NIV Pune and 1 found positive for CCHF. Active case search done. A total of 03 close contacts were found and monitored for any symptoms. Deticking of livestock was done by Veterinary department. Indoor residual spraying done in the affected area. Health education given. 10 | P a g e"
Kerala,Kollam,Brucellosis,15,0,08-08-19,,Under Control,"Cases reported from Village Kulathupuzha, HSC Neduvannoorkadavu, PHC/CHC/Block Kulathupuzha. District RRT investigated the outbreak. During a medical camp conducted by a private lab at Kerala Livestock Department Board, routine blood examination was done and some cases were positive for Brucella. A total of 70 samples were collected and sent to State Public Health Lab for testing Brucellosis, of these 02 were positive for Brucella abortus by tube agglutination , 08 were positive for Brucella by IgG ELISA and 05 were weakly positive. In the previous week 02 pregnant cows underwent abortion in the farm, Brucella ELISA tests done for both cases and found negative. Fever survey conducted. All cases were treated symptomatically. Health education given."
Maharashtra,Aurangabad,Dengue,53,1,03-09-19,,Under Surveillance,"(no new case reported) Cases reported from Shastrinagar, PHC SDH Vaijapur, Block Vaijapur. District RRT investigated the outbreak. The deceased was a 21 year old male. Scattering of cases was seen in areas where mosquito density raised, HI 12.44%, BI- 12.44% Ades density 3.2%. A total of 53 blood samples collected, 07 serum samples collected and sent to GMC Aurangabad, result awaited. All cases were treated symptomatically. House to house survey conducted. Fogging done. Source reduction activities undertaken. Health education given."
Maharashtra,Thane,Dengue,6,1,30-08-19,,Under Control,"Cases reported from Ramchandra Nagar No. 30, UHC Kajuwadi, Thane Municipal Corp. District RRT investigated the outbreak. The deceased was a 24 year old male who tested positive for Dengue by IgM. A total of 05 blood samples were collected and tested at Jupiter Lab Thane; all were negative. Container surveillance and fever surveillance done. Fogging done. Health education given."
Odisha,Rayagada,Acute Diarrheal Disease,28,2,02-09-19,,Under Control,"Cases reported from Village Mariguda, SC Mariguda, CHC/Block Padmapur. District RRT investigated the outbreak. The deceased were 71 y/F and & 75y/F The source of infection was probably an old Salo well. A total of 02 rectal swab samples and 11 water samples were collected and tested at DPHL, Rayagada. The rectal swab samples were found positive for E. coli and all 11 water samples were found potable. All cases were treated symptomatically. Active case search done. Disinfection and chlorination done. Health education given. 11 | P a g e"
Punjab,Bathinda,Hepatitis A,156,1,06-09-19,,Under Surveillance,"Cases reported from VPO Harraipur, Block Goniana. District RRT investigated the outbreak. Clustering of cases noted. The deceased was 20 year old male and tested positive for both Hepatitis A and Scrub typhus. A total of 24 blood samples were collected and tested at DPHL, Bathinda; 07 were reactive for Hepatitis A and 1 was positive for Scrub Typhus. House to house to survey done. All cases were treated symptomatically. Health education given."
Sikkim,South Sikkim,Dengue,92,0,04-09-19,,Under Surveillance,"Cases reported from Jorethang CHC (Daragaon & Jorethang). District RRT investigated the outbreak. Cases presented with fever with rash diarrhea, vomiting, low backache and headache. A total of 168 samples were collected and tested at STNM Hospital (DPHL), Gangtok; 92 tested positive for Dengue (03 by Ig M ELISA and 89 by NS1 ELISA). All cases were treated symptomatically. House to survey conducted along with NVBDCP team. Mass cleanliness drive organized in the affected area. Fogging done. Health education given."
Uttar Pradesh,Kushi Nagar,Acute Diarrheal Disease,25,1,25-08-19,,Under Surveillance,"Cases reported from Village Piperajam, SC Piperajam, CHC Kasya, Block Kasya. District RRT investigated the outbreak. Cases were mostly above 15 years of age, only 03 of the cases were between 5- 15 years of age; female were more affected then male. The deceased was 12 years old. It was observed that all cases consumed water from a common source and the water pipeline was broken leading to contamination by sewage water. A total of 05 water samples were collected and result awaited. All cases were treated symptomatically. Chlorine tablets distributed. District magistrate has ordered the Jal nigam to take necessary action. Health education given."
Uttarakhand,Nainital,Dengue,492,0,01-08-19,,Under Surveillance,"Cases reported from Urban Area Haldwani. District RRT investigated the outbreak. A total of 1031 blood samples were collected and sent to Sentinel Surveillance Hospital, Govt. Medical College Haldwani, all samples tested positive for Dengue by NS1 ELISA. Active case search done. Source reduction activities carried out. Indoor spraying and fogging done. All cases were treated symptomatically. Health education given. 12 | P a g e FOLLOW UP OF DISEASE OUTBREAKS PREVIOUS WEEKS Unique ID. Name of State/UT Name of District Disease/ Illness No. of Cases No. of Deaths Date of Start Outbreak Current Status Comments/ Action Taken Karnataka Follow up of 35th week 1114 Karnataka Belagavi Dengue 14 01 11-09-19 Under Control Cases reported from Village Kudachi, PHC Kudachi, Block Raybag. District RRT investigated the outbreak. The deceased was a 5 year 7 month old girl. Cases presented with Fever and rash. A total of 02 blood samples collected and sent to DSU Belagavi and found positive for Dengue by NS1 ELISA. All cases were treated symptomatically. Fever and larva survey conducted. Laval breeding found in the area. Indoor fumigation done. Health education given and advised to use mosquito nets/ repellants. Health education given. Karnataka Follow up of 1085 of 35th week Karnataka Kalburgi Diphtheria 105 00 12-09-19 Under Control Cases reported from GIMS Girls Hostel, PHC ICDS UPHC, Block Kalaburagi. District RRT investigated the outbreak. Cases presented with throat pain, cold and fever; on examination patch was noticed on the larynx, following which samples were collected. A total of 100 throat swab samples were collected and result 78 samples were found positive by Albert stain and 22 were positive for C. diphtheria on culture. A total of 23 samples were referred to BMCRI, Bengaluru, only 01 sample was positive for C. diphtheria. All cases were treated symptomatically. All students in the hostel were screened for similar complaints. Isolation facility was arranged in the hostel. All students and staff were immunized against diphtheria. Health education given."
Andhra Pradesh,Visakhapatnam,Food Poisoning,70,0,20-09-19,21-09-19,Under Control,"Cases reported from Chaitanya Junior College Hostel, Mytri campus, Village Kommadi. District RRT investigated the outbreak. Students complained of poor sanitation and hygiene in the campus. A total of 26 water samples collected from the site and sent to the Regional Public Health Laboratory, Visakhapatnam for analysis; result awaited. All cases were treated symptomatically. Health education given on food, water sanitation and hygiene."
Arunachal Pradesh,Kumey,Scrub Typhus?,10,3,15-09-19,17-09-19,Under Control,"Cases reported from Village Parsi Parlo, CHC Koloriang, Block Koloriang, Kurung. District RRT investigated the outbreak. Most affected cases were children, residing in jungle area and with unhygienic lifestyle. The deceased were in the age group 1-6 years. A total of 05 blood samples were collected and tested at DPHL, TRIHMS; 04 found Equivocal for Scrub typhus (IgM ELISA). All cases were treated symptomatically. Health education given."
Chhattisgarh,Janjgir,Acute Diarrheal Disease,23,0,15-09-19,19-09-19,Under Control,"Cases reported from Baikunthpara W.No. 11& 12, Village Temar, CHC Sakti, PHC Portha, Block Sakti. District RRT investigated the outbreak. House to house survey done. The probable source was contaminated bore hand pump and improper drainage system in the affected area. All cases were treated symptomatically. ORS and chlorine tablets distributed. Health education given."
Chhattisgarh,Janjgir,Acute Diarrheal Disease,11,0,16-09-19,19-09-19,Under Control,"Cases reported from Village Jata,, SHC Kamrid, PHC Pahariya, Block Baloda. District RRT investigated the outbreak. House to house survey done. The probable source was contaminated bore hand pump and improper drainage system in the affected area. All cases were treated symptomatically. ORS and chlorine tablets distributed. Health education given. 4 | P a g e"
Daman And Diu,Daman & Diu,Dengue,107,2,20-09-19,26-09-19,Under Surveillance,"Cases reported from urban area of Dabhel, Daman. District RRT investigated the outbreak. State and District NVBDCP officials were informed. House to house survey done. Out of 2129 serum samples collected and tested at DPHL Daman, 731 samples were found positive for Dengue (IgM ELISA). Two death occurred in 20y/M and 31y/M. Fogging and anti-larval measures were undertaken. All cases were treated symptomatically. Health education given."
Gujarat,Kheda,CCHF,1,1,19-09-19,19-09-19,Under Surveillance,"Case reported from Area Bangalow Sim, Village Lalmandava, SC Lalmandava, PHC Nirmali, Block Kapadwanj. District RRT investigated the outbreak. The deceased was a 55 year old male. A single sample of serum, EDTA blood and urine collected and tested at NIV Pune was positive for CCHFV by Real Time RT PCR. Close contacts kept under observation. Delta Methrin 1.5% spraying in cattle shed done by Animal Husbandry Department. Health education given."
Haryana,Kurukshetra,Acute Diarrheal Disease,28,0,15-09-19,24-09-19,Under Surveillance,"Cases reported from Anaj Mandi, Thanesar Town. District RRT investigated the outbreak. Cases presented with loose stools, vomiting and weakness. A total of 03 water leakages identified in the affected area. A total of 10 water samples collected sent to PH Lab Kurukshetra and 05 blood samples and stool samples collected and sent to State Bacteriological Karnal; result awaited. All cases were treated symptomatically. ORS and halogen tablets distributed. Repairing of water pipeline and arrangements for super chlorination of water has been carried out. Health education given on hand washing, hygiene and safe drinking water. 5 | P a g e"
Jammu And Kashmir,Udhampur,Hepatitis?,26,0,18-09-19,19-09-19,Under Control,"Cases reported from Village Kud and Dogra, PHC Kud, Block Chenani. District RRT investigated the outbreak. Cases presented with fever, nausea, loss of appetite, yellowish discoloration of eyes and weakness. A total of 02 blood samples collected and tested at District Udhampur Hospital were negative for Typhoid by Widal. A total of 07 blood samples collected and 07 water samples were collected and sent to Department of Microbiology Govt. Medical College, Jammu; 07 blood samples were negative for Hepatitis E and 07 water samples were nonpotable. All cases were treated symptomatically. Chlorine tables distributed. Health education given."
Jharkhand,West Singhbhum,Acute Diarrheal Disease,11,0,14-09-19,16-09-19,Under Control,"Cases reported from Village Hijiya, HSC Baipee, CHC CKP, West Singhbhum. District RRT investigated the outbreak. Active surveillance done. Cases presented with loose stools and vomiting. A total of 04 stool samples collected and tested at DPHL, West Singhbhum; Salmonella isolated in 3 stool samples. All cases were treated symptomatically. Health education given on hygiene and sanitation measures."
Kerala,Alappuzha,Food Poisoning,19,0,16-09-19,18-09-19,Under Control,"Cases reported from Village/HSC/PHC Perumbalam, Block Arookutty. District RRT investigated the outbreak. Cases presented with vomiting, pain abdomen and diarrhea. Cases consumed food in a social ceremony. Stool, food and water samples collected were negative for enteropathogens. All cases were treated symptomatically. Water sources were super chlorinated. Health education given on personal hygiene and sanitation."
Kerala,Ernakulum,Food Poisoning,27,0,19-09-19,23-09-19,Under Control,"Cases reported from Village Mulanthuruthyh, PHC Arakunam, Block Keechery. District RRT investigated the outbreak. Cases presented with pain abdomen, vomiting and loose stools. A total of 02 well water samples collected and sent to RAL Lab Ernakulum; result awaited. All cases were treated symptomatically. Health education given. 6 | P a g e"
Odisha,Balangir,Acute Diarrheal Disease,13,0,19-09-19,21-09-19,Under Control,"Cases reported from Chhemtala, Jamgaon Bolagir. District RRT investigated the outbreak. Cases presented with loose stools. A total of 03 tube well water samples collected and sent to DPHL, Balangir; 01 was not potable. All cases were treated symptomatically. Halogen tablets distributed. Health education given."
Odisha,Sambalpur,Hepatitis E,9,0,21-09-19,23-09-19,Under Control,"Cases reported from Village Badasinhari, SC Barahmpura, UPHC Chaurpur, SMC area, Sambalpur. District RRT investigated the outbreak. A total of 06 blood samples collected and tested at DPHL; all were positive for Hepatitis E. All cases were treated symptomatically. PHE Dept chlorinated water sources in the affected area. Health education given."
Punjab,Sangrur,Mumps,11,0,23-09-19,23-09-19,Under Control,"Cases reported from Tibbi Basti Sunam. District RRT investigated the outbreak. Cases presented with fever associated with swelling and pain behind ears. A total of 07 samples were collected and tested at DPHL, Sangrur; 06 were positive for Mumps by IgM ELISA. All cases were treated symptomatically. Health education."
Tamil Nadu,Pudukottai,Dengue,20,0,16-09-19,16-09-19,Under Control,"Cases reported from Village/HSC/PHC Kandiyanatham, PHC Koppanapatti, Block Ponnamaravathy. District RRT investigated the outbreak. State and District NVBDCP officials were informed. A total of 05 water samples and 05 serum samples collected and tested at DPHL Pudokottai; 01 sample positive for Dengue by IgM ELISA and 05 water samples not potable. Medical camp conducted in the affected area. Fogging done. Overhead tanks cleaned and chlorination of water done. All cases treated. Health education given. 7 | P a g e DISEASE OUTBREAKS OF PREVIOUS WEEKS REPORTED LATE Unique ID. Name of State/UT Name of District Disease/ Illness No. of Cases No. of Deaths Date of Start Outbreak Current Status Comments/ Action Taken"
Chhattisgarh,Balrampur,Acute Diarrheal Disease,32,4,02-09-19,,Under Control,"Cases reported from different Villages Tungwa, Kari Majhawli and Ganina Simariya Para, SC Kogwar, PHC Balangi and Ragunathnagar, CHC Wadrafnagar. All cases were treated symptomatically. Health education given."
Daman And Diu,Daman And Diu,Leptospirosis,3,2,20-08-19,,Under Surveillance,"Cases reported from Village Deva Pradi, Moti Daman and Dalwada, Nani Daman. District RRT investigated the outbreak. House to House survey done. Out of 114 serum samples collected and sent o DPHL Daman, 7 samples were positive for Leptspirosis (IgM ELISA). Two death occurred in 50y/M and 22y/M. Health education given."
Gujarat,Jamnagar,CCHF,2,0,02-09-19,,Under Control,"Cases reported from UPHC Nilkanthnagar area. District RRT investigated the outbreak. Cases have history of contact with a CCHF cases. The affected is a health care provider and the other male is the sibling of a case who is suspected to have died due to CCHF. Samples collected and tested at NIV,Pune were positive for CCHF. Cases were treated symptomatically. Close contacts kept under observation. Delta Methrin 1.5% spraying in cattle shed done by Animal Husbandry Department. Health education given."
Jharkhand,Pakur,Measles,5,0,28-08-19,,Under Control,Cases reported from Village Bara Pokhar HSC Anjana CHC Pakur. District RRT investigated the outbreak. A total 05 samples collected and tested at RIMS Ranchi; all samples are reactive for Measles by IgM ELISA. All cases were treated symptomatically. Health education given. Vitamin A solution given to all affected shildren. Health education given.
Jammu And Kashmir,Udhampur,Acute Diarrheal Disease,37,0,01-09-19,,Under Control,"Cases reported from Sethi, SC Matloa, PHC Gharrian, Block Chenani. District RRT investigated the outbreak. Cases presented with fever, nausea and pain abdomen. 1 water sample was collected and tested at Department of Microbiology Govt. Medical College, Jammu and found unsatisfactory for drinking purpose. All cases were treated symptomatically. Chlorine tablets distributed. Health education given. 8 | P a g e"
Kerala,Thrissur,Food Poisoning,90,0,12-09-19,,Under Control,"Cases reported from Village/HSC Venganallur, PHC Thonnurkara, Block Thiruvilwamala. District RRT investigated the outbreak. Cases presented with pain abdomen, vomiting and loose stools. Food and water samples collected and sent to Microbiology MCH; result awaited. All cases were treated symptomatically. Water sources were super chlorinated. Health education given."
Karnataka,Dharwad,Mumps,8,0,14-09-19,,Under Control,"Cases reported from SC Kanavihonnapur, PHC Hebballi, Taluk Dharwad. District RRT investigated the outbreak. Active search done. Active case search done. Cases presented with fever and swelling of parotid glands. A single serum sample collected and tested at SIMS, Shivamogga found positive for Mumps by IgM ELISA. All cases were treated symptomatically. Health camp conducted in the affected area. Health education given."
Madhya Pradesh,Satna,Acute Diarrheal Disease,13,2,07-09-19,,Under Control,"Cases reported from Nagendranagar (shyamnagar). District RRT investigated the outbreak. House to house survey done. Cases presented with loose stools, vomiting and pain abdomen. The deceased were 25y/F and 16y/F. A total of two stool samples collected for culture sensitivity showed E.coli growth. Chlorination of water done. All cases were treated symptomatically. Health education given."
Maharashtra,Aurangabad,Dengue,67,3,12-09-19,,Under Control,"Cases reported from Village Wadala, SC Relgaon, PGC Amthana, Block Sillod. District RRT investigated the outbreak. State and District NVBDCP officials were informed. House to house survey done. A total of 67 Blood samples collected for Malaria, and 46 serum samples collect for Dengue and tested at GMC Aurangabad; 11 were positive for Dengue by Ig M ELISA. All cases were treated symptomatically. Entomological survey done in the affected area (HI-9.36% and BI-11.48%, Ades Density- 2.4%). Fogging done. Health education given."
Maharashtra,Jalna,Dengue,9,1,06-09-19,,Under Control,"Cases reported from PHC Karla, Block Jalna. District RRT investigated the outbreak. State and District NVBDCP officials were informed. House to house survey conducted. A total of 09 samples were collected and tested at GMC, Aurangabad; 02 were positive for Dengue by IgM. The deceased was a 69 year old female. Fogging done. All cases were treated symptomatically. Health education given. 9 | P a g e"
Maharashtra,Satara,Dengue,26,0,27-08-19,,Under Control,"Cases reported from Village/SC Nidhal, PHC Pusegaon, Block Satara. District RRT investigated the outbreak. State and District NVBDCP officials were informed. Active fever survey done. A total of 03 blood samples sent to Civil Hospital Satara and were positive for Dengue by IgM ELISA. Fogging Done. All cases were treated symptomatically. Health education given."
Odisha,Mayurbanj,Acute Diarrheal Disease,11,0,11-09-19,,Under Control,"Cases reported from Village Panasia, SC Khuntapur, CHC Betnoti. District RRT investigated the outbreak. Active case search done. A total of 04 rectal swab & 05 water samples collected and tested at DPHL; 02 rectal swab samples showed E.coli growth and 03 water samples were non potable. All cases were treated symptomatically. Health education given."
Tamil Nadu,Pudukottai- Aranthangi,Leptospirosis,5,0,11-09-19,,Under Control,"Cases reported from Village Veliyathur, HSC Thatchamalli, PHC Ponbethi, Block Avudaiyarkovil. District RRT investigated the outbreak. A total of 05 samples collected and sent to DPHL, Pudukottai; 02 samples were positive for Leptospirosis by IgM ELISA. All cases were treated symptomatically. Medical camp conducted in the affected area. Health education given."
Tamil Nadu,Theni,Chikungunya,43,0,07-09-19,,Under Control,"Cases reported from Village/HSC/PHC/ Karunakkumuthanpatti, Block Cumbum. District RRT investigated the outbreak. State and District NVBDCP officials were informed. House to house survey done. A total of 10 samples collected and tested at DPHL Theni, 01 was positive for Chikungunya by IgM ELISA. All cases were treated symptomatically. Source reduction activity undertaken. Fogging and antilarval activities taken. Health education given."
Telangana,Sangareddy,Dengue,60,0,04-09-19,,Under Control,"Cases reported from Anathasagar Village Anathasagar SC Mandal Kondapur, PHC Kondapur. District RRT investigated the outbreak. State and District NVBDCP officials were informed. House to House survey done. A total of 08 samples were collected and tested at IPM, Hyderabad; 05 were positive for Dengue by IgM ELISA. All cases were treated symptomatically. Medical camp conducted. Fogging done. Anti larval measures taken. Health education given. 10 | P a g e"
Telangana,Sangareddy,Dengue,30,0,10-09-19,,Under Control,"Cases reported from Beeramguda Village/SC Beeramguda, PHC Bhanoor. District RRT investigated the outbreak. State and District NVBDCP officials were informed. House to house survey conducted. A total of 07 samples collected and tested at IPM, Hyderabad; 04 samples were positive for Dengue and Chikungunya and one sample only for Dengue by IgM ELISA. All cases were treated symptomatically. Medical camp conducted in the affected area. Fogging done. Health education given."
Uttar Pradesh,Ghaziabad,Diphtheria,3,0,09-09-19,,Under Surveillance,"Cases reported from Tronica city, Sonia vihar, Mustafabad, CHC/Block Loni. District RRT investigated the outbreak. Active case search done. All the cases were unimmunized. A total of 03 throat samples collected and tested at MVID Hospital Delhi; all were positive for diphtheria. Active case search done. DPT and TD vaccination given to all eligible children in the affected area. All cases were treated symptomatically. Health education given."
Uttar Pradesh,Panchsheel Nagar,Diphtheria,2,1,09-09-19,,Under Surveillance,"Cases reported from Village Allabuxpur, Athsaini, Block Garh. District RRT investigated the outbreak. A total of 02 throat samples collected were positive for diphtheria. All cases were immunized against Diphtheria. Prophylactic medication given to close contacts. All cases were treated symptomatically. Health education given."
Uttar Pradesh,Sant Kabir Nagar,Acute Diarrheal Disease,18,0,13-09-19,,Under Surveillance,"Cases reported from SC Magahar Ward- Sherpur Reharawa, Churi Phrose, UPHC Magahar, Block Khalilabad. District RRT investigated the outbreak. Active case search done. Cases presented with loose stools and dehydration. A total of 02 stool samples collected for culture and sensitivity, sent to lab- R.S. Pathology; result awaited. Water sample also sent for Lab investigation report is awaited. All cases were treated symptomatically. Chlorine tablet and ORS packets distributed in the affected area. Health education given on personal hygiene and sanitation. 11 | P a g e FOLLOW UP OF DISEASE OUTBREAKS PREVIOUS WEEKS Unique ID. Name of State/UT Name of District Disease/ Illness No. of Cases No. of Deaths Date of Start Outbreak Current Status Comments/ Action Taken Follow Up of 1189 of 37th week Arunachal Pradesh Shi-Yomi Acute Diarrheal Disease 125 00 13-09-19 Under Control Cases reported from Mechuka town, Block Mechukha under, CHC Mechuka. District RRT investigated the outbreak. Outbreak was probably because of contaminated water supply and unhygienic environment. All cases were treated symptomatically. Health education given."
Andhra Pradesh,Guntur,Acute Diarrheal Disease,38,0,23-09-19,25-09-19,Under Control,"Cases reported from Govt. Women’s College & Hostel, Sambasivapet. District RRT investigated the outbreak. Cases presented symptoms of vomiting after consuming food from common source. Medical camp conducted in the affected area. Municipal Health Officer informed to take prevention and control measures. Health education given regarding personal hygiene."
Assam,Karimganj,Acute Encephalitis Syndrome,1,1,23-09-19,25-09-19,Under Control,"Cases reported from Laxmicharan Road,Karimganj town, Girishganj BPHC. District RRT investigated the outbreak. State and District NVBDCP officials were informed. The deceased was 72 year old presented with fever, headache and altered mental status, had associated co- morbid conditions like heart disease, diabetes and hypertension. Serum sample was collected and was positive for Japanese Encephalitis. The CSF sample was negative for Japanese Encephalitis. The latest reports of the deceased revealed patient died of bacterial meningitis. All cases were treated symptomatically. Fogging was done by NVBDCP. Health education given."
Bihar,Muzaffarpur,Food Poisoning,47,0,20-09-19,25-09-19,Under Control,"Cases reported from Budhanpur, HSC Bisunpur Saraiya, PHC/Block Paroo. District RRT investigated the outbreak. Cases presented with loose stools and vomiting after consuming food in a religious ceremony; cases belonged to low socio- economic status. Poor sanitary conditions were observed. All cases were treated symptomatically. Health education given."
Chhattisgarh,Kawardha,Acute Diarrheal Disease,6,0,23-09-19,27-09-19,Under Control,"Cases reported from Village Sutiya School para, PHC Rengakhar, Block Bodla. District RRT investigated the outbreak. Water chlorination done. All cases were treated symptomatically. Health education given. 4 | P a g e"
Gujarat,Bhavnagar,Crimean Congo Hemorrhagic Fever,1,0,22-09-19,22-09-19,Under Control,"Case reported from Village Datretiya, SC Malapara, PHC Patna, Block Vallabhipur. District RRT investigated the outbreak. Case presented with high grade fever and headache, domestic animal and castles was observed in the household. A total of 05 serum samples collected and tested at NIV Pune; 01 was positive for CCHF by RT PCR. Case was treated symptomatically. Tick control measures in animals was done by Animal husbandry department. Health education given."
Haryana,Ambala,Acute Diarrheal Disease,28,1,28-09-19,29-09-19,Under Control,"Cases reported from Village Shahpur, SC Shahpur, PHC Noorpur, Block Ambala. District RRT investigated the outbreak. Cases presented with loose stools, vomiting and dehydration, Unhygienic sanitary conditions were observed. A total of 04 stool samples and 02 water samples collected and sent to C.H Ambala City, result awaited. A total of 05 water samples were collected from the affected area to check for chlorination level and all were found chlorinated. All cases were treated symptomatically. Leakage in water pipelines were identified at 07 points and repaired by Public Health Engineering Department. Health camp organized in the affected area. Alternate source of drinking water arranged. ORS packets, Zinc tablets and chlorine tablets were distributed. Health education given on hand washing technique."
Jharkhand,Bokaro,Dengue,6,0,20-09-19,27-09-19,Under Surveillance,"Cases reported from CHC Chas, Block Chas. District RRT investigated the outbreak. State and District NVBDCP officials were informed. Cases presented with fever, headache and rash. A total of 06 blood serum samples collected and tested at RIMS, Ranchi; 04 were found positive for Dengue by IgM ELISA. All cases were treated symptomatically. Door to door survey conducted. Health education given. 5 | P a g e"
Jharkhand,West Singhbhum,Malaria,63,0,23-09-19,26-09-19,Under Surveillance,"Cases reported from Village Peta Petee, HSC Peta Petee, CHC Khutpani West Singhbhum. District RRT investigated the outbreak. State and District NVBDCP officials were informed. Cases presented with fever, headache, backache, chills rigor and vomiting. A total of 690 samples collected and 63 were positive for Plasmodium falciparum. All cases were treated symptomatically. Health education given regarding vector borne diseases its prevention and control."
Jharkhand,West Singhbhum,Japanese Encephalitis,4,0,25-09-19,28-09-19,Under Surveillance,"Cases reported from Village Kera, HSC Kera, CHC CKP. District RRT investigated the outbreak. State and District NVBDCP officials were informed. Case presented symptoms of fever with altered sensorium. A total of 04 samples collected and tested at MGM Medical college, Jamshedpur all were positive for Japanese Encephalitis. Active case search done. All cases were treated symptomatically. Health education given."
Karnataka,Dharwad,Suspected Enteric Fever,11,0,20-09-19,22-09-19,Under Control,"Cases reported from Village Durga Sheety Colony, PHC/CHC Ayodyanagar, Taluk Hubballi. District RRT investigated the outbreak. Cases presented with fever, headache, loss of appetite and generalized weakness. The source of infection was probably contaminated water. A total of 11 serum samples tested at KIMS, Hubballi; 01 was Widal positive. Blood culture was negative. A single water sample was collected for MPN testing was non potable. All cases were treated symptomatically. Chlorination done. Health education given."
Karnataka,Tumkur,Influenza B,31,0,21-09-19,23-09-19,Under Control,"Cases reported from Village Sirvara, PHC/CHC Sirvara, Block Tumkur. District RRT investigated the outbreak. Cases presented with fever, sore throat and cough. A total of 04 throat swab samples collected and tested at MCVR; 02 swabs were positive for Influenza B. All cases were treated symptomatically. Health education given. 6 | P a g e"
Karnataka,Yadgiri,Chikungunya,9,0,22-09-19,23-09-19,Under Control,"Cases reported from Village Kuntimeri, PHC/CHC Konkal, Block Yadgiri. District RRT investigated the outbreak. State and District NVBDCP officials were informed. Cases presented with joint pain and fever. A total of 09 blood samples collected and tested at DPHL Yadgiri; 06 samples were positive for Chikungunya by IgM ELISA. All cases were treated symptomatically. Anti larval activities done. Fogging done in the affected area. Health education given."
Kerala,Palakkad,Food Poisoning,14,0,23-09-19,27-09-19,Under Surveillance,"Cases reported from Village Vayaloor, SC Vayaloor, PHC Sholayur, CHC Agali. District RRT investigated the outbreak. House to house survey done. All cases had history of mushroom consumption following which they developed nausea, vomiting and pain abdomen. All cases were treated symptomatically. Health education given."
Kerala,Kannur,Food Poisoning,22,0,22-09-19,23-09-19,Under Control,"Cases reported from Village Madayi, HSC Chottad, PHC Mutham, Block Payangadi. District RRT investigated the outbreak. The probable source of infection was food consumed in a social gathering. A single water and stool sample was collected and tested at Regional Public Health Lab; water quality was satisfactory and stool sample was negative for cholera culture. All cases were treated symptomatically. Well water chlorination done. Health education given on food and personal hygiene."
Maharashtra,Ahmednagar,Dengue,20,0,25-09-19,27-09-19,Under Control,"Cases reported from Shirasgaon, PHC Nimgaon Khaire, Block Shrirampur. District RRT investigated the outbreak. State and District NVBDCP officials were informed. A total of 13 blood samples collected and tested at SSH(Civil hospital, Ahmednagar); 12 were positive for Dengue by IgM ELISA. All cases were treated symptomatically. Health education given. 7 | P a g e"
Maharashtra,Kolhapur,Dengue,6,0,25-09-19,27-09-19,Under Control,"Cases reported from Arjunwad, SC Arjunwad, PHC Ghalwad, Block Shrirampur. District RRT investigated the outbreak. State and District NVBDCP officials were informed. A total of 06 serum samples were collected and tested at SSH CPRH Hospital, Kolhapur; 03 samples were positive for Dengue. All cases were treated symptomatically. Entomological survey done HI 14.28%, CI- 8.39% and BI 19.64%. Potential breeding sites identified and destroyed. Fogging done. Health education given."
Maharashtra,Kolhapur,Hepatitis A,10,0,25-09-19,27-09-19,Under Control,"Cases reported from Harpavade, SC Pernoli, PHC Bhadwan, Block Ajara. District RRT investigated the outbreak. Active search of cases done. Pipeline leakages were observed in the community. A total of 10 blood samples collected and tested at NIV, Pune; 04 were positive for Hepatitis A and 02 water samples collected and tested at PHL Kolhapur were positive for Hepatitis A. Leakage in water pipe was repaired. All cases were treated symptomatically. Health education given."
Maharashtra,Nandurbar,Dengue,26,2,21-09-19,25-09-19,Under Control,"Cases reported from Block Navapur, (Shasari Nagar). District RRT investigated the outbreak. State and District NVBDCP officials were informed. Fever survey done. A total of 03 serum samples collected and 02 were positive. All cases were treated symptomatically. Entomological survey done. Health education given."
Maharashtra,Wardha,Dengue & Chikungunya,12,1,21-09-19,23-09-19,Under Control,"Cases reported from Block Akot, PHC Sawara, SC Punda Village Dhaga. District RRT investigated the outbreak. State and District NVBDCP officials were informed. Cases presented with fever with headache. The deceased was a 7 year old male. A total of 06 samples were collected and tested at GMC, Akola; 02 were Dengue IgM positive, 01 Chikungunya IgM positive and 01 positive for both Dengue and Chikungunya by IgM. All cases treated. Fogging and anti-larval measures were undertaken. Health education given. 8 | P a g e"
Maharashtra,Wardha,Scrub Typhus?,6,0,19-09-19,26-09-19,Under Control,"Cases reported from Deoli, PHC Muradgaon, Deoli Ward No 6. District RRT investigated the outbreak. A total of 06 serum samples collected and tested at MGIMS Sevagram Medical College; result awaited. All cases were treated symptomatically. Health education given."
Odisha,Bhadrak,Acute Diarrheal Disease,14,0,29-09-19,29-09-19,Under Control,"Cases reported from Bonth, Kenduapada, Dihasahi (Adibasipada). District RRT investigated the outbreak. A total of 03 rectal swabs and 01 water samples collected and tested at DPHL, Bhadrak;02 samples showed growth of E. coli and 01 Klebsiella species was identified. Water sample were potable. All cases were treated symptomatically. Health education given."
Odisha,Sundargarh,Anthrax?,3,0,20-09-19,28-09-19,Under Control,"Cases reported from Village Ambadand, SC Banki, GP Kadobahal, CHC/Block Kuarmunda. District RRT investigated the outbreak. Cases had handled and consumed dead bullock. A total of 03 smear slide collected and tested at DPHL, Sundargarh; 02 slide on Gram staining showed bacilli resembling Anthrax. All cases were treated symptomatically. House to house survey done. Health education given."
Odisha,Khordha,Acute Diarrheal Disease,9,1,19-09-19,26-09-19,Under Control,"Cases reported from Village Dhamilo( Bhaliapida Sahi), CHC Balakati, Block Balianta. District RRT investigated the outbreak. Active case search done. Cases presented with loose stools and vomiting. The deceased was a 46 year old female. A total of 04 water and 03 stool samples collected and sent to SCB MCH, Cuttak; 02 water samples found non potable and negative for cholera culture. All cases were treated symptomatically. Well water chlorination done. ORS and halogen tablets were distributed. Pipeline leakages were repaired. Health education given regarding safe drinking water and hand hygiene. 9 | P a g e"
Punjab,SAS Nagar,Acute Diarrheal Disease,129,0,28-09-19,29-09-19,Under Surveillance,"Cases reported from Village Ghollumajra, Block Derabassi. District RRT investigated the outbreak. Active case search done. A total of 05 blood samples, 10 water samples and 03 stool samples collected result awaited. All cases were treated symptomatically. Medical camp organized in the affected area. ORS packets, Chlorine tablets and Zinc tablets were distributed. Alternate potable drinking water source arranged. Health education given on water borne diseases, personal hygiene, sanitation and safe drinking water."
Puducherry,Puducherry,Food Poisoning,13,0,27-09-19,27-09-19,Under Control,"Cases reported from Head Quarters area, Block Puducherry. District RRT investigated the outbreak. Cases presented with loose stools, vomiting and fever. Point source was identified as food consumed in a temple. A total of 02 stool samples were collected and tested at Indira Gandhi Government General Hospital and Post Graduate Institute; result awaited. All cases were treated symptomatically. Health education given."
Rajasthan,Baran,Acute Diarrheal Disease,48,0,26-08-19,24-09-19,Under Surveillance,"Cases reported from Villages Sukha-Semali, Kala Matti SC Muhal and Rampur PHC Rajpur and Khandela, Block Shahbad and Kishangang District RRT investigated the outbreak House to house survey conducted. A total of 07 stool samples and 06 water samples were tested at Microbiology Central Lab M.B.S Hospital Kota. All 07 stool samples were negative for cholera culture, 01 water sample was unsatisfactory. All cases were treated symptomatically. Health education given."
Tamil Nadu,Tiruvannamalai,Dengue,22,0,21-09-19,30-09-19,Under Surveillance,"Cases reported from Village/HSC Kekkalure, PHC Mekkalure, Bllock Kilpennathur. District RRT investigated the outbreak. State and District NVBDCP officials were informed. A total of 08 samples collected and tested at GTMCH, Tiruvannamalai; 03 samples were positive for Dengue by IgM ELISA. All cases were treated symptomatically. Health education given. 10 | P a g e DISEASE OUTBREAKS OF PREVIOUS WEEKS REPORTED LATE Unique ID. Name of State/UT Name of District Disease/ Illness No. of Cases No. of Deaths Date of Start Outbreak Current Status Comments/ Action Taken"
Assam,Karbi-Anglog (Diphu),Acute Diarrheal Disease,4,1,12-09-19,,Under Control,"Cases reported from Village Rongphalang Kher Gaon, SC Boithalangso National, BPHC/Block Boithalangso. District RRT investigated the outbreak. Active case search done. Cases presented with loose stool and vomiting. 02 water samples collected and tested at DPHL, Diphu Civil Hospital were negative for Enteropathgens. All cases were treated symptomatically. Medical camp organized in the affected area and ORS packets distributed. Health education given regrading safe drinking water, personal hygiene and sanitation."
Assam,Lakhimpur,Hepatitis A,2,0,09-09-19,,Under Surveillance,"Cases reported from Village Alimur Chapori Gaon, SC Patrichuk, BPHC Boginodi. District RRT investigated the outbreak. Active case search done. Cases presented with fever, pain abdomen and yellowish discoloration of urine and eyes. A total of 04 samples were collected and tested at DPHL; 02 samples were positive for Hepatitis A by IgM ELISA. A total 03 water samples were collected; 01 was unsatisfactory (non potable). All cases were treated symptomatically. Public Health Engineering department instructed for sanitation measures in the community. Health education given on sanitation and hygiene practices."
Jammu And Kashmir,Samba,Dengue,15,0,03-09-19,,Under Control,"Cases reported from Border Road Organization Samba. District RRT investigated the outbreak. State and District NVBDCP officials were informed. Cases presented with fever, severe body ache, nausea and vomiting. A total of 16 blood samples collected and tested at Government Medical College, Jammu; 14 were positive for Dengue positive by IgM ELISA. All cases were treated symptomatically. House to house survey conducted. Fogging done in the affected area. Health education given. 11 | P a g e"
Kerala,Alappuzha,Food Poisoning,94,0,05-07-19,,Under Control,"Cases reported from Village Kayamkulam School Govt LPS Eruva, THQH Kayamkulam, Block Muthukualm Institution. District RRT investigated the outbreak. All cases consumed food from a single source. A total of 03 water and 06 stool samples collected and sent to Microbiology Lab Vandanam Alappuzha, result awaited. Rice sample collected and sent to PH lab, Trivandrum; result awaited. All cases were treated symptomatically. Health education given."
Kerala,Trivandrum Viral,Hepatitis?,16,0,03-07-19,,Under Surveillance,"Cases reported from Village/HSC/PHC Tholicode, Block Vithura. District RRT investigated the outbreak. Index case presented with fever with chills and rigor, pain abdomen, vomiting, yellowish discoloration urine and loose stools and diagnosed with Hepatitis A. Most cases were children in the age group 2- 14 years. Cases belonged to lower socio-economic status. The affected members gave history of sharing food among themselves during the Ramdan period. A total of 09 water samples were collected and tested at Government Analyst’s Lab, Trivandrum; showed growth of Coliform- E. coli bacteria. All cases were treated symptomatically. Super chlorination of water done. Health education given on safe water, personal hygiene and water borne diseases."
Madhya Pradesh,Ujjain,Food poisoning,14,0,17-09-19,,Under Control,Cases reported from Government Deaf-Dump Girls Hostel. District RRT investigated the outbreak. Cases presented symptoms of pain abdomen and vomiting. Cases were in the age group 14-22 years. Water and food samples were collected by Water and Food Department; result awaited. All cases were treated symptomatically. Alternate source of drinking water arranged. Health education given.
Maharashtra,Osmanabad,Chikungunya?,46,0,10-09-19,,Under Control,"Cases reported from Kalam, Itkur, Hasegaonk, Bhatsangvi. District RRT investigated the outbreak. State and District NVBDCP officials were informed. A total of 14 serum samples were collected; result awaited. All cases were treated symptomatically. Entomological survey done – HI 5, CI- 2.5, BI 8.1. Health education given."
Maharashtra,Pune,Dengue,44,0,01-09-19,,Under Surveillance,"Cases reported from Villages Nira, Vasti, Purandar, SC Nira, Shelgaon, Saswad, Saswad Urban, PHC Nira, Bijawdi, Malshiras, Malshirass. District RRT investigated the outbreak. State and District NVBDCP officials were informed. House to house survey done. A total of 52 samples collected and tested at NIV Pune and 24 samples were positive for Dengue. All cases were treated symptomatically. Anti-larval activities were undertaken in the affected area. Fogging done in the affected area. Health education given. 12 | P a g e"
Maharashtra,Sindhudurg (Kudal) Leptospirosis &,Scrub typhus,5,0,04-09-19,,Under Control,"Cases reported from Village Asniye, PHC Talkat, Block Dodamarg. District RRT investigated the outbreak. A total of 07 serum samples collected; 05 were positive for Leptospirosis by IgM ELISA and 02 were positive for Scrub Typhus by IgM ELISA. All cases were treated symptomatically. Health education given."
Rajasthan,Baran,Acute Diarrheal Disease,18,0,19-08-19,,Under Surveillance,"Cases reported from Village Lakhakheri Rampuria, SC Digodpar CHC/Block Kishanganj. District RRT investigated the outbreak. A total of 04 stool samples and 03 water samples collected and tested at Microbiology Central Lab M.B.S Hospital Kota; all 04 stool samples were positive for Escherichia coli and water samples were satisfactory. All cases were treated symptomatically. House to house survey conducted. Health education given."
Uttar Pradesh,Kannauj,Diphtheria,2,2,11-09-19,,Under Surveillance,"Cases reported from Village Gangpur Katri, SC Sadikapur, CHC/Block Kannauj. District RRT investigated the outbreak. Active case search done. The deceased were not immunized against diphtheria and overcrowding was observed affected houshold. A total of 02 samples collected and tested at IDH, Kanpur were positive. Immunization session was organized. Health education given."
Uttar Pradesh,Panchsheel Nagar,Diphtheria?,4,2,16-09-19,,Under Control,"Cases reported from Mohalla Saddikpura, Village Dehraa, Block Dhaulana, Hapur. District RRT investigated the outbreak. The cases are unimmunized. A total of 02 throat swab samples were collected and result awaited. Active case search done. All cases were treated symptomaically. Health education given."
Haryana,Ambala,Cholera,53,1,28-09-2019,,Under Control,"Outbreak A total of 28 cases and 1 death was reported from Village/SC Shahpur, PHC Noorpur, Block Ambala. District RRT investigated the outbreak. Further 25 cases were reported in the Under 40th week. House to house survey done. Out of 7 stool samples 3 01 28-09-19 were collected and tested at PGIMER, Chandigarh; 5 samples were positive for cholera culture. One death occurred in 52yr old female. All cases treated symptomatically. Halogen tablets and ORS packets were distributed in the community. IEC done regarding safe drinking water and personal hygiene. Cases reported from Village Ghollumajra, Block Derabassi. District RRT investigated the outbreak. House to house survey done. 3 stool sample tested at DPHL Mohali were negative for cholera culture. 5 blood samples were negative for Hepatitis A Under"
Punjab,Sasnagar,Diarrheal Disease,129,0,03-10-2019,,Under Control,"Cases reported from Village Ghollumajra, Block Derabassi. District RRT investigated the outbreak. House to house survey done. 3 stool sample tested at DPHL Mohali were negative for cholera culture. 5 blood samples were negative for Hepatitis A Under 129 00 03-10-19 & E. Out of 25 water samples collected; 10 samples were potable. Temporary medical camps organized in the community. All cases treated symptomatically. Halogen tablets were distributed in the community. IEC done regarding safe drinking water and personal hygiene."
Bihar,Muzaffarpur,Acute Diarrheal Disease,18,1,26-09-2019,03-10-2019,Under Control,"Outbreak Cases reported from Villages Manjhi Madho, Muzaffarpur, SC Baghi, PHC/Block Kudhani. District RRT investigated theoutbreak. House to Under house survey done. All cases treated 01 26-09-19 03-10-19 symptomatically. Halogen tablets and ORS packets were distributed in the community. IEC done regarding safe drinking water and personal hygiene. A case presented symptoms of fever & vomiting reported from Village Suvagadh, PHC Ansodar, Taluk Lathi was admitted in hospital. Serum sample collected and send to NIV, Pune; was positive for CCHF. District RRT investigated the Under outbreak. Active search of cases done. One death"
Gujarat,Amreli,Crimean Congo Hemorrhagic Fever,1,1,29-09-2019,04-10-2019,Under Surveillance,"reported from Village Suvagadh, PHC Ansodar, Taluk Lathi was admitted in hospital. Serum sample collected and send to NIV, Pune; was positive for CCHF. District RRT investigated the Under outbreak. Active search of cases done. One death 01 29-09-19 04-10-19 occurred in a 65yr old female. Entomological survey done in the affected area. Tick repellant, indoor residual spray & other vector control measures were undertaken. IEC activities undertaken regarding animal handling, anti-tick measures, personal hygienic practices. Cases reported from Villages Bansha, Bishal, Bharal, Kawanu, Bharai, Uthkhanair. District RRT investigated the outbreak. House to house survey done. 3 stool sample collected was found positive Under"
Himachal Pradesh,Kullu,Acute Diarrheal Disease,51,1,30-09-2019,04-10-2019,Under Control,"Cases reported from Villages Bansha, Bishal, Bharal, Kawanu, Bharai, Uthkhanair. District RRT investigated the outbreak. House to house survey done. 3 stool sample collected was found positive Under 01 30-09-19 04-10-19 for Shigella flexneri. All cases treated symptomatically. Halogen tablets and ORS packets were distributed in the community. IEC done regarding safe drinking water and personal hygiene. Cases reported from Village/SC Masmano, CHC/ Block Bhandra. District RRT investigated the outbreak. House to house survey done. Out of 5 Under blood samples collected and sent to RIMS Ranchi;"
Jharkhand,Lohardaga,Measles,8,0,04-09-2019,30-09-2019,Under Control,"hygiene. Cases reported from Village/SC Masmano, CHC/ Block Bhandra. District RRT investigated the outbreak. House to house survey done. Out of 5 Under blood samples collected and sent to RIMS Ranchi; 00 04-09-19 30-09-19 1 sample was positive for Measles (IgM ELISA). All cases treated symptomatically. Vitamin A supplementation provided. Health education given regarding isolation of cases. 4|P a g e Cases of fever with chills reported from Village Bandusori, HSC Kenjra, CHC Tonto. District RRT investigated the outbreak. State and District Under NVBDCP officials were informed. House to house"
Jharkhand,West Singhbhum,Malaria,42,0,04-10-2019,06-10-2019,Under Control,"Cases of fever with chills reported from Village Bandusori, HSC Kenjra, CHC Tonto. District RRT investigated the outbreak. State and District Under NVBDCP officials were informed. House to house 04-10-19 06-10-19 survey done. Out of 123 blood sample collected; 42 samples were found positive Malaria (P falciparum) & 1 sample positive for P.vivax. All cases treated symptomatically. Source reduction activities undertaken. Health education given. Cases reported from Village Kalkamba, PHC/CHC Orvai, Taluk Ballari. District RRT investigated the outbreak. House to house survey done. 02 stool samples collected and sent to VIMS, Under Ballari; result awaited. Out of 04 water samples"
Karnataka,Ballari,Acute Diarrheal Disease,61,0,02-10-2019,05-10-2019,Under Control,"Cases reported from Village Kalkamba, PHC/CHC Orvai, Taluk Ballari. District RRT investigated the outbreak. House to house survey done. 02 stool samples collected and sent to VIMS, Under Ballari; result awaited. Out of 04 water samples 02-10-19 05-10-19 sent to DSU, Ballari; 01 water sample found unsatisfactory. All cases treated symptomatically. Halogen tablets and ORS packets were distributed in the community. IEC done regarding safe drinking water and personal hygiene. Cases reported from Village Nulenooru, PHC/CHC Dasoori, Taluk CN Halli. District RRT investigated the outbreak. State and District Under NVBDCP officials were informed. House to house"
Karnataka,Tumkur,Chikungunya,31,0,30-09-2019,01-10-2019,Under Control,"drinking water and personal hygiene. Cases reported from Village Nulenooru, PHC/CHC Dasoori, Taluk CN Halli. District RRT investigated the outbreak. State and District Under NVBDCP officials were informed. House to house 30-09-19 01-10-19 survey done. Out of 3 serum samples collected; 2 samples were positive for Chikungunya (IgM ELISA). All cases treated symptomatically. Source reduction activities undertaken. Health education given. A case reported from Village/Block/PHC Mattathur, SC Vellikulamgara. District RRT NVBDCP officials were informed. House to house Under survey done. Serum sample tested at ICMR"
Kerala,Thrissur,Kala Azar,1,0,02-10-2019,03-10-2019,Under Control,"A case reported from Village/Block/PHC Mattathur, SC Vellikulamgara. District RRT investigated the outbreak. State and District NVBDCP officials were informed. House to house Under survey done. Serum sample tested at ICMR 02-10-19 03-10-19 Alappuzha were positive for Leishmania by rK39 Rapid test. All cases treated symptomatically. Vector control measures were undertaken. Health education given regarding personal protection measures. 5|P a g e Cases reported from Village Kurhe Panache, SC Kurhe, PHC Varadsim, Block Bhusawal. District RRT investigated the outbreak. State and District Under survey done. All 4 serum samples collected and"
Maharashtra,Jalgaon,Dengue,42,1,27-09-2019,03-10-2019,Under Control,"Cases reported from Village Kurhe Panache, SC Kurhe, PHC Varadsim, Block Bhusawal. District RRT investigated the outbreak. State and District NVBDCP officials were informed. House to house Under survey done. All 4 serum samples collected and 7-09-19 03-10-19 sent to GMC Aurangabad; were positive for Dengue (IgM ELISA). All cases treated symptomatically. Entomological survey done. Fogging activity carried out in affected area. Source reduction activities undertaken. Health education given. Cases reported from Village Mentalav, PHC Umraan, Block Navapur. District RRT investigated the outbreak. State and District Under survey done. Out of 26 serum samples collected"
Maharashtra,Nandurbar,Dengue,26,0,30-09-2019,03-10-2019,Under Control,"Cases reported from Village Mentalav, PHC Umraan, Block Navapur. District RRT investigated the outbreak. State and District NVBDCP officials were informed. House to house Under survey done. Out of 26 serum samples collected 0-09-19 03-10-19 Civil Hospital; 2 samples were positive for Dengue. All cases treated symptomatically. Entomological survey done. Fogging activity carried out in affected area. Source reduction activities undertaken. Health education given. Cases reported from Mulshi Khurd, Aambavne. District RRT investigated the outbreak. House to Under house survey done. 06 water and 04 stool samples"
Maharashtra,Pune,Acute Diarrheal Disease,45,0,29-09-2019,04-10-2019,Under Control,"carried out in affected area. Source reduction activities undertaken. Health education given. Cases reported from Mulshi Khurd, Aambavne. District RRT investigated the outbreak. House to Under house survey done. 06 water and 04 stool samples 9-09-19 04-10-19 collected and result awaited. All cases treated symptomatically. IEC done regarding safe drinking water and personal hygiene. Cases reported from Village Amrai (Borkheda), SHC Pipariyakurda, Block Kesla. District RRT investigated the outbreak. Active search for cases Under done. Cases consumed mid-day meal and"
Madhya Pradesh,Hoshangabad,Food Poisoning,16,0,26-09-2019,04-10-2019,Under Control,"drinking water and personal hygiene. Cases reported from Village Amrai (Borkheda), SHC Pipariyakurda, Block Kesla. District RRT investigated the outbreak. Active search for cases Under done. Cases consumed mid-day meal and 6-09-19 04-10-19 presented with symptoms of vomiting and loose motion. Medical camp organized and cases treated symptomatically. Health education given regarding food hygiene and sanitation. Cases reported from Imphal East, District RRT investigated the outbreak. State and District Under NVBDCP officials were informed. House to house"
Manipur,Imphal East,Dengue,14,0,01-10-2019,06-10-2019,Under Control,"symptomatically. Health education given regarding food hygiene and sanitation. Cases reported from Imphal East, District RRT investigated the outbreak. State and District Under NVBDCP officials were informed. House to house 1-10-19 06-10-19 survey done. Out of 34 blood samples collected and sent to RIMS & SRL JMINS; 6 samples were positive or Dengue (IgM ELISA). All cases treated symptomatically. Health education given. 6|P a g e Cases reported from West, Churachandpur, Kakching, Senapati & Bishnupur. District RRT Under investigated the outbreak. House to house survey"
Manipur,Kakching,Scrub Typhus,14,0,01-10-2019,06-10-2019,Under Surveillance,"6|P a g e Cases reported from West, Churachandpur, Kakching, Senapati & Bishnupur. District RRT Under investigated the outbreak. House to house survey 01-10-19 06-10-19 done. Out of 34 blood samples collected and sent to RIMS for 06 found positive for Scrub Typhus. All cases treated symptomatically. Health education given. Cases reported from Village Maubuang, Block Aibawk. District RRT investigated the outbreak. Active search for cases done. Cases consumed Under food in social ceremony and presented with"
Mizoram,Aizwal West,Food Poisoning,24,0,26-08-2019,03-10-2019,Under Control,"education given. Cases reported from Village Maubuang, Block Aibawk. District RRT investigated the outbreak. Active search for cases done. Cases consumed Under food in social ceremony and presented with 26-08-19 03-10-19 symptoms of vomiting and loose motion. Cases treated symptomatically. ORS packets distributed in the affected area. Health education given regarding food hygiene and sanitation. Cases reported from Village Laxmipur, SC Belkhandi, CHC Kalahandi. District RRT investigated the outbreak. House to house survey done. 3 water samples collected from different Under"
Odisha,Kalahandi,Acute Diarrheal Disease,32,1,30-09-2019,03-10-2019,Under Control,"Cases reported from Village Laxmipur, SC Belkhandi, CHC Kalahandi. District RRT investigated the outbreak. House to house survey done. 3 water samples collected from different Under 30-09-19 03-10-19 water sources and 5 rectal swab samples collected and sent to DPHL, Kalahand; result awaited. Halogen tablets and ORS packets were distributed in the community. IEC done regarding safe drinking water and personal hygiene. Cases reported from Village/GP/SC Chikarada, CHC Keluapalli, Block, Rangeilunda. District RRT investigated the outbreak. House to house survey done. Bore well water stored in the overhead tank was supplied to the community. The affected area received heavy rainfall and"
Odisha,Ganjam,Acute Diarrheal Disease,113,0,28-09-2019,01-10-2019,Under Control,"RRT investigated the outbreak. House to house survey done. Bore well water stored in the overhead tank was supplied to the community. The affected area received heavy rainfall and Under 28-09-19 01-10-19 contaminated the bore well water. 05 rectal swab and 03 water samples collected and sent to MKCF MCH, Berhampur; result awaited. All cases treated symptomatically. Halogen tablets and ORS packets were distributed in the community. IEC done regarding safe drinking water and personal hygiene. 7|P a g e Cases reported from several areas Gorimedu, Lawspet, Oulgaret and Moolakulam, Block Puducherry. District RRT investigated the outbreak. State and District NVBDCP officials Under were informed. House to house survey done. Out"
Puducherry,Kariakal,Dengue,79,1,30-09-2019,30-09-2019,Under Surveillance,"Cases reported from several areas Gorimedu, Lawspet, Oulgaret and Moolakulam, Block Puducherry. District RRT investigated the outbreak. State and District NVBDCP officials Under were informed. House to house survey done. Out 09-19 30-09-19 of 259 NSI Ag & 119 IgM samples processed at DPHL Puducherry; 21 found positive for Dengue; 10 NSI Ag and IgM and 01 for both. All cases treated symptomatically. Source reduction activities undertaken. Health education given. Cases reported from Village West Sanarapalayam, PHC P. Kasipalayam, SC Vaipadi. District RRT Under investigated the outbreak. House to house survey"
Tamil Nadu,Erode,Typhoid,24,0,26-09-2019,30-09-2019,Under Control,"treated symptomatically. Source reduction activities undertaken. Health education given. Cases reported from Village West Sanarapalayam, PHC P. Kasipalayam, SC Vaipadi. District RRT Under investigated the outbreak. House to house survey 09-19 30-09-19 done. 04 serum samples collected and sent to DPHL Erode; 03 samples found positive for Typhiod. All cases treated symptomatically. Health education given. Cases reported from SC GG Huts Colony, PHC Ramachandrapuram. District RRT investigated the outbreak. State and District NVBDCP officials Under were informed. House to house survey done. Out"
Telangana,Sangareddy,Dengue,52,0,30-09-2019,01-10-2019,Under Control,"Health education given. Cases reported from SC GG Huts Colony, PHC Ramachandrapuram. District RRT investigated the outbreak. State and District NVBDCP officials Under were informed. House to house survey done. Out 09-19 01-10-19 of 52 blood samples collected and sent to IPM- IDSP; 4 serum samples were positive for Dengue (IgM ELISA). All cases treated symptomatically. Source reduction activities undertaken. Health education given. Cases reported from Village Amethi Kohna, Block Baron. District RRT investigated the outbreak. State and District NVBDCP officials were Under informed. House to house survey done. Out of 21"
Uttar Pradesh,Farrukhabad,Dengue,29,0,28-09-2019,01-10-2019,Under Control,"education given. Cases reported from Village Amethi Kohna, Block Baron. District RRT investigated the outbreak. State and District NVBDCP officials were Under informed. House to house survey done. Out of 21 09-19 01-10-19 blood samples collected and sent to SSH Lab Saharanpur; result awaited. All cases treated symptomatically. Source reduction activities undertaken. Health education given. 8|P a g e Cases reported from Villages Behra Sandal Sing, Hareti and Baroli, Khari Bans, Ambehta Moahan, CHC Muzaffrabad, Nakur, Nanauta, Block Muzaffrabad, Nakur, Nanauta. District RRT Under investigated the outbreak. State and District"
Uttar Pradesh,Saharanpur,Dengue,21,0,01-10-2019,01-10-2019,Under Surveillance,"Cases reported from Villages Behra Sandal Sing, Hareti and Baroli, Khari Bans, Ambehta Moahan, CHC Muzaffrabad, Nakur, Nanauta, Block Muzaffrabad, Nakur, Nanauta. District RRT Under investigated the outbreak. State and District 01-10-19 NVBDCP officials were informed. House to house survey done. Out of 33 blood samples collected and sent to SSH Lab Saharanpur; result awaited. All cases treated symptomatically. Source reduction activities undertaken. Health education given. 9|P a g e Date of No. of No. of Current Cases Deaths Status Outbreak Cases reported from Nagar Panchayat Konta. District RRT investigated the outbreak. District RRT investigated the Under outbreak. State and District NVBDCP officials were informed."
Chhattisgarh,Sukma,Dengue,54,0,16-09-2019,,Under Surveillance,"Cases Deaths Status Outbreak Cases reported from Nagar Panchayat Konta. District RRT investigated the outbreak. District RRT investigated the Under outbreak. State and District NVBDCP officials were informed. 54 00 16-09-19 House to house survey done. Serum samples collected; result awaited. All cases treated symptomatically. Entomological survey done. Source reduction activity and fogging done in the affected area. Health education given. Cases reported from urban area of CHC Chas (Sector-8 & Co- Operative Colony), Block Chas. District RRT investigated the Under outbreak. State and District NVBDCP officials were informed."
Jharkhand,Bokaro,Dengue,8,0,04-09-2019,,Under Control,"survey done. Source reduction activity and fogging done in the affected area. Health education given. Cases reported from urban area of CHC Chas (Sector-8 & Co- Operative Colony), Block Chas. District RRT investigated the Under outbreak. State and District NVBDCP officials were informed. 08 00 04-09-19 House to house survey done. Serum samples collected; result awaited. All cases treated symptomatically. Entomological Cases reported from Village Rekulgi, PHC/CHC Ranjol Kheni, Taluk Bidar. District RRT investigated the outbreak. State and Under District NVBDCP officials were informed. House to house"
Karnataka,Bidar,Chikungunya,44,0,15-09-2019,,Under Control,"survey done. Source reduction activity and fogging done in the affected area. Health education given. Cases reported from Village Rekulgi, PHC/CHC Ranjol Kheni, Taluk Bidar. District RRT investigated the outbreak. State and Under District NVBDCP officials were informed. House to house 44 00 15-09-19 survey done. Out of 6 serum samples collected; 3 samples were positive for Chikungunya (IgM ELISA). All cases treated symptomatically. Source reduction activities undertaken. Health education given. Cases reported from Boys hostel, MGM College of Science and Under Technology, Block/PHC Pampakuda. District RRT"
Kerala,Ernakulam,Chickenpox,16,0,20-09-2019,,Under Control,"positive for Chikungunya (IgM ELISA). All cases treated symptomatically. Source reduction activities undertaken. Health education given. Cases reported from Boys hostel, MGM College of Science and Under Technology, Block/PHC Pampakuda. District RRT 16 00 20-09-19 investigated the outbreak. House to house survey done. All cases treated symptomatically. Health education given. Cases reported from Umsning, Barapani Nongsder, NERIE Hostel. District RRT investigated the outbreak. House to house survey done. Out of 03 stool samples collected and sent to Under"
Meghalaya,RI-Bhoi,Acute Diarrheal Disease,17,0,17-09-2019,,Under Control,"cases treated symptomatically. Health education given. Cases reported from Umsning, Barapani Nongsder, NERIE Hostel. District RRT investigated the outbreak. House to house survey done. Out of 03 stool samples collected and sent to Under 17 00 17-09-19 ICMR Dibrugarh; 1 sample showed growth of Norovirus G-1. All cases treated symptomatically. Halogen tablets and ORS packets were distributed in the community. IEC done regarding safe drinking water and personal hygiene. 10 | P a g e Cases reported from Village Saidapur, PHC Kokarda, Block Anjangaon Surji. District RRT investigated the outbreak. State and District NVBDCP officials were informed. House to house Under survey done. Out of 4 serum samples collected and sent to"
Maharashtra,Amravati,Dengue & Chikungunya,4,0,25-09-2019,,Under Control,"Cases reported from Village Saidapur, PHC Kokarda, Block Anjangaon Surji. District RRT investigated the outbreak. State and District NVBDCP officials were informed. House to house Under survey done. Out of 4 serum samples collected and sent to 25-09-19 DPHL Akola; 3 samples were positive for both Dengue and Chikungunya (IgM ELISA). All cases treated symptomatically. Source reduction activities undertaken. Health education given. Cases reported from Village Chintupada, SC Mahim, PHC Under Kelwa Mahim, Block Palghar. District RRT investigated the"
Maharashtra,Palaghar,Leptospirosis,1,1,25-09-2019,,Under Control,"Chikungunya (IgM ELISA). All cases treated symptomatically. Source reduction activities undertaken. Health education given. Cases reported from Village Chintupada, SC Mahim, PHC Under Kelwa Mahim, Block Palghar. District RRT investigated the 25-09-19 outbreak. House to house survey done. 1 serum samples collected was positive for Leptospirosis (IgM ELISA). One death occurred in 49 yr old male. Health education given. Cases reported from several areas in Block Haveli, Linikarbhor Manjri, Keshavnagar. District RRT investigated the outbreak. Under State and District NVBDCP officials were informed. House to"
Maharashtra,Pune,Dengue,82,0,03-08-2019,,Under Surveillance,"collected was positive for Leptospirosis (IgM ELISA). One death occurred in 49 yr old male. Health education given. Cases reported from several areas in Block Haveli, Linikarbhor Manjri, Keshavnagar. District RRT investigated the outbreak. Under State and District NVBDCP officials were informed. House to 03-08-19 house survey done.14 serum samples, were positive for Dengue (IgM ELISA) tested at NIV Pune. All cases treated symptomatically. Source reduction activities undertaken. Health education given. Cases reported from Village Gharsana, Luniya. District RRT investigated the outbreak. Cases consumed raw cow milk and presented symptoms of fever with night sweat and joint paint. Under 03 blood samples collected and sent to PBM, Bikaner; result"
Rajasthan,Ganganagar,Brucellosis,3,0,25-09-2019,,Under Control,"Health education given. Cases reported from Village Gharsana, Luniya. District RRT investigated the outbreak. Cases consumed raw cow milk and presented symptoms of fever with night sweat and joint paint. Under 03 blood samples collected and sent to PBM, Bikaner; result 25-09-19 awaited. 5 blood samples collected from cattle and sent to Animal Husbandry Department; result awaited. Awareness campaign organized by Animal Husbandry Department. Vaccination of cattles done. All cases treated. Health education given. Cases reported from Village Dihikalas Suripukur, GP Dihikalash, Block Magrahat-II. District RRT investigated the outbreak. House to house survey done. 2 Water sample Under"
West Bengal,South,Acute Diarrheal Disease,59,0,20-09-2019,,Under Control,"given. Cases reported from Village Dihikalas Suripukur, GP Dihikalash, Block Magrahat-II. District RRT investigated the outbreak. House to house survey done. 2 Water sample Under 20-09-19 collected and sent to Kensily Azad Water Testing Lab and 01 stool sample sent to SSKM Lab; the stool sample was negative for cholera culture and water sample was non potable. All cases treated symptomatically. Health education given. 11 | P a g e Date of o. of No. of Current ases Deaths Status Outbreak A total of 28 cases and 1 death was reported from Village/SC Shahpur, PHC Noorpur, Block Ambala. District RRT investigated the outbreak. Further 25 cases were reported in the Under 40th week. House to house survey done. Out of 7 stool samples"
AN,d Nicobar Andaman,Acute Diarrhoeal Disease,30,0,09-10-2019,11-10-2019,Under Control,"Deaths Reporting Status Outbreak Cases reported from G.B. Pant Hospital, Port Blair. District RRT investigated the outbreak. A Under total of 26 male and 04 female were affected. All 00 09-10-19 11-10-19 cases gave history of consumption of food from common mess. All cases were treated symptomatically. Health education given. Cases reported from Block Wakro. District RRT Under investigated the outbreak. Cases gave history of"
Arunachal Pradesh,Lohit,Food Poisoning,16,0,04-10-2019,10-10-2019,Under Control,"cases gave history of consumption of food from common mess. All cases were treated symptomatically. Health education given. Cases reported from Block Wakro. District RRT Under investigated the outbreak. Cases gave history of 00 04-10-19 10-10-19 consumption of meat in a religious ceremony. All cases were treated symptomatically. Health education given. Cases reported from Thakurdoloni, SC Bholabori, BPHC Dhalpur. District RRT investigated the outbreak. Cases presented with loose stools, vomiting and pain abdomen. Cases gave history of consumption of food in a religious ceremony. Under Water sample collected and found unfit. A total"
Assam,Lakhimpur,Food Poisoning,45,0,11-10-2019,11-10-2019,Under Control,"BPHC Dhalpur. District RRT investigated the outbreak. Cases presented with loose stools, vomiting and pain abdomen. Cases gave history of consumption of food in a religious ceremony. Under Water sample collected and found unfit. A total 00 11-10-19 11-10-19 of 02 food samples were collected and sent to Food Analysis, Govt of Assam, result awaited. All cases were treated symptomatically. House to house survey done. Health education given on personal hygiene and cleanliness. Awareness camp organized in the affected area. Cases reported from Village Keasai, HSC Kasai, PHC Sadar, Block Sadar. District RRT investigated the outbreak. Cases presented with loose stools and vomiting. Contaminated water Under"
Bihar,Jahanabad,Acute Diarrheal Disease,9,0,06-10-2019,07-10-2019,Under Control,"Cases reported from Village Keasai, HSC Kasai, PHC Sadar, Block Sadar. District RRT investigated the outbreak. Cases presented with loose stools and vomiting. Contaminated water Under 00 06-10-19 07-10-19 and food might be the source of infection. Lab samples collected and result awaited. All cases were treated symptomatically. ORS packets and halogen tablets distributed. Health education given. Cases reported from PHC Pattarghat, Dhabouli Ward No. 1, Block Pattarghat. District RRT"
Bihar,Saharsa,Acute Diarrheal Disease,8,0,11-10-2019,13-10-2019,Under Control,"halogen tablets distributed. Health education given. Cases reported from PHC Pattarghat, Dhabouli Ward No. 1, Block Pattarghat. District RRT Under 00 11-10-19 13-10-19 investigated the outbreak. The source of infection was contaminated water. All cases were treated symptomatically. Health education given. Cases reported from SC Pokla, Charid, Khunti Jantay, Sirum, Khunti Balsingrah, Rania, Rania, Khunti Konwa, Binda Murhu, Khunti. District RRT investigated the outbreak. State and District Under NVBDCP officials informed.Cases presented"
Jharkhand,Khunti,Dengue,7,0,12-10-2019,12-10-2019,Under Control,"Cases reported from SC Pokla, Charid, Khunti Jantay, Sirum, Khunti Balsingrah, Rania, Rania, Khunti Konwa, Binda Murhu, Khunti. District RRT investigated the outbreak. State and District Under NVBDCP officials informed.Cases presented 12-10-19 12-10-19 with fever, body ache and headache. A total of 07 blood samples were collected and tested at RIMS, Ranchi; all were found positive for Dengue by IgM ELISA. All cases were treated symptomatically. Health education given. Cases reported from CHC Mawiong Umjapung, Block Mylliem. District RRT investigated the outbreak. Cases presented with vomiting, diarrhea Under and abdominal pain. Cases were distributed"
Meghalaya,East Khasi Hills,Food Poisoning,8,0,07-10-2019,09-10-2019,Under Control,"symptomatically. Health education given. Cases reported from CHC Mawiong Umjapung, Block Mylliem. District RRT investigated the outbreak. Cases presented with vomiting, diarrhea Under and abdominal pain. Cases were distributed 07-10-19 09-10-19 across all age groups. Cases gave history of consumption of food in a religious gathering. The median incubation period was 03 hours. All cases were treated symptomatically. Health education given. Cases reported from Village Kanji Jharan, CHC Lakhanpur Jharsuguda. District RRT investigated the outbreak. The probable source of infection was contaminated water. A total of 03 rectal Under"
Odisha,Jharsuguda,Acute Diarrheal Disease,23,0,13-10-2019,15-10-2019,Under Control,"Cases reported from Village Kanji Jharan, CHC Lakhanpur Jharsuguda. District RRT investigated the outbreak. The probable source of infection was contaminated water. A total of 03 rectal Under 13-10-19 15-10-19 swabs and 02 samples collected tested at DPHL Jharsuguda; 02 rectal swab Shigella isolated and both water samples were reported as potable. All cases were treated symptomatically. Health education given. Cases reported from Increased incidence in Lawspet PHC area Oulgaret Block Puducherry PHC Nedungadu, Kottucherry, Nallambal, Vizhidiyur, UFWC Karaikal, CHC Thirunallar. Under District RRT investigated the outbreak. State and"
Puducherry,Puduchchery Karaikal,Dengue,78,0,07-10-2019,07-10-2019,Under Control,"Cases reported from Increased incidence in Lawspet PHC area Oulgaret Block Puducherry PHC Nedungadu, Kottucherry, Nallambal, Vizhidiyur, UFWC Karaikal, CHC Thirunallar. Under District RRT investigated the outbreak. State and 07-10-19 07-10-19 District NVBDCP officials informed. Active case search done. A total of 231 samples collected and tested at IDSP District Model lab, GH Karaikal; 17 were positive for Dengue NS1 by Rapid test and 1 positive for Dengue IgM ELISA. All cases were treated symptomatically. Health education given. Cases reported from Purba Bardhaman Ausgram- 1 Guskara-2 Shibdey Bagdipara. District RRT investigated the outbreak. A total of 04 rectal Under swab collected and tested at BMC&H. A total of"
West Bengal,Burdwan,Diarrhoeal Disease,23,0,13-10-2019,14-10-2019,Under Control,"Cases reported from Purba Bardhaman Ausgram- 1 Guskara-2 Shibdey Bagdipara. District RRT investigated the outbreak. A total of 04 rectal Under swab collected and tested at BMC&H. A total of 23 00 13-10-19 14-10-19 02 water samples collected and tested at PHE Lab, result awaited. All cases were treated symptomatically. ORS and halazone tablets were distributed. Health education given. Date of o. of No. of Current ases Deaths Status Outbreak Cases reported from Yimar Riba Memorial School, Padi, PHC Under Daring, Circle- Daring. District RRT investigated the"
Arunachal Pradesh,Lepa Rada,Suspected Pertussis,8,0,24-09-2019,,Under Control,"ases Deaths Status Outbreak Cases reported from Yimar Riba Memorial School, Padi, PHC Under Daring, Circle- Daring. District RRT investigated the 08 00 24-09-19 outbreak. Low coverage of vaccination was observed in the area. All cases were treated symptomatically. Health education given on hand hygiene, importance of vaccination. Cases reported from Village Chamuapara & Pariapara, SC Chamuapara, BPHC Jaljali, Darrang. District RRT investigated the outbreak. Cases were distributed across all age groups; 22 were men and 34 were women. Cases gave Under history of consumption of food at a religious gathering. A"
Assam,Darrang Food,Food Poisoning,46,0,04-10-2019,,Under Control,"Cases reported from Village Chamuapara & Pariapara, SC Chamuapara, BPHC Jaljali, Darrang. District RRT investigated the outbreak. Cases were distributed across all age groups; 22 were men and 34 were women. Cases gave Under history of consumption of food at a religious gathering. A 46 00 04-10-19 total of 05 rectal swab samples collected and tested at Civil Hospital Mangaldai, E coli growth seen. A single water collected and reported as satisfactory. Food samples collected; result awaited. All cases were treated symptomatically. Active case search done. Health education given. Cases reported from Silout Badhyanath Muzaffarpur, HSC Harishankar Maniyari, UPHC/Block Kundhani. District RRT investigated the outbreak. Cases presented with loose stools Under"
Bihar,Muzaffarpur,Diarrheal Disease,6,1,04-10-2019,,Under Control,"case search done. Health education given. Cases reported from Silout Badhyanath Muzaffarpur, HSC Harishankar Maniyari, UPHC/Block Kundhani. District RRT investigated the outbreak. Cases presented with loose stools Under 06 01 04-10-19 and vomiting. The deceased was a 14 year old male. Poor sanitary and socio-economic conditions observed in the affected area. All cases were treated symptomatically. Health education given on personal hygiene and cleanliness. Case reported from Village Sandhkhakhara, SC Shivendranagar, PHC Mangadh, Block Gariyadhar. District RRT investigated the outbreak. Case presented with mild fever and nausea. A single human sample and 05 animal samples were collected and tested at NIV Pune; human Under sample found positive for CCHF. Animal sample result"
Gujarat,Bhavnagar,Fever,1,0,25-09-2019,,Under Control,"Shivendranagar, PHC Mangadh, Block Gariyadhar. District RRT investigated the outbreak. Case presented with mild fever and nausea. A single human sample and 05 animal samples were collected and tested at NIV Pune; human Under sample found positive for CCHF. Animal sample result 09-19 awaited. Indoor Malathion + lime powder dusting done in the affected area. Animal husbandry department has taken necessary action for containment. ICDP store has been made functional in the affected area for providing insecticides for tick control by Animal husbandry department. Case was treated symptomatically. Health education given. Cases reported from various districts of Jammu Division. District RRT investigated the outbreak. State and District NVBDCP officials informed. Door to door survey conducted. A total of 1873 blood samples were received at Sentinel site or Dengue test and result 435 samples were"
Jammu and Kashmir,Jammu And,Dengue,435,0,02-08-2019,,Under Surveillance,"Cases reported from various districts of Jammu Division. District RRT investigated the outbreak. State and District NVBDCP officials informed. Door to door survey conducted. A total of 1873 blood samples were received at Sentinel site or Dengue test and result 435 samples were 08-19 Dengue positive by IgM ELISA. Potential breeding sites identified and source reduction activities undertaken.. All cases were treated symptomatically. Fogging/ Spraying done in the affected area. Health education given on protection from mosquito bites and reduction of breeding sites. Cases reported from SC Ranidih, CHC Deori, Block Deori. District RRT investigated the outbreak. Cases presented with Under vomiting and loose stools. Throat swab collected and tested at"
Jharkhand,Giridh,Acute Diarrheal Disease,15,0,22-08-2019,,Under Control,"in the affected area. Health education given on protection from mosquito bites and reduction of breeding sites. Cases reported from SC Ranidih, CHC Deori, Block Deori. District RRT investigated the outbreak. Cases presented with Under vomiting and loose stools. Throat swab collected and tested at 08-19 BMCRI was reported as dry swab, repat swab could not be collected. All cases were treated symptomatically. Health education given. Case reported from Village Rajakatti, PHC Islampur, Block Hukkeri. District RRT investigated the outbreak. Deceased Under was a 3 year old girl presented with fever, sore throat and"
Karnataka,Belagavi,Diphtheria,1,1,17-09-2019,,Under Control,"collected. All cases were treated symptomatically. Health education given. Case reported from Village Rajakatti, PHC Islampur, Block Hukkeri. District RRT investigated the outbreak. Deceased Under was a 3 year old girl presented with fever, sore throat and 09-19 grayish membrane on throat. Throat swab sample collected was reported as dry swab; repeat swab could not be collected. Contacts identified and prophylaxis given. Health education given. Cases reported from Village Vantamuri Colony, PHC Vantamuri, Block Belagavi District RRT investigated the outbreak. State and District NVBDCP officials informed. Fever and larval survey conducted in the affected area. A total Under of 03 samples were collected and tested at DSU, Belagavi; 02"
Karnataka,Belagavi,Dengue,3,1,17-09-2019,,Under Control,"Cases reported from Village Vantamuri Colony, PHC Vantamuri, Block Belagavi District RRT investigated the outbreak. State and District NVBDCP officials informed. Fever and larval survey conducted in the affected area. A total Under of 03 samples were collected and tested at DSU, Belagavi; 02 09-19 were positive for Dengue by IgM ELISA. All cases were treated symptomatically. Entomological survey revealed HI 38, CI 7 and BI 52.2. Larvicides applied at indoor and outdoor breeding sites. Health education given on protection from mosquito bite. Cases reported from Village Chandori, SC Bhilewada, PHC Dhargaon, Block Bhandara. District RRT investigated the outbreak. The deceased was a 7 year old boy, he presented with high grade fever, convulsions and loose stools. The boy belonged low socio economic family. Cases presented with fever and loose motion. A total of 15 blood smears collected Under and were negative for Malaria A total of 04 samples collected"
Maharashtra,Bhandara Encephalitis,Acute Encephalitis Syndrome,4,1,03-07-2019,,Under Control,"outbreak. The deceased was a 7 year old boy, he presented with high grade fever, convulsions and loose stools. The boy belonged low socio economic family. Cases presented with fever and loose motion. A total of 15 blood smears collected Under and were negative for Malaria A total of 04 samples collected 07-19 and tested at IGMC, Nagpur; all were negative for Japanese Encephalitis. All cases were treated symptomatically. Mass fever survey conducted in the affected area. Fogging done in the affected area. Entomological indices revealed – HI 5.6%, Bi 6.66%, CT 2.8%. Health education given on sanitation and vector borne diseases. State and District NVBDCP officials informed. Cases reported from Village Khamgaon Chhatra, SC Ranjane, PHC Karanjawane, Block Velhe. District RRT investigated Under the outbreak. House to house survey conducted. A total of 04"
Maharashtra,Pune,Dengue,2,0,08-08-2019,,Under Control,"vector borne diseases. State and District NVBDCP officials informed. Cases reported from Village Khamgaon Chhatra, SC Ranjane, PHC Karanjawane, Block Velhe. District RRT investigated Under the outbreak. House to house survey conducted. A total of 04 08-19 serum samples collected and sent to NIV, Pune and 02 samples were positive for Dengue by IgM ELISA. All cases were treated symptomatically. Health education given. State and District NVBDCP officials informed. Cases reported from Village Borgaon, Shegaon, Sni, Manerajuri, SC Borgaon, Shegaon, Soni, Manerajuri, PHC Borgaon, Shegaon, Bhose, Manerajuri, Block Walwa, Jath, Miraj, Tasgaon. District RRT investigated the outbreak. State and District NVBDCP officials informed. Daily case and container survey being carried out. The"
Maharashtra,Sangli,Dengue,33,2,13-09-2019,,Under Control,"Manerajuri, SC Borgaon, Shegaon, Soni, Manerajuri, PHC Borgaon, Shegaon, Bhose, Manerajuri, Block Walwa, Jath, Miraj, Tasgaon. District RRT investigated the outbreak. State and District NVBDCP officials informed. Daily case and container survey being carried out. The 09-19 deceased were 23y/F and 11y/F. A total of 17 samples collected and tested at Sentinel Laboratory Govt Medical College Miraj; 11 were positive for Dengue by IgM ELISA. All cases were treated symptomatically. Fogging done, Anti adult and larval measures undertaken. Weekly once dry day being followed. Health education given. Cases reported from Village/SC Chaan, CHC Bahranda Khurd, Block Khandar. District RRT investigated the outbreak. Fever and larval survey conducted in the area. A total of 28 blood samples were collected and 11 positive for Dengue NS1 ELISA, 03 Chikuingunya 01 for Scrub Typhus. A total of 15 throat swab samples collected and 03 were positive for Croynebacterium. A total of 570 blood slides Under sample collected and 02 samples positive for Plasmodium"
Rajasthan,Sawai Madhopur,Fever,1053,0,18-09-2019,,Under Surveillance,"total of 28 blood samples were collected and 11 positive for Dengue NS1 ELISA, 03 Chikuingunya 01 for Scrub Typhus. A total of 15 throat swab samples collected and 03 were positive for Croynebacterium. A total of 570 blood slides Under sample collected and 02 samples positive for Plasmodium vivax and 03 were positive for Plasmodium vivax by RDT. A total of 05 swab samples collected and sent to CMC Vellore for confirmation, result awaited and 38 blood slides collected for cross verification at SRD, Jaipur. All cases were treated symptomatically. Diphtheria cases shifted to isolation ward at District Hospital. Immunization session conducted in the affected area. Entomological survey revealed HI 35, BI 52 Health education given."
Assam,Jorhat,Food Poisoning,86,0,17-10-2019,18-10-2019,Under Control,"Outbreak Cases reported from Village Bhekeli Gaon, SC Dhodang, BPHC Kamalabari. District RRT investigated the outbreak. Active search for cases Under done. Cases consumed food (chana) in a social 00 17-10-19 18-10-19 ceremony and presented symptoms of vomiting and loose motion. 5 stool and 2 water samples collected. Food samples collected. All cases treated symptomatically. Health education given regarding food hygiene and sanitation. Cases reported from PHC Sanhaulla. District RRT investigated the outbreak. House to house survey done. 04 water samples collected. All cases treated Under"
Bihar,Bhagalpur,Acute Diarrheal Disease,13,3,13-10-2019,17-10-2019,Under Control,"regarding food hygiene and sanitation. Cases reported from PHC Sanhaulla. District RRT investigated the outbreak. House to house survey done. 04 water samples collected. All cases treated Under 03 13-10-19 17-10-19 symptomatically. ORS packets and chlorine tablets were distributed in the community. IEC done regarding safe drinking water and personal hygiene. Cases reported from Village Raja Bazar Babhana Gaurakshni, UPHC Erki and Ramgarh, Block Jehanabad. District RRT investigated the outbreak. Under State and District NVBDCP officials were"
Bihar,Jahanabad,Dengue,5,0,10-10-2019,18-10-2019,Under Control,"hygiene. Cases reported from Village Raja Bazar Babhana Gaurakshni, UPHC Erki and Ramgarh, Block Jehanabad. District RRT investigated the outbreak. Under State and District NVBDCP officials were 00 10-10-19 18-10-19 informed. House to house fever survey done. 5 blood sample collected and sent to PMCH Patna; were positive for Dengue (IgM ELISA). All cases treated symptomatically. Source reduction activities undertaken. Health education given. Cases reported from SC Health center, Dhumarkholi CHC Kusmi, PHC Sabag. District Under RRT investigated the outbreak. All cases treated"
Chhattisgarh,Balrampur,Acute Diarrheal Disease,3,1,11-10-2019,15-10-2019,Under Control,"treated symptomatically. Source reduction activities undertaken. Health education given. Cases reported from SC Health center, Dhumarkholi CHC Kusmi, PHC Sabag. District Under RRT investigated the outbreak. All cases treated 01 11-10-19 15-10-19 symptomatically. Halogen tablets and ORS packets were distributed in the community. IEC done regarding sanitation and personal hygiene. Cases reported from Village Kamrai, SC Kamrai, Block Dharamjaigarh. District RRT investigated the outbreak. House to house survey done. All Under"
Chhattisgarh,Raigarh,Acute Diarrheal Disease,13,0,10-10-2019,18-10-2019,Under Control,"done regarding sanitation and personal hygiene. Cases reported from Village Kamrai, SC Kamrai, Block Dharamjaigarh. District RRT investigated the outbreak. House to house survey done. All Under 00 10-10-19 18-10-19 cases treated symptomatically. Halogen tablets and ORS packets were distributed in the community. IEC done regarding sanitation and personal hygiene. Cases reported from Village/SC Ranasan, PHC Pilwai, Block Vijapur. District RRT investigated the outbreak. House to house survey done. Stool samples collected. All cases treated"
Gujarat,Mahesana,Diarrheal Disease,250,0,15-10-2019,17-10-2019,Under Control,"Cases reported from Village/SC Ranasan, PHC Pilwai, Block Vijapur. District RRT investigated the outbreak. House to house survey done. Stool samples collected. All cases treated Under -19 17-10-19 symptomatically. Halogen tablets and ORS packets were distributed in the community. Chlorination of water sources done. IEC done regarding safe drinking water and personal hygiene. Cases reported from Village/PHC Karcheliya, Block Mahuva. District RRT investigated the outbreak. House to house survey done. 4 stool samples collected and sent to New Civil Hospital were negative for enteropathogens. Out of 9 water Under samples collected and sent to New Civil Hospital,"
Gujarat,Surat,Diarrheal Disease,88,0,17-10-2019,19-10-2019,Under Control,"Block Mahuva. District RRT investigated the outbreak. House to house survey done. 4 stool samples collected and sent to New Civil Hospital were negative for enteropathogens. Out of 9 water Under samples collected and sent to New Civil Hospital, -19 19-10-19 6 samples were not potable. All cases treated symptomatically. Halogen tablets and ORS packets were distributed in the community. Chlorination of water sources done. IEC done regarding safe drinking water and personal hygiene. Cases reported from Village Hussaini, PHC Ambli, Block Naraingarh. District RRT investigated the outbreak. State and District Under NVBDCP officials were informed. House to house"
Haryana,Ambala,Dengue,60,2,18-10-2019,20-10-2019,Under Control,"hygiene. Cases reported from Village Hussaini, PHC Ambli, Block Naraingarh. District RRT investigated the outbreak. State and District Under NVBDCP officials were informed. House to house -19 20-10-19 survey done. Out of 150 blood samples were collected and sent to DPHL Ambala; 60 samples were positive for Dengue (IgM ELISA). All cases treated symptomatically. Source reduction activities undertaken. Health education given. Cases reported from Village Harmoo Upper Toli, SC Juria, CHC Sadar, Block Lohardaga. District Under RRT investigated the outbreak. House to house"
Jharkhand,Lohardaga,Measles,15,0,17-10-2019,17-10-2019,Under Surveillance,"treated symptomatically. Source reduction activities undertaken. Health education given. Cases reported from Village Harmoo Upper Toli, SC Juria, CHC Sadar, Block Lohardaga. District Under RRT investigated the outbreak. House to house -19 17-10-19 fever survey done. 5 blood samples collected and sent to RIMS, Ranchi. All cases treated symptomatically. Health education given. Case reported from Village Poddardih Kukru, CHC Ichagarh. District RRT investigated the Under outbreak. Blood sample collected and sent to"
Jharkhand,Saraikela,Japanese Encephalitis,1,1,14-10-2019,19-10-2019,Under Control,"sent to RIMS, Ranchi. All cases treated symptomatically. Health education given. Case reported from Village Poddardih Kukru, CHC Ichagarh. District RRT investigated the Under outbreak. Blood sample collected and sent to -19 19-10-19 MGM Hospital Jamshedpur, was positive for JE (IgM ELISA). All cases treated. Health education given. Cases reported from Village Harijan Basti Sini, CHC Seraikella. District RRT investigate the outbreak. House to house survey done. 03 stool and 02 water samples collected and sent to MGM Under"
Jharkhand,Saraikela,Acute Diarrheal Disease,35,0,18-10-2019,19-10-2019,Under Control,"Cases reported from Village Harijan Basti Sini, CHC Seraikella. District RRT investigate the outbreak. House to house survey done. 03 stool and 02 water samples collected and sent to MGM Under 19 19-10-19 Hospital Jamshedpur. All cases treated symptomatically. Halogen tablets and ORS packets were distributed in the community. IEC done regarding safe drinking water and personal hygiene. Cases reported from Village Kud & Dogra, PHC Kud, Block Chenani. District RRT investigated the outbreak. House to house survey done. 7 blood Under sample collected and sent to Department of"
Jammu and Kashmir,Udhampur,Jaundice,26,0,18-09-2019,19-10-2019,Under Control,"hygiene. Cases reported from Village Kud & Dogra, PHC Kud, Block Chenani. District RRT investigated the outbreak. House to house survey done. 7 blood Under sample collected and sent to Department of 19 19-10-19 Microbiology, Govt Medical College Jammu. All cases treated symptomatically. Chlorination of water sources done. Halogen tablets were distributed in the community. Health education given. Cases reported from Construction Company, Kochi Corporation area. District RRT investigated Under the outbreak. State and District NVBDCP officials"
Kerala,Ernakulam,Dengue,18,0,14-10-2019,17-10-2019,Under Control,"distributed in the community. Health education given. Cases reported from Construction Company, Kochi Corporation area. District RRT investigated Under the outbreak. State and District NVBDCP officials 19 17-10-19 were informed. House to house survey done. All cases treated symptomatically. Fogging activity carried out in affected area. Source reduction activities undertaken. Health education given. Cases reported from UPHC Kuthappady Division 38. District RRT investigated the outbreak. State and District NVBDCP officials were informed. House to house survey done. All 10 serum samples Under collected and sent to RPH lab; were positive for"
Kerala,Ernakulam,Dengue,18,0,14-10-2019,17-10-2019,Under Control,"Cases reported from UPHC Kuthappady Division 38. District RRT investigated the outbreak. State and District NVBDCP officials were informed. House to house survey done. All 10 serum samples Under collected and sent to RPH lab; were positive for 19 17-10-19 Dengue (IgM ELISA). All cases treated symptomatically. Entomological survey done. Fogging activity carried out in affected area. Source reduction activities undertaken. Health education given. Cases reported from Govt Higher Secondary School, Village Sooranad North, SC Main Center, Under PHC/Block Sooranad North. District RRT"
Kerala,Kollam,Mumps,19,0,14-10-2019,18-10-2019,Under Surveillance,"Source reduction activities undertaken. Health education given. Cases reported from Govt Higher Secondary School, Village Sooranad North, SC Main Center, Under PHC/Block Sooranad North. District RRT 19 18-10-19 investigated the outbreak. Active search of cases done. Affected children were less than 15yr of age. All cases treated symptomatically. Health Cases reported from Village Raypalli, PHC Chinnasandra, Taluk Chintamani. District RRT investigate the outbreak. State and District Under NVBDCP officials were informed. House to house"
Karnataka,Chikkaballapur,Chikungunya,11,0,12-10-2019,14-10-2019,Under Control,"Cases reported from Village Raypalli, PHC Chinnasandra, Taluk Chintamani. District RRT investigate the outbreak. State and District Under NVBDCP officials were informed. House to house 0 12-10-19 14-10-19 survey done. All 2 blood samples collected and sent to SSL; were found positive for Chikungunya (IgM ELISA). All cases treated symptomatically. Source reduction activities undertaken. Health education given. Cases reported from Village Beernalli, PHC/CHC Yadga, Taluk Sedam. District RRT investigated the outbreak. State and District NVBDCP officials Under were informed. House to house survey done. Out"
Karnataka,Kalaburagi,Chikungunya,60,0,16-10-2019,17-10-2019,Under Control,"education given. Cases reported from Village Beernalli, PHC/CHC Yadga, Taluk Sedam. District RRT investigated the outbreak. State and District NVBDCP officials Under were informed. House to house survey done. Out 0 16-10-19 17-10-19 of 34 blood samples collected and sent to DPHL; 22 samples were found positive for Chikungunya (IgM ELISA). All cases treated symptomatically. Entomological survey done. Source reduction activities undertaken. Health education given. Cases reported from Village/PHC/CHC Harwada, Taluk Ankola. District RRT investigated the Under outbreak. House to house survey done. 1 blood"
Karnataka,Uttara Kannada,Leptospirosis,1,1,10-10-2019,14-10-2019,Under Control,"Entomological survey done. Source reduction activities undertaken. Health education given. Cases reported from Village/PHC/CHC Harwada, Taluk Ankola. District RRT investigated the Under outbreak. House to house survey done. 1 blood 1 10-10-19 14-10-19 sample collected and sent to KMC Manipal; was found positive for Leptospirosis (IgM ELISA). All cases treated symptomatically. Health education given. Cases reported from Vilage Rangumpet, PHC/CHC Shorapur, Taluk Surpur. District RRT investigated the outbreak. State and District Under NVBDCP officials were informed. House to house"
Karnataka,Yadgiri,Chikungunya,48,0,16-10-2019,19-10-2019,Under Surveillance,"given. Cases reported from Vilage Rangumpet, PHC/CHC Shorapur, Taluk Surpur. District RRT investigated the outbreak. State and District Under NVBDCP officials were informed. House to house 0 16-10-19 19-10-19 survey done. 13 blood samples collected and sent to DPHL were positive for Chikungunya (IgM ELISA). All cases treated symptomatically. Entomological survey done. Source reduction activities undertaken. Health education given. Cases reported from Village Kolewadi, SC Mhaisagaon, PHC Taklimiya Rahuri Ahmednagar. District RRT investigate the outbreak. State and Under District NVBDCP officials were informed. House"
Maharashtra,Ahmednagar,Dengue,27,1,12-10-2019,17-10-2019,Under Surveillance,"activities undertaken. Health education given. Cases reported from Village Kolewadi, SC Mhaisagaon, PHC Taklimiya Rahuri Ahmednagar. District RRT investigate the outbreak. State and Under District NVBDCP officials were informed. House 1 12-10-19 17-10-19 to house survey done. 8 blood samples collected. All cases treated symptomatically. Entomological survey done. Source reduction activities undertaken. Health education given. Cases reported from Village Aspat Khedi, SHC Bamora Sector, PHC Sehrai, Block Mungaoli. District RRT investigated the outbreak. House to house survey done. 3 stool samples collected and Under"
Madhya Pradesh,Ashok Nagar,Diarrheal Disease,22,0,18-10-2019,20-10-2019,Under Control,"Cases reported from Village Aspat Khedi, SHC Bamora Sector, PHC Sehrai, Block Mungaoli. District RRT investigated the outbreak. House to house survey done. 3 stool samples collected and Under 9 20-10-19 sent to GMC Gwalior. Water samples collected. All cases treated symptomatically. Halogen tablets and ORS packets were distributed in the community. IEC done regarding safe drinking water and personal hygiene. Cases reported from Village Chok Pura, SHC Kishorgarh, PHC Jhundpura, CHC Sabalgarh. District RRT investigated the outbreak. Pipeline leakages were observed in the community. 6 stool Under sample collected and sent to GRMC, Gwalior."
Madhya Pradesh,Morena,Acute Diarrheal Disease,12,2,11-10-2019,14-10-2019,Under Surveillance,"Cases reported from Village Chok Pura, SHC Kishorgarh, PHC Jhundpura, CHC Sabalgarh. District RRT investigated the outbreak. Pipeline leakages were observed in the community. 6 stool Under sample collected and sent to GRMC, Gwalior. 9 14-10-19 Two death occurred in 7yr old female and 2yr old male child. All cases treated symptomatically. Halogen tablets and ORS packets were distributed in the community. IEC done regarding sanitation and personal hygiene. Cases reported from Govt. Primary School, Narru. Village Narru, PHC/Block Harpalpur, Patiala. District RRT investigated the outbreak. Active Under search of cases done. Blood sample collected and"
Punjab,Patiala,Mumps,13,0,16-10-2019,,Under Surveillance,"and personal hygiene. Cases reported from Govt. Primary School, Narru. Village Narru, PHC/Block Harpalpur, Patiala. District RRT investigated the outbreak. Active Under search of cases done. Blood sample collected and 16-10-19 sent to DPHL Patiala. Medical camp organized. Cass treated symptomatically. Health education given regarding isolation of cases and personal hygiene. Cases reported from Shiva Vihar Zirakpur. District RRT investigated the outbreak. District RRT investigated the outbreak. House to house survey Under done. 5 stool samples collected. ORS packets and"
Punjab,SAS Nagar,Diarrheal Disease,14,0,14-10-2019,16-10-2019,Under Control,"hygiene. Cases reported from Shiva Vihar Zirakpur. District RRT investigated the outbreak. District RRT investigated the outbreak. House to house survey Under done. 5 stool samples collected. ORS packets and 9 16-10-19 halogen tablets were distributed in the affected areas. All cases treated symptomatically. IEC done regarding safe drinking water and personal Cases reported from Village/HSC/PHC Thumbaipatti, Block Kottampatti. District RRT Under done. Pipeline leakges were observed in the"
Tamil Nadu,Madurai,Hepatitis A,7,0,14-10-2019,18-10-2019,Under Surveillance,"Cases reported from Village/HSC/PHC Thumbaipatti, Block Kottampatti. District RRT investigated the outbreak. House to house survey Under done. Pipeline leakges were observed in the 14-10-19 18-10-19 community. Out of 7 serum samples collected and sent to DPHL Madurai; 5 samples were positive for Hepatitis A (IgM ELISA). All cases treated symptomatically. Chlorination of water sources done. Health education given. Cases reported from Village/HSC/PHC Kaikalathur, Block Veppanthattai. District RRT investigated the outbreak. State and District Under NVBDCP officials were informed. House to house"
Tamil Nadu,Peramballur,Dengue,22,0,16-10-2019,18-10-2019,Under Control,"Cases reported from Village/HSC/PHC Kaikalathur, Block Veppanthattai. District RRT investigated the outbreak. State and District Under NVBDCP officials were informed. House to house 16-10-19 18-10-19 survey done. Out of 12 blood samples collected; 1 sample was found positive for Dengue (IgM ELISA) & 1 sample was positive for Leptospirosis (IgM ELISA). All cases treated symptomatically. Source reduction activities undertaken. Health education given. Cases reported from Regional NCC Training Centre, Edayapatti, HSC Edayapatti, PHC Othakkadai, Block Madurai East. District RRT"
Tamil Nadu,Madurai,Chikungunya,80,0,17-10-2019,21-10-2019,Under Control,"Cases reported from Regional NCC Training Centre, Edayapatti, HSC Edayapatti, PHC Othakkadai, Block Madurai East. District RRT investigated the outbreak. State and District Under NVBDCP officials were informed. House to house 17-10-19 21-10-19 survey done. Out of 10 blood samples collected and sent to DPHL Madurai; 5 samples were positive for Chikungunya (IgM ELISA). All cases treated symptomatically. Entomological survey done. Source reduction activities undertaken. Health education given Cases reported from Girls Hostel of ANM Training Institute, RGM Sub Divisional Hospital Complex, Kailashahar Municipal Council. District Under RRT investigated the outbreak. Point source"
Tripura,Unakoti,Food Poisoning,14,0,17-10-2019,19-10-2019,Under Control,"Health education given Cases reported from Girls Hostel of ANM Training Institute, RGM Sub Divisional Hospital Complex, Kailashahar Municipal Council. District Under RRT investigated the outbreak. Point source 17-10-19 19-10-19 identified as food cooked in hostel. Cases presented symptoms with pain abdomen, vomiting and lose stools. All cases were treated symptomatically. Health education given. Cases reported from Village Semar Kheda, SC Semarkheda, PHC Girar, Block Madawara. District RRT investigated the outbreak. House to Under house survey done. 01 water samples collected. All"
Uttar Pradesh,Lalitpur,Diarrheal Disease,26,0,13-10-2019,15-10-2019,Under Control,"Cases reported from Village Semar Kheda, SC Semarkheda, PHC Girar, Block Madawara. District RRT investigated the outbreak. House to Under house survey done. 01 water samples collected. All -19 15-10-19 cases treated symptomatically. ORS packets and chlorine tablets were distributed in the community. IEC done regarding safe drinking water and personal hygiene. Cases treated from Village Sadpur, Jiarah, SC Aniya GP, Chanditala-01. District RRT investigated the outbreak. Active search of cases Under done. All the cases consumed food in a marriage"
West Bengal,Hooghly,Food Poisoning,145,0,20-10-2019,20-10-2019,Under Control,"personal hygiene. Cases treated from Village Sadpur, Jiarah, SC Aniya GP, Chanditala-01. District RRT investigated the outbreak. Active search of cases Under done. All the cases consumed food in a marriage -19 20-10-19 ceremony and presented symptoms of loose motion and vomiting. All cases treated symptomatically. Health education given regarding food hygiene and sanitation. Cases reported from Village Dhadkidih, SC Chatuhasa, Block Arsha. District RRT investigated the outbreak. House to house survey done. 2 rectal swabs were and 2 water sample (tube Under"
West Bengal,Purulia,Diarrheal Disease,30,0,14-10-2019,14-10-2019,Under Control,"Cases reported from Village Dhadkidih, SC Chatuhasa, Block Arsha. District RRT investigated the outbreak. House to house survey done. 2 rectal swabs were and 2 water sample (tube Under -19 14-10-19 well and pond) collected and sent to BSMCH. ORS packets and halogen tablets were distributed in the affected areas. All cases treated symptomatically. IEC done regarding safe drinking water and personal hygiene. Date of No. of No. of Current Cases Deaths Status Outbreak Cases reported from urban areas of Forbisganj, Parwaha, Saffganj Santhali. District RRT investigated the outbreak. Under House to house survey done. All cases treated"
Bihar,Araria,Diarrheal Disease,36,3,05-10-2019,,Under Surveillance,"Cases Deaths Status Outbreak Cases reported from urban areas of Forbisganj, Parwaha, Saffganj Santhali. District RRT investigated the outbreak. Under House to house survey done. All cases treated 36 03 05-10-19 symptomatically. Halogen tablets and ORS packets were distributed in the community. IEC done regarding safe drinking water and personal hygiene. Cases of fever with splenomegaly and hepatomegaly reported from Village Pinjaur, PHC Sikariya, Block Jehanabad Sadar. District RRT investigated the outbreak. State and District Under NVBDCP officials were informed. House to house survey"
Bihar,Jahanabad Kala-Azar,Kala Azar,3,0,23-09-2019,,Under Surveillance,"water and personal hygiene. Cases of fever with splenomegaly and hepatomegaly reported from Village Pinjaur, PHC Sikariya, Block Jehanabad Sadar. District RRT investigated the outbreak. State and District Under NVBDCP officials were informed. House to house survey 03 00 23-09-19 done. 3 bone marrow samples were collected and tested at RMRI, Patna; were positive for Leishmania (kala-azar). All cases treated symptomatically. Vector control measures were undertaken. Health education given regarding personal protection measures. Cases reported from Muzaffarpur, SC Mahbatpur, PHC Sekhopur Sarai, Block Sekhopur Sarai. District RRT investigated the outbreak. House to house survey done. All Under"
Bihar,Muzaffarpur,Diarrheal Disease,10,1,09-10-2019,,Under Control,"protection measures. Cases reported from Muzaffarpur, SC Mahbatpur, PHC Sekhopur Sarai, Block Sekhopur Sarai. District RRT investigated the outbreak. House to house survey done. All Under 10 01 09-10-19 cases treated symptomatically. One death occurred in 5yr old male child. Halogen tablets and ORS packets were distributed in the community. IEC done regarding sanitation and personal hygiene. Cases reported from Village Chatakpur, SC Alola, Block Dharamjaigarh. District RRT investigated the outbreak. House Under to house survey done. Water samples collected. All cases"
Chhattisgarh,Raigarh,Diarrheal Disease,50,0,03-10-2019,,Under Control,"in the community. IEC done regarding sanitation and personal hygiene. Cases reported from Village Chatakpur, SC Alola, Block Dharamjaigarh. District RRT investigated the outbreak. House Under to house survey done. Water samples collected. All cases 50 00 03-10-19 treated symptomatically. Halogen tablets and ORS packets were distributed in the community. IEC done regarding sanitation and personal hygiene. A case presented symptoms of fever & vomiting reported from Village Timbala, PHC Salangpur, Taluk Barwala. District RRT investigated the outbreak. Active search of cases done. 2 Serum sample collected and send to NIV, Pune; was positive for Under CCHF. One death occurred in a 47yr old female."
Gujarat,Botad,Crimean Congo Hemorrhagic Fever,1,1,01-09-2019,,Under Control,"A case presented symptoms of fever & vomiting reported from Village Timbala, PHC Salangpur, Taluk Barwala. District RRT investigated the outbreak. Active search of cases done. 2 Serum sample collected and send to NIV, Pune; was positive for Under CCHF. One death occurred in a 47yr old female. 01-09-19 Entomological survey done in the affected area. Tick repellant, indoor residual spray & other vector control measures were undertaken. IEC activities undertaken regarding animal handling, anti-tick control measures, personal hygienic practices. Cases reported from Village/SC/PHC Malu, Block Ghoghamba. District RRT investigated the outbreak. House to house survey done. 1 Stool sample collected and sent to SSG Under Hospital, Vadodara was positive for cholera culture. Water"
Gujarat,Panchmahal,Cholera,1,1,09-10-2019,,Under Control,"practices. Cases reported from Village/SC/PHC Malu, Block Ghoghamba. District RRT investigated the outbreak. House to house survey done. 1 Stool sample collected and sent to SSG Under Hospital, Vadodara was positive for cholera culture. Water 09-10-19 samples collected. One death occurred in 4yr old male child. All cases treated symptomatically. Halogen tablets and ORS packets were distributed in the community. Chlorination of water sources done. IEC done regarding safe drinking water and personal hygiene. Cases reported from Village Muthalamada, SC Thoonakkadavu, PHC Parambikulam, Block Koduvayur. District RRT investigated the outbreak. House to house survey done. Artificial pond construction activities was undertaken by Under workers and tribal community. Out of 55 blood samples"
Kerala,Palakkad,Leptospirosis,6,1,08-10-2019,,Under Control,"Cases reported from Village Muthalamada, SC Thoonakkadavu, PHC Parambikulam, Block Koduvayur. District RRT investigated the outbreak. House to house survey done. Artificial pond construction activities was undertaken by Under workers and tribal community. Out of 55 blood samples 08-10-19 collected; 06 samples were positive for Leptospirosis (IgM ELISA). One death occurred in 48yr old male. All cases treated symptomatically. Doxy prophylaxis were given to all the workers engaged in pond cleaning activities/ marshy land activities. Awareness on Leptospirosis given to the tribes & forest staffs. Health education given. Cases reported from Private Institute in PHC Ezhukone Under Pavitheswaram, Block Nedumoncavu. District RRT"
Kerala,Kollam,Chickenpox,11,0,27-09-2019,,Under Control,"workers engaged in pond cleaning activities/ marshy land activities. Awareness on Leptospirosis given to the tribes & forest staffs. Health education given. Cases reported from Private Institute in PHC Ezhukone Under Pavitheswaram, Block Nedumoncavu. District RRT 27-09-19 investigated the outbreak. Active search of cases done in the campus. Affected age group of cases were between 21 to 25yr. All cases treated symptomatically. Health education given. Cases reported from PHC Shettihalli, Murugumalla, Taluk Chintamani. District RRT investigated the outbreak. State and Under District NVBDCP officials were informed. House to house"
Karnataka,Chikkaballapur,Chikungunya,19,0,08-10-2019,,Under Control,"campus. Affected age group of cases were between 21 to 25yr. All cases treated symptomatically. Health education given. Cases reported from PHC Shettihalli, Murugumalla, Taluk Chintamani. District RRT investigated the outbreak. State and Under District NVBDCP officials were informed. House to house 08-10-19 survey done. Out of 2 blood samples collected and sent to SSL; 1 samples were found positive for Chikungunya (IgM ELISA). All cases treated symptomatically. Source reduction activities undertaken. Health education given. Cases reported from Village Jeevaganahalli, PHC/CHC Mandikal, Taluk Chikaballapura. District RRT investigated the outbreak. State and District NVBDCP officials were informed. Under House to house survey done. Out of 2 blood samples collected"
Karnataka,Chikkaballapur,Chikungunya,26,0,08-10-2019,,Under Control,"Cases reported from Village Jeevaganahalli, PHC/CHC Mandikal, Taluk Chikaballapura. District RRT investigated the outbreak. State and District NVBDCP officials were informed. Under House to house survey done. Out of 2 blood samples collected 08-10-19 and sent to SSL; 1 samples were found positive for Chikungunya (IgM ELISA). All cases treated symptomatically. Source reduction activities undertaken. Health education given. Cases reported from Village Hale Peresandra, PHC/CHC Perasandra, Taluk Chikkaballapur. District RRT investigated Under the outbreak. State and District NVBDCP officials were"
Karnataka,Chikkaballapur,Dengue,24,0,09-10-2019,,Under Control,"symptomatically. Source reduction activities undertaken. Health education given. Cases reported from Village Hale Peresandra, PHC/CHC Perasandra, Taluk Chikkaballapur. District RRT investigated Under the outbreak. State and District NVBDCP officials were 09-10-19 informed. House to house survey done. 2 blood samples collected and sent to SSL; were found positive for Dengue (IgM ELISA). All cases treated symptomatically. Source reduction activities undertaken. Health education given. Cases reported from Village Makekallahalli, PHC/CHC Kadaba, Taluk Gubbi. District RRT investigated the outbreak. Under State and District NVBDCP officials were informed. House to"
Karnataka,Tumkur,Chikungunya,22,0,26-09-2019,,Under Control,"(IgM ELISA). All cases treated symptomatically. Source reduction activities undertaken. Health education given. Cases reported from Village Makekallahalli, PHC/CHC Kadaba, Taluk Gubbi. District RRT investigated the outbreak. Under State and District NVBDCP officials were informed. House to 26-09-19 house survey done. 4 blood samples collected and sent to DPHL were found positive for Chikungunya (IgM ELISA). All cases treated symptomatically. Entomological survey done. Source reduction activities undertaken. Health education given. Cases reported from urban area of A K Colony, PHC/CHC Nittur, Taluk Gubbi. District RRT investigated the outbreak."
Karnataka,Tumkur,Chikungunya,20,0,09-10-2019,,Under Control,"cases treated symptomatically. Entomological survey done. Source reduction activities undertaken. Health education given. Cases reported from urban area of A K Colony, PHC/CHC Nittur, Taluk Gubbi. District RRT investigated the outbreak. Under State and District NVBDCP officials were informed. House to 09-10-19 house survey done. 1 blood sample collected and sent to DPHL was positive for Chikungunya (IgM ELISA). All cases treated symptomatically. Entomological survey done. Source reduction activities undertaken. Health education given. Cases reported from Village/SC/PHC Gatta, Block Etapalli. District RRT investigated the outbreak. State and District Under NVBDCP officials were informed. House to house survey"
Maharashtra,Gadchiroli,Japanese Encephalitis,1,1,07-10-2019,,Under Surveillance,"symptomatically. Entomological survey done. Source reduction activities undertaken. Health education given. Cases reported from Village/SC/PHC Gatta, Block Etapalli. District RRT investigated the outbreak. State and District Under NVBDCP officials were informed. House to house survey 07-10-19 done. Blood samples collected; result awaited. One death occurred in 11yr old female child. All cases treated Cases reported from Village Shankarwadi, SC/PHC Chapoli, Block Chakur. District RRT investigated the outbreak. Active Under search of cases done. All the cases consumed food from a"
Maharashtra,Latur,Food Poisoning,13,0,28-08-2019,,Under Control,"symptomatically. Entomological survey done. Source reduction activities undertaken. Health education given. Cases reported from Village Shankarwadi, SC/PHC Chapoli, Block Chakur. District RRT investigated the outbreak. Active Under search of cases done. All the cases consumed food from a 28-08-19 common source and presented symptoms of loose motion and vomiting. All cases treated symptomatically. Health education given regarding food hygiene and sanitation. Cases reported from Village Somnathpur, SC Dongarshelaki, PHC Wadwana (Bu), Block Udgir. District RRT investigated Under the outbreak. District RRT investigated the outbreak. State and"
Maharashtra,Latur,Dengue,28,0,15-07-2019,,Under Control,"Cases reported from Village Somnathpur, SC Dongarshelaki, PHC Wadwana (Bu), Block Udgir. District RRT investigated Under the outbreak. District RRT investigated the outbreak. State and -19 District NVBDCP officials were informed. House to house survey done. 9 blood samples collected were positive for Dengue (IgM ELISA). All cases treated symptomatically. Source reduction activities undertaken. Health education given. Cases reported from Village Mulaki, SC Telgaon, PHC Shirur Tajband, Block Udgir. District RRT investigated the outbreak. District RRT investigated the outbreak. State and District Under NVBDCP officials were informed. House to house survey"
Maharashtra,Latur,Dengue,9,0,03-09-2019,,Under Control,"Source reduction activities undertaken. Health education given. Cases reported from Village Mulaki, SC Telgaon, PHC Shirur Tajband, Block Udgir. District RRT investigated the outbreak. District RRT investigated the outbreak. State and District Under NVBDCP officials were informed. House to house survey done. Out of 9 blood samples collected; 7 samples were found positive for Dengue (IgM ELISA). All cases treated symptomatically. Source reduction activities undertaken. Health education given. Cases reported from Village Andratbaredi, SC Wakas, PHC Ambiwali, Taluk Karjat. District RRT investigated the Under outbreak. House to house survey done. 8 water sample"
Maharashtra,Raigad,Acute Diarrheal Disease,32,0,23-09-2019,,Under Control,"symptomatically. Source reduction activities undertaken. Health education given. Cases reported from Village Andratbaredi, SC Wakas, PHC Ambiwali, Taluk Karjat. District RRT investigated the Under outbreak. House to house survey done. 8 water sample collected and sent to Karjat Lab. All cases treated symptomatically. IEC done regarding safe drinking water and personal hygiene. Cases reported from Village Ibrahimpur, SC Matigav, Block Sakldeeha. District RRT investigated the outbreak. House to Under house survey done. 02 water samples collected and sent to"
Uttar Pradesh,Chandauli,Acute Diarrheal Disease,13,0,16-09-2019,,Under Control,"symptomatically. IEC done regarding safe drinking water and personal hygiene. Cases reported from Village Ibrahimpur, SC Matigav, Block Sakldeeha. District RRT investigated the outbreak. House to Under house survey done. 02 water samples collected and sent to DPHL Lucknow. All cases treated symptomatically. ORS packets and chlorine tablets were distributed in the community. IEC done regarding safe drinking water and personal hygiene. Cases reported from Village Karwat, SC Dulhipur, Block Niyamtabad. District RRT investigated the outbreak. House to"
Uttar Pradesh,Chandauli,Acute Diarrheal Disease,15,0,30-08-2019,,Under Control,"packets and chlorine tablets were distributed in the community. IEC done regarding safe drinking water and personal hygiene. Cases reported from Village Karwat, SC Dulhipur, Block Niyamtabad. District RRT investigated the outbreak. House to Under house survey done. 02 water samples collected and sent to DPHL Lucknow. All cases treated symptomatically. ORS Cases reported from Village Gorkha, SC Bhaisa, Block Barahani. District RRT investigated the outbreak. House to"
Uttar Pradesh,Chandauli,Acute Diarrheal Disease,27,0,14-09-2019,,Under Control,"packets and chlorine tablets were distributed in the community. IEC done regarding safe drinking water and personal hygiene. Cases reported from Village Gorkha, SC Bhaisa, Block Barahani. District RRT investigated the outbreak. House to Under house survey done. 02 water samples collected and sent to DPHL Lucknow. All cases treated symptomatically. ORS Cases reported from Village Madhuvan, SC Barthra, Block Sakldeeha. District RRT investigated the outbreak. House to"
Uttar Pradesh,Chandauli,Acute Diarrheal Disease,5,1,29-08-2019,,Under Control,"Cases reported from Village Madhuvan, SC Barthra, Block Sakldeeha. District RRT investigated the outbreak. House to Under house survey done. 02 water samples collected and sent to DPHL Lucknow. All cases treated symptomatically. ORS packets and chlorine tablets were distributed in the community. IEC done regarding safe drinking water and personal hygiene. Cases reported from Village Pipri, SC Barthra, Block"
Uttar Pradesh,Chandauli,Acute Diarrheal Disease,36,1,19-09-2019,,Under Control,"packets and chlorine tablets were distributed in the community. IEC done regarding safe drinking water and personal hygiene. Cases reported from Village Pipri, SC Barthra, Block Sakldeeha. District RRT investigated the outbreak. House to Under house survey done. 02 water samples collected and sent to DPHL Lucknow. All cases treated symptomatically. ORS Cases reported from Sadar, Shahpur, Purkazi, Charthawal. District RRT investigated the outbreak. State and District Under NVBDCP officials were informed. House to house survey"
Uttar Pradesh,Muzaffar Nagar,Dengue,8,0,23-09-2019,,Under Control,"packets and chlorine tablets were distributed in the community. IEC done regarding safe drinking water and personal hygiene. Cases reported from Sadar, Shahpur, Purkazi, Charthawal. District RRT investigated the outbreak. State and District Under NVBDCP officials were informed. House to house survey 9-19 done. Out of 46 blood samples collected; 8 samples were positive for Dengue (IgM ELISA). All cases treated symptomatically. Entomological survey done. Source reduction activities undertaken. Health education given."
Andhra Pradesh,Kurnool,Acute Diarrheal Disease,26,0,30-09-2019,30-09-2019,Under Control,"Cases reported from urban area of Polakal, Ward 5th, 6th, 7th , 8th. District RRT investigated the outbreak. House to house survey done. 02 water samples collected and tested at Kurnool Regional Under 00 30-09-19 30-09-19 lab; 01 sample was non-potable. All cases were treated symptomatically. Chlorination of drinking water done. Chlorine tablets distributed in the affected area. Health education given on personal hygiene and sanitation. Cases reported from Village Amlidih, PHC Barpali, Block Kasdol. District RRT investigated the outbreak. House to house survey done. Cases"
Chhattisgarh,Balodabazar,Acute Diarrheal Disease,19,2,20-10-2019,22-10-2019,Under Control,"hygiene and sanitation. Cases reported from Village Amlidih, PHC Barpali, Block Kasdol. District RRT investigated the outbreak. House to house survey done. Cases Under 02 20-10-19 22-10-19 presented with vomiting and loose stools. The deceased were 85y/F and 90y/M. Water sample collected and tested at PHE. All cases were treated symptomatically. Health education given. Cases reported from Anganwadi-1 Modasar, PHC Modasar, Block Sanand. District RRT investigated the outbreak. Active case search done. Cases consumed food and presented with symptoms of Under loose stools and vomiting 04 stool samples"
Gujarat,Ahmedabad,Food Poisoning,11,0,21-10-2019,22-10-2019,Under Control,"Cases reported from Anganwadi-1 Modasar, PHC Modasar, Block Sanand. District RRT investigated the outbreak. Active case search done. Cases consumed food and presented with symptoms of Under loose stools and vomiting 04 stool samples 00 21-10-19 22-10-19 collected and tested at Sola Micro Lab Ahmedabad; 03 reported as negative for cholera culture. Water sample reported as potable. All cases were treated symptomatically. Water chlorination done. Health education given on food safety, hand washing and sanitation. Cases of fever with throat pain reported from 7 talukas of Banaskantha. State & District RRT investigated the outbreak. House to House survey done. A total of 47 cases were reported from the following Talukas; Dhanera (29 cases), Deesa (8 cases), Palanpur (4 cases), Amirgadh (2 cases), Tharad (2 cases), Bhabhar (1case), Lakhani (1 case). A total of 24 cases were admitted since 16th September 2019. Age wise distribution of cases and deaths Age group Cases Deaths 0-2yrs 5 1 3-5yrs 14 1 Under 6-10yrs 22 6"
Gujarat,Banaskantha - - - ys,Diphtheria,10,9,22-10-2019,,Under Surveillance,"and deaths Age group Cases Deaths 0-2yrs 5 1 3-5yrs 14 1 Under 6-10yrs 22 6 0-9 22-10-19 11-15ys 5 0 >15yrs 1 0 Total 47 8 Out of 24 throat swabs were collected; 3 samples were positive for C.diphtheriae culture. Out of 28 cases 23 cases were not immunized for Pentavalent 3rd dose and DPT booster. All the cases treated as per standard guidelines. Case management and chemoprophylaxis as per guidelines were given to all close contacts of house members and school staff. Vaccination of Dt/dT were given to less than 15yr of age group children in the community. Instructed to maintain adequate storage and supply of Anti Diphtheria serum (ADS) as per guidelines. Health education given. Cases reported from Boarijore, Lohandia, St. Lukes Health Centre Lalmatia. District RRT investigated the outbreak. State and District NVBDCP officials informed. Cases presented with high fever, bodyache, headache, weakness Under and nausea. A total of 08 blood samples collected"
Jharkhand,Godda,Dengue,25,0,19-10-2019,26-10-2019,Under Control,"Lukes Health Centre Lalmatia. District RRT investigated the outbreak. State and District NVBDCP officials informed. Cases presented with high fever, bodyache, headache, weakness Under and nausea. A total of 08 blood samples collected 0-19 26-10-19 and sent to Rajendra Institute of Medical Sciences, Ranchi; 03 were positive for Dengue by IgM ELISA and 03 were positive for both Dengue and Japanese Encephalitis by IgM ELISA. All cases were treated symptomatically. Health education given. Cases reported from Village Gajpur, HSC Tunia, CHC Sonua, West Singhbhum. District RRT investigated the outbreak. House to house survey done. Cases presented with loose stools and Under"
Jharkhand,West Singhbhum,Acute Diarrheal Disease,22,0,24-10-2019,25-10-2019,Under Control,"Cases reported from Village Gajpur, HSC Tunia, CHC Sonua, West Singhbhum. District RRT investigated the outbreak. House to house survey done. Cases presented with loose stools and Under 24-10-19 25-10-19 vomiting. A total of 05 stool samples collected and sent to DPHL, Chaibasa, 03 positive for Salmonella and 01 positive for Shigella. All cases were treated symptomatically. Health education given. Cases reported from Village Zunreshi, Block Kralpora. District RRT investigated the outbreak. Active search of cases done. A total of 02 water samples collected and sent to DPHL Kupwara; Under were non potable for drinking. A total of 02 stool"
Jammu and Kashmir,Kupwara,Acute Diarrheal Disease,29,0,01-09-2019,26-10-2019,Under Control,"Cases reported from Village Zunreshi, Block Kralpora. District RRT investigated the outbreak. Active search of cases done. A total of 02 water samples collected and sent to DPHL Kupwara; Under were non potable for drinking. A total of 02 stool 01-09-19 26-10-19 samples were collected and tested at DPHL, JLNM Srinagar were reported as normal gastro intestinal flora isolated. All cases were treated symptomatically. Health education regarding personal and hand hygiene. Cases reported from Maidan Payeen Dardpora, Block Kralpora. District RRT investigated the outbreak. A total of 04 blood samples collected and tested at DPHL Kupwara, all 04 were positive Under for Hepatitis E and 01 was positive for Hepatitis A"
Jammu and Kashmir,Kupwara,Hepatitis E,6,0,19-10-2019,26-10-2019,Under Control,"Cases reported from Maidan Payeen Dardpora, Block Kralpora. District RRT investigated the outbreak. A total of 04 blood samples collected and tested at DPHL Kupwara, all 04 were positive Under for Hepatitis E and 01 was positive for Hepatitis A 19-10-19 26-10-19 as well by IgM ELISA. A total of 04 water samples were collected and tested at DPHL Kupwara; were unfit for human consumption. All cases were treated symptomatically. Chlorine tablets were distributed in the affected area. Health education given water sanitation, personal and hand hygiene. Cases reported from Village Harizan Oni, PHC Annigeri, Taluk Navalgund. District RRT investigated the outbreak. State and District NVBDCP officials were informed. Active case Under search done. House to house survey done. Cases"
Karnataka,Dharwad,Chikungunya,7,0,19-10-2019,22-10-2019,Under Control,"Cases reported from Village Harizan Oni, PHC Annigeri, Taluk Navalgund. District RRT investigated the outbreak. State and District NVBDCP officials were informed. Active case Under search done. House to house survey done. Cases 19-10-19 22-10-19 presented with fever with joint pain. A total of 03 samples were collected and tested at KIMS, Hubli and 01 was positive for Chikungunya by IgM ELISA. All cases were treated symptomatically. Health education given. Cases reported from Village Kadihalli, PHC/CHC Ravoor, Taluk Chittapur. District RRT NVBDCP officials were informed. Fever survey and larva survey conducted in the affected area. Cases presented with fever and joint pain. A total Under of 27 blood samples collected and tested at DPHL,"
Karnataka,Kalaburagi,Chikungunya,27,0,24-10-2019,25-10-2019,Under Control,"investigated the outbreak. State and District NVBDCP officials were informed. Fever survey and larva survey conducted in the affected area. Cases presented with fever and joint pain. A total Under of 27 blood samples collected and tested at DPHL, 0-19 25-10-19 12 samples were positive for Chikungunya by IgM ELISA and 02 samples were positive for Dengue and Chikungunya. All cases were treated symptomatically. Temporary clinic established in the affected area. Entomological indices HI 16, CI 14, BI 58. Fogging and source reduction activities undertaken in the affected area. Health education given. Cases reported from Various villages under PHC Kalaketty, Paratodu, CHC Edayirikapuzha, Block Erumeli & Edayirikapuzha. District RRT investigated the outbreak. Joint inspection was conducted by food safety department. House to Under house survey done. Cases consumed food (fish)"
Kerala,Kottayam,Food Poisoning,21,0,19-10-2019,22-10-2019,Under Control,"Kalaketty, Paratodu, CHC Edayirikapuzha, Block Erumeli & Edayirikapuzha. District RRT investigated the outbreak. Joint inspection was conducted by food safety department. House to Under house survey done. Cases consumed food (fish) 0-19 22-10-19 from different eateries in Erumeli Block. Cases presented with loose stools and vomiting. A single stool sample collected and tested at DDRC Lab, Kottayam. All cases were treated symptomatically. All outlets supplying the food including the main manufacturer was closed. Health education given. Cases reported from Village/HSC Bharanganam, PHC/Block Ullanadu. District RRT investigated the outbreak. Joint inspection conducted with Food Safety department. House to house survey done. Under Cases consumed food in a canteen and presented"
Kerala,Kottayam,Food Poisoning,60,0,20-10-2019,23-10-2019,Under Control,"Cases reported from Village/HSC Bharanganam, PHC/Block Ullanadu. District RRT investigated the outbreak. Joint inspection conducted with Food Safety department. House to house survey done. Under Cases consumed food in a canteen and presented 0-19 23-10-19 with loose stools, vomiting and pain abdomen. A total of 02 water sample collected and sent to Kerala Water authority. All cases were treated symptomatically. Super chlorination of water done. Health education given. Cases reported from Village Unnikulum, HSC Mangad, Block Balussery. District RRT investigated the outbreak. House to house fever survey done. Cases presented with fever, yellowish Under discoloration of eyes, pain abdomen, nausea and"
Kerala,Kozhikode,Hepatitis A,47,0,19-10-2019,23-10-2019,Under Surveillance,"Cases reported from Village Unnikulum, HSC Mangad, Block Balussery. District RRT investigated the outbreak. House to house fever survey done. Cases presented with fever, yellowish Under discoloration of eyes, pain abdomen, nausea and 19-10-19 23-10-19 vomiting. Cases gave history of consumption of food in a social gathering. 05 water samples collected and sent to Regional Analytical Lab, Kozhikode. All cases were treated symptomatically. Health education given. Cases reported from Village Vettikattiri, HSC Thambananangadi, PHC Pandikkad, Block Wandoor. District RRT investigated the outbreak. Under House to house survey done. A total of 03 blood"
Kerala,Malappuram,Hepatitis A,22,0,19-10-2019,23-10-2019,Under Control,"symptomatically. Health education given. Cases reported from Village Vettikattiri, HSC Thambananangadi, PHC Pandikkad, Block Wandoor. District RRT investigated the outbreak. Under House to house survey done. A total of 03 blood 19-10-19 23-10-19 samples collected and sent to MCH Manjeri; all found positive for Hepatitis A by IgM ELISA. All cases were treated symptomatically. . Health education given. Cases reported from Village/HSC/PHC Desamangalam, Block Erumapetty. District RRT investigated the outbreak. House to house survey Under done. A total of 03 serum samples collected and"
Kerala,Thrissur,Hepatitis A,17,0,22-09-2019,25-10-2019,Under Surveillance,"education given. Cases reported from Village/HSC/PHC Desamangalam, Block Erumapetty. District RRT investigated the outbreak. House to house survey Under done. A total of 03 serum samples collected and 22-09-19 25-10-19 sent to DMO Lab; 01 was positive for Hepatitis A by IgM ELISA. Water samples collected and sent to Microbiology Lab MCH Thrissur. All cases were treated symptomatically. Health education given. Cases reported from Village Shivaji Nagar, SC Vihapur, PHC Neveri, Block Kadegaon. District RRT investigated the outbreak. House to house survey done. Pipe line leakages were observed in the community. The deceased were 35y/M, 35y/F Under and 42y/M. A total of 09 stool samples were"
Maharashtra,Sangli,Cholera,111,3,22-10-2019,23-10-2019,Under Control,"Vihapur, PHC Neveri, Block Kadegaon. District RRT investigated the outbreak. House to house survey done. Pipe line leakages were observed in the community. The deceased were 35y/M, 35y/F Under and 42y/M. A total of 09 stool samples were 22-10-19 23-10-19 collected and tested at DPHL Sangli; 05 were positive for V. cholera. A total of 11 water samples were collected and tested at DPHL, Sangli; 04 were contaminated. Safe drinking water supplied after purification. Instructions given to repair the broken pipe. All cases were treated as per the guidelines. Health education given. Case reported from Gram-Pura Chhipon, PHC Rajpur, Block Shadora. District RRT investigated the outbreak. State and District NVBDCP officials Under were informed. Fever and larva survey conducted"
Madhya Pradesh,Ashok Nagar,Japanese Encephalitis,1,1,23-10-2019,23-10-2019,Under Control,"Case reported from Gram-Pura Chhipon, PHC Rajpur, Block Shadora. District RRT investigated the outbreak. State and District NVBDCP officials Under were informed. Fever and larva survey conducted 0-19 23-10-19 in the area. The deceased was a 12 year old female. Single sample collected and tested at DSU, Bhopal was positive for Japanese Encephalitis. Health education given. Cases reported from Village Khusra Khedi, Block Tajpur. District RRT investigated the outbreak. Cases belonged to the age group 6-9 years. Cases Under gave history of consuming castor beans after"
Madhya Pradesh,Ujjain,Food Poisoning,19,0,23-10-2019,26-10-2019,Under Control,"education given. Cases reported from Village Khusra Khedi, Block Tajpur. District RRT investigated the outbreak. Cases belonged to the age group 6-9 years. Cases Under gave history of consuming castor beans after 0-19 26-10-19 school, following which they developed pain abdomen, vomiting and loose stools. All cases were treated symptomatically. Health education given. Cases reported from Village Sahana, SC Sundara, GP Churiana, CHC Astaranga. District RRT investigated the outbreak. Cases presented with Under pain abdomen and vomiting, they gave history of"
Odisha,Puri,Food Poisoning,16,0,21-10-2019,23-10-2019,Under Control,"given. Cases reported from Village Sahana, SC Sundara, GP Churiana, CHC Astaranga. District RRT investigated the outbreak. Cases presented with Under pain abdomen and vomiting, they gave history of 0-19 23-10-19 consumption of rice and chicken curry. A total of 04 bore well water samples collected and sent to DPHL, Puri; 02 water samples E.coli was isolated. All cases were treated symptomatically. Health education given. Cases reported from Islamabaad Mohalla, Gurdaspur. District RRT investigated the outbreak. House to house survey conducted in the area. Cases consumed contaminated water from a pipeline leakage. Cases presented with vomiting, Under loose stools and pain abdomen. 03 stool and 06"
Punjab,Gurdaspur,Diarrheal Disease,10,0,24-10-2019,24-10-2019,Under Control,"Gurdaspur. District RRT investigated the outbreak. House to house survey conducted in the area. Cases consumed contaminated water from a pipeline leakage. Cases presented with vomiting, Under loose stools and pain abdomen. 03 stool and 06 0-19 24-10-19 water samples collected and sent to SPHL Lab Kharar; all stool samples showed no growth and all 06 samples were not potable. All cases were treated symptomatically. ORS packets and Chlorine tablets were distributed. Health education given. Cases reported from Village/SC Ratnpura, PHC Karana, Block Bansur. District RRT investigated the outbreak. House to house survey conducted. Cases presented with fever, bodyache and malaise Under A total of 07 serum samples collected and tested at"
Rajasthan,Alwar,Dengue,37,0,25-10-2019,25-10-2019,Under Control,"Cases reported from Village/SC Ratnpura, PHC Karana, Block Bansur. District RRT investigated the outbreak. House to house survey conducted. Cases presented with fever, bodyache and malaise Under A total of 07 serum samples collected and tested at 5-10-19 25-10-19 District Central Lab, Alwar and were found positive for Dengue by IgM ELISA. All cases were treated symptomatically. Fogging done in the affected area. Anti larval activities undertaken. Entomological survey revealed HI 6.0, BI 7.8, CI 4.0. Health education given. Cases reported from Village Vettakudi, HSC T.V Puthur, PHC Karuvepillankurichi, Block Vridhachalam. District RRT investigated the outbreak. Cases consumed contaminated water due to pipeline leakage. Water distribution was stopped immediately. A total of 02 water and 03 Under"
Tamil Nadu,Cuddalore,Acute Diarrheal Disease,49,0,22-10-2019,23-10-2019,Under Control,"Vridhachalam. District RRT investigated the outbreak. Cases consumed contaminated water due to pipeline leakage. Water distribution was stopped immediately. A total of 02 water and 03 Under 2-10-19 23-10-19 stool samples collected and sent to King Institute, Chennai and DPHL Cuddalore. Stool samples were found negative for Samonella, Shigella and Vibrio Cholera. Water samples were potable. All cases were treated symptomatically. ORS packets were distributed. Health education given on safe drinking water and hand wash. Cases reported from Barhaj, CHC Barhaj, Urban Under Barhaj. District RRT investigated the outbreak."
Uttar Pradesh,Deoria,Acute Diarrheal Disease,14,1,23-10-2019,24-10-2019,Under Control,"were distributed. Health education given on safe drinking water and hand wash. Cases reported from Barhaj, CHC Barhaj, Urban Under Barhaj. District RRT investigated the outbreak. 3-10-19 24-10-19 Active search of cases done. All cases were treated symptomatically. Health education given. Cases reported from Village Bagi, Block Dwarikhal. District RRT investigated the outbreak. Sate and District NVBDCP officials informed. Active case search done. A total of 08 Under blood serum samples collected and tested at"
UA,Uttarakhand Pauri Garhwal,Dengue,8,0,20-10-2019,25-10-2019,Under Surveillance,"Cases reported from Village Bagi, Block Dwarikhal. District RRT investigated the outbreak. Sate and District NVBDCP officials informed. Active case search done. A total of 08 Under blood serum samples collected and tested at 0-10-19 25-10-19 Sentinel Surveillance Hospital, District Hospital Pauri Garhwal and 06 were positive for Dengue NS1 by ELISA. All cases were treated symptomatically. Fogging and indoor space spraying done. Source reduction activities undertaken. Health education given. Date of No. of No. of Current Cases Deaths Status Outbreak Cases reported from Village C Belagal (Kota Vidhi, Sasari Geri). District RRT investigated the outbreak. A total of 03 water samples collected and sent to Under Kurnool Regional Lab, 01 was satisfactory and remaining were"
Andhra Pradesh,Kurnool,Diarrheal Disease,65,0,03-10-2019,,Under Control,"Outbreak Cases reported from Village C Belagal (Kota Vidhi, Sasari Geri). District RRT investigated the outbreak. A total of 03 water samples collected and sent to Under Kurnool Regional Lab, 01 was satisfactory and remaining were 65 00 03-10-19 unsatisfactory. All cases were treated symptomatically. Chlorination of drinking water done. Chlorine tablets supplied. Health education given on sanitation, hygiene and hand hygiene. Cases reported from Village Pironimelia, SC Baruagaon Notional, Block Kamarbandha. District RRT investigated the outbreak. Cases presented with mild fever, pain abdomen and Under loose stools. Cases gave history of consumption in a gathering."
Assam,Golaghat,Food Poisoning,55,0,14-10-2019,,Under Control,"hygiene. Cases reported from Village Pironimelia, SC Baruagaon Notional, Block Kamarbandha. District RRT investigated the outbreak. Cases presented with mild fever, pain abdomen and Under loose stools. Cases gave history of consumption in a gathering. 55 00 14-10-19 A total of 08 stool samples collected and tested at DPHL Golaghat; E.coli growth seen. A total of 06 water samples were collected for H2S test and were reported as not contaminated. All cases were treated symptomatically. Health education given on safe drinking water and hand hygiene. Case reported from Village Uttar Saruchala, SC Saruchala HWC, FRU Moirabari, BPHC Laharighat. District RRT investigated the outbreak. State and District NVBDCP officials Under were informed. The deceased was a 1y 3m old girl, she"
Assam,Marigaon,Japanese Encephalitis,1,1,01-10-2019,,Under Control,"given on safe drinking water and hand hygiene. Case reported from Village Uttar Saruchala, SC Saruchala HWC, FRU Moirabari, BPHC Laharighat. District RRT investigated the outbreak. State and District NVBDCP officials Under were informed. The deceased was a 1y 3m old girl, she 01 01 01-10-19 presented with fever headache, altered sensorium, unconsciousness and neck rigidity. A single CSF sample collected and tested at GMCH, was positive for Japanese Encephalitis by IgM ELISA. Fogging done. Health education given. Cases reported from SHC Bajawand PHC Malgaon, Block Bakawand, District RRT investigated the outbreak. Door to Under door survey done. Source of infection was drinking"
Chhattisgarh,Baster,Diarrheal Disease,75,1,13-10-2019,,Under Control,"Encephalitis by IgM ELISA. Fogging done. Health education given. Cases reported from SHC Bajawand PHC Malgaon, Block Bakawand, District RRT investigated the outbreak. Door to Under door survey done. Source of infection was drinking 75 01 13-10-19 contaminated water from unused well. Water samples collected. All cases were treated symptomatically. Water chlorination done. Health education given. Cases reported from Village Mahulbona, SC Bindapathar, Block Nala. District RRT investigated the outbreak. Active Under case search done. A total of 05 blood samples collected and"
Jharkhand,Jamtara,Chickenpox,5,0,05-10-2019,,Under Control,"collected. All cases were treated symptomatically. Water chlorination done. Health education given. Cases reported from Village Mahulbona, SC Bindapathar, Block Nala. District RRT investigated the outbreak. Active Under case search done. A total of 05 blood samples collected and 05 00 05-10-19 sent to Dept. of Microbiology, RIMS Microbiology lab; 05 were positive for Chickenpox by IgM ELISA. All cases were treated symptomatically. Health education given. Cases reported from Village Pohrupeth Bungam. District RRT investigated the outbreak. A total of 05 blood samples collected and tested at DPHL, Kupwara; all were positive for Hepatitis E Under and 01 was positive for Hepatitis A by IgM ELISA. A total of 07-19 03 water samples collected and tested at DPHL Kupwara were reported as unfit for human consumption. All cases were treated symptomatically. Chlorine tablets distributed in the affected area. Health education given on personal and hand hygiene. Cases reported from Dardpora Naka, Kralpora. District RRT investigated the outbreak. The probable source of infection was contaminated drinking water source. District PHE informed Under and asked to provide alternate source of potable wa"
Karnataka,Chikkaballapur,Chikungunya,15,0,16-10-2019,,Under Control,"hygiene. Cases reported from Village Kattara Kaderenahalli, PHC/CHC Mandikal, Taluk Chickabalapura. District RRT investigated the outbreak. State and District NVBDCP officials were Under informed. Fever survey and larva survey conducted in the 16-10-19 affected area. A total of 02 serum samples collected and tested at SSL, 01 was found positive for Chikungunya. All cases were treated symptomatically. Fogging done in the affected area. Health education given. Cases reported from Village Kottuvally, PHC Koonammavu, Block Ezhikkara. District RRT investigated the outbreak. House to house survey done. Screeing done in migrant camp; 102 migrants screened. Deceased was a 16 year old male migrant from Assam, presented with fever, headache, throat Under pain, difficulty in swallowing food, vomiting and bull neck. A"
Kerala,Ernakulum,Diphtheria,1,1,18-10-2019,,Under Control,"Block Ezhikkara. District RRT investigated the outbreak. House to house survey done. Screeing done in migrant camp; 102 migrants screened. Deceased was a 16 year old male migrant from Assam, presented with fever, headache, throat Under pain, difficulty in swallowing food, vomiting and bull neck. A 18-10-19 grayish patch seen on the soft palate extending to the posterior pharyngeal wall. A single throat swab collected and sent to State Public Health Lab, Thiruvanathapuram; found positive for Corynebactrium diphtheria by culture and PCR. Prophylaxis given to contacts and close contacts of the deceased. Td vaccination given to hospital staff and migrants. Health education given. Cases reported from Village/PHC Keezhmad, Block Malayidamthuruth. District RRT investigated the outbreak. All Under cases were students studying the same residential school. Cases"
Kerala,Ernakulam,Mumps,22,0,16-10-2019,,Under Control,"deceased. Td vaccination given to hospital staff and migrants. Health education given. Cases reported from Village/PHC Keezhmad, Block Malayidamthuruth. District RRT investigated the outbreak. All Under cases were students studying the same residential school. Cases 16-10-19 were boys in the age group 11-15 years. Cases presented with mild fever, generalized fatigue, headache, nausea, swelling and loss of appetite. All cases were treated symptomatically. Cases isolated with support of school staff in the student’s hostel. Medical camp conducted. Health education given. Case reported from Village Parippally, HSC Karimpaloor, PHC Parippally, CHC/Block Kalakode. District RRT investigated the outbreak. Active search of cases done. Cases were distributed in the age group 20-22 years. Clustering of Under cases observed. Cases gave history of fever, maculopapular"
Kerala,Kollam,Measles,6,0,08-10-2019,,Under Control,"Case reported from Village Parippally, HSC Karimpaloor, PHC Parippally, CHC/Block Kalakode. District RRT investigated the outbreak. Active search of cases done. Cases were distributed in the age group 20-22 years. Clustering of Under cases observed. Cases gave history of fever, maculopapular rash and sore throat, vaccination status of cases was unknown. A total of 05 serum samples were collected and sent to NIV Alappuzha, 02 were positive for Measles by IgM ELISA. All cases were treated as per guidelines. Health education given on personal and hand hygiene. Cases reported from PHC Girad, Block Bhadgaon. District RRT investigated the outbreak. State and district NVBDCP officials informed. House to house and container survey done. Under The deceased was a 22y/F. A total of 25 blood smear samples"
Maharashtra,Jalgaon,Dengue,26,1,14-10-2019,,Under Control,"personal and hand hygiene. Cases reported from PHC Girad, Block Bhadgaon. District RRT investigated the outbreak. State and district NVBDCP officials informed. House to house and container survey done. Under The deceased was a 22y/F. A total of 25 blood smear samples 19 collected and all were negative for Malaria. A total of 07 blood samples sent to GMC Aurangabad, 02 were positive for Dengue by IgM ELISA. All cases were treated symptomatically. Source reduction activities carried out. Health education given. Cases reported from Gram Pyt. Mangrul, PHC Nand, Taluk Bhivapur. District RRT investigated the outbreak. House to Under house survey done. Poor environmental hygiene and sanitation"
Maharashtra,Nagpur,Acute Diarrheal Disease,15,0,08-08-2019,,Under Control,"symptomatically. Source reduction activities carried out. Health education given. Cases reported from Gram Pyt. Mangrul, PHC Nand, Taluk Bhivapur. District RRT investigated the outbreak. House to Under house survey done. Poor environmental hygiene and sanitation observed in the affected area. Water samples collected and sent to RPHL Lab Nagpur. All cases were treated symptomatically. Cases reported from Village Savarpada, SC Pimpale, PHC Jaydar, Block Kalwan. District RRT investigated the outbreak. House to house survey conducted. A break in the main pipeline was observed and is suspected to be the reason for outbreak. A total of 05 water samples collected, of which 03 were found to Under be contaminated and not fir for drinking. A total of 02 TCL"
Maharashtra,Nashik,Cholera,289,0,17-10-2019,,Under Control,"Jaydar, Block Kalwan. District RRT investigated the outbreak. House to house survey conducted. A break in the main pipeline was observed and is suspected to be the reason for outbreak. A total of 05 water samples collected, of which 03 were found to Under be contaminated and not fir for drinking. A total of 02 TCL 19 samples were collected and sent to DPHL, Nashik, chlorine content was 32.97. A total of 07 stool samples collected and tested at DPHL Nashik, 04 were positive for V. Cholera O1. All cases were treated symptomatically. Alternate source of drinking water made available in the affected area. The broken pipeline was repaired. Health education given on water sanitation and personal, food and hand hygiene. Cases reported from Village Vitthalwadi, SC Jinti, PHC Korti, Block Karmala. District RRT investigated the outbreak. State Under and District NVBDCP officials were informed. Fever survey"
Maharashtra,Sholapur,Dengue,10,0,14-10-2019,,Under Control,"Cases reported from Village Vitthalwadi, SC Jinti, PHC Korti, Block Karmala. District RRT investigated the outbreak. State Under and District NVBDCP officials were informed. Fever survey -19 and container survey conducted in the affected area. A total of 04 blood samples collected and tested at NIV Pune; 02 were positive for Dengue by IgM ELISA. All cases were treated symptomatically. Fogging done. Health education given. Cases reported from High School and SC College area. District RRT investigated the outbreak. State and District NVBDCP Under officials were informed. Cases were above 15 years of age. A"
Nagaland,Kohima,Dengue,2,0,23-08-2019,,Under Control,"positive for Dengue by IgM ELISA. All cases were treated symptomatically. Fogging done. Health education given. Cases reported from High School and SC College area. District RRT investigated the outbreak. State and District NVBDCP Under officials were informed. Cases were above 15 years of age. A total of 02 samples were collected and 02 were positive for Dengue by IgM ELISA. All cases were treated symptomatically. Health education given. Under Cases reported from Kishor Sadam, District RRT investigated"
Uttar Pradesh,Bareilly,Chickenpox,20,0,14-10-2019,,Under Control,"total of 02 samples were collected and 02 were positive for Dengue by IgM ELISA. All cases were treated symptomatically. Health education given. Under Cases reported from Kishor Sadam, District RRT investigated -19 the outbreak. Cases presented with fever, malaise and rash. All cases were treated symptomatically. Health education given. Cases reported from Usraha Khera, Nama, Mau, Malwa, Fatehpur, Ward No- 31, Chandiyana, Fatehpur, 59 Lala Bazar, Qaziyana, Near Shiya Jama Masjid, Ward No-28 Uttari Murain Tola Near Imam Bada, Fatehpur, Ward No –3, Purani, Bazar, Gazipur, Fatehpur, Village Nonara, Post Budwa, Fatehpur. Under District RRT investigated the outbreak. State and District"
Uttar Pradesh,Fatehpur,Dengue,6,0,30-09-2019,,Under Surveillance,"Fatehpur, Ward No- 31, Chandiyana, Fatehpur, 59 Lala Bazar, Qaziyana, Near Shiya Jama Masjid, Ward No-28 Uttari Murain Tola Near Imam Bada, Fatehpur, Ward No –3, Purani, Bazar, Gazipur, Fatehpur, Village Nonara, Post Budwa, Fatehpur. Under District RRT investigated the outbreak. State and District NVBDCP officials were informed. Cases presented with fever, headache and pain abdomen. A total of 06 blood samples collected and tested at GSVM Medical College Kanpur and all were found positive for dengue by IgM ELISA. All cases were treated symptomatically. Source reduction activities undertaken. Health education given. Cases reported from Village Terajakit, Soolanpur, Amarauli, Chiyasar, Sausarapur, Banpura, Narayanpur, Perarikheda, SC Terajakit, Bhaisiyapur, Chiyasar, Sausarapur, Madhiya, Rohli, CHC Gursahaiganj, Talgram, Gugrapur, Jalalabad, Block Under Talgram, Gugrapur, Jalalabad, Talgram. District RRT"
Uttar Pradesh,Kannauj,Diphtheria,11,6,25-08-2019,,Under Surveillance,"Cases reported from Village Terajakit, Soolanpur, Amarauli, Chiyasar, Sausarapur, Banpura, Narayanpur, Perarikheda, SC Terajakit, Bhaisiyapur, Chiyasar, Sausarapur, Madhiya, Rohli, CHC Gursahaiganj, Talgram, Gugrapur, Jalalabad, Block Under Talgram, Gugrapur, Jalalabad, Talgram. District RRT -19 investigated the outbreak. All cases were not immunized against diphtheria. A total of 07 samples collected and sent to KGMU Lucknow. All cases were treated symptomatically. Azithromycin given to patients suffering from acute tonsillitis by organizing a medical camp. Immunization session organized. Health education given. Cases reported from Village Parasar, SC Nahazari (South), GP Nahazari, Block Bishnupur-II. District RRT investigated the outbreak. Active case search done. A total of 09 blood samples Under collected and tested at STM, Calcutta; 08 were positive for"
West Bengal,South,Hepatitis A,28,0,18-10-2019,,Under Control,"Cases reported from Village Parasar, SC Nahazari (South), GP Nahazari, Block Bishnupur-II. District RRT investigated the outbreak. Active case search done. A total of 09 blood samples Under collected and tested at STM, Calcutta; 08 were positive for 0-19 Hepatitis A by IgM ELISA. A total of 03 water samples collected and sent to PHE for microbiological and chemical testing were reported as higher than higher than permissible limit. All case were treated symptomatically. Medical camp organized. Health education given."
Arunachal Pradesh,Subansiri,Food Poisoning,13,0,27-10-2019,29-10-2019,Under Control,"Outbreak Cases reported from Village Dumporijo, CHC Dumporijio. District RRT investigated the outbreak. Active search for cases done. Cases Under consumed food (fermented soyabean) in a social 00 27-10-19 29-10-19 ceremony and presented symptoms of vomiting and loose motion. Food samples (soyabean) collected. All cases treated symptomatically. Health education given regarding food hygiene and sanitation. Cases reported from Village Panchpokhari, SC Kurda, PHC Kudra. District RRT investigated the outbreak. State and District NVBDCP officials Under were informed. House to house survey done. All 3"
Bihar,Bhabhua,Dengue,3,1,27-10-2019,31-10-2019,Under Surveillance,"and sanitation. Cases reported from Village Panchpokhari, SC Kurda, PHC Kudra. District RRT investigated the outbreak. State and District NVBDCP officials Under were informed. House to house survey done. All 3 01 27-10-19 31-10-19 serum samples collected were positive for Dengue (IgM ELISA). All cases treated symptomatically. Fogging activity carried out in affected area. Source reduction activities undertaken. Health education given. Cases reported from Village Sikta, PHC Dukhichapar, HSC Ghusukpur. District RRT Under 00 26-10-19 28-10-19 investigated the outbreak. Active search of cases"
Bihar,Champaran,Chickenpox,11,0,26-10-2019,28-10-2019,Under Control,"education given. Cases reported from Village Sikta, PHC Dukhichapar, HSC Ghusukpur. District RRT Under 00 26-10-19 28-10-19 investigated the outbreak. Active search of cases done in the campus. Affected children were below 15yrs of age. All cases treated symptomatically. Health education given. Cases reported Village Saini Mohalla and Pathana Mohalla, SC Saraswati Nagar, CHC/PHC Saraswati Nagar. District RRT investigated the outbreak. House to house survey done. Pipeline leakages were observed in the community. 14 blood samples collected and sent to DPHL Under Yamunanagar; 14 samples were positive for HAV"
Haryana,Yamunanagar,Hepatitis A,14,0,31-10-2019,02-11-2019,Under Control,"Saraswati Nagar. District RRT investigated the outbreak. House to house survey done. Pipeline leakages were observed in the community. 14 blood samples collected and sent to DPHL Under Yamunanagar; 14 samples were positive for HAV 00 31-10-19 02-11-19 (IgM ELISA) and 7 samples were positive for HEV (lgM ELISA). All cases treated symptomatically. Chlorination of water sources done. Pipe line leakages were repaired. ORS packets and Halogen tablets were distributed in the community. Health education given regarding drinking boiled and cooled water. 4|P a g e Cases of diarrhea, vomiting reported from Village Baranga, SC Baranga, CHC Manoharpur. District Under RRT investigate the outbreak. Active search for"
Jharkhand,West Singhbhum,Food Poisoning,8,0,29-10-2019,30-10-2019,Under Control,"4|P a g e Cases of diarrhea, vomiting reported from Village Baranga, SC Baranga, CHC Manoharpur. District Under RRT investigate the outbreak. Active search for 29-10-19 30-10-19 cases done. Cases consumed food in a social ceremony. All cases treated symptomatically. Health education given regarding food hygiene and sanitation. Cases reported from Village/SC Ramchanderpur, CHC Sonua. District RRT investigated the outbreak. Active search for cases done. Cases Under consumed food and presented symptoms of"
Jharkhand,West Singhbhum,Food Poisoning,10,0,30-10-2019,31-10-2019,Under Control,"and sanitation. Cases reported from Village/SC Ramchanderpur, CHC Sonua. District RRT investigated the outbreak. Active search for cases done. Cases Under consumed food and presented symptoms of 30-10-19 31-10-19 vomiting and loose motion. 5 stool samples collected and sent to DPHL Chaibasa. All cases treated symptomatically. Health education given regarding food hygiene and sanitation. Cases reported from Village Batlakatte, PHC/CHC Hadadi, Taluk Davanagere. District RRT investigated the outbreak. Active search for cases Under done. Cases consumed food in a social ceremony."
Karnataka,Davanagere,Food Poisoning,35,0,02-11-2019,02-11-2019,Under Control,"regarding food hygiene and sanitation. Cases reported from Village Batlakatte, PHC/CHC Hadadi, Taluk Davanagere. District RRT investigated the outbreak. Active search for cases Under done. Cases consumed food in a social ceremony. 02-11-19 02-11-19 2 stool, 5 blood and 2 water samples collected and sent to DPHL Davangere. All cases treated symptomatically. Health education given Cases reported from Buldhana, Padail, Dahil BK. Deopur. District RRT investigate the outbreak. Under State and District NVBDCP officials were"
Maharashtra,Buldhana,Dengue,98,0,24-10-2019,02-11-2019,Under Control,"symptomatically. Health education given regarding food hygiene and sanitation. Cases reported from Buldhana, Padail, Dahil BK. Deopur. District RRT investigate the outbreak. Under State and District NVBDCP officials were 24-10-19 02-11-19 informed. House to house survey done. All cases treated symptomatically. Entomological survey done. Source reduction activities undertaken. Health education given. Cases reported from Village ITI, UPHC ITI, Block Tlanguam. District RRT, NUHM and MMU investigated the outbreak. State and District NVBDCP officials were informed. House to house Under fever survey done. 53 blood sample collected and"
Mizoram,Aizawl East,Dengue,53,0,30-10-2019,02-11-2019,Under Surveillance,"Cases reported from Village ITI, UPHC ITI, Block Tlanguam. District RRT, NUHM and MMU investigated the outbreak. State and District NVBDCP officials were informed. House to house Under fever survey done. 53 blood sample collected and 30-10-19 02-11-19 sent to Civil Hospital, Aizwal Microbiology Dept.; 19 samples were positive for Dengue (IgM ELISA). All cases treated symptomatically. Source reduction activities and fogging undertaken. Health education given. 5|P a g e Cases reported from Village Similigudam G. PS. C Kollar CHC Bolpariguda District RRT investigated the outbreak. Active search for cases Under done. Cases consumed food (meat curry) in a"
Odisha,Koraput,Food Poisoning,7,0,27-10-2019,31-10-2019,Under Control,"Cases reported from Village Similigudam G. PS. C Kollar CHC Bolpariguda District RRT investigated the outbreak. Active search for cases Under done. Cases consumed food (meat curry) in a 9 31-10-19 social ceremony and presented symptoms of vomiting and loose motion. 2 water samples collected. All cases treated symptomatically. Health education given regarding food hygiene and sanitation. Cases reported from Village Huguilpata, GP/SC Hugulpata, Block Kukudakhandi. District RRT investigated the outbreak. Cases consumed water from the well and presented symptoms of diarrhea Under"
Odisha,Ganjam,Acute Diarrheal Disease,30,0,29-10-2019,31-10-2019,Under Control,"Cases reported from Village Huguilpata, GP/SC Hugulpata, Block Kukudakhandi. District RRT investigated the outbreak. Cases consumed water from the well and presented symptoms of diarrhea Under 9 31-10-19 and vomiting. 01 rectal swab and 03 water samples collected and sent to MKCG MCH, Berhampur. All cases treated. Disinfection of surrounding done. ORS packets and halogen tablets distributed. Health education given. Cases reported from Village Kuha Kunda, CHC Lakhanpur Jharsuguda. District RT investigated the outbreak. House to house survey done. 04"
Odisha,Jharsuguda,Acute Diarrheal Disease,25,0,31-10-2019,01-11-2019,Under Control,"Health education given. Cases reported from Village Kuha Kunda, CHC Lakhanpur Jharsuguda. District RT investigated the outbreak. House to house survey done. 04 Under 9 01-11-19 water samples collected and sent to DPHL Jharsuguda. All cases treated symptomatically. IEC done regarding safe drinking water and personal hygiene. Cases reported from Village Bhadra Pali, CHC Lakhanpur Jharsuguda. District RRT investigated the outbreak. House to house survey done. 02"
Odisha,Jharsuguda,Acute Diarrheal Disease,16,0,28-10-2019,30-10-2019,Under Control,"personal hygiene. Cases reported from Village Bhadra Pali, CHC Lakhanpur Jharsuguda. District RRT investigated the outbreak. House to house survey done. 02 Under 9 30-10-19 water samples collected and sent to DPHL Jharsuguda. All cases treated symptomatically. IEC done regarding safe drinking water and Cases reported from Uppoki, CHC Amargarh. District RRT investigated the outbreak. Active Under search of cases done. All the 7 blood samples"
Punjab,Sangrur,Mumps,7,0,31-10-2019,31-10-2019,Under Control,"IEC done regarding safe drinking water and personal hygiene. Cases reported from Uppoki, CHC Amargarh. District RRT investigated the outbreak. Active Under search of cases done. All the 7 blood samples 9 31-10-19 collected were positive for Mumps (IgM ELISA) tested at DPHL Sangrur. Affected children were in 5-10yrs of age group. All cases treated symptomatically. Health education given. 6|P a g e Cases of fever with maculopapular rashes reported from Dasmesh Global School, Bargari, CHC Baja Khana & Jandsahib. District RRT investigated the Under outbreak. Active search of cases done. A total of"
Punjab,Faridkot,Chickenpox,323,0,30-10-2019,30-10-2019,Under Control,"Cases of fever with maculopapular rashes reported from Dasmesh Global School, Bargari, CHC Baja Khana & Jandsahib. District RRT investigated the Under outbreak. Active search of cases done. A total of 30-10-19 30-10-19 189 male and 134 female were affected in two blocks. Majority of cases were children less than 15yr of age. All cases were treated. Instructions regarding isolation were given to the school. Health education given. Cases of fever and swelling of salivary gland reported from Govt Primary School, Veroke, Block Thathi Bhai. District RRT investigated the outbreak. House to house survey done. All the 10 Under blood samples collected and sent to DPHL, Moga"
Punjab,Moga,Mumps,19,0,30-10-2019,30-10-2019,Under Control,"Cases of fever and swelling of salivary gland reported from Govt Primary School, Veroke, Block Thathi Bhai. District RRT investigated the outbreak. House to house survey done. All the 10 Under blood samples collected and sent to DPHL, Moga 30-10-19 30-10-19 were positive for Mumps (IgM ELISA). Affected children were less than 15yr of age group. All cases treated symptomatically. Health education given regarding isolation of cases and personal hygiene. Cases reported from Village Pothulaboguda SC Marvelly, Andole mandal, PHC Talelma. District RRT investigated the outbreak. State and District NVBDCP officials were informed. House to house Under survey done. Out of 07 serum samples collected"
Telangana,Sangareddy,Dengue & Chikungunya,34,0,29-10-2019,30-10-2019,Under Control,"Cases reported from Village Pothulaboguda SC Marvelly, Andole mandal, PHC Talelma. District RRT investigated the outbreak. State and District NVBDCP officials were informed. House to house Under survey done. Out of 07 serum samples collected 29-10-19 30-10-19 and sent to IPM LAB; 3 samples were positive for Dengue (IgM ELISA) & 1 sample was positive for Chikungunya. All cases treated symptomatically. Entomological survey done. Fogging activity carried out in affected area. Source reduction activities undertaken. Health education given. Cases reported from Village/SC Manalmettupatti, PHC/ Block Kottampatti. District RRT investigated the outbreak. State and District Under"
Tamil Nadu,Madurai,Chikungunya,49,0,01-11-2019,01-11-2019,Under Control,"Cases reported from Village/SC Manalmettupatti, PHC/ Block Kottampatti. District RRT investigated the outbreak. State and District NVBDCP officials were informed. House to house Under 01-11-19 01-11-19 survey done. 05 serum samples collected and sent to DPHL Madurai & Madurai Medical Collage; 05 samples were positive for Chikungunya and 1 sample was positive for Leptospirosis. All cases treated. Health education given. 7|P a g e Cases reported from Village/SC Sehua, PHC Sanfar, CHC/ Block Ajeetmal. District RRT Under NVBDCP officials were informed. House to house 1-11-19 fever survey done. Ou5t of 75 blood sample collected; 24 samples were positive for Dengue. Health camps organized. All cases treated symptomatically. Source reduction and fogging activities undertaken. Health education given. 8|P a g e Date of No. of No. of Current Cases Deaths Status Outbreak Cases reported form Villages Kurtha, Arwal, Kaler, Chakiya, Makhdumpur, Karpi, Bajipur. District RRT investigated the outbreak. State and District NVBDCP officials were informed. Under House to house survey done. All 05 serum samples collected"
Bihar,Arwal,Dengue,5,0,15-10-2019,,Under Control,"Outbreak Cases reported form Villages Kurtha, Arwal, Kaler, Chakiya, Makhdumpur, Karpi, Bajipur. District RRT investigated the outbreak. State and District NVBDCP officials were informed. Under House to house survey done. All 05 serum samples collected 05 00 15-10-19 and sent to Patna PMCH lab; were positive for Dengue (IgM ELISA). All cases treated symptomatically. Entomological survey done. Fogging activity carried out in affected area. Source reduction activities undertaken. Health education given. Cases reported from several Blocks and PHC of Muzaffarpur District. District RRT investigated the outbreak. State and Under District NVBDCP officials were informed. House to house"
Bihar,Muzaffarpur,Dengue,67,0,27-06-2019,,Under Surveillance,"survey done. Fogging activity carried out in affected area. Source reduction activities undertaken. Health education given. Cases reported from several Blocks and PHC of Muzaffarpur District. District RRT investigated the outbreak. State and Under District NVBDCP officials were informed. House to house 67 00 27-06-19 survey done. Serum samples collected and sent to RMRI, NMCH & SKMCH; All cases treated symptomatically. Fogging activity carried out in affected area. Source reduction activities undertaken. Health education given. Cases reported from Village Nathpora Bandipora. District RRT Under investigated the outbreak. Active search of cases done in the"
Jammu and Kashmir,Bandipora,Chickenpox,10,0,22-07-2019,,Under Control,NMCH & SKMCH; All cases treated symptomatically. Fogging activity carried out in affected area. Source reduction activities undertaken. Health education given. Cases reported from Village Nathpora Bandipora. District RRT Under investigated the outbreak. Active search of cases done in the 10 00 22-07-19 campus. All cases treated symptomatically. Health education given regarding isolation of cases and personal hygiene. Cases reported from Shahgund Hajin Bandipora. District RRT
Jammu and Kashmir,Bandipora,Chickenpox,15,0,10-08-2019,,Under Control,
Kerala,Ernakulam,Chickenpox,16,0,09-10-2019,,Under Control,
Maharashtra,Thane,Dengue,25,0,10-09-2019,,Under Control,"done. All cases treated symptomatically. Health education given. Cases reported from Koravale, SC Vidhe, PHC Tulai, Taluk Murbad. District RRT investigate the outbreak. State and Under District NVBDCP officials were informed. House to house 25 00 10-09-19 survey done. 5 blood samples collected; were positive for Dengue (IgM ELISA). All cases treated symptomatically. Entomological survey done. Source reduction activities undertaken. Health education given."
Assam,Chirang,Malaria,38,0,08-11-2019,08-11-2019,Under Control,"investigated the outbreak. State and District NVBDCP officials informed. Surveillance activities for Malaria intensified. Clustering of cases observed. Cases presented with fever, Under headache, vomiting, chill and rigor. Most of the 0 08-11-19 08-11-19 houses were situated in the forest area; people belonged to tribal community and lower socio economic status. A total of 34 samples were tested using RDK provided by NVBDCP and 09 were positive for P. falciparum, 28 for P. vivax and 01 was Mixed. All cases were treated as per guidelines. Health education given on use of bed nets and personal protective measures. Cases reported from Village 01 No Kecheruguri, SC Kumarchuk, Block PHC Naharani. District RRT investigated the outbreak. Cases presented with fever, headache, pain abdomen, diarrhea and vomiting after consuming food in a religious ceremony. A total of 03 rectal swab samples collected and tested at Microbiology Dept. Under AMCH Dibrugarh, no growth of significant"
Assam,Dibrugarh,Food Poisoning,77,0,05-11-2019,08-11-2019,Under Control,"with fever, headache, pain abdomen, diarrhea and vomiting after consuming food in a religious ceremony. A total of 03 rectal swab samples collected and tested at Microbiology Dept. Under AMCH Dibrugarh, no growth of significant 0 05-11-19 08-11-19 enteric bacterial pathogen was found. A total of 02 water samples tested at Microbiology Dept. AMCH Dibrugarh, both were unsatisfactory for drinking purpose. All cases were treated symptomatically. Medical camp organized in the affected area. PHED Dept visited the affected area and collected drinking water samples for analysis. Health education given. Cases reported from Village Amadula Ward Name Malikpara, Block Dondi. District RRT investigated the outbreak. Water samples Under collected and result awaited. All cases were"
Chhattisgarh,Balod,Diarrhoeal Disease,30,0,02-11-2019,08-11-2019,Under Control,"Cases reported from Village Amadula Ward Name Malikpara, Block Dondi. District RRT investigated the outbreak. Water samples Under collected and result awaited. All cases were 1-19 08-11-19 treated symptomatically. ORS packets and chlorine tablets distributed. Medical camp conducted in the affected area. Health education given. Case treated from Village Dadava Randal, PHC Devgam, Taluk Kunkavav. District RRT investigated the outbreak. Active cases search done. Case presented with high fever and vomiting. A single serum sample collected and Under tested at NIV, Pune was found to be positive for"
Gujarat,Amreli,Crimean Congo Hemorrhagic Fever,1,0,01-11-2019,05-11-2019,Under Control,"Devgam, Taluk Kunkavav. District RRT investigated the outbreak. Active cases search done. Case presented with high fever and vomiting. A single serum sample collected and Under tested at NIV, Pune was found to be positive for 1-19 05-11-19 CCHF by Real time RT PCR and Anti-CCHFV IgM ELISA. Case was treated symptomatically. ORS and chlorine tablets distributed in the affected area. Tick eradication, indoor residual spray and other vector control measures taken. Health education given on water, milk and food hygiene and sanitation measures. Cases reported from Village Keshani, SC/PHC Ganget, Taluk Chansma. District RRT investigated the outbreak. House to house survey conducted. Cases presented with pain abdomen, diarrhea and vomiting after consuming food in a Under social gathering. A single stool sample collected"
Gujarat,Patan,Food Poisoning,118,0,08-11-2019,09-11-2019,Under Control,"Ganget, Taluk Chansma. District RRT investigated the outbreak. House to house survey conducted. Cases presented with pain abdomen, diarrhea and vomiting after consuming food in a Under social gathering. A single stool sample collected 1-19 09-11-19 for bacteriological examination and sent to Public Health Laboratory IDSP at Civil Hospital Mehsana, found negative for any pathogen. All cases were treated symptomatically. Medical camp conducted in the affected area. ORS packets distributed in the affected area. Health education given. Cases reported from Village Bada Kadal, HSC Jumal, CHC Rajnagar. District RRT investigated the outbreak. House to house survey conducted. Cases presented with vomiting and loose stools after drinking well water. A total of 02 stool and Under 03 water samples collected and tested at MGM"
Jharkhand,Sariakela,Acute Diarrheal Disease,12,0,08-11-2019,08-11-2019,Under Control,"Jumal, CHC Rajnagar. District RRT investigated the outbreak. House to house survey conducted. Cases presented with vomiting and loose stools after drinking well water. A total of 02 stool and Under 03 water samples collected and tested at MGM 11-19 08-11-19 College and Hospital Jamshedpur; normal stools commensal isolated in both samples and E coli isolated in all 03 water samples.. All cases were treated symptomatically. Health education given. Bleaching powder was distributed in the community. Cases reported from Kraloo, Block Qazigund. District RRT investigated the outbreak. Door to door survey conducted. Cases presented with fever, jaundice, anorexia, vomiting and abdominal discomfort. A total of 02 water samples (01 tap and 01 reservoir water) collected Under and sent to IDSP Provincial lab JLNM Hospital"
Jammu and Kashmir,Kulgam,Hepatitis A,14,0,04-11-2019,06-11-2019,Under Control,"door survey conducted. Cases presented with fever, jaundice, anorexia, vomiting and abdominal discomfort. A total of 02 water samples (01 tap and 01 reservoir water) collected Under and sent to IDSP Provincial lab JLNM Hospital 11-19 06-11-19 Srinagar; found suitable for human consumption. A total of 10 blood samples collected and sent to IDSP Provincial lab JLNM Hospital Srinagar; 05 were positive for Hepatits A by IgM ELISA. All cases were treated symptomatically. Health education given on personal hygiene and disposal of sanitary waste. Cases reported from Village Channabasayyanahatti, PHC/CHC Nelagetanahatti, Taluk Challakere. District RRT Under investigated the outbreak. All cases reported after"
Karnataka,Chitradurga,Food Poisoning,58,0,05-11-2019,06-11-2019,Under Control,"of sanitary waste. Cases reported from Village Channabasayyanahatti, PHC/CHC Nelagetanahatti, Taluk Challakere. District RRT Under investigated the outbreak. All cases reported after 11-19 06-11-19 consumption of mid day meal in higher primary school. A dead lizard was found in the food. Food samples collected and tested at PHI Bangalore; result awaited. All cases were treated symptomatically. Health education given. Cases reported from Davangere, Hadadi. K G Halli, Batlakatte. District RRT investigated the outbreak. Cases presented with vomiting and loose stools after consuming food in a social Under gathering. A total of 05 blood and 02 stool"
Karnataka,Davanagere,Food Poisoning,79,0,05-11-2019,05-11-2019,Under Control,"Cases reported from Davangere, Hadadi. K G Halli, Batlakatte. District RRT investigated the outbreak. Cases presented with vomiting and loose stools after consuming food in a social Under gathering. A total of 05 blood and 02 stool 05-11-19 05-11-19 samples collected and tested at DPHL Davangere, result awaited. All cases were treated symptomatically. Temporary clinic was setup in the affected area. Health education given on food hygiene and safe drinking water. Cases reported from Village Maratha, PHC/CHC Sirwar, Taluk Manvi. District RRT investigated the outbreak. Contaminated drinking water was supplied from outside the village. A total of 02 Under"
Karnataka,Raichur,Acute Diarrhoeal Disease,15,0,09-11-2019,11-11-2019,Under Control,"Cases reported from Village Maratha, PHC/CHC Sirwar, Taluk Manvi. District RRT investigated the outbreak. Contaminated drinking water was supplied from outside the village. A total of 02 Under 09-11-19 11-11-19 water samples collected; both were non potable by H 2S method. All cases treated symptomatically. It was advised to repair leaking water pipes and chlorinate water. Health education given. Cases reported from Village/PHC/CHC Baithkol, Taluk Karwar. District RRT investigated the outbreak. Cases gave history of consumption of uncooked meat and contamination of water source was observed. A total of 02 blood samples Under collected and sent to MIV Manipal and 01 stool"
Karnataka,Uttara Kannada,Cholera,20,0,05-11-2019,11-10-2019,Under Surveillance,Taluk Karwar. District RRT investigated the outbreak. Cases gave history of consumption of uncooked meat and contamination of water source was observed. A total of 02 blood samples Under collected and sent to MIV Manipal and 01 stool 05-11-19 11-10-19 sample sent to KMC Manipal Enteric Dept. A total of 06 water sample collected and tested at DSU Karwar; 05 were reported as non potable.. A single stool sample was tested at DPHL Udupi and reported positive for Vibrio Cholera. All cases were treated symptomatically. Chlorination of well done. Health education given. Cases reported from Village/HSC/PHC Vanimel Block Valayam. District RRT investigated the outbreak. House to house survey done Cases had history of attending a marriage function. A total Under of 04 blood and tested at RPH Lab; 03 were
Kerala,Kozhikode,Hepatitis A,45,0,05-11-2019,11-11-2019,Under Surveillance,"Cases reported from Village/HSC/PHC Vanimel Block Valayam. District RRT investigated the outbreak. House to house survey done Cases had history of attending a marriage function. A total Under of 04 blood and tested at RPH Lab; 03 were 05-11-19 11-11-19 found positive for Hepatitis A by IgM ELISA. A total of 04 water sample were collected and tested at PH Lab; result awaited. All cases were treated symptomatically. Super chlorination of water done. Health education given. Cases reported from Ujjain urban. District RRT investigated the outbreak. Cases presented with Under pain abdomen, nausea, vomiting and loose stools"
Kerala,Ujjain,Food Poisoning,70,1,08-11-2019,10-11-2019,Under Control,"Cases reported from Ujjain urban. District RRT investigated the outbreak. Cases presented with Under pain abdomen, nausea, vomiting and loose stools 10-11-19 after consuming food in a marriage function. A total of 05 stool samples collected and tested at to MGM Medical College, Indore. All cases were treated symptomatically. Health education given. Cases reported from Village/SC/GP Pokatunga, CHC Bantala, Block Angul. District RRT investigated the outbreak. House to house survey done. The probable source of infection was contaminated water. People are consuming water from the dug well, there are several latrines within 30 feet from the well. It was observed that Under people are bathing inside and near the well. A"
Odisha,Angul,Acute Diarrheal Disease,32,0,04-11-2019,07-11-2019,Under Control,"done. The probable source of infection was contaminated water. People are consuming water from the dug well, there are several latrines within 30 feet from the well. It was observed that Under people are bathing inside and near the well. A 07-11-19 total of 03 water samples and 06 rectal swabs were collected and sent to Lab; water sample found suitable for human consumption and no pathogen grown in all 06 rectal swabs. All cases were treated symptomatically. Halogen tablets distributed in the village. Health education given on hand washing, safe food and safe drinking water. Cases reported from Village Agarapada, Dolapadi Jenasahi. District RRT investigated the outbreak. House to house survey done. A total of 05 rectal swabs and 02 water samples collected and tested Under at DPHL, Bhadrak. A total of 03 rectal swab"
Odisha,Bhadrak,Food Poisoning,54,0,10-11-2019,11-11-2019,Under Control,"Cases reported from Village Agarapada, Dolapadi Jenasahi. District RRT investigated the outbreak. House to house survey done. A total of 05 rectal swabs and 02 water samples collected and tested Under at DPHL, Bhadrak. A total of 03 rectal swab 11-11-19 samples were E coli positive and 01 Klebsiella positive. Both water samples were found suitable for human consumption. All cases were treated symptomatically. Health education given on hygiene practices. Cases reported from Village S. Dandabada, CHC Dasmantpur, SC/GP Chanadada. District RRT investigated the outbreak. House to house survey done. Two cattle deaths were reported from the village in the past 15 days. A total of 08 individuals were in contact with the cattle, 05 of Under whom are suspected to have developed cutaneous"
Odisha,Koraput,Anthrax,5,0,07-11-2019,13-11-2019,Under Control,"investigated the outbreak. House to house survey done. Two cattle deaths were reported from the village in the past 15 days. A total of 08 individuals were in contact with the cattle, 05 of Under whom are suspected to have developed cutaneous 11-19 anthrax. A single slide swab & scrap sample collected and gram positive organism resembling B anthrax seen. All cases were treated symptomatically. Veterinary Dept collected some soil samples and vaccinated cattle. Contact treatment given to all households. Health education given on procedure for burial of cattle. Cases reported from Anganwari/School of Village Virak Khera, Block Almwala. District RRT investigated the outbreak. House to house Under survey done. All cases were less than 10 years of"
Punjab,Muktsar,Mumps,8,0,05-11-2019,05-11-2019,Under Control,"education given on procedure for burial of cattle. Cases reported from Anganwari/School of Village Virak Khera, Block Almwala. District RRT investigated the outbreak. House to house Under survey done. All cases were less than 10 years of 11-19 age. A total of 03 blood samples collected and tested at DPHL, Muktasar and all positive for Mumps by IgM ELISA. All cases were isolated and treated symptomatically. Health education given. Cases reported from Village Malke, Block Thathi Bhai. District RRT investigated the outbreak. House to house survey done. All cases were less Under than 15 years of age. Cases presented with fever,"
Punjab,Moga,Mumps,6,0,06-11-2019,06-11-2019,Under Control,"given. Cases reported from Village Malke, Block Thathi Bhai. District RRT investigated the outbreak. House to house survey done. All cases were less Under than 15 years of age. Cases presented with fever, 11-19 pain and swelling in the neck. A total of 05 blood samples collected and tested at DPHL Moga, 03 were positive for Mumps by IgM ELISA.. All cases were treated symptomatically. Health education given. Cases reported from Village Ward 28 -Bharath Nursing College, HSC Adivaram, UPHC, Block Palani Municipality. District RRT investigated the outbreak. House to house survey done. Probable cause of outbreak was contaminated tomato rice. Cases were above 14 years of age, Under both male and female were affected. A total of 03"
Tamil Nadu,Dindigul,Food Poisoning,19,0,08-11-2019,09-11-2019,Under Control,"Palani Municipality. District RRT investigated the outbreak. House to house survey done. Probable cause of outbreak was contaminated tomato rice. Cases were above 14 years of age, Under both male and female were affected. A total of 03 11-19 09-11-19 water, 04 blood and 05 stool samples were collected and tested at DPHL, Dindigul; stool samples were negative for Salmonella, Shigella and V. cholera, blood samples negative for Leptospirosis and Dengue, 01 water sample was potable and 02 were non potable. All cases were treated symptomatically. Health education given regarding safe drinking water and food hygiene. Cases reported from Village Thenkaravayal, HSC Vadakaravayal, PHC Rayapuram, Block Under Needamangalam. District RRT investigated the"
Tamil Nadu,Tiruvarur Food,Food Poisoning,17,0,08-11-2019,08-11-2019,Under Control,"treated symptomatically. Health education given regarding safe drinking water and food hygiene. Cases reported from Village Thenkaravayal, HSC Vadakaravayal, PHC Rayapuram, Block Under Needamangalam. District RRT investigated the 11-19 08-11-19 outbreak. House to house survey done. A total of 08 male and 09 female were affected. All cases were treated symptomatically. Chlorination done. Health education given. Cases reported from Village Jahanganj, Block Kamalganj. District RRT investigated the outbreak. State and District NVBDCP officials were informed. House to house survey conducted. A total of 85 blood smears, 12 blood samples Under collected; all smears were negative for Malaria"
Uttar Pradesh,Farrukhabad,Dengue,12,0,02-11-2019,04-11-2019,Under Control,"Kamalganj. District RRT investigated the outbreak. State and District NVBDCP officials were informed. House to house survey conducted. A total of 85 blood smears, 12 blood samples Under collected; all smears were negative for Malaria 11-19 04-11-19 and all 12 samples were positive for Dengue by card test. All cases were treated symptomatically. Health camp organized in the affected area. Source reduction and anti larval activities undertaken. Waste management measures undertaken. Health education given. Date of of No. of Current es Deaths Status Outbreak Cases reported from Village Loilong Punji (Khasiya Punji), SC Koomba, BPHC Udharbond. District RRT investigated the outbreak. State and District NVBDCP officials informed. Under House to house survey done. Clustering of cases was"
Assam,Chachar,Malaria,6,0,22-10-2019,,Under Control,"Outbreak Cases reported from Village Loilong Punji (Khasiya Punji), SC Koomba, BPHC Udharbond. District RRT investigated the outbreak. State and District NVBDCP officials informed. Under House to house survey done. Clustering of cases was 00 22-10-19 observed. Cases were above 16 years of age; 05 were male and 01 female. A total of 62 samples for RDK and BS were collected and tested at Udharbond; 06 were found positive for P. falciparum by RDK and smear. All cases were treated as per guidelines. Health education given on use of bed nets. Cases reported from Village 2 No Bokanola, SC Bokanola, BPHC Boginodi. District RRT investigated the outbreak. Under House to house survey conducted. A total of 04 blood"
Assam,Lakhimpur,Chickenpox,9,0,30-10-2019,,Under Control,"P. falciparum by RDK and smear. All cases were treated as per guidelines. Health education given on use of bed nets. Cases reported from Village 2 No Bokanola, SC Bokanola, BPHC Boginodi. District RRT investigated the outbreak. Under House to house survey conducted. A total of 04 blood 00 30-10-19 samples collected and sent to RMRC Dibrugarh; 03 were positive for Varicella Zoster by IgM ELISA. All cases were treated. Health education given. Cases reported from Block/PHC Sadar Block, Jamalpur, Sangrampur, Tarapur, Asarganj, Dharahara. District RRT investigated the outbreak. Active case search done. Most Under cases belonged to the age group 15-30 years, men were"
Bihar,Munger,Dengue,7,0,13-09-2019,,Under Surveillance,"treated. Health education given. Cases reported from Block/PHC Sadar Block, Jamalpur, Sangrampur, Tarapur, Asarganj, Dharahara. District RRT investigated the outbreak. Active case search done. Most Under cases belonged to the age group 15-30 years, men were 00 13-09-19 affected more than women. A total of 02 samples collected and tested at PMCH Patna and JLNMCH Bhagalpur and found to be positive for Dengue by IgM ELISA. All cases were treated symptomatically. Fogging done in the affected area. Health education given on hygiene. Cases reported from Urban-UPHC Adelhatu, Gwala Toli, Hindpiri. District RRT investigated the outbreak. State and District NVBDCP officials were informed. House to house Under survey conducted. A total of 32 blood samples collected and"
Jharkhand,Ranchi,Dengue & Chikungunya,16,0,31-10-2019,,Under Surveillance,"area. Health education given on hygiene. Cases reported from Urban-UPHC Adelhatu, Gwala Toli, Hindpiri. District RRT investigated the outbreak. State and District NVBDCP officials were informed. House to house Under survey conducted. A total of 32 blood samples collected and 00 31-10-19 tested at RIMS Ranchi; 05 samples were found positive for Dengue by IgM ELISA and 11 positive for Chikungunya by IgM ELISA. All cases were treated symptomatically. Health education given. Cases reported from Village Cherugoda Adityapur, Plaseldih Chhota Gamhariya, Adityapur, Majhi Tola and Tulumtand, CHC Gamhariya, Nimdih Seraikella. District RRT Under investigated the outbreak. State and District NVBDCP"
Jharkhand,Sariakela,Dengue,7,0,22-10-2019,,Under Surveillance,"Cases reported from Village Cherugoda Adityapur, Plaseldih Chhota Gamhariya, Adityapur, Majhi Tola and Tulumtand, CHC Gamhariya, Nimdih Seraikella. District RRT Under investigated the outbreak. State and District NVBDCP 2-10-19 officials were informed. A total of 07 blood samples collected and tested at MGM Hospital, Jamshedpur and 07 were found positive for Dengue by IgM ELISA. Source reduction activities undertaken. Fogging done in the affected area. All cases were treated symptomatically. Health education given. Cases reported from Village Sijudih, HSC Sidadih, CHC Seraikella. District RRT investigated the outbreak. House to Under house survey conducted. Cases presented with vomiting and"
Jharkhand,Sariakela,Food Poisoning,9,0,30-10-2019,,Under Control,"activities undertaken. Fogging done in the affected area. All cases were treated symptomatically. Health education given. Cases reported from Village Sijudih, HSC Sidadih, CHC Seraikella. District RRT investigated the outbreak. House to Under house survey conducted. Cases presented with vomiting and 0-10-19 loose stools after consuming food in a social gathering. All cases were treated symptomatically. ORS packets and bleaching powder distributed in the affected area. Health education given on cleanliness and hygiene.. Cases reported from Village Barabambo, HSC Barabambo, Under CHC Kharsawan. District RRT investigated the outbreak. 1-10-19"
Jharkhand,House to house survey conducted Cases presented with,Food Poisoning,67,0,31-10-2019,,Under Control,"bleaching powder distributed in the affected area. Health education given on cleanliness and hygiene.. Cases reported from Village Barabambo, HSC Barabambo, Under CHC Kharsawan. District RRT investigated the outbreak. 1-10-19 House to house survey conducted. Cases presented with vomiting and loose stools after consuming fish. All cases were treated symptomatically. Health education given. Cases reported from T Tachloo, Block Yaripora. District RRT Under investigated the outbreak. Door to door survey was"
Jammu and Kashmir,Kulgam,Chickenpox,23,0,11-10-2019,,Under Control,"vomiting and loose stools after consuming fish. All cases were treated symptomatically. Health education given. Cases reported from T Tachloo, Block Yaripora. District RRT Under investigated the outbreak. Door to door survey was 1-10-19 conducted. Cases presented with fever and rash. All cases were treated symptomatically. Health education given regarding prevention of transmission of Chickenpox. Cases reported from Kutpora Shopian (Shopian Herman) NTPHC Nadigam, Village Kutpora Shopian. District RRT investigated the outbreak. Clustering of cases was observed. A total of 03 water samples and 02 stool samples were Under"
Jammu and Kashmir,Shopian,Acute Diarrhoeal Disease,43,0,27-09-2019,,Under Control,"Cases reported from Kutpora Shopian (Shopian Herman) NTPHC Nadigam, Village Kutpora Shopian. District RRT investigated the outbreak. Clustering of cases was observed. A total of 03 water samples and 02 stool samples were Under 7-09-19 collected and sent to Public Health Lab Barzulla. All 03 water samples found unfit for human consumption. No pathogen isolated from stool samples. All cases were treated symptomatically. Health education given. Public Health Engineering Dept was informed. Cases reported from Shopian Padapawan, Village Padpawan, SC Borihallan, PHC Vehil, Block Shopian. District RRT investigated the outbreak. A total of 35 blood samples were Under collected and tested at Public lab, Barzulla, 14 samples were"
Jammu and Kashmir,Shopian,Hepatitis E,35,0,01-08-2019,,Under Control,"Cases reported from Shopian Padapawan, Village Padpawan, SC Borihallan, PHC Vehil, Block Shopian. District RRT investigated the outbreak. A total of 35 blood samples were Under collected and tested at Public lab, Barzulla, 14 samples were 8-19 found positive for Hepatitis E by IgM ELISA. A total of 03 water samples were collected and tested at Public Health lab Barzulla, all were unsatisfactory. All cases were treated symptomatically. Chlorine tablets distributed in the affected area. Health education given. Cases reported from Village Rawalpora, PHC Herman, Block Under Shopian. District RRT investigated the outbreak. Clustering"
Jammu and Kashmir,Shopian,Chickenpox,11,0,15-10-2019,,Under Control,"Barzulla, all were unsatisfactory. All cases were treated symptomatically. Chlorine tablets distributed in the affected area. Health education given. Cases reported from Village Rawalpora, PHC Herman, Block Under Shopian. District RRT investigated the outbreak. Clustering of cases observed. All cases were treated symptomatically. Health education given. Cases reported from Village Rawalpora, PHC Vehil, Block Shopian. District RRT investigated the outbreak. Clustering of cases observed. A total of 08 blood samples were collected Under and tested at Public Health Lab IDSP and 01 blood sample"
Jammu and Kashmir,Shopian,Hepatitis E,52,0,04-10-2019,,Under Control,"Health education given. Cases reported from Village Rawalpora, PHC Vehil, Block Shopian. District RRT investigated the outbreak. Clustering of cases observed. A total of 08 blood samples were collected Under and tested at Public Health Lab IDSP and 01 blood sample found positive for Hepatits E by IgM ELISA. A single water sample was collected and tested at Public Health Lab, JLNM Renawari were reported as unsatisfactory. All cases were treated symptomatically. Health education given. Cases reported from Village Bupuru Tanda, PHC/CHC Doddahalli, Taluk Pavagada. District RRT investigated the outbreak. State and District NVBDCP officials were informed. House to house fever survey done. Larval breeding Under was found around the house. A total of 04 blood samples"
Karnataka,Tumkur,Dengue and Chikungunya,33,0,22-10-2019,,Under Surveillance,"Cases reported from Village Bupuru Tanda, PHC/CHC Doddahalli, Taluk Pavagada. District RRT investigated the outbreak. State and District NVBDCP officials were informed. House to house fever survey done. Larval breeding Under was found around the house. A total of 04 blood samples were collected and tested at DPHL, Tumkur;01 was positive for both Dengue and Chikungunya and 01 was equivocal for Chikungunya by IgM ELISA. All cases were treated symptomatically. Source reduction activities undertaken. Health education given. Cases reported from Village Thrikkakara, Block Cheranellur, PHC Kakkanad. District RRT investigated the outbreak. House to house survey done. Clustering of cases was Under observed. All cases belonged to the age group >45 years. A"
Kerala,Ernakulam - -,Dengue,23,0,01-10-2019,,Under Control,"Health education given. Cases reported from Village Thrikkakara, Block Cheranellur, PHC Kakkanad. District RRT investigated the outbreak. House to house survey done. Clustering of cases was Under observed. All cases belonged to the age group >45 years. A total of 04 samples collected and tested at RPH Lab; 03 were found positive for Dengue by IgM ELISA. All cases were treated symptomatically. Source reduction activities undertaken. Health education given. Cases reported from Village Mannanam, PHC/CHC/Block Athirampuzha. District RRT investigated the outbreak. All cases were among male in the age group 15-20 years. Cases gave history of consuming water from a well near the football Under ground. Cases presented with fever, vomiting, headache and"
Kerala,Kottayam,Hepatitis A,12,0,14-09-2019,,Under Surveillance,"Cases reported from Village Mannanam, PHC/CHC/Block Athirampuzha. District RRT investigated the outbreak. All cases were among male in the age group 15-20 years. Cases gave history of consuming water from a well near the football Under ground. Cases presented with fever, vomiting, headache and 00 14-09-19 bodyache. A total of 03 samples tested at MCH Kottayam; 01 was positive for Hepatitis A by IgM ELISA. Water samples collected and tested in Microbiology Lab, MCH, Kottayam; result awaited. All cases were treated symptomatically. Health education given. Cases reported from Village Aiyroor, HSC Chavarcode, PHC Thonippara, Block Manamboor. District RRT investigated the outbreak. Fever Surveillance conducted in the affected area and adjacent area. All cases gave history of drinking well water without boiling and consuming canteen food like burger and sandwich. Cases belonged to the age group 19 to 26 Under years; 21 were men and 04 were women. The first case"
Kerala,Trivandrum,Hepatitis A,25,0,24-10-2019,,Under Control,"outbreak. Fever Surveillance conducted in the affected area and adjacent area. All cases gave history of drinking well water without boiling and consuming canteen food like burger and sandwich. Cases belonged to the age group 19 to 26 Under years; 21 were men and 04 were women. The first case 00 24-10-19 presented with pain abdomen, vomiting and yellowish discoloration of eyes and urine. A total of 02 water samples and 27 serum samples collected and tested at MCH and PH Lab;25 serum samples were positive for Hepatitis A by IgM ELISA.. All cases were treated symptomatically The college and campus canteen has been temporary closed. Super chlorination of well water done. Health education given on food hygiene and hand hygiene. Cases reported from Village/ Block Mawkyrwat. District RRT investigated the outbreak. Food And Safety Officer visited the hostel kitchen and inspected the drinking water source. All cases were from the same hostel. The cases presented with Under"
Meghalaya,West Khasi Hills,Acute Diarrheal Disease,7,0,30-10-2019,,Under Control,"Cases reported from Village/ Block Mawkyrwat. District RRT investigated the outbreak. Food And Safety Officer visited the hostel kitchen and inspected the drinking water source. All cases were from the same hostel. The cases presented with Under 00 30-10-19 profuse diarrhea, fever and headache. The cases gave history of consuming food in the hostel. A total of 02 stool samples were collected and tested at Pasteur Institute, Shillong result awaited. All cases were treated symptomatically. Health education given. Cases reported from Village Sakhar, SC Sakhar, PHC Karanjawane, Block Velhe. District RRT investigated the outbreak. State and District NVBDCP officials informed. Under House to house rapid fever survey conducted. A total of 04"
Maharashtra,Pune,Dengue and Chikungunya,4,0,25-10-2019,,Under Control,"education given. Cases reported from Village Sakhar, SC Sakhar, PHC Karanjawane, Block Velhe. District RRT investigated the outbreak. State and District NVBDCP officials informed. Under House to house rapid fever survey conducted. A total of 04 00 25-10-19 serum samples collected and tested at NIV Pune; 02 were positive for both Dengue and Chikungunya by IgM ELISA , 01 positive for Dengue and 01 was positive for Chikungunya by IgM ELISA. All cases were treated symptomatically. Fogging done. Health education given. Cases reported from Village MO. Wadgaon, SC Ramapur, PHC Mo Wadgaon Block Kadegaon. District RRT investigated the outbreak. House to house survey conducted. Under Water was supplied without purification, leakage in valves"
Maharashtra,Sangli,Cholera,112,0,01-11-2019,,Under Control,"Cases reported from Village MO. Wadgaon, SC Ramapur, PHC Mo Wadgaon Block Kadegaon. District RRT investigated the outbreak. House to house survey conducted. Under Water was supplied without purification, leakage in valves 01-11-19 observed. A total of 13 stool samples collected were found to be positive for Cholera by culture. All cases were treated symptomatically. Instruction given to clean and repair drains. Health education given. Cases reported from Village Ozarde, SC Surul, PHC Peth, Block Walwa. District RRT investigated the outbreak. Water Under was supplied without purification, leakage in valves observed."
Maharashtra,Sangli,Acute Diarrheal Disease,67,0,31-10-2019,,Under Control,"symptomatically. Instruction given to clean and repair drains. Health education given. Cases reported from Village Ozarde, SC Surul, PHC Peth, Block Walwa. District RRT investigated the outbreak. Water Under was supplied without purification, leakage in valves observed. 31-10-19 A total of 03 stool samples collected and all are positive for E.coli. All cases were treated symptomatically. Instruction given to clean and repair drains. Health education given.. Cases reported from Village Akola, PHC Akola, Block Sangola. District RRT investigated the outbreak. State and District NVBDCP officials informed. Rapid fever survey conducted. It was observed that water is stored in containers Under due to water scarcity. The deceased was a 16y/M. Blood"
Maharashtra,Sholapur,Dengue,11,1,20-09-2019,,Under Control,"Cases reported from Village Akola, PHC Akola, Block Sangola. District RRT investigated the outbreak. State and District NVBDCP officials informed. Rapid fever survey conducted. It was observed that water is stored in containers Under due to water scarcity. The deceased was a 16y/M. Blood 20-09-19 serum samples collected and sent to Medical College Microbiology Dept. Sentinel lab Solapur, 02 were positive for Dengue by IgM ELISA. All cases were treated symptomatically. Fogging done. Container survey done. Health education given. Case reported from Kokisare Guravwadi Nivati Medha & Kalvi, Bhandargaon, Shivdav (Otoswadi)SC Kokisare, Nivati & Kochara, Vajrat PHC Vaibhavwadi, Parule, Adeli, Kalsuli,. Taluk Vaibhavwadi, Vengurla, Kankavil. District RRT Under investigated the outbreak. House to house survey conducted."
Maharashtra,Sindhudurg,Leptospirosis,14,5,20-10-2019,,Under Control,"Case reported from Kokisare Guravwadi Nivati Medha & Kalvi, Bhandargaon, Shivdav (Otoswadi)SC Kokisare, Nivati & Kochara, Vajrat PHC Vaibhavwadi, Parule, Adeli, Kalsuli,. Taluk Vaibhavwadi, Vengurla, Kankavil. District RRT Under investigated the outbreak. House to house survey conducted. 20-10-19 The deceased were a 19y/M, 50y/M, 36y/M. 35y/F and 30y/M. A total of 25 blood samples collected and tested at DH, Sindhudurg; 07 were positive for Leptospirosis. Entomological survey revealed HI 3.8, CI -0.7 and BI 7.6. Doxcycline tablets distributed as chemoprophylaxis in the affected area. Health education given. Cases reported from Pijurudin lane, Ward No. 6 Balasore Municipality, UPHC- Sunhat. District RRT investigated the outbreak. House to house survey done. Contamination of water, unhygienic environment, poor connection of pipe Under water, poor drainage system was observed. A total of 05 water"
Odisha,Balasore,Hepatitis E,10,0,01-11-2019,,Under Control,"Cases reported from Pijurudin lane, Ward No. 6 Balasore Municipality, UPHC- Sunhat. District RRT investigated the outbreak. House to house survey done. Contamination of water, unhygienic environment, poor connection of pipe Under water, poor drainage system was observed. A total of 05 water 1-19 and 05 blood samples collected and tested at DPHL; 04 water samples were unsuitable for human consumption and 04 blood samples were positive for Hepatitis E by IgM ELISA. All cases treated symptomatically. ORS and halozone tablets were distributed. Health education given on safe drinking water. Cases reported from Village Nagalibhawana, SC Jadala, PHC Bhatukala, Block Kherli. District RRT investigated the outbreak. State and District NVBDCP officials were informed. Cases presented with fever, bodyache and malaise. Under A total of 12 serum samples collected and tested at District"
Rajasthan,Alwar,Dengue,60,0,01-11-2019,,Under Control,"Cases reported from Village Nagalibhawana, SC Jadala, PHC Bhatukala, Block Kherli. District RRT investigated the outbreak. State and District NVBDCP officials were informed. Cases presented with fever, bodyache and malaise. Under A total of 12 serum samples collected and tested at District Lab GH Alwar and all found positive for Dengue by IgM ELISA. All cases were treated symptomatically. Entomological survey revealed HI 7, BI 8.6 and CI 4.2. Source reduction activities undertaken. Fogging done. Health education given. Cases reported from Village Nangalbhawana, Block Kherli, PHC Bhatukala, SC Jadala. District RRT investigated the Under outbreak. House to house survey conducted. A total of 12"
Rajasthan,Alwar,Acute Viral Fever,60,0,25-10-2019,,Under Surveillance,"Source reduction activities undertaken. Fogging done. Health education given. Cases reported from Village Nangalbhawana, Block Kherli, PHC Bhatukala, SC Jadala. District RRT investigated the Under outbreak. House to house survey conducted. A total of 12 samples collected and sent to District Central Lab. All cases were treated symptomatically. Fogging done, antilarval activities undertaken. Health education given. Cases reported from Village Pothulaboguda, SC Marvelly, Andole Mandal, PHC Talelma. District RRT investigated the outbreak. State and District NVBDCP officials were informed. Poor sanitation and water storage in containers was Under observed. A total of 07 serum samples were collected and 03"
Telangana,Sangareddy,Dengue,34,0,29-10-2019,,Under Control,"Cases reported from Village Pothulaboguda, SC Marvelly, Andole Mandal, PHC Talelma. District RRT investigated the outbreak. State and District NVBDCP officials were informed. Poor sanitation and water storage in containers was Under observed. A total of 07 serum samples were collected and 03 were positive for Dengue and 01 was positive for Chikungunya. Blood smears were negative for Malaria. All cases were treated symptomatically. Medical camp conducted in the affected area. Fogging done. Anit larval and Anti adult measures taken. Health education given. Cases reported from Village Kalana, Block Deomai. District RRT investigated the outbreak. State and District NVBDCP Under officials were informed. Cases presented with fever, headache"
Uttar Pradesh,Fatehpur,Dengue,6,0,14-10-2019,,Under Surveillance,"Cases reported from Village Kalana, Block Deomai. District RRT investigated the outbreak. State and District NVBDCP Under officials were informed. Cases presented with fever, headache -19 and vomiting. A total of 16 samples collected and tested at GSVM, Kanpur, 06 were positive for Dengue by IgM ELISA. All cases were treated symptomatically. Fogging and anti larval measures undertaken. Health education given. Cases reported from Village Jafarpur, Block Thanabhawan, Shamli. District RRT investigated the outbreak. State and District NVBDCP officials were informed. Cases presented Under with headache, fever, arthralgia and pain abdomen. A total of"
Uttar Pradesh,Shamli,Dengue,5,0,30-10-2019,,Under Surveillance,"larval measures undertaken. Health education given. Cases reported from Village Jafarpur, Block Thanabhawan, Shamli. District RRT investigated the outbreak. State and District NVBDCP officials were informed. Cases presented Under with headache, fever, arthralgia and pain abdomen. A total of 05 blood samples were collected and tested at LLRM, result awaited. All cases were treated symptomatically. Health camp organized in the affected area. Anti-larval activities undertaken. Health education given. Cases reported from Village Bidoli, Jhinjhana, Block Unn. Under District RRT investigated the outbreak. Cases presented with"
Uttar Pradesh,Shamli,Jatropha Seeds Poisoning,9,0,29-10-2019,,Under Control,"awaited. All cases were treated symptomatically. Health camp organized in the affected area. Anti-larval activities undertaken. Health education given. Cases reported from Village Bidoli, Jhinjhana, Block Unn. Under District RRT investigated the outbreak. Cases presented with pain abdomen, headache and vomiting. All cases were treated symptomatically. Health education given."
Assam,Darrang,Acute Diarrheal Disease,2,1,10-11-2019,14-11-2019,Under Control,"Cases reported from Village Mazgaon, SC Daipam, BPHC Kharupatia. District RRT investigated the outbreak. House to house survey done. Cases presented symptoms of loose motion Under and vomiting. On death occurred in a 3yr old male 01 10-11-19 14-11-19 child on 11th November 2019. 1 rectal swab was collected and sent to DPHL Darrang. 2 water samples collected. All cases treated at CHC Kharupatia. IEC done regarding safe drinking water and personal hygiene. Cases reported from Village Saria, SC Saria, PHC Saria, Block Bramkela. District RRT investigated Under"
Chhattisgarh,Raigarh,Acute Diarrheal Disease,74,0,14-11-2019,15-11-2019,Under Control,"Kharupatia. IEC done regarding safe drinking water and personal hygiene. Cases reported from Village Saria, SC Saria, PHC Saria, Block Bramkela. District RRT investigated Under 00 14-11-19 15-11-19 the outbreak. House to house survey done. All cases treated symptomatically. IEC done regarding safe drinking water and personal hygiene. Cases reported from Village Hirakhuthari, SC Bhagaiya, PHC Thakurgangti, Block Meherma. District RRT investigated the outbreak. State and Under District NVBDCP official were informed. House"
Jharkhand,Godda,Dengue,23,0,12-11-2019,15-11-2019,Under Control,"safe drinking water and personal hygiene. Cases reported from Village Hirakhuthari, SC Bhagaiya, PHC Thakurgangti, Block Meherma. District RRT investigated the outbreak. State and Under District NVBDCP official were informed. House 00 12-11-19 15-11-19 to house survey done. 8 blood samples collected and sent to Rajendra Institute of Medical Sciences, Ranchi. All cases treated symptomatically. Health education given. Cases reported from Village Bagganadu, PHC/CHC Javagondanahalli, Block Hiriyur."
Karnataka,Chitradurga,Dengue,17,1,10-11-2019,12-11-2019,Under Control,"education given. Cases reported from Village Bagganadu, PHC/CHC Javagondanahalli, Block Hiriyur. District RRT investigated the outbreak. State and Under District NVBDCP official were informed. House 01 10-11-19 12-11-19 to house survey done. 2 serum samples collected and sent to DPHL Chitradurga. All cases treated symptomatically. Entomological survey done. Source reduction activity and fogging done in the affected area. Health education given. Cases reported from Village Aralimaradahalli, PHC/CHC Byalya, Taluk Madhugiri. District RRT investigated the outbreak. State and District NVBDCP official were informed. House to house Under survey done. All the 2 serum samples collected and"
Karnataka,Tumkur,Chikungunya,14,0,11-11-2019,13-11-2019,Under Control,"Cases reported from Village Aralimaradahalli, PHC/CHC Byalya, Taluk Madhugiri. District RRT investigated the outbreak. State and District NVBDCP official were informed. House to house Under survey done. All the 2 serum samples collected and -11-19 13-11-19 sent to DPHL Tumukur were positive for Chikungunya (IgM ELISA). All cases treated symptomatically. Entomological survey done. Source reduction activity and fogging done in the affected area. Health education given. Cases reported from Village Amana, HSC Pozhuthana Main Center, PHC Pozhuthana, Block Thariyod. District RRT investigated the outbreak. Cases consumed food in social ceremony and Under presented with symptoms of vomiting and loose"
Kerala,Wayanad,Food Poisoning,31,0,15-11-2019,17-11-2019,Under Control,"Cases reported from Village Amana, HSC Pozhuthana Main Center, PHC Pozhuthana, Block Thariyod. District RRT investigated the outbreak. Cases consumed food in social ceremony and Under presented with symptoms of vomiting and loose -11-19 17-11-19 motion. 01 stool sample collected sent to MCVR, and 01 water samples collected and sent to Water Authority. Cases treated symptomatically. ORS packets distributed in the affected area. Health education given regarding food hygiene and sanitation. Cases reported from Dehare, Taluk Nagar Ahmednagar. District RRT investigated the outbreak. Active search of cases done. Cases Under consumed food in social ceremony (Bajara Roti,"
Maharashtra,Ahmednagar,Food Poisoning,11,0,15-11-2019,16-11-2019,Under Control,"sanitation. Cases reported from Dehare, Taluk Nagar Ahmednagar. District RRT investigated the outbreak. Active search of cases done. Cases Under consumed food in social ceremony (Bajara Roti, -11-19 16-11-19 Potato curry) and presented with symptoms of vomiting and loose motion. Cases treated symptomatically. Health education given regarding food hygiene and sanitation. Cases reported from Village Kondha, Block Pauni. District RRT investigated the outbreak. Pipeline leakages were observed in the community. House Under to house survey done. 2 stool sample collected"
Maharashtra,Bhandara,Diarrheal Disease,19,0,07-11-2019,15-11-2019,Under Control,"regarding food hygiene and sanitation. Cases reported from Village Kondha, Block Pauni. District RRT investigated the outbreak. Pipeline leakages were observed in the community. House Under to house survey done. 2 stool sample collected -11-19 15-11-19 were negative for enteropathogens. All cases treated symptomatically. Halogen tablets were distributed in the community. IEC done regarding safe drinking water and personal hygiene. Cases reported from UP School Sribantapur, SC Muraripur, CHC Dharmasala. District RRT investigated the outbreak. Active search for cases Under done. Cases consumed food in mi-day meal and"
Odisha,Jajpur,Food Poisoning,42,0,16-11-2019,16-11-2019,Under Control,"Cases reported from UP School Sribantapur, SC Muraripur, CHC Dharmasala. District RRT investigated the outbreak. Active search for cases Under done. Cases consumed food in mi-day meal and 16-11-19 presented with symptoms of vomiting and loose motion. Cases treated symptomatically. ORS packets distributed in the affected area. Health education given regarding food hygiene and sanitation. Cases reported from Village Narendrapur, GP/SC Narendrapur, Block Sheragada. District RRT done. Cases consumed food in death ceremony and Under presented with symptoms of vomiting and loose"
Odisha,Ganjam,Food Poisoning,18,1,12-11-2019,15-11-2019,Under Control,"Cases reported from Village Narendrapur, GP/SC Narendrapur, Block Sheragada. District RRT investigated the outbreak. Active search for cases done. Cases consumed food in death ceremony and Under presented with symptoms of vomiting and loose 15-11-19 motion. One death occurred in a 5yr old child. 02 rectal swab and 02 water samples collected. Cases treated symptomatically. ORS packets distributed in the affected area. Health education given regarding food hygiene and sanitation. Cases reported from School Sarbahal UP School, SC Sanghumda, CHC/Block Hengir. District RRT Under done. Cases consumed food and presented with"
Odisha,Sundargarh,Food Poisoning,9,0,16-11-2019,17-11-2019,Under Control,"regarding food hygiene and sanitation. Cases reported from School Sarbahal UP School, SC Sanghumda, CHC/Block Hengir. District RRT investigated the outbreak. Active search for cases Under done. Cases consumed food and presented with 17-11-19 symptoms of vomiting and loose motion. 02 water samples collected and sent to DPHL, Sundargarh. Cases treated symptomatically. ORS packets distributed in the affected area. Health education given regarding food hygiene and sanitation. Cases reported from Village Jirital, SC Sibapura, GP Jaypur, Sector Khantapada under, CHC Gopalpur, Block Bahanaga. District RRT"
Odisha,Balasore,Food Poisoning,5,1,12-11-2019,14-11-2019,Under Control,"Cases reported from Village Jirital, SC Sibapura, GP Jaypur, Sector Khantapada under, CHC Gopalpur, Block Bahanaga. District RRT investigated the outbreak. Active search for cases Under done. Cases consumed food and presented with 14-11-19 symptoms of vomiting and loose motion. 04 water samples collected and sent to DPHL Balasore. Cases treated symptomatically. ORS packets distributed in the affected area. Health education given regarding food hygiene and sanitation. Cases reported from Govt. Primary School Noor Muhammad. District RRT investigated the Under outbreak. Active search of cases done. All the 06"
Punjab,Fazilka,Mumps,9,0,11-11-2019,13-11-2019,Under Control,"Cases reported from Govt. Primary School Noor Muhammad. District RRT investigated the Under outbreak. Active search of cases done. All the 06 1-11-19 13-11-19 blood samples collected and sent to DPHL Fazilka were positive for Mumps (IgM ELISA). Affected children were below 15yr of age. All cases treated. Health education given. A case resident from Village Uthman, PHC Paldi M, Block Sheoganj presented symptoms of fever, myalgia and vomiting and was admitted in BJ Under Medical College. District RRT investigated the"
Rajasthan,Sirohi,Crimean Congo Hemorrhagic Fever,1,0,10-11-2019,11-11-2019,Under Surveillance,"Health education given. A case resident from Village Uthman, PHC Paldi M, Block Sheoganj presented symptoms of fever, myalgia and vomiting and was admitted in BJ Under Medical College. District RRT investigated the 0-11-19 11-11-19 outbreak. Active search of cases done. 01 serum sample collected and sent to NIV Pune was positive for CCHF (IgM ELISA). Tick control measures undertaken in the affected area by Animal husbandry Dept. Health education given. Cases reported from GR Global Academy School, Block Sgrimadhopur. District RRT investigated the outbreak. Active search for cases done. Cases Under consumed food and presented with symptoms of"
Rajasthan,Sikar,Food Poisoning,76,0,07-11-2019,07-11-2019,Under Control,"Animal husbandry Dept. Health education given. Cases reported from GR Global Academy School, Block Sgrimadhopur. District RRT investigated the outbreak. Active search for cases done. Cases Under consumed food and presented with symptoms of 7-11-19 07-11-19 vomiting and loose motion. 02 water, 08 blood, 09 vomitus, 01 stool & 04 food samples collected and sent to DPHL (IDSP), Sikar State Food LAB, Rajasthan, Jaipur, result awaited. All cases treated. Health education given. Cases reported from Village Seelnaickanpatti, HSC Muvaraivenran, PHC Nathampatti, Block Sivakasi. District RRT investigated the outbreak. Under House to house survey done. 06 serum samples"
Tamil Nadu,Virudhunagar,Typhoid & Chikungunya,27,0,07-11-2019,14-11-2019,Under Control,"Health education given. Cases reported from Village Seelnaickanpatti, HSC Muvaraivenran, PHC Nathampatti, Block Sivakasi. District RRT investigated the outbreak. Under House to house survey done. 06 serum samples 7-11-19 14-11-19 collected and sent to DPHL, Virudhunagar, result 03 positive for Typhoid by Widal and Chikungunya (IgM ELISA). All cases treated. Cases reported from Village/HSC/PHC/Block Thangalacheri, Block Thirumangalam. District Under RRT investigated the outbreak. House to house"
Tamil Nadu,Madurai,Chikungunya,26,0,11-11-2019,13-11-2019,Under Control,"Chikungunya (IgM ELISA). All cases treated. Health education given. Cases reported from Village/HSC/PHC/Block Thangalacheri, Block Thirumangalam. District Under RRT investigated the outbreak. House to house 1-11-19 13-11-19 survey done. 10 Serum samples collected and sent to DPHL Madurai & Madurai Medical Collage; 01 sample was positive for Chikungunya (IgM ELISA). All cases treated. Health education given. Date of o. of No. of Current ases Deaths Status Outbreak A 28yr old female student from AMCH Campus, PHC/Block Barbaruah presented symptoms of fever, headache, bodyache and maculopapular rashes on 24th October 2019 and was admitted in Assam Medical College & Hospital. District RRT Under investigated the outbreak. State and District NVBDCP official"
Assam,Dibrugarh,West Nile & Dengue,1,0,24-10-2019,,Under Control,"A 28yr old female student from AMCH Campus, PHC/Block Barbaruah presented symptoms of fever, headache, bodyache and maculopapular rashes on 24th October 2019 and was admitted in Assam Medical College & Hospital. District RRT Under investigated the outbreak. State and District NVBDCP official 01 00 24-10-19 were informed. Active search of cases done. Blood sample was collected and sent to RMRC, Dibrugarh; the sample was found positive for West Nile Virus (IgM ELISA). Further a blood sample collected and tested AMCH was found positive for Dengue (IgM ELISA). Health education given. Cases reported from Village Lachit Nagr, SC Jamartal, BPHC Uparhali. District RRT investigated the outbreak. House to house survey done. 27 blood sample collected and tested Under showed raised levels of bilirubin and raised levels of SGOT &"
Assam,Kamrup,Suspected Jaundice,40,0,20-10-2019,,Under Surveillance,"Dengue (IgM ELISA). Health education given. Cases reported from Village Lachit Nagr, SC Jamartal, BPHC Uparhali. District RRT investigated the outbreak. House to house survey done. 27 blood sample collected and tested Under showed raised levels of bilirubin and raised levels of SGOT & 40 00 20-10-19 SGPT. 3 water samples (2 from well, 1 from Community Well) were collected and sent for microbiological testing at GMCH. Further 20 blood samples collected and 7 water samples collected. Cases treated symptomatically. Health education given regarding personal hygiene and sanitation. Cases reported from Village Kempanahalli, PHC/CHC Guligenahalli, Taluk Sira. District RRT investigated the Under outbreak. State and District NVBDCP official were informed."
Karnataka,Tumkur,Dengue,15,0,04-11-2019,,Under Control,"collected. Cases treated symptomatically. Health education given regarding personal hygiene and sanitation. Cases reported from Village Kempanahalli, PHC/CHC Guligenahalli, Taluk Sira. District RRT investigated the Under outbreak. State and District NVBDCP official were informed. 15 00 04-11-19 House to house survey done. 2 serum samples collected and sent to DPHL Tumukur. All cases treated symptomatically. Entomological survey done. Source reduction activity and fogging done in the affected area. Health education given. Cases reported from Village Yerli, PHC Gobarwahi, Block Tumsar. District RRT investigated the outbreak. Active search Under for cases done. Cases consumed food and presented with"
Maharashtra,Bhandara,Food Poisoning,17,0,18-09-2019,,Under Control,"Entomological survey done. Source reduction activity and fogging done in the affected area. Health education given. Cases reported from Village Yerli, PHC Gobarwahi, Block Tumsar. District RRT investigated the outbreak. Active search Under for cases done. Cases consumed food and presented with 17 00 18-09-19 symptoms of vomiting and loose motion. 04 water samples collected and sent to DPHL Bhandara. Cases treated symptomatically. ORS packets distributed in the affected area. Health education given regarding food hygiene and sanitation. Cases reported from Shani Mandir Ward Bhusawal City. District RRT investigated the outbreak. State and District Under NVBDCP official were informed. House to house survey done."
Maharashtra,Jalgaon,Dengue,8,1,24-10-2019,,Under Control,"Cases reported from Shani Mandir Ward Bhusawal City. District RRT investigated the outbreak. State and District Under NVBDCP official were informed. House to house survey done. 2 serum samples collected and sent to GMC Aurangabad; were positive for Dengue (IgM ELISA). All cases treated. Entomological survey done. Source reduction activity and fogging done in the affected area. Health education given. Cases reported from Uttareshwar Peth, Rajarampuri Kolhapur Municipal Corporation. District RRT investigated the outbreak. State and District NVBDCP official were informed. Under House to house survey done. 6 serum samples collected and"
Maharashtra,Kolhapur,Dengue,7,2,19-10-2019,,Under Control,"fogging done in the affected area. Health education given. Cases reported from Uttareshwar Peth, Rajarampuri Kolhapur Municipal Corporation. District RRT investigated the outbreak. State and District NVBDCP official were informed. Under House to house survey done. 6 serum samples collected and sent to SSLH were positive for Dengue (IgM ELISA). All cases treated. Entomological survey done - HI-11.94%, CI-5.16%, BI-11.94%. Source reduction activity and fogging done in the affected area. Health education given."
Andhra Pradesh,Krishna,Food Poisoning,58,0,20-11-2019,21-11-2019,Under Control,"investigated the outbreak. All cases gave history of consuming food in the hostel. Cases presented with loose stools and vomiting. All samples were tested at Siddhartha Medical College, Under Vijayawada. A total of 07 samples collected and 0 20-11-19 21-11-19 tested; 01 was positive for typhoid by WIDAL, all were negative for Dengue. A total of 02 stools samples were collected; E coli was grown in both samples. A total of 04 water samples collected and tested; of which 02 were unsatisfactory. All cases were treated symptomatically. Medical camp conducted in the hostel. Health education given. Cases reported from Village 1 No, BalijanGaon, SC Balijan, BPHC Hapjan. District RRT investigated the outbreak. Poor sanitation and unhygienic living conditions were observed in the village. A total of 02 water samples and 01 stool sample collected and tested at AMCH Microbiology department. MPN test had Under presumptive coliform count of 180 bacilli/100 ml"
Assam,Tinsukia,Diarrheal Disease,12,0,19-11-2019,19-11-2019,Under Control,"unhygienic living conditions were observed in the village. A total of 02 water samples and 01 stool sample collected and tested at AMCH Microbiology department. MPN test had Under presumptive coliform count of 180 bacilli/100 ml 0 19-11-19 19-11-19 water, E.coli count of 2/100 ml water. Stool culture did not show any significant enteric bacterial pathogen growth. All cases were treated symptomatically. Halogen tablets distributed to the affected household. Health education given on proper sanitation and hygiene. PHE department instructed to provide safe drinking water and chlorinate drinking water sources. Cases reported from Kasturba Gandhi School, CHC Kharsawan. District RRT investigated the outbreak. Most cases gave history of consuming water from a bore well following which they developed vomiting and loose stools. A total of Under"
Jharkhand,Saraikela,Acute Diarrheal Disease,83,0,19-11-2019,19-11-2019,Under Control,"CHC Kharsawan. District RRT investigated the outbreak. Most cases gave history of consuming water from a bore well following which they developed vomiting and loose stools. A total of Under 19-11-19 19-11-19 03 water samples were collected and sent to MGM College and Hospital Jamshedpur, no growth seen. All cases were treated symptomatically. Bleaching powder was distributed. Health education given on cleanliness and hygiene. Cases reported from Village Sursuna, Block Qaimoh. District RRT investigated the outbreak. Under House to house survey conducted. Cases"
Jammu and Kashmir,Kulgam,Chickenpox,8,0,18-11-2019,21-11-2019,Under Control,"distributed. Health education given on cleanliness and hygiene. Cases reported from Village Sursuna, Block Qaimoh. District RRT investigated the outbreak. Under House to house survey conducted. Cases 18-11-19 21-11-19 presented with fever with rash. All cases were treated symptomatically. Health education given on modes of transmission and prevention of disease. Cases reported from Village Tenginamata Beedi, Housing board extension, PHC NR Pura. District RRT investigated the outbreak. District RRT investigated the outbreak. Cases presented with pain abdomen, loose stools and vomiting after Under consuming food in a religious gathering. A total"
Karnataka,Chikkamagaluru,Food Poisoning,53,0,23-11-2019,25-11-2019,Under Control,"Housing board extension, PHC NR Pura. District RRT investigated the outbreak. District RRT investigated the outbreak. Cases presented with pain abdomen, loose stools and vomiting after Under consuming food in a religious gathering. A total 23-11-19 25-11-19 of 02 blood samples collected and sent to SIMS, Shimoga. A total of 02 water samples collected and sent to DSU, Chikmagaluru and a single food sample collected and sent to PHI, Bangalore. Result awaited. All cases were treated symptomatically. Health education given on hand washing, food and water borne diseases. Cases reported from Village Hoige Bazaar, PHC/CHC Jeppu, Taluk Mangalore. District RRT investigated the outbreak. State and District NVBDCP officials were informed. Active case Under search done. A total of 04 blood samples"
Karnataka,Dakshina,Chikungunya,30,0,17-11-2019,19-11-2019,Under Control,"Cases reported from Village Hoige Bazaar, PHC/CHC Jeppu, Taluk Mangalore. District RRT investigated the outbreak. State and District NVBDCP officials were informed. Active case Under search done. A total of 04 blood samples 17-11-19 19-11-19 collected and tested at DPHL, Dakshina Kannada; 03 were positive for Chikungunya by IgM ELISA. All cases were treated symptomatically. Sources reduction activities undertaken. Fogging done. Health education given on use of personal protective measures. Cases reported from Village Kallur K, PHC/CHC Jeratagi, Taluk Jewargi. District RRT investigated the outbreak. House to house survey conducted. Contamination of drinking water with drain water due to leakage in water pipeline was the cause of outbreak. Cases presented with loose stools and vomiting. A total of 02 stool samples collected Under and tested at DPHL, Kalaburgi, showed no"
Karnataka,Kalaburagi,Diarrhoeal Disease,21,0,18-11-2019,19-11-2019,Under Control,"Contamination of drinking water with drain water due to leakage in water pipeline was the cause of outbreak. Cases presented with loose stools and vomiting. A total of 02 stool samples collected Under and tested at DPHL, Kalaburgi, showed no -19 19-11-19 enteric pathogens and negative for V. Cholera. A total of 35 water samples were collected and tested at DPHL, Kalaburgi; 08 were non potable. All cases were treated symptomatically. Halogen tablets distributed. Alternate source for drinking water supply arranged. Super chlorination of drinking water sources done. Health education given. Cases reported from Village Special Category Residential School, PHC/CHC Nazarbad, Taluk Mysur Urban. District RRT investigated the outbreak. Area surveyed for leakage in water pipelines and breeding sites. Turbidity observed Under in water used for cooking in hostel. History of"
Karnataka,Mysuru,Typhoid,20,0,20-11-2019,22-11-2019,Under Control,"Residential School, PHC/CHC Nazarbad, Taluk Mysur Urban. District RRT investigated the outbreak. Area surveyed for leakage in water pipelines and breeding sites. Turbidity observed Under in water used for cooking in hostel. History of -19 22-11-19 exposure to infection from outside students present. One case was positive for Salmonella typhi on culture. A total of 03 blood samples and 02 water samples collected and tested at DSU, Mysuru, result awaited. All cases treated. Health education given on safe drinking water and food hygiene. Cases reported from Village Athirampuzha, HSC ITI Ettumanoor, PHC/CHC Athirampuzha, Block Athirampuzha. District RRT investigated the Under outbreak. Cases presented with pain abdomen and"
Kerala,Kottayam,Food Poisoning,22,0,15-11-2019,21-11-2019,Under Control,"hygiene. Cases reported from Village Athirampuzha, HSC ITI Ettumanoor, PHC/CHC Athirampuzha, Block Athirampuzha. District RRT investigated the Under outbreak. Cases presented with pain abdomen and -19 21-11-19 vomiting following consumption of food and water in college. Water sample collected and sent to Microbiology lab, MCH Kottayam; result awaited. All cases were treated symptomatically. Health education given. Cases reported from Village Baliamunda, CHC Lakhanpur. District RRT investigated the outbreak. The probable cause of outbreak was contamination of dug well water and river water. Under A total of 03 rectal swabs and 02 water samples"
Odisha,Jharsuguda,Diarrheal Disease,44,0,18-11-2019,20-11-2019,Under Control,"Cases reported from Village Baliamunda, CHC Lakhanpur. District RRT investigated the outbreak. The probable cause of outbreak was contamination of dug well water and river water. Under A total of 03 rectal swabs and 02 water samples 19 20-11-19 collected and tested at DPHL Jharsuguda; 02 rectal swabs were found Shigella species positive and both water samples found satisfactory for human consumption. All cases were treated symptomatically. Health education given. Cases reported from TTWRDC (Telangana Tribal Welfare Residential Degree College), UPHC Seetharam Nagar Colony, Gollagutta. District RRT investigated the outbreak. Cases presented with pain abdomen and vomiting. A single water Under"
Telangana,Nizamabad,Food Poisoning,66,0,23-11-2019,25-11-2019,Under Control,"Welfare Residential Degree College), UPHC Seetharam Nagar Colony, Gollagutta. District RRT investigated the outbreak. Cases presented with pain abdomen and vomiting. A single water Under 19 25-11-19 sample collected and sent to RWS Nizamabad, 02 Food samples collected and sent to IPM Hyderabad, result awaited. All cases were treated symptomatically. Health camp organized. Health education given on safe drinking water and hygiene. Cases reported from Village TMRHT (Telangana Minority Residential Hostel, Bichkunda. District Under with pain abdomen and vomiting. A single water"
Telangana,Kamareddy,Food Poisoning,71,0,22-11-2019,24-11-2019,Under Control,"Cases reported from Village TMRHT (Telangana Minority Residential Hostel, Bichkunda. District RRT investigated the outbreak. Cases presented Under with pain abdomen and vomiting. A single water 19 24-11-19 sample collected and sent to RWS, Kamareddy, was found to be potable. All cases were treated symptomatically. Health camp organized. Health education given. Cases reported from Village Thathankulam, HSC M. Sengulam, PHC M. Subbulapuram, Block T. Kalluppatti. District RRT investigated the outbreak. Cases presented with fever with joint pain, headache, throat pain and vomiting. Among Under"
Tamil Nadu,Madurai,Dengue,40,0,15-11-2019,21-11-2019,Under Control,"M. Sengulam, PHC M. Subbulapuram, Block T. Kalluppatti. District RRT investigated the outbreak. Cases presented with fever with joint pain, headache, throat pain and vomiting. Among Under 11-19 21-11-19 the cases 24 were male and 16 were female. A total of 05 serum samples collected and sent to DPHL Madurai & Madurai Medical College; 05 were positive for Dengue and 03 positive for Chikungunya by IgM ELISA. All cases were treated symptomatically. Health education given. Cases reported from Village Mahrupur, SC Bhadri, CHC Kunda, Block Kunda. District RRT investigated the outbreak. House to house survey Under conducted. Cases presented with vomiting and"
Uttar Pradesh,Pratapgarh,Food Poisoning,28,0,19-11-2019,20-11-2019,Under Surveillance,"Cases reported from Village Mahrupur, SC Bhadri, CHC Kunda, Block Kunda. District RRT investigated the outbreak. House to house survey Under conducted. Cases presented with vomiting and 11-19 20-11-19 pain abdomen. The cases had history of consuming food in a ceremony. All cases were treated symptomatically. Health education given on personal hygiene. Cases reported from Village Hardeb Chhedarjhar, Putimari Fuleswari Sub-Centre, Putimari Fuleswari GP, and Cooch Behar-I Block. District RRT investigated the outbreak. Active case search done. Cases presented with loose stools, vomiting and pain abdomen after consumption of Under food in a social gathering. A total of 03 rectal"
West Bengal,Cooch Behar,Food Poisoning,56,0,20-11-2019,21-11-2019,Under Control,"Fuleswari GP, and Cooch Behar-I Block. District RRT investigated the outbreak. Active case search done. Cases presented with loose stools, vomiting and pain abdomen after consumption of Under food in a social gathering. A total of 03 rectal 11-19 21-11-19 swabs were collected and tested at S B Laboratory, Cooch Behar of which 01 was positive for E coli. Stool samples collected and result awaited. All cases were treated symptomatically. Disinfection of the spot has been done with bleaching powder and lime. Health education given on food safety, hand washing and sanitation. Cases reported from Ward no 22 and 23, Baidyabati. District RRT investigated the outbreak. Cases presented with loose stools and Under vomiting. A total of 04 rectal swabs and 05 water"
West Bengal,Hooghly,Acute Diarrheal,301,0,15-11-2019,17-11-2019,Under Control,"Cases reported from Ward no 22 and 23, Baidyabati. District RRT investigated the outbreak. Cases presented with loose stools and Under vomiting. A total of 04 rectal swabs and 05 water 01 00 15-11-19 17-11-19 samples collected tested at NICED; swabs showed no growth for Cholera and Shigella species on bacteriological analysis of 04 water samples showed growth of V cholera and E coli. Medical camp organized. Health education given. Date of o. of No. of Current ases Deaths Status Outbreak Cases reported from Village Himi Miji School, under CHC- Under Old Ziro, Town Old Ziro. District RRT investigated the"
Arunachal Pradesh,Lower Subansiri,Chickenpox,21,0,14-11-2019,,Under Control,"ases Deaths Status Outbreak Cases reported from Village Himi Miji School, under CHC- Under Old Ziro, Town Old Ziro. District RRT investigated the 21 00 14-11-19 outbreak. The index case was a 7 year old male. All cases were in the age group 5-17 years. All cases were treated. Health education given. Cases reported from Village/SC Lasang, PHC/Block Mahur. District RRT investigated the outbreak. Active case search done. Cases presented with fever, diffuse Under maculopapulovesicular rash and cough. Most cases were"
Assam,Dima Hasao,Chickenpox,12,0,14-11-2019,,Under Surveillance,"Health education given. Cases reported from Village/SC Lasang, PHC/Block Mahur. District RRT investigated the outbreak. Active case search done. Cases presented with fever, diffuse Under maculopapulovesicular rash and cough. Most cases were 12 00 14-11-19 below 15years of age. A total of 04 blood samples collected and tested at DPHL Dima Hasa; 02 were positive for Varicella Zoster by IgM ELISA. All cases were isolated and treated. Health education given. Case reported from Shivnagar, UPHC Bortalav, Block Bhavnagar MC. District RRT investigated the outbreak. Active case search done. The case was engaged in taking care of domestic animals, he has 02 cows in his residence. A single Under serum sample collected and tested at NIV Pune, was positive"
Gujarat,Bhavnagar MC,Crimean Congo Hemorrhagic Fever,1,0,31-10-2019,,Under Surveillance,"Case reported from Shivnagar, UPHC Bortalav, Block Bhavnagar MC. District RRT investigated the outbreak. Active case search done. The case was engaged in taking care of domestic animals, he has 02 cows in his residence. A single Under serum sample collected and tested at NIV Pune, was positive 01 00 31-10-19 for CCHF by Real time RT PCR. A total of 05 animal and 05 Tick samples were collected; result awaited. Case treated symptomatically. Anti tick measures taken by Health and Animal husbandry department. A total of 12 close contacts have been kept under observation. Health education given. Case reported from Village Pipalva, SC Juni Sakdi, PHC Jetalsar. District RRT investigated the outbreak. House to house survey conducted. The deceased was a 65y/M who had contact with livestock, during which he was probably bitten Under by tick and was also a K/C/O NIDDM. The samples were"
Gujarat,Rajkot,Crimean Congo Hemorrhagic Fever,1,1,14-11-2019,,Under Control,"Case reported from Village Pipalva, SC Juni Sakdi, PHC Jetalsar. District RRT investigated the outbreak. House to house survey conducted. The deceased was a 65y/M who had contact with livestock, during which he was probably bitten Under by tick and was also a K/C/O NIDDM. The samples were 14-11-19 tested at NIV, Pune; it was positive for anti CCHF IgM ELISA, urine sample was negative. Anti tick measures taken by Health and Animal husbandry department. A total of 03 close contacts were kept under observation. Health education given on disease prevention. Cases reported from Doda, Jammu, Kathua, Kishtwar, Poonch, Rajouri, Ramban, Reasi, Samba, Udhampur. State and District NVBDCP officials were informed. District RRT investigated the outbreak. Door to door survey conducted. Under Case presented with fever, severe bodyache, nausea and"
Jammu and Kashmir,oonch/Rajouri/R,Dengue,435,0,02-08-2019,,Under Control,"Cases reported from Doda, Jammu, Kathua, Kishtwar, Poonch, Rajouri, Ramban, Reasi, Samba, Udhampur. State and District NVBDCP officials were informed. District RRT investigated the outbreak. Door to door survey conducted. Under Case presented with fever, severe bodyache, nausea and 02-08-19 vomiting. A total of 1873 blood samples were collected and 435 samples positive for Dengue by IgM ELISA. All cases were treated symptomatically. Potential breeding sites were identified. Source reduction activities undertaken. Fogging done. Health education given on personal protective measures. Cases reported from Village Aralagundagi, PHC Aralagundagi, Block Jewargi. District RRT investigated the outbreak. House to house survey conducted. The cause of outbreak probably was contamination of drinking water source with rain water. Cases presented with loose stools and Under vomiting. A total of 05 stool samples were collected and"
Karnataka,Kalaburgi,Acute Diarrhoeal Disease,33,0,24-10-2019,,Under Control,"Aralagundagi, Block Jewargi. District RRT investigated the outbreak. House to house survey conducted. The cause of outbreak probably was contamination of drinking water source with rain water. Cases presented with loose stools and Under vomiting. A total of 05 stool samples were collected and 24-10-19 tested at DPHL, Kalaburgi all were negative for V. cholera. A total of 35 water samples were collected and 11 were found to be non potable. All cases were treated symptomatically. Superchlorination of drinking water sources done. Alternate source of drinking water arranged. Halogen tablets were distributed. Health education given on drinking boiled water. Cases reported from Village Jambaga J, PHC Jidaga, Block Aland. District RRT investigated the outbreak. State and District NVBDCP officials were informed. Mosquito larva breeding seen indoor and outdoor. A total of 12 blood Under samples collected and tested at DPHL, Kalaburgi; 08 samples"
Karnataka,Kalaburgi,Chikungunya,12,0,17-09-2019,,Under Control,"Cases reported from Village Jambaga J, PHC Jidaga, Block Aland. District RRT investigated the outbreak. State and District NVBDCP officials were informed. Mosquito larva breeding seen indoor and outdoor. A total of 12 blood Under samples collected and tested at DPHL, Kalaburgi; 08 samples 17-09-19 positive for Chikungunya and 01 was positive for both Dengue and Chikungunya by IgM ELISA. All cases were treated symptomatically. Temporary clinic established. Fogging done. Source reduction activities undertaken. Health education given. Cases reported from Village Beernalli, PHC Yadga, Block Sedam. District RRT investigated the outbreak. State and District NVBDCP officials were informed. Breeding of Under mosquito larvae present indoor and outdoor. A total of 34"
Karnataka,Kalaburgi,Chikungunya,60,0,24-10-2019,,Under Control,"Cases reported from Village Beernalli, PHC Yadga, Block Sedam. District RRT investigated the outbreak. State and District NVBDCP officials were informed. Breeding of Under mosquito larvae present indoor and outdoor. A total of 34 blood samples collected and tested at DPHL, Kalaburgi; 22 were positive for Chikungunya by IgM ELISA. Source reduction activities undertaken. Fogging done. All cases were treated symptomatically. Health education given. Case reported from Village Yallapenahalli, PHC/CHC Baraguru, Taluk Sira. District RRT investigated the outbreak. State and District NVBDCP officials were informed. House to house survey conducted. Larva found in household water Under storage tanks. A total of 02 serum and 03 water samples"
Karnataka,Tumkur,Chikungunya,16,0,12-11-2019,,Under Surveillance,"Case reported from Village Yallapenahalli, PHC/CHC Baraguru, Taluk Sira. District RRT investigated the outbreak. State and District NVBDCP officials were informed. House to house survey conducted. Larva found in household water Under storage tanks. A total of 02 serum and 03 water samples collected and sent to DPHL, Tumkur. A single sample was positive for Chikungunya by IgM ELISA. All cases were treated symptomatically. Entomological survey revealed HI 3.9, CI-1.26 and BI 4.6. Source reduction activities undertaken. Health education given. Cases reported from Village Adhikaramoola, PHC Kumarapuram, Block Vadavucode. District RRT investigated the outbreak. The probable cause of outbreak was contaminated and non-chlorinated well water. The deceased was a 52y/M, was found positive for Hepatitis A by IgM Under ELISA. Most cases were in the age group 15-20 years and"
Kerala,Ernakulam,Hepatitis A,34,1,02-11-2019,,Under Surveillance,"Kumarapuram, Block Vadavucode. District RRT investigated the outbreak. The probable cause of outbreak was contaminated and non-chlorinated well water. The deceased was a 52y/M, was found positive for Hepatitis A by IgM Under ELISA. Most cases were in the age group 15-20 years and -19 presented with fever, jaundice, pain abdomen and nausea. A total of 10 blood samples and 02 water samples were collected and tested at RPH Lab Ernakulam. Of the 10 blood samples 06 were positive for Hepatitis A by IgM ELISA. Water samples reported as high coliform count and unsatisfactory for drinking. All cases were treated symptomatically. Health education given. Cases reported from Village Vayala, HSC SC Kottukkal, PHC Ittiva, Block CHC Velinalloor. District RRT investigated the outbreak. House to house survey conducted. Cases presented Under with fever and swelling of the parotid and submandibular"
Kerala,Kollam,Mumps,20,0,08-11-2019,,Under Control,"symptomatically. Health education given. Cases reported from Village Vayala, HSC SC Kottukkal, PHC Ittiva, Block CHC Velinalloor. District RRT investigated the outbreak. House to house survey conducted. Cases presented Under with fever and swelling of the parotid and submandibular -19 area. Among the cases 13 were male and 07 were female. All cases were treated symptomatically. School authorities advised to do absentee reporting for 25 days with reason for absenteeism. School authorities advised to close school and plan fumigation. Health education given. Cases reported from Village Thikkody, HSC Thurakkad, PHC/Block Melady. District RRT investigated the outbreak. Fever survey conducted in the area. The cause of outbreak is Under contamination of drinking water with drain water due leakage"
Kerala,Kozhikode,Hepatitis A,46,0,07-11-2019,,Under Control,"Cases reported from Village Thikkody, HSC Thurakkad, PHC/Block Melady. District RRT investigated the outbreak. Fever survey conducted in the area. The cause of outbreak is Under contamination of drinking water with drain water due leakage 1-19 in pipes. A total of 05 blood samples collected and tested at RPH Lab, all were positive for Hepatitis A by IgM ELISA. Water samples collected and found to have low pH. All cases were treated symptomatically. Leakage repaired by Kerala Water Authority. Health education given. Cases reported from Village/PHC Peringottukurissi, HSC MCH Peringottukurissi, Taluk Kuzhalmannam. District RRT investigated the outbreak. House to house survey conducted. Under Close proximity and over-crowding present. Most cases"
Kerala,Palakkad,Chickenpox,74,0,29-10-2019,,Under Control,"Water Authority. Health education given. Cases reported from Village/PHC Peringottukurissi, HSC MCH Peringottukurissi, Taluk Kuzhalmannam. District RRT investigated the outbreak. House to house survey conducted. Under Close proximity and over-crowding present. Most cases belonged to the age group 6-10 years, 14 were boys and 05 were girls. History of contact among cases present. All cases treated as per guidelines. Strict isolation advised in the affected area. Health education given. Cases reported from Gram Achalgarh, SHC Achalgarh sector, PHC Sehrai, Block Bahadurpur. District RRT investigated the outbreak. House to house survey conducted. The probable Under cause of outbreak was contamination of drinking water. Cases"
Madhya Pradesh,Ashok Nagar,Acute Diarrhoeal Disease,6,0,13-11-2019,,Under Control,"affected area. Health education given. Cases reported from Gram Achalgarh, SHC Achalgarh sector, PHC Sehrai, Block Bahadurpur. District RRT investigated the outbreak. House to house survey conducted. The probable Under cause of outbreak was contamination of drinking water. Cases presented with loose stools and vomiting. Water samples collected by PHE Dept, Ashoknagar and found to be negative. All cases were treated symptomatically. Health camp organized in the affected area. Health education given. Cases reported from Village Noorganj, Block Obedullaganj. District RRT investigated the outbreak. House to house survey conducted. The probable cause of outbreak was contamination of drinking water. The deceased were 60y/M and 60y/F. A total of 10 water samples collected and tested at Under"
Madhya Pradesh,Raisen,Acute Diarrheal Disease,150,2,13-11-2019,,Under Control,"District RRT investigated the outbreak. House to house survey conducted. The probable cause of outbreak was contamination of drinking water. The deceased were 60y/M and 60y/F. A total of 10 water samples collected and tested at Under 1-19 PHE Lab, Bhopal; 09 were found positive for coliform. A total of 04 stool samples collected and tested at GMC, Microbiology, Bhopal; 01 was positive for V.cholera and 01 Hikozima. All cases were treated symptomatically. Water sources chlorinated. Health education given on safe drinking water, sanitation and hygiene. Cases reported from Rajpimpri, PHC Umapur, Taluk Georai. District RRT investigated the outbreak. State and District NVBDCP officials were informed. House to house survey Under conducted. Increase in Aedes density observed. A total of 07"
Maharashtra,Beed,Dengue,16,0,13-11-2019,,Under Control,"Cases reported from Rajpimpri, PHC Umapur, Taluk Georai. District RRT investigated the outbreak. State and District NVBDCP officials were informed. House to house survey Under conducted. Increase in Aedes density observed. A total of 07 16 00 13-11-19 samples collected and sent to District Priority Lab, Beed; 03 were positive for Dengue by IgM ELISA. All cases were treated symptomatically. Anti-larvicides used. Health education given. Cases reported from Village Ramnagar, Khelar GP Kharagpur I Block, Pashchim Medinipur. District RRT investigated the outbreak. The probable cause of outbreak is contamination of Under pond water. A total of 05 Stool samples collected MMCH and"
West Bengal,Medinipur,Diarrheal Disease,28,0,11-11-2019,,Under Control,"education given. Cases reported from Village Ramnagar, Khelar GP Kharagpur I Block, Pashchim Medinipur. District RRT investigated the outbreak. The probable cause of outbreak is contamination of Under pond water. A total of 05 Stool samples collected MMCH and 28 00 11-11-19 02 water samples collected and sent to PHE. No growth seen in stool samples and the total coliform count was high and unsafe in water samples. ORS, Zinc and Halogen distributed in the affected area. Health education given on food and personal hygiene. Date of No. of No. of Current Cases Deaths Status Outbreak Cases reported from Meherma Thakurgangti, Bhagaiya, Hirakhuthari. District RRT investigated the outbreak. State and District NVBDCP officials were informed. House to house survey conducted. Cases presented with fever, 23 00 12-11-19 blood samples collected and tested at Rajendra Institute of Medical College Science Ranchi; 05 were positive for Dengue, 02 positive for Japanese Encephalitis and 01 was positive for Chikungunya by IgM ELISA. All cases were treated symptomatically. Health education given."
Assam,Udalguri,Acute Diarrheal Disease,9,1,26-11-2019,28-11-2019,Under Control,"Outbreak Cases reported from Village Amguri, SC Baligaon, PHC/Block Orang. District RRT investigated the outbreak. Cases consumed water from tube well Under 01 26-11-19 28-11-19 and presented symptoms of loose motion and vomiting. 3 water and 3 stool samples collected and sent to DPHL Darrang. All cases treated. Health education given. Case reported from Village/SC Rajur, Block Tokapal. District RRT investigated the outbreak. State and District NVBDCP officials were Under informed. Active search of cases done. Pig rearing"
Chhattisgarh,Baster,Japanese Encephalitis,1,1,21-11-2019,30-11-2019,Under Surveillance,"Health education given. Case reported from Village/SC Rajur, Block Tokapal. District RRT investigated the outbreak. State and District NVBDCP officials were Under informed. Active search of cases done. Pig rearing 01 21-11-19 30-11-19 was practiced in the community. Blood sample collected and sent to Balirama Kashyap Memorial Govt Medical College, was positive for JE (IgM ELISA). Health education given regarding personal protection measures. A case resident from Khodiyar Nagar, UHC Savar Kundala, Taluk Savar Kundala presented symptoms of fever and vomiting and was admitted Under in a hospital. District RRT investigated the"
Gujarat,Gujrat Amreli,Crimean Congo Hemorrhagic Fever,1,0,21-11-2019,26-11-2019,Under Surveillance,"personal protection measures. A case resident from Khodiyar Nagar, UHC Savar Kundala, Taluk Savar Kundala presented symptoms of fever and vomiting and was admitted Under in a hospital. District RRT investigated the 00 21-11-19 26-11-19 outbreak. Active search of cases done. 01 serum sample collected and sent to NIV Pune was positive for CCHF (IgM ELISA). Health education given. Cases reported from Village Bavari Vas, Taluk Under Palanpur. District RRT investigated the outbreak."
Gujarat,Gujrat Banaskantha,Measles,6,0,28-11-2019,28-11-2019,Under Control,"sample collected and sent to NIV Pune was positive for CCHF (IgM ELISA). Health education given. Cases reported from Village Bavari Vas, Taluk Under Palanpur. District RRT investigated the outbreak. 00 28-11-19 28-11-19 Active search of cases done. Serum samples collected. All cases treated. Health education Cases reported from Village Yasodanagar, UPHC Govindpur, CHC Jugsalai. District RRT investigated the outbreak. Active search for cases Under done. Cases consumed food in a marriage"
Jharkhand,East Singhbhum,Food Poisoning,73,0,23-11-2019,28-11-2019,Under Control,"given. Cases reported from Village Yasodanagar, UPHC Govindpur, CHC Jugsalai. District RRT investigated the outbreak. Active search for cases Under done. Cases consumed food in a marriage 00 23-11-19 28-11-19 ceremony and presented symptoms of loose motion and vomiting. All cases treated symptomatically. Health education given regarding food hygiene and sanitation. Cases reported from Bagunhatu, Urban Jamshedpur, CHC Jugsalai cum Golmuri. District RRT investigated the outbreak. Active search for Under cases done. Cases consumed food in a marriage"
Jharkhand,East Singhbhum,Food Poisoning,65,0,23-11-2019,28-11-2019,Under Control,"Cases reported from Bagunhatu, Urban Jamshedpur, CHC Jugsalai cum Golmuri. District RRT investigated the outbreak. Active search for Under cases done. Cases consumed food in a marriage -11-19 28-11-19 ceremony and presented symptoms of loose motion and vomiting. All cases treated symptomatically. Health education given regarding food hygiene and sanitation. Cases reported from Village Tatitola Pargama, HSC Jhimri, CHC Nimdih. District RRT investigated the outbreak. House to house survey Under done. 01 water sample collected and send to MGM"
Jharkhand,Saraikela,Acute Diarrheal Disease,11,0,23-11-2019,25-11-2019,Under Control,"regarding food hygiene and sanitation. Cases reported from Village Tatitola Pargama, HSC Jhimri, CHC Nimdih. District RRT investigated the outbreak. House to house survey Under done. 01 water sample collected and send to MGM -11-19 25-11-19 College and Hospital Jamshedpur. All cases treated symptomatically. Chlorination of water sources done. IEC done regarding safe drinking water and personal hygiene. Cases reported from Village Chintamani, Murugumalla PHC, Chelamanahalli. District RRT investigated the outbreak. State and District NVBDCP officials were informed. House to house Under survey done. 1 blood sample collected and sent to"
Karnataka,Chikkaballapur,Dengue,21,0,24-11-2019,27-11-2019,Under Control,"Cases reported from Village Chintamani, Murugumalla PHC, Chelamanahalli. District RRT investigated the outbreak. State and District NVBDCP officials were informed. House to house Under survey done. 1 blood sample collected and sent to -11-19 27-11-19 SSL was positive for Dengue (IgM ELISA). All cases treated symptomatically. Entomological survey done. Fogging activity carried out in affected area. Source reduction activities undertaken. Health education given. Cases reported from Village Hale Ganjigunte, PHC Ganjigunte. Block Sidlaghatta. District RRT investigated the outbreak. District RRT Under NVBDCP officials were informed. House to house"
Karnataka,Chikkaballapur,Dengue,25,0,26-11-2019,29-11-2019,Under Control,"Cases reported from Village Hale Ganjigunte, PHC Ganjigunte. Block Sidlaghatta. District RRT investigated the outbreak. District RRT investigated the outbreak. State and District Under NVBDCP officials were informed. House to house -11-19 29-11-19 survey done. 1 blood sample collected and sent to SSL was positive for Dengue (IgM ELISA). All cases treated symptomatically. Entomological survey done. Fogging activity carried out in affected area. Source reduction activities undertaken. Health education given. Cases reported from Village Itaga A, PHC/CHC S.Saradagi, Taluk Kalaburagi. District RRT investigated the outbreak. Pipeline leakages were observed in the community. House to house survey Under"
Karnataka,Kalaburagi,Diarrheal Disease,12,0,27-11-2019,28-11-2019,Under Control,"Cases reported from Village Itaga A, PHC/CHC S.Saradagi, Taluk Kalaburagi. District RRT investigated the outbreak. Pipeline leakages were observed in the community. House to house survey Under -11-19 28-11-19 done. 2 stool sample collected were negative for enteropathogens. All cases treated symptomatically. Halogen tablets were distributed in the community. IEC done regarding safe drinking water and personal hygiene. Cases reported from Village/SC/PHC Nhrushimawadi(Nwadi), Block Shirol. District RRT investigated the outbreak. State and District NVBDCP officials were informed. House to house Under survey done. All the 8 blood sample collected and"
Maharashtra,Kolhapur,Chikungunya,8,0,25-11-2019,27-11-2019,Under Control,"Cases reported from Village/SC/PHC Nhrushimawadi(Nwadi), Block Shirol. District RRT investigated the outbreak. State and District NVBDCP officials were informed. House to house Under survey done. All the 8 blood sample collected and -11-19 27-11-19 sent to SSH, CPRH Hospital, Kolhapur; were positive for Chikungunya (IgM ELISA). All cases treated symptomatically. Entomological survey done. Fogging activity carried out in affected area. Source reduction activities undertaken. Health education given. Cases reported from Village Khamara, GP Mahupadar, Block Sheragada. District RRT investigated the outbreak. House to house survey Under"
Odisha,Ganjam,Diarrheal Disease,13,0,22-11-2019,25-11-2019,Under Control,"education given. Cases reported from Village Khamara, GP Mahupadar, Block Sheragada. District RRT investigated the outbreak. House to house survey Under -11-19 25-11-19 done. 02 rectal swab rectal and 04 water samples collected. All cases treated symptomatically. IEC done regarding safe drinking water and personal hygiene. Cases reported from Mahapat High School, Village Ranibeda, SC Raisuan, CHC/Block Telkoi. District RRT investigated the outbreak. Under Cases consumed food in social ceremony and"
Odisha,Keonjhar,Food Poisoning,24,0,24-11-2019,26-11-2019,Under Control,"hygiene. Cases reported from Mahapat High School, Village Ranibeda, SC Raisuan, CHC/Block Telkoi. District RRT investigated the outbreak. Under Cases consumed food in social ceremony and -11-19 26-11-19 presented with symptoms of vomiting and loose motion. 02 water samples collected. Cases treated symptomatically. ORS packets distributed in the affected area. Health education given regarding food hygiene and sanitation. Cases reported from Village Saragehida, SC Budamara, CHC Under Bangiriposi. District RRT investigated the outbreak. House to house survey Under"
Odisha,Mayurbhanj,Diarrheal Disease,9,0,26-11-2019,28-11-2019,Under Control,"food hygiene and sanitation. Cases reported from Village Saragehida, SC Budamara, CHC Under Bangiriposi. District RRT investigated the outbreak. House to house survey Under -11-19 28-11-19 done. 07 rectal swab rectal and 01 water samples collected. All cases treated symptomatically. IEC done regarding safe drinking water and personal hygiene. Cases reported from VPO Balluaba, Virk Khurd, Under Burj Mehima, Behmin Diwana, Chughe Kaln."
Punjab,Bathinda,Chickenpox,7,0,30-11-2019,30-11-2019,Under Control,"hygiene. Cases reported from VPO Balluaba, Virk Khurd, Under Burj Mehima, Behmin Diwana, Chughe Kaln. 30-11-19 District RRT investigated the outbreak. Active search of cases done in the campus. All cases treated symptomatically. Health education given. Cases reported from Paradise Senior Secondary Under School, Block Kassoana. District RRT"
Punjab,Ferozepur,Chickenpox,25,0,30-11-2019,30-11-2019,Under Control,"search of cases done in the campus. All cases treated symptomatically. Health education given. Cases reported from Paradise Senior Secondary Under School, Block Kassoana. District RRT 30-11-19 investigated the outbreak. Active search of cases done in the campus. All cases treated symptomatically. Health education given. Cases reported from Govt Senior Secondary School, Village Salena, SC Salena, CHC/Block Under Daroli Bhai. District RRT investigated the"
Punjab,Moga,Chickenpox,10,0,27-11-2019,27-11-2019,Under Control,"done in the campus. All cases treated symptomatically. Health education given. Cases reported from Govt Senior Secondary School, Village Salena, SC Salena, CHC/Block Under Daroli Bhai. District RRT investigated the 27-11-19 outbreak. Active search of cases done in the campus. All cases treated symptomatically. Health education given. Cases reported from Village Ramgarh, Block Bajakhana. District RRT investigated the Under outbreak. Active search of cases done. All the 7"
Punjab,Faridkot,Mumps,7,0,26-11-2019,30-11-2019,Under Control,"campus. All cases treated symptomatically. Health education given. Cases reported from Village Ramgarh, Block Bajakhana. District RRT investigated the Under outbreak. Active search of cases done. All the 7 30-11-19 blood samples collected were positive for Mumps (IgM ELISA) tested at DPHL Sangrur. Affected children were in 5-10yrs of age group. All cases treated symptomatically. Health education given. Cases reported from Urban Rajpura, PHC/Block Kalo Majra. District RRT investigated the Under outbreak. Active search of cases done. 8 blood"
Punjab,Patiala,Measles,8,0,29-11-2019,30-11-2019,Under Control,"children were in 5-10yrs of age group. All cases treated symptomatically. Health education given. Cases reported from Urban Rajpura, PHC/Block Kalo Majra. District RRT investigated the Under outbreak. Active search of cases done. 8 blood 30-11-19 samples collected and send to DPHL, Patiala. Affected children were in 5-10yrs of age group. All cases treated symptomatically. Health education given. Date of of No. of Current es Deaths Status Outbreak Cases reported from Vivekananda Kendra Vidyalaya, Jirdin Aalo, SC Jirdin, PHC Kombo, Block Aalo. District RRT Under investigated the outbreak. Active search of cases done."
Arunachal Pradesh,West Siang,Chickenpox,25,0,19-09-2019,,Under Control,"es Deaths Status Outbreak Cases reported from Vivekananda Kendra Vidyalaya, Jirdin Aalo, SC Jirdin, PHC Kombo, Block Aalo. District RRT Under investigated the outbreak. Active search of cases done. 00 19-09-19 Affected children were below 15yrs of age. Cases treated symptomatically. Health education given regarding isolation and personal hygiene. Cases of fever with rash reported from Village Nepalikhuti, SC Under Khatiakholi, PHC Bokakhat, Block Bokakhat. District RRT"
Assam,Golaghat,Chickenpox,6,0,18-11-2019,,Under Control,"Affected children were below 15yrs of age. Cases treated symptomatically. Health education given regarding isolation and personal hygiene. Cases of fever with rash reported from Village Nepalikhuti, SC Under Khatiakholi, PHC Bokakhat, Block Bokakhat. District RRT 00 18-11-19 investigated the outbreak. Active search of cases done. Cases treated symptomatically. Health education given regarding isolation and personal hygiene. Cases reported from Village Sikandarpur, SC Ulho, PHC/Block Sivasagar. District RRT investigated the outbreak. Under House to house survey done. All cases treated"
Bihar,Rohtas,Diarrheal Disease,25,0,30-10-2019,,Under Control,"treated symptomatically. Health education given regarding isolation and personal hygiene. Cases reported from Village Sikandarpur, SC Ulho, PHC/Block Sivasagar. District RRT investigated the outbreak. Under House to house survey done. All cases treated 00 30-10-19 symptomatically. ORS packets were distributed in the affected area. IEC done regarding safe drinking water and personal hygiene. Cases reported from DGD Begumpur. District RRT investigated the outbreak. State and District NVBDCP official were informed. House to house survey done. All the 12 blood Under samples tested at Max Smart Super Specialty Hospital & Max"
Delhi,South Delhi,Dengue,12,0,21-10-2019,,Under Control,"hygiene. Cases reported from DGD Begumpur. District RRT investigated the outbreak. State and District NVBDCP official were informed. House to house survey done. All the 12 blood Under samples tested at Max Smart Super Specialty Hospital & Max 00 21-10-19 Super Specialty Hospital were positive for Dengue (IgM ELISA). Most of the cases were distributed in the urban areas of Hauzrani area, Malviya Nagar. All cases treated symptomatically. Source reduction activities undertaken. Health education given. Cases reported from Village Darmudin, SC Shankardah, CHC Potka. District RRT investigated the outbreak. House to house survey done. Water samples from four different locations from Under the village were collected & sent at MGM Medical College"
Jharkhand,East Singhbhum,Diarrheal Disease,6,1,16-11-2019,,Under Control,"Health education given. Cases reported from Village Darmudin, SC Shankardah, CHC Potka. District RRT investigated the outbreak. House to house survey done. Water samples from four different locations from Under the village were collected & sent at MGM Medical College 01 16-11-19 (Govt) Jamshedpur. All cases treated symptomatically. Chlorination of water sources done. Alternate drinking water supply was provided. IEC done regarding safe drinking water and personal hygiene. Cases reported from urban areas of Hesaraghatta, Shivkote, Harohallipalya. District RRT investigated the outbreak. State Under and District NVBDCP officials were informed. House to house"
Karnataka,Bengaluru,Chikungunya,46,0,18-11-2019,,Under Control,"Cases reported from urban areas of Hesaraghatta, Shivkote, Harohallipalya. District RRT investigated the outbreak. State Under and District NVBDCP officials were informed. House to house 18-11-19 survey done. All 04 serum samples collected. All cases treated symptomatically. Fogging activity carried out in affected area. Source reduction activities undertaken. Health education given. Cases reported from Village Maleenahalli Hatti, PHC/CHC Gubbi, Taluk Gubbi. District RRT investigated the outbreak. State and District NVBDCP officials were informed. House to Under house survey done. 1 blood sample collected and sent to SSL"
Karnataka,Tumkur,Dengue,18,0,04-11-2019,,Under Control,"Source reduction activities undertaken. Health education given. Cases reported from Village Maleenahalli Hatti, PHC/CHC Gubbi, Taluk Gubbi. District RRT investigated the outbreak. State and District NVBDCP officials were informed. House to Under house survey done. 1 blood sample collected and sent to SSL 04-11-19 was positive for Dengue (IgM ELISA). All cases treated symptomatically. Entomological survey done. Fogging activity carried out in affected area. Source reduction activities undertaken. Health education given. Cases reported from Village Shiroli du, SC Chapodi, PHC Shiroli du, Block Karveer. District RRT investigated the outbreak. House to house survey done. Pipeline leakages were observed in the community. Out of 11 blood samples collected Under and sent to NIV Pune; 10 samples were found positive for HAV"
Maharashtra,Kolhapur,Viral Hepatitis,17,0,13-11-2019,,Under Surveillance,"Cases reported from Village Shiroli du, SC Chapodi, PHC Shiroli du, Block Karveer. District RRT investigated the outbreak. House to house survey done. Pipeline leakages were observed in the community. Out of 11 blood samples collected Under and sent to NIV Pune; 10 samples were found positive for HAV 13-11-19 (Ig M ELISA). All cases treated symptomatically. Chlorination of water sources done. Pipe line leakages were repaired. ORS packets and Halogen tablets were distributed in the community. Health education given regarding drinking boiled and cooled water. Cases reported from Village Jamudiha, SC Sajanagada, CHC Berhampur, Block Nilgiri. District RRT investigated the Under outbreak. House to house survey done. 04 rectal swab rectal"
Odisha,Balasore,Acute Diarrheal Disease,14,0,20-11-2019,,Under Control,"Health education given regarding drinking boiled and cooled water. Cases reported from Village Jamudiha, SC Sajanagada, CHC Berhampur, Block Nilgiri. District RRT investigated the Under outbreak. House to house survey done. 04 rectal swab rectal 20-11-19 and 06 water samples collected and sent to DPHL Balasore. All cases treated symptomatically. IEC done regarding safe drinking water and personal hygiene. Cases reported from Village Chandamunda, SC Bangara, PHC Jari, Block Binjharpur. District RRT investigated the outbreak. Under State and District NVBDCP officials were informed. House to"
Odisha,Jajpur,Chikungunya,60,0,10-11-2019,,Under Surveillance,"cases treated symptomatically. IEC done regarding safe drinking water and personal hygiene. Cases reported from Village Chandamunda, SC Bangara, PHC Jari, Block Binjharpur. District RRT investigated the outbreak. Under State and District NVBDCP officials were informed. House to 10-11-19 house survey done. 8 blood samples collected. All cases treated symptomatically. Entomological survey done. Fogging activity carried out in affected area. Source reduction activities undertaken. Health education given."
Bihar,Muzaffarpur,Food Poisoning,6,0,30-11-2019,06-12-2019,Under Control,"Outbreak Cases reported from Harka, HSC Harka, PHC/Block Minapur. District RRT investigated the outbreak. Cases presented with headache, pain Under in the neck, difficulty in speaking and vomiting 00 30-11-19 06-12-19 after consuming mid day meals. Most cases belonged to the age group 7-12 years. All cases were treated symptomatically. Health education given on personal hygiene and cleanliness. Cases reported from School Kasturba Gandhi Residential Balika Vidyalaya Karaghar, PHC/Block Karaghar. Cases presented with pain abdomen and loose stools. All cases were in the Under age group 12-17 years. Water samples collected"
Bihar,Rohtas,Acute Diarrhoeal Disease,16,0,03-12-2019,06-12-2019,Under Control,"Cases reported from School Kasturba Gandhi Residential Balika Vidyalaya Karaghar, PHC/Block Karaghar. Cases presented with pain abdomen and loose stools. All cases were in the Under age group 12-17 years. Water samples collected 00 03-12-19 06-12-19 and sent to PHED Sasaram Rohtas; result awaited. All cases were treated symptomatically. Hand washing demonstrated. Disinfection of drinking water sources done. Health education given. Cases reported from Raigarh Urban. District RRT investigated the outbreak. State and District Under NVBDCP officials were informed. Door to door"
Chhattisgarh,Raigarh,Dengue,7,0,07-12-2019,07-12-2019,Under Control,"drinking water sources done. Health education given. Cases reported from Raigarh Urban. District RRT investigated the outbreak. State and District Under NVBDCP officials were informed. Door to door 00 07-12-19 07-12-19 survey conducted. Lab samples collected and result awaited. All cases were treated symptomatically. Fogging done. Health education Cases reported from urban area of Sirsa Municipal Corporation - Passi Wakil Wali Gali, Ward No 5, Mandi Dadwali. District RRT investigated the outbreak. Public Health Engineering Department visited the affected area. House to house survey conducted. A leakage was identified which probably led to mixing of Under sewage water and drinking water. A total of 02"
Haryana,Sirsa,Hepatitis A,16,0,09-12-2019,10-12-2019,Under Control,"investigated the outbreak. Public Health Engineering Department visited the affected area. House to house survey conducted. A leakage was identified which probably led to mixing of Under sewage water and drinking water. A total of 02 9 10-12-19 water samples collected and result awaited. A total of 06 blood samples were collected and tested at PGIMS, Rohtak; all were found positive for Hepatitis A by IgM ELISA. All cases were treated symptomatically. ORS packets were distributed. Halogen tablets distributed. Superchlorination of water done. Alternate water supply arranged. Health education given. Cases reported from Village Babhane & Pakariya, CHC Sadar Chatra, Block Sadar. District RRT Under investigated the outbreak. Cases presented with"
Jharkhand,Chatra,Food Poisoning,8,0,07-12-2019,07-12-2019,Under Control,"Superchlorination of water done. Alternate water supply arranged. Health education given. Cases reported from Village Babhane & Pakariya, CHC Sadar Chatra, Block Sadar. District RRT Under investigated the outbreak. Cases presented with 9 07-12-19 pain abdomen and vomiting after consuming an unknown food (wild fruit) from the forest. All cases were treated symptomatically. Health education given. Cases reported from Village Boganur, PHC Shalwadi, Taluk Navalgund. District RRT investigated the outbreak. Active case search done. Clustering of cases observed. Cases were in Under the age group 6-12 years and presented with fever"
Karnataka,Dharwad,Mumps,8,0,04-12-2019,07-12-2019,Under Control,"Cases reported from Village Boganur, PHC Shalwadi, Taluk Navalgund. District RRT investigated the outbreak. Active case search done. Clustering of cases observed. Cases were in Under the age group 6-12 years and presented with fever 9 07-12-19 with bilateral swelling of parotid glands. One serum sample collected and sent to Referral lab SIMS, Shimoga; result awaited. Cases were isolated. All cases were treated symptomatically. Health camp conducted in the affected area. Health education given. Cases reported from Village Bandi Sokapur, SC/ PHC Sajjalgudda, Block Lingsugur. District RRT investigated the outbreak. State and District NVBDCP officials were informed. House to house survey conducted. High vector density, Under many breeding sites and poor sanitation and"
Karnataka,Raichur,Dengue,7,0,02-12-2019,02-12-2019,Under Control,"PHC Sajjalgudda, Block Lingsugur. District RRT investigated the outbreak. State and District NVBDCP officials were informed. House to house survey conducted. High vector density, Under many breeding sites and poor sanitation and 2-12-19 02-12-19 unhygienic conditions observed in the area. A total of 07 blood samples were collected and tested at SSL DSU, Raichur; 01 was found positive for Dengue by IgM MAC ELISA. All cases were treated symptomatically. Source reduction activities carried out. Fogging done. Health education given. Cases reported from Village Ranni Angadi, HSC Karimkutty, PHC Ranni Angadi, Block Vechoochira. District RRT investigated the outbreak. The premises were unclean and waste was dumped in open near the premises. The Under"
Kerala,Pathanamthitta,Acute Diarrheal Disease,10,0,05-12-2019,10-12-2019,Under Control,"Karimkutty, PHC Ranni Angadi, Block Vechoochira. District RRT investigated the outbreak. The premises were unclean and waste was dumped in open near the premises. The Under 5-12-19 10-12-19 affected individuals were migrants from West Bengal. Cases presented with pain abdomen and diarrhea. Water samples collected result awaited. All cases were treated symptomatically. Super chlorination of well done in the affected area. Health education given. Cases reported from Village Meppadi & Muttil South, HSC Nedumbala & Kalluvadi. PHC Meppadi, PHC Vazhavatta, Block Kalpetta. District RRT investigated the outbreak. Fever survey conducted in the affected area. The index Under case was a 7 year old female child from Assam."
Kerala,Wayanad,Diphtheria,4,0,05-12-2019,09-12-2019,Under Surveillance,"South, HSC Nedumbala & Kalluvadi. PHC Meppadi, PHC Vazhavatta, Block Kalpetta. District RRT investigated the outbreak. Fever survey conducted in the affected area. The index Under case was a 7 year old female child from Assam. 5-12-19 09-12-19 She presented with fever and sore throat. Epidemiological linkage established with subsequent cases. A total of 02 throat swab samples collected and tested at MCVR Manipal, was positive for C. diphtheria by Real time PCR. All cases were treated. Medical camp organized in the affected area. Health education given. Cases reported from Astha gram trust hostel, Block Khargone, Rahimpura Urban Khargone. District RRT investigated the outbreak. House to house survey conducted. All cases belonged to Under the age group 5-12 years; it included 26 boys and"
Madhya Pradesh,Khargon,Mumps,46,0,03-12-2019,06-12-2019,Under Surveillance,"Cases reported from Astha gram trust hostel, Block Khargone, Rahimpura Urban Khargone. District RRT investigated the outbreak. House to house survey conducted. All cases belonged to Under the age group 5-12 years; it included 26 boys and -19 06-12-19 20 girls. A total of 05 blood and 05 serum samples were collected and tested at Department of Virology, AIIMS Bhopal; all were found positive for Mumps by IgM ELISA. All cases were treated symptomatically. Health education given. Cases reported from Village Cheural, SC Cheural PHC Sangau, Block Sangau. District RRT investigated the outbreak. The deceased were Under 60y/M and 22y/F. Cases presented with fever and"
Mizoram,Lawngtlai,Scrub Typhus,101,2,04-12-2019,09-12-2019,Under Surveillance,"given. Cases reported from Village Cheural, SC Cheural PHC Sangau, Block Sangau. District RRT investigated the outbreak. The deceased were Under 60y/M and 22y/F. Cases presented with fever and -19 09-12-19 headache. A total of 208 samples collected and tested; 101 samples positive for Scrub typhus by Weil Felix test. All cases treated. Health education given. Cases reported from Village Pubala, SC Mangalapur, PHC Kuhika, Block Sukinda. District RRT investigated the outbreak. House to house survey conducted. Index case gave travel Under history. He developed fever with rash. A total of"
Odisha,Jajpur,Chickenpox,14,0,02-12-2019,07-12-2019,Under Control,"Cases reported from Village Pubala, SC Mangalapur, PHC Kuhika, Block Sukinda. District RRT investigated the outbreak. House to house survey conducted. Index case gave travel Under history. He developed fever with rash. A total of -19 07-12-19 09 serum samples collected and tested at RMRC, Bhubaneswar and found positive for Varicella zoster by RT PCR. All cases treated. Health education given on transmission of disease its prevention and control and hygiene. Cases reported from Sainik School Hostel, Ward No 12. District RRT investigated the outbreak. Under Cases presented after consuming food from the"
Odisha,Khordha,Food Poisoning,68,0,02-12-2019,03-12-2019,Under Control,"education given on transmission of disease its prevention and control and hygiene. Cases reported from Sainik School Hostel, Ward No 12. District RRT investigated the outbreak. Under Cases presented after consuming food from the -19 03-12-19 same place. A total of 6-8 food samples collected by FSO and result awaited. All cases were treated symptomatically. Health education. Cases reported from School- Dindayal Upadhaya Grameen Kalyan Yojna, Dalposh (Ispat, ITI Campus), GP/SC Jamsera, CHC/Block Bisra. District RRT investigated the outbreak. Cases Under presented with nausea, vomiting and pain"
Odisha,Sundargarh,Food Poisoning,11,0,01-12-2019,03-12-2019,Under Control,"Cases reported from School- Dindayal Upadhaya Grameen Kalyan Yojna, Dalposh (Ispat, ITI Campus), GP/SC Jamsera, CHC/Block Bisra. District RRT investigated the outbreak. Cases Under presented with nausea, vomiting and pain 03-12-19 abdomen after consuming food outside the campus from a chowmin shop. A total of 02 water samples collected and tested at DPHL, Sunargarh, both were found satisfactory for human consumption. All cases were treated symptomatically. Health education given. Cases reported from Village Mangiya, Block Dera Baba Nanak. District RRT investigated the outbreak. The source of infection was contamination of drinking water. Cases were in the age group 20-65 years. A total of 04 stool Under samples and 05 water samples collected and"
Punjab,Gurdaspur,Acute Diarrheal Disease,19,0,07-12-2019,08-12-2019,Under Control,"Dera Baba Nanak. District RRT investigated the outbreak. The source of infection was contamination of drinking water. Cases were in the age group 20-65 years. A total of 04 stool Under samples and 05 water samples collected and 08-12-19 tested at DPHL, Gurdaspur. Of the 04 stool samples 03 were positive for Shigella. All 05 water samples were non potable. All cases were treated symptomatically. Chlorine tablets and ORS packets were distributed. Health education given on water borne diseases. Cases reported from Govt Elementary School, Village Shahpur, SC Bharua, CHC Bhawanigarh. District RRT investigated the outbreak. House to house survey conducted. Cases presented with Under fever, swelling and pain behind the ears and were"
Puducherry,Punjab Sangrur,Mumps,17,0,03-12-2019,03-12-2019,Under Control,"Cases reported from Govt Elementary School, Village Shahpur, SC Bharua, CHC Bhawanigarh. District RRT investigated the outbreak. House to house survey conducted. Cases presented with Under fever, swelling and pain behind the ears and were 03-12-19 in the age group 4-14 years. A total of 14 blood samples collected and sent to DPHL Sangrur; 05 were positive for Mumps by IgM ELISA. All cases were treated. Suspected cases isolated. Health education given. Cases reported from Village Shahpur, SC Bharau, CHC Bhawanigarh. District RRT investigated the outbreak. House to house survey conducted. All cases belonged to the same family. Of the 09 cases 02 cases are from District- Barnala A total Under of 10 water samples collected and tested at DPHl,"
Puducherry,Punjab Sangrur,Hepatitis B,9,0,03-12-2019,03-12-2019,Under Surveillance,"CHC Bhawanigarh. District RRT investigated the outbreak. House to house survey conducted. All cases belonged to the same family. Of the 09 cases 02 cases are from District- Barnala A total Under of 10 water samples collected and tested at DPHl, 03-12-19 03-12-19 Sangrur; 06 were found to be non potable. All 09 blood samples collected and tested at DPHL, Sangrur and Barnala were found to be positive for Hepatitis B by IgM ELISA. Chlorine tablets distributed in the affected area. Alternate source of water supply arranged. All cases treated symptomatically. Health education given. Cases reported from Village Kandiyankuppam Colony, HSC/PHC Palayanur, Block Tiruvannamalai. District RRT investigated the outbreak. Cases presented after consuming contaminated food (Beef and Beef Vathal) and water. A total of 05 stool samples collected and sent to Govt Tiruvannamalai Medical Collage Under Hospital, were negative for V. cholera. A total of"
Tamil Nadu,Tami Nadu Tiruvannamalai,Acute Diarrheal Disease,16,0,01-12-2019,03-12-2019,Under Control,"outbreak. Cases presented after consuming contaminated food (Beef and Beef Vathal) and water. A total of 05 stool samples collected and sent to Govt Tiruvannamalai Medical Collage Under Hospital, were negative for V. cholera. A total of 01-12-19 03-12-19 05 stool samples and 05 water samples collected and sent to DPHL, Cheyyar; stool samples were negative for V. cholera and all water samples were found unsatisfactory. Medical camp conducted in the affected area. Alternate water supply arranged. Leftover food items ceased and destroyed. All cases treated. Health education given on food hygiene and hand hygiene. Cases reported from Village Surandai 14th Ward, HSC Sivagurunathpuram, PHC Surandai, Block Sankarankoil. House to house survey conducted. Under High house index, rain water stagnation and"
Tamil Nadu,Tami Nadu Tirunelveli,Dengue,14,0,03-12-2019,09-12-2019,Under Control,"given on food hygiene and hand hygiene. Cases reported from Village Surandai 14th Ward, HSC Sivagurunathpuram, PHC Surandai, Block Sankarankoil. House to house survey conducted. Under High house index, rain water stagnation and 03-12-19 09-12-19 larval breeding observed. A total of 14 samples collected and tested at DPHL Tirunelveli; 04 were positive for Dengue IgM ELISA. All cases were treated symptomatically. Fogging done. Health education given. Date of of No. of Current es Deaths Status Outbreak Cases reported from Aye Valley Residential English School Under CHC Boasimla Block Raga. District RRT investigated the"
Arunachal Pradesh,Kamle,Chickenpox,15,0,15-11-2019,,Under Control,es Deaths Status Outbreak Cases reported from Aye Valley Residential English School Under CHC Boasimla Block Raga. District RRT investigated the 00 15-11-19 outbreak. Active case search done. Index case was a 6y/M. All cases were treated. Health education given. Cases reported from Block Dumarkunda Nirsa. District RRT investigated the outbreak. Cases presented with loose watery stools. A total of 05 water samples collected and tested at Under
Jharkhand,Dhanbad,Diarrhoeal Disease,34,0,30-11-2019,,Under Control,"All cases were treated. Health education given. Cases reported from Block Dumarkunda Nirsa. District RRT investigated the outbreak. Cases presented with loose watery stools. A total of 05 water samples collected and tested at Under 00 30-11-19 District level Water Testing Laboratory, Dhanbad, of which 02 showed bacterial growth. All cases were treated symptomatically. ORS packets were distributed. Health education given. Cases reported from Village/PHC/CHC Togunashi, Taluk Badami. District RRT investigated the outbreak. State and District NVBDCP officials were informed. House to house survey conducted. Aedes larvae breeding observed. Index case found positive for Dengue. A total of 04 serum, 02 blood Under and 02 water samples collected and sent to DPHL, Bagalkote;"
Karnataka,Bagalkot,Chikungunya,25,0,27-11-2019,,Under Control,"Badami. District RRT investigated the outbreak. State and District NVBDCP officials were informed. House to house survey conducted. Aedes larvae breeding observed. Index case found positive for Dengue. A total of 04 serum, 02 blood Under and 02 water samples collected and sent to DPHL, Bagalkote; 00 27-11-19 02 samples found positive for Chikungunya by IgM ELISA. A total of 36 blood smears were collected and test at PHC; all 36 blood smears were negative for Malaria parasite. All cases treated. Larval survey conducted. Source reduction activities undertaken. Fogging done. Health education given on vector borne diseases and use of personal protective measures. Cases reported from Village/PHC/CHC Belur Town, Taluk Belur. District RRT investigated the outbreak. House to house survey conducted. A total of 05 stool samples collected and Under"
Karnataka,Hassan,Diarrhoeal Disease,39,0,29-11-2019,,Under Control,"borne diseases and use of personal protective measures. Cases reported from Village/PHC/CHC Belur Town, Taluk Belur. District RRT investigated the outbreak. House to house survey conducted. A total of 05 stool samples collected and Under 00 29-11-19 tested were found negative for Cholera. A single water sample collected and tested for MPN was found SPP. All cases were treated symptomatically. ORS packets were distributed. Health education given. Cases reported from Village Madakanahalli Gollarhatti, PHC/CHC Tavarekere, Taluk Sira. District RRT investigated the outbreak. State and District NVBDCP officials were informed. House to house fever survey conducted. Larval sources identified and water stagnation observed in the Under affected area. The deceased was a 56y/M. A total of 07 blood"
Karnataka,Tumkur,Dengue,49,1,06-11-2019,,Under Control,"PHC/CHC Tavarekere, Taluk Sira. District RRT investigated the outbreak. State and District NVBDCP officials were informed. House to house fever survey conducted. Larval sources identified and water stagnation observed in the Under affected area. The deceased was a 56y/M. A total of 07 blood samples and 03 water samples collected and sent to DPHL, Tumkur; 01 was found positive for Dengue by IgM ELISA and water samples were potable. A total of 03 water samples collected and tested at DPHL, Tumkur; result awaited. All cases were treated symptomatically. Temporary clinic setup in the affected area. Health education given. Cases reported from Village Shettihalli, PHC/CHC Byalya, Taluk Madhugiri. District RRT investigated the outbreak. State and District NVBDCP officials were informed. Fever Under survey conducted in the affected area. A total of 02 blood"
Karnataka,Tumkur,Dengue & Chikungunya,19,0,18-11-2019,,Under Control,"the affected area. Health education given. Cases reported from Village Shettihalli, PHC/CHC Byalya, Taluk Madhugiri. District RRT investigated the outbreak. State and District NVBDCP officials were informed. Fever Under survey conducted in the affected area. A total of 02 blood samples collected and tested at DPHL, Tumkur; 01 was found positive for Dengue and Chikungunya by IgM ELISA. All cases were treated symptomatically. Source reduction activities undertaken. Fogging done. Health education given. Cases reported from Village/PHC Thrippunithura, Block Keechery. District RRT investigated the outbreak. State and District NVBDCP officials were informed. Water stagnation Under observed in the affected area. All cases were from the same"
Kerala,Ernakulam,Dengue,17,0,03-11-2019,,Under Control,"activities undertaken. Fogging done. Health education given. Cases reported from Village/PHC Thrippunithura, Block Keechery. District RRT investigated the outbreak. State and District NVBDCP officials were informed. Water stagnation Under observed in the affected area. All cases were from the same 1-19 locality; they were in the age group 45-58 years. Cases presented with fever, myalgia, nausea and vomiting. A total of 04 samples collected and tested at RPH Lab Ernakulam; 01 was positive for Dengue by IgM ELISA. All cases were treated symptomatically. Health education given. Cases reported from Village Manacadu, Kuriyathi, Attukal, Kamaleshwaram, Chalai, Kalippankulam. District RRT investigated the outbreak. State and District NVBDCP officials were informed. House to house survey conducted. Under Index case was a 43y/F who presented with fever and"
Kerala,Trivandrum,Chikungunya,18,0,11-11-2019,,Under Control,"Cases reported from Village Manacadu, Kuriyathi, Attukal, Kamaleshwaram, Chalai, Kalippankulam. District RRT investigated the outbreak. State and District NVBDCP officials were informed. House to house survey conducted. Under Index case was a 43y/F who presented with fever and 1-19 bodyache. Cases identified in adjacent wards. A total of 18 samples collected and tested at PH Lab; all positive for Chikungunya by IgM ELISA. All cases were treated symptomatically. Entomological survey revealed HI 9, BI 16 and CI 8. Source reduction activities undertaken. Health education given. Cases reported from Jaital, SC Dindnerli, PHC Ispurli, Taluk Karveer. District RRT investigated the outbreak. Active case search done. Water scarcity present in the affected area. It was observed that, the water distributed in the area was not Under"
Maharashtra,Kolhapur,Diarrheal Disease,24,0,28-11-2019,,Under Control,"Cases reported from Jaital, SC Dindnerli, PHC Ispurli, Taluk Karveer. District RRT investigated the outbreak. Active case search done. Water scarcity present in the affected area. It was observed that, the water distributed in the area was not Under 24 00 28-11-19 chlorinated. A total of 04 stool samples and 04 water samples collected and sent to DPHL. Stools samples were negative for all enteropathogens. Water samples were found to be contaminated. All cases were treated symptomatically. Health education given on personal hygiene. Cases reported from Village Bhudhavali, SC Vasuri, PHC Khanivali, Block Wada. District RRT investigated the outbreak. State and District NVBDCP officials were Under informed. House to house survey conducted. Larval breeding"
Maharashtra,Palaghar,Dengue,16,0,22-11-2019,,Under Control,"education given on personal hygiene. Cases reported from Village Bhudhavali, SC Vasuri, PHC Khanivali, Block Wada. District RRT investigated the outbreak. State and District NVBDCP officials were Under informed. House to house survey conducted. Larval breeding 16 00 22-11-19 found in water storage tanks. A total of 16 samples collected and tested 03 were positive for Dengue by IgM ELISA and 02 were positive for Dengue by NS1. Fogging done. All cases were treated symptomatically. Health education given. Cases reported from Village Vahoor Madhliwadi, PHC Dasgaon, Taluk Mahad. District RRT investigated the Under outbreak. House to house survey conducted. Cases presented"
Maharashtra,Raigad,Food Poisoning,13,0,29-11-2019,,Under Control,"were positive for Dengue by NS1. Fogging done. All cases were treated symptomatically. Health education given. Cases reported from Village Vahoor Madhliwadi, PHC Dasgaon, Taluk Mahad. District RRT investigated the Under outbreak. House to house survey conducted. Cases presented 13 00 29-11-19 with loose stools, vomiting and pain abdomen after consuming food in a social gathering. All cases were treated symptomatically. Health education given. Date of No. of No. of Current Cases Deaths Status Outbreak Cases reported from Village Chhandamunda, SC Bangara, PHC Jari, Block Binjhapur. District RRT investigated the outbreak. State and District NVBDCP officials were 142 00 10-11-19 22 serum samples were collected and tested at RMRC, Bhubaneswar; of which 17 were positive for Chikungunya by IgM ELISA. All cases were treated symptomatically. Health education given."
Andhra Pradesh,Kurnool,Acute Diarrheal Disease,60,0,09-12-2019,10-12-2019,Under Control,"Outbreak Cases reported from Village Kurnool, PHC Kothapalli BC Colony KOthapalli. District RRT investigated the outbreak. House to house survey Under done. Cases presented symptoms of loose motion 00 09-12-19 10-12-19 and vomiting. 2 water samples collected and sent to Kurnool regional lab. All cases treated. IEC done regarding safe drinking water and personal hygiene. Cases reported from Village Pinkonda (Chindhatha Para), SHC Pinkonda, CHC Nelasnar, Under Block Bhairamgarh. District RRT investigated the"
Chhattisgarh,Bijapur,Japanese Encephalitis,2,1,10-12-2019,13-12-2019,Under Surveillance,"done regarding safe drinking water and personal hygiene. Cases reported from Village Pinkonda (Chindhatha Para), SHC Pinkonda, CHC Nelasnar, Under Block Bhairamgarh. District RRT investigated the 01 10-12-19 13-12-19 outbreak. State and District NVBDCP official were informed. House to house survey done. Blood sample collected was positive for JE (IgM ELISA). All cases treated. Health education given. Cases reported from Village Lurgi Gandurdeepa, HSC Bundarchuwan, CHC Kolebira, Block Kolebira. District RRT investigated the outbreak. Under Active search for cases done. Cases consumed"
Jharkhand,Simdega,Food Poisoning,4,1,10-12-2019,13-12-2019,Under Control,"ELISA). All cases treated. Health education given. Cases reported from Village Lurgi Gandurdeepa, HSC Bundarchuwan, CHC Kolebira, Block Kolebira. District RRT investigated the outbreak. Under Active search for cases done. Cases consumed 01 10-12-19 13-12-19 food in a social ceremony and presented symptoms of vomiting and loose motion. All cases treated symptomatically. Health education given regarding food hygiene and sanitation. Cases reported from Village PHC Barakotri, Taluk Dharwad, Block Dharwad. District RRT investigated the outbreak. Active search for cases Under done. Cases consumed food in a social ceremony"
Karnataka,Dharwad,Food Poisoning,37,0,11-12-2019,11-12-2019,Under Control,"regarding food hygiene and sanitation. Cases reported from Village PHC Barakotri, Taluk Dharwad, Block Dharwad. District RRT investigated the outbreak. Active search for cases Under done. Cases consumed food in a social ceremony 00 11-12-19 11-12-19 and presented symptoms of vomiting and loose motion. 2 stool collected and sent to DPHL Lab. All cases treated symptomatically. Health education given regarding food hygiene and sanitation. Cases reported from Village Churchugundi, PHC/CHC Hithla, Taluk Shikaripur. District RRT Under investigated the outbreak. Active search of cases 00 12-12-19 12-12-19 done. All the 02 blood samples collected and sent to KMC Manipal were positive for Mumps (IgM ELISA). Affected children were below 15yr of age. All cases treated. Health education given. Cases reported from SC Ghulewadi, Block Nimon. District RRT investigated the outbreak. Active Under search for cases done. Cases consumed food in a"
Maharashtra,Ahmednagar,Food Poisoning,4,2,06-12-2019,12-12-2019,Under Control,"Cases reported from SC Ghulewadi, Block Nimon. District RRT investigated the outbreak. Active Under search for cases done. Cases consumed food in a 2-19 12-12-19 social ceremony and presented symptoms of vomiting and loose motion. All cases treated symptomatically. Health education given regarding food hygiene and sanitation. Cases reported from Village Kattuvelli, HSC Araloor, PHC Pandhanallur, Block Thirupannathal. District RRT investigated the outbreak. Active search for cases done. Cases Under consumed food in a social ceremony and presented"
Tamil Nadu,Thanjavur,Food Poisoning,2,1,15-12-2019,15-12-2019,Under Control,"Cases reported from Village Kattuvelli, HSC Araloor, PHC Pandhanallur, Block Thirupannathal. District RRT investigated the outbreak. Active search for cases done. Cases Under consumed food in a social ceremony and presented 2-19 15-12-19 symptoms of vomiting and loose motion. 02 water samples and 01 rectal swab collected sent to DPHL Thanjavur. All cases treated symptomatically. Health education given regarding food hygiene and sanitation. Date of of No. of Current es Deaths Status Outbreak Cases reported from Village Kudakooru Bettadatunga, Taluk Periyapatna, Mysuru. District RRT investigated the outbreak. Under House to house survey done. 02 stool samples collected sent to"
Karnataka,Mysuru,Diarrheal Disease,58,0,04-11-2019,,Under Control,"es Deaths Status Outbreak Cases reported from Village Kudakooru Bettadatunga, Taluk Periyapatna, Mysuru. District RRT investigated the outbreak. Under House to house survey done. 02 stool samples collected sent to 00 04-11-19 DPHL lab. All cases treated symptomatically. ORS packets and chlorine tablets were distributed in the community. IEC done regarding safe drinking water and personal hygiene. Cases reported from Village Vishwa Karma Colony, First Main Gayathripuram Jalpuri, PHC Mysur Urban. District RRT investigated the outbreak. House to house survey done. Stool Under"
Karnataka,Mysuru,Diarrheal Disease,10,0,04-11-2019,,Under Control,"regarding safe drinking water and personal hygiene. Cases reported from Village Vishwa Karma Colony, First Main Gayathripuram Jalpuri, PHC Mysur Urban. District RRT investigated the outbreak. House to house survey done. Stool Under 00 04-11-19 and 03 water samples collected. All cases treated symptomatically. ORS packets and chlorine tablets were distributed in the community. IEC done regarding safe drinking water and personal hygiene. Cases reported from Village Hullikeri, PHC/CHC Togunashio, Taluk Badmi. District RRT investigated the outbreak. State Under and District NVBDCP officials were informed. House to house"
Karnataka,Bagalkot,Dengue,27,0,20-11-2019,,Under Control,"distributed in the community. IEC done regarding safe drinking water and personal hygiene. Cases reported from Village Hullikeri, PHC/CHC Togunashio, Taluk Badmi. District RRT investigated the outbreak. State Under and District NVBDCP officials were informed. House to house 00 20-11-19 fever survey done. 12 blood sample collected and and sent to DPHL, Bagalkote; were positive for Dengue (IgM ELISA). All cases treated symptomatically. Source reduction activities undertaken. Health education given. Cases reported from Village Ramalingapura, PHC/CHC Sira, Taluk Tumkur. District RRT investigated the outbreak. State and District NVBDCP official were informed. House to house Under survey done. All the 2 serum samples collected and sent to"
Karnataka,Tumkur,Chikungunya,14,0,30-11-2019,,Under Control,"undertaken. Health education given. Cases reported from Village Ramalingapura, PHC/CHC Sira, Taluk Tumkur. District RRT investigated the outbreak. State and District NVBDCP official were informed. House to house Under survey done. All the 2 serum samples collected and sent to 00 30-11-19 DPHL Tumukur were positive for Chikungunya (IgM ELISA). All cases treated symptomatically. Entomological survey done. Source reduction activity and fogging done in the affected area. Health education given. Cases reported from urban area of Nettiserry, Thrissur Corporation. District RRT investigated the outbreak. House to Under house survey done. Out of 2 serum samples collected; 1 sample"
Kerala,Thrissur,Hepatitis A,12,0,13-11-2019,,Under Control,"Source reduction activity and fogging done in the affected area. Health education given. Cases reported from urban area of Nettiserry, Thrissur Corporation. District RRT investigated the outbreak. House to Under house survey done. Out of 2 serum samples collected; 1 sample 00 13-11-19 was positive for Hepatitis A (IgM ELISA). All cases treated symptomatically. Chlorination of water sources done. Health education given. Cases reported from urban area of Thrikodithanam, Wards 10, 11, 19, 14, 15, PHC Thrikodithanam, Block Karukacahal. Under District RRT investigated the outbreak. House to house survey"
Kerala,Kottayam,Viral Hepatitis,18,0,10-10-2019,,Under Surveillance,"Cases reported from urban area of Thrikodithanam, Wards 10, 11, 19, 14, 15, PHC Thrikodithanam, Block Karukacahal. Under District RRT investigated the outbreak. House to house survey 10-10-19 done. Out of 2 water samples collected; All cases treated symptomatically. Chlorination of water sources done. Health education given. Cases reported from Greater Noida, Gautam Budh Nagar. District RRT investigated the outbreak. Active search for cases Under done. Cases consumed food in a social ceremony and presented"
Uttar Pradesh,Uttar Gautam Food,Food Poisoning,14,0,30-10-2019,,Under Control,"symptomatically. Chlorination of water sources done. Health education given. Cases reported from Greater Noida, Gautam Budh Nagar. District RRT investigated the outbreak. Active search for cases Under done. Cases consumed food in a social ceremony and presented 30-10-19 symptoms of vomiting and loose motion. All cases treated symptomatically. Health education given regarding food hygiene and sanitation. Cases reported from several villages Chounk, Kishanpur, Koripur, Shadatpur, PHC Dakore Rajendra Nagar, Kadaura,Dakore, Dakore Police line, Block Dakore, Patel Nagar Orai, Dakore, Kadaura, Pindari, Chhiriya, kadaura, Under Madhogarh. District RRT investigated the outbreak. . State and"
Uttar Pradesh,Jalaun,Dengue,15,0,16-10-2019,,Under Surveillance,"Cases reported from several villages Chounk, Kishanpur, Koripur, Shadatpur, PHC Dakore Rajendra Nagar, Kadaura,Dakore, Dakore Police line, Block Dakore, Patel Nagar Orai, Dakore, Kadaura, Pindari, Chhiriya, kadaura, Under Madhogarh. District RRT investigated the outbreak. . State and 16-10-19 District NVBDCP officials were informed. House to house fever survey done. 5 blood sample collected and sent to Jhansi Medical Collage; were positive for Dengue (IgM ELISA). All cases treated symptomatically. Source reduction activities undertaken. Health education given."
Chhattisgarh,Raigarh,Acute Diarrhoea,14,0,13-12-2019,16-12-2019,Under Surveillance,"Deaths Reporting Status Outbreak Cases reported from Village Chitwahi, SHC Dolesara, Block Tamnar. District RRT Under investigated the outbreak. House to house survey 00 13-12-19 16-12-19 conducted. All cases were treated symptomatically. Medical camp conducted in the affected area. Health education given. Cases reported from Village Mauxi, Under Community Health Centre Valpoi. District RRT Under investigated the outbreak. Active case search"
Goa,North Goa,Food Poisoning,58,0,21-12-2019,21-12-2019,Under Control,"symptomatically. Medical camp conducted in the affected area. Health education given. Cases reported from Village Mauxi, Under Community Health Centre Valpoi. District RRT Under investigated the outbreak. Active case search 00 21-12-19 21-12-19 done. Cases presented with headache, giddiness, pain abdomen and nausea after consuming shell fish. All cases treated symptomatically. Health education given. Cases reported from Village Nandsan, PHC Dangarwa, Block Kadi. District RRT investigated Under the outbreak. Active surveillance conducted. A"
Gujarat,Mahesana,Measles,7,0,19-12-2019,20-12-2019,Under Surveillance,"fish. All cases treated symptomatically. Health education given. Cases reported from Village Nandsan, PHC Dangarwa, Block Kadi. District RRT investigated Under the outbreak. Active surveillance conducted. A 00 19-12-19 20-12-19 total of 04 serum samples collected and result awaited. All cases treated. Health education given. Cases reported from Nirsa, Tulsibhitha Uperchriya Panchayat, ward no 05. District RRT Under"
Jharkhand,Dhanbad,Acute Diarrhoeal Disease,34,0,16-12-2019,19-12-2019,Under Surveillance,"awaited. All cases treated. Health education given. Cases reported from Nirsa, Tulsibhitha Uperchriya Panchayat, ward no 05. District RRT Under 00 16-12-19 19-12-19 investigated the outbreak. Active case search done. All cases were treated symptomatically. Health education given. Cases reported from Nirsa, Upchuria, Modi Tola. Under District RRT investigated the outbreak. Active"
Jharkhand,Dhanbad,Acute Diarrhoeal Disease,11,0,18-12-2019,19-12-2019,Under Surveillance,"done. All cases were treated symptomatically. Health education given. Cases reported from Nirsa, Upchuria, Modi Tola. Under District RRT investigated the outbreak. Active 00 18-12-19 19-12-19 case search done. All cases were treated symptomatically. Health education given. Cases reported from Village Dandal Khurd, HSC Silver, Block Sadar Hazzaribagh. District RRT Under investigated the outbreak. A total of 03 blood"
Jharkhand,Hazaribagh,Suspected Chickenpox,8,0,16-12-2019,17-12-2019,Under Surveillance,"case search done. All cases were treated symptomatically. Health education given. Cases reported from Village Dandal Khurd, HSC Silver, Block Sadar Hazzaribagh. District RRT Under investigated the outbreak. A total of 03 blood 00 16-12-19 17-12-19 samples collected and sent to RIMS Ranchi, 3 found positive by IgM ELISA. All cases treated. Health education given. Cases reported from Village/PHC/CHC Belagali, Taluk Mudhol. District RRT investigated the Under outbreak. A total of 10 stool samples collected"
Karnataka,Bagalkot,Food Poisoning,70,0,21-12-2019,21-12-2019,Under Control,"Cases reported from Village/PHC/CHC Belagali, Taluk Mudhol. District RRT investigated the Under outbreak. A total of 10 stool samples collected 2-19 21-12-19 and sent to DPHL, Bagalkot, result awaited. All cases treated symptomatically. Health education given. Cases reported from Village Azad Nagar, PHC/CHC Huliyar, Taluk C N Halli. District Under RRT investigated the outbreak. A total of 02"
Karnataka,Tumkur,Food Poisoning,49,0,15-12-2019,16-12-2019,Under Surveillance,"cases treated symptomatically. Health education given. Cases reported from Village Azad Nagar, PHC/CHC Huliyar, Taluk C N Halli. District Under RRT investigated the outbreak. A total of 02 2-19 16-12-19 water, 03 stool and 02 blood samples collected and sent to DPHL, result awaited. All cases treated symptomatically. Health education given. Cases reported from Village/HSC Kattikulam, Under PHC Begur, Block Manathavady. District RRT"
Kerala,Wayanad,Food Poisoning,18,0,22-12-2019,23-12-2019,Under Surveillance,"water, 03 stool and 02 blood samples collected and sent to DPHL, result awaited. All cases treated symptomatically. Health education given. Cases reported from Village/HSC Kattikulam, Under PHC Begur, Block Manathavady. District RRT 2-19 23-12-19 investigated the outbreak. All cases treated symptomatically. Health education given. Cases reported from Village Shivapur, SC Under Chandur, PHC Kapshi, Block Akola. District"
Maharashtra,Akola,Mumps,26,0,19-12-2019,19-12-2019,Under Surveillance,
Madhya Pradesh,Umaria,Fever with Rash,15,0,20-12-2019,22-12-2019,Under Surveillance,"collected and result awaited. All cases treated. Health education given. Cases reported from Village Barkhera, SHC Obera, CHC Chandia, Block Karkeli. District Under RRT investigated the outbreak. Active case 2-19 22-12-19 search done. A total of 05 blood samples collected and result awaited. All cases treated symptomatically. Health education given. Cases reported from Saraswati Sisu Mandir School, Khuntuni, PHC Khuntuni, Block Under Athagarh. District RRT investigated the outbreak."
Odisha,Cuttack,Food Poisoning,60,0,19-12-2019,20-12-2019,Under Control,"symptomatically. Health education given. Cases reported from Saraswati Sisu Mandir School, Khuntuni, PHC Khuntuni, Block Under Athagarh. District RRT investigated the outbreak. 2-19 20-12-19 A total of 02 water samples collected and result awaited. All cases treated symptomatically. Health education given. Cases reported from Village Bijapada (Masigaon) Under Under, CHC Borda. District RRT investigated the"
Odisha,Kalahandi,Chickenpox,8,0,18-12-2019,23-12-2019,Under Surveillance,"A total of 02 water samples collected and result awaited. All cases treated symptomatically. Health education given. Cases reported from Village Bijapada (Masigaon) Under Under, CHC Borda. District RRT investigated the 2-19 23-12-19 outbreak. Lab samples collected and result awaited. All cases treated. Health education given. Cases reported from Govt Primary School, Village Fatehpur Kannian, Block Kotise khan. Under District RRT investigated the outbreak. 10 blood"
Punjab,Moga,Mumps,34,0,19-12-2019,19-12-2019,Under Surveillance,"Cases reported from Govt Primary School, Village Fatehpur Kannian, Block Kotise khan. Under District RRT investigated the outbreak. 10 blood 9-12-19 19-12-19 samples collected and sent to DPHL Moga, were found positive for Mumps by IgM ELISA. All cases treated. Health education given. Cases reported from Village Kudisal, HSC/PHC Under Vilangudi, Block Ariyalur. District RRT"
Tamil Nadu,Ariyalur,Mumps,13,0,19-12-2019,20-12-2019,Under Surveillance,"samples collected and sent to DPHL Moga, were found positive for Mumps by IgM ELISA. All cases treated. Health education given. Cases reported from Village Kudisal, HSC/PHC Under Vilangudi, Block Ariyalur. District RRT 9-12-19 20-12-19 investigated the outbreak. All cases were treated symptomatically. Health education given. Cases reported from Village Mugaiyur, HSC Under Thunisaramedu, PHC Vilagam, Block"
Tamil Nadu,Cuddalore,Chickenpox,18,0,18-12-2019,19-12-2019,Under Surveillance,
Tamil Nadu,Thanjavur,Chickenpox,10,0,19-12-2019,23-12-2019,Under Surveillance,"outbreak. All cases treated symptomatically. Health education given. Cases reported from Village Chitrakudi, Valluvar Under Orphanage, HSC Chitrakudi, PHC Thennangudi, 9-12-19 23-12-19 Block Thanjavur. District RRT investigated the outbreak. All cases were treated symptomatically. Cases reported from Village Karattur, HSC Sangampatty, PHC Veeramachanpatty, Block Thuraiyur. District RRT investigated the Under outbreak.A total of 04 Serum and 04 water"
Tamil Nadu,Trichirapalli,Fever,15,0,18-12-2019,20-12-2019,Under Surveillance,"Health education given. Cases reported from Village Karattur, HSC Sangampatty, PHC Veeramachanpatty, Block Thuraiyur. District RRT investigated the Under outbreak.A total of 04 Serum and 04 water 8-12-19 20-12-19 samples collected and sent to DPHL Trichirapalli, result 02 Leptospirosis positive and 01 sample Typhoid positive. All cases treated. Health education given. Cases reported from Village Muthur-Indra Nagar, HSC Sivanthipatti, PHC Rediapatti, Block Under Palayamkottai. District RRT investigated the"
Tamil Nadu,Tirunelveli,Cholera,1,0,20-12-2019,23-12-2019,Under Surveillance,"Typhoid positive. All cases treated. Health education given. Cases reported from Village Muthur-Indra Nagar, HSC Sivanthipatti, PHC Rediapatti, Block Under Palayamkottai. District RRT investigated the 0-12-19 23-12-19 outbreak. A single stool sample collected and sent to Tirunelveli Medical Collage Hospital, result positive. All cases treated. Health education given. Date of No. of No. of Current Cases Deaths Status Outbreak Cases reported from Mohalla Fatehpur, PS Town Thana, PO Siwan, Block Sadar. District RRT investigated the outbreak. Under State and District NVBDCP officials were informed. A total"
Bihar,Siwan,Dengue,7,0,31-10-2019,,Under Control,"Cases Deaths Status Outbreak Cases reported from Mohalla Fatehpur, PS Town Thana, PO Siwan, Block Sadar. District RRT investigated the outbreak. Under State and District NVBDCP officials were informed. A total 07 00 31-10-19 of 07 samples were collected and tested at PMCH Patna and Sadar Hospital Patna all were positive for Dengue by IgM. All cases treated symptomatically. Health education given. Cases reported from Village Kaji Bazar, PO PS, Block Maharajganj. District RRT investigated the outbreak. State Under and District NVBDCP officials were informed. A total of 14"
Bihar,Siwan,Dengue,14,0,12-10-2019,,Under Control,"Sadar Hospital Patna all were positive for Dengue by IgM. All cases treated symptomatically. Health education given. Cases reported from Village Kaji Bazar, PO PS, Block Maharajganj. District RRT investigated the outbreak. State Under and District NVBDCP officials were informed. A total of 14 14 00 12-10-19 samples collected and tested at PMCH Patna and Sadar Hospital all were positive for Dengue by IgM. All cases treated symptomatically. Health education given. Cases reported from Village Baheradin, CHC Jaijaipur, Block Jaijaipur. District RRT investigated the outbreak. House to Under"
Chhattisgarh,Janjgir,Acute Diarrhoea,30,0,11-12-2019,,Under Surveillance,"Hospital all were positive for Dengue by IgM. All cases treated symptomatically. Health education given. Cases reported from Village Baheradin, CHC Jaijaipur, Block Jaijaipur. District RRT investigated the outbreak. House to Under 30 00 11-12-19 house survey conducted. The probable reason is contamination of drinking water. All cases were treated symptomatically. Health education given. Cases reported from Village/PHC Pipaliyaraj, Block Wankare. District RRT investigated the outbreak. Cases Under presented after consuming food in a social gathering. Lab"
Gujarat,Morbi,Diarrheal Disease,190,0,09-12-2019,,Under Control,"contamination of drinking water. All cases were treated symptomatically. Health education given. Cases reported from Village/PHC Pipaliyaraj, Block Wankare. District RRT investigated the outbreak. Cases Under presented after consuming food in a social gathering. Lab 190 00 09-12-19 samples collected and result awaited. All cases treated symptomatically. Health education given. Chlorination of water sources done. Cases reported from Village Baskehar, PHC Daroh Under, Block Bhawarna. District RRT investigated the outbreak. A Under total of 05 serum samples collected and 01 was found positive"
Himachal Pradesh,Kangra,Hepatitis A,5,0,02-12-2019,,Under Surveillance,"symptomatically. Health education given. Chlorination of water sources done. Cases reported from Village Baskehar, PHC Daroh Under, Block Bhawarna. District RRT investigated the outbreak. A Under total of 05 serum samples collected and 01 was found positive 05 00 02-12-19 for both Hepatitis A & E and 04 for Hepatitis A. Water sample showed coliforms. All cases treated symptomatically. Health education given. Cases reported from Village Kankhor, Tehsil Bani. District RRT investigated the outbreak. A total of 07 blood and 02 Under water samples collected and sent to Department of"
Jammu and Kashmir,Kathua,Hepatitis A,24,0,09-12-2019,,Under Control,"sample showed coliforms. All cases treated symptomatically. Health education given. Cases reported from Village Kankhor, Tehsil Bani. District RRT investigated the outbreak. A total of 07 blood and 02 Under water samples collected and sent to Department of 24 00 09-12-19 Microbiology, GMC Jammu. All 07 blood samples found positive for Hepatitis A by If M ELISA and water samples had high coliform count and were unfit for consumption. All cases treated symptomatically. Health education given. Cases reported from Village Jogerahalli, PHC.CHC Tavarekere, Taluk Bangalore South. District RRT Under investigated the outbreak. State and District NVBDCP"
Karnataka,Bangalore,Chikungunya,42,0,03-12-2019,,Under Surveillance,"Cases reported from Village Jogerahalli, PHC.CHC Tavarekere, Taluk Bangalore South. District RRT Under investigated the outbreak. State and District NVBDCP 42 00 03-12-19 officials were informed. A total of 04 human serum samples collected and sent to PHI, were found positive for Chikungunya by IgM ELISA. All cases treated symptomatically. Health education given. Cases reported from Village Kekezari, PHC Jiwati, Taluk Under Jiwati. District RRT investigated the outbreak. Lab samples"
Maharashtra,Chandrapur,Malaria,10,1,11-12-2019,,Under Control,"collected and sent to PHI, were found positive for Chikungunya by IgM ELISA. All cases treated symptomatically. Health education given. Cases reported from Village Kekezari, PHC Jiwati, Taluk Under Jiwati. District RRT investigated the outbreak. Lab samples 10 01 11-12-19 collected and 02 samples found positive. All cases treated as per guidelines. Health education given. Cases reported from Village Naginabag Ward No 02, PHC Zone No 02, Taluk Chandrapur. District RRT investigated the Under outbreak. State and District NVBDCP officials informed."
Maharashtra,Chandrapur,Dengue,34,2,07-10-2019,,Under Control,"collected and 02 samples found positive. All cases treated as per guidelines. Health education given. Cases reported from Village Naginabag Ward No 02, PHC Zone No 02, Taluk Chandrapur. District RRT investigated the Under outbreak. State and District NVBDCP officials informed. 34 02 07-10-19 Serum samples collected and result 02 samples negative and 02 samples Dengue positive by Ig M ELISA. All cases treated. Health education given. Cases reported from Sichewadi, SC Channekuppi, PHC Nool, Under Block Gadhinglaj. District RRT investigated the outbreak. A"
Maharashtra,Kolhapur,Chikungunya,7,0,13-12-2019,,Under Surveillance,"Serum samples collected and result 02 samples negative and 02 samples Dengue positive by Ig M ELISA. All cases treated. Health education given. Cases reported from Sichewadi, SC Channekuppi, PHC Nool, Under Block Gadhinglaj. District RRT investigated the outbreak. A 07 0 13-12-19 total of 08 serum samples collected and sent to SSH CPRH Hospital Kolhapur; 07 samples were found positive by IgM ELISA. All cases treated. Health education given. Cases reported from Village H.No 1050, Ward-12 Uattari Bazar Bindaki Fatehpur, Jnata, Bahrauli, Mansoorpur, Kandhiya, Rusia, Kullihar, Post Bindaki, Khoonta, District Under RRT investigated the outbreak. State and District NVBDCp"
Uttar Pradesh,Fatehpur,Dengue,8,0,18-11-2019,,Under Control,"ELISA. All cases treated. Health education given. Cases reported from Village H.No 1050, Ward-12 Uattari Bazar Bindaki Fatehpur, Jnata, Bahrauli, Mansoorpur, Kandhiya, Rusia, Kullihar, Post Bindaki, Khoonta, District Under RRT investigated the outbreak. State and District NVBDCp 08 00 18-11-19 officials were informed. A total of 08 blood samples collected and sent to GSVM, MC Kanpur were found positive for Dengue by IgM ELISA. All cases treated. Health education given. Date of No. of No. of Current Cases Deaths Status Outbreak Cases reported from Village/SC Cheural, PHC/Block Sangau. Under District RRT investigated the outbreak. A total of 127 105 02 04-12-19 samples collected and sent to ICMR Dibrugarh, result awaited. All cases treated. Health education given."
Gujarat,Panchamahal,Diphtheria,3,0,21-12-2019,26-12-2019,Under Control,"es Deaths Reporting Status Outbreak Cases reported from Village Satpul, UHC Satpul, Block Godhra. District RRT investigated the Under outbreak. House to house survey done.3 throat 00 21-12-19 26-12-19 swabs collected and sent to Choithram Hospital & Research Center, Indore (M.P). Health education given. Cases reported from Dajinagar, Village Pendalwada, Mdl. Jainath. District RRT investigated the outbreak. Active search for cases Under done. Cases consumed food in a social ceremony"
Telangana,Adilabad,Food Poisoning,184,0,28-12-2019,19-12-2019,Under Control,"given. Cases reported from Dajinagar, Village Pendalwada, Mdl. Jainath. District RRT investigated the outbreak. Active search for cases Under done. Cases consumed food in a social ceremony 4 00 28-12-19 19-12-19 and presented symptoms of vomiting and loose motion. 02 water samples collected sent to RIMS Adilabad, SRL. All cases treated symptomatically. Health education given regarding food hygiene and sanitation. Date of of No. of Current es Deaths Status Outbreak Cases reported from Village Darkinamari, PHC Sidalsoti. Under District RRT investigated the outbreak. House to house"
Assam,Bongaigaon,Chickenpox,10,0,16-12-2019,,Under Control,"es Deaths Status Outbreak Cases reported from Village Darkinamari, PHC Sidalsoti. Under District RRT investigated the outbreak. House to house 0 00 16-12-19 survey done. 06 blood samples collected and sent to Bongaigaon DPH. All cases treated symptomatically. Health education given. Cases reported from Village Jainagar Urban, PHC Jainagar. District RRT investigated the outbreak. State and District NVBDCP officials were informed. House to house fever Under survey done. 63 blood sample collected and sent to"
Bihar,Madhubani,Dengue,337,0,02-10-2019,,Under Surveillance,"education given. Cases reported from Village Jainagar Urban, PHC Jainagar. District RRT investigated the outbreak. State and District NVBDCP officials were informed. House to house fever Under survey done. 63 blood sample collected and sent to 7 00 02-10-19 Microbiology Dept. DMCH Darbhanga; were positive for Dengue (IgM ELISA). All cases treated symptomatically. Source reduction activities undertaken. Health education given. Cases reported from Girls residential School Nelasnar, CHC Nelasnar, Block Bhairamgarh. District RRT investigated the Under outbreak. State and District NVBDCP official were informed."
Chhattisgarh,Bijapur,Japanese Encephalitis,2,0,10-12-2019,,Under Surveillance,"Cases reported from Girls residential School Nelasnar, CHC Nelasnar, Block Bhairamgarh. District RRT investigated the Under outbreak. State and District NVBDCP official were informed. 10-12-19 House to house survey done. 2 blood sample collected was positive for JE (IgM ELISA). All cases treated. Health education given. Case reported from Village Bilaigarh, Block Baramkela. District RRT investigated the outbreak. House to house Under"
Chhattisgarh,Raigarh,Diarrheal Disease,11,0,16-12-2019,,Under Control,"positive for JE (IgM ELISA). All cases treated. Health education given. Case reported from Village Bilaigarh, Block Baramkela. District RRT investigated the outbreak. House to house Under 16-12-19 survey done. Cases presented symptoms of loose motion and vomiting. All cases treated. IEC done regarding safe drinking water and personal hygiene. Cases reported from Village Meria, HSC Meria, Block Under Musabani. District RRT investigated the outbreak. House to"
Jharkhand,East Singhbum,Chickenpox,13,0,06-12-2019,,Under Control,"vomiting. All cases treated. IEC done regarding safe drinking water and personal hygiene. Cases reported from Village Meria, HSC Meria, Block Under Musabani. District RRT investigated the outbreak. House to 06-12-19 house survey done. 05 blood samples collected and sent to VRDL, MGMMC, Jamshedpur. All cases treated symptomatically. Health education given. Cases reported from Village Ukauli Bedahojor, CHC Bano, Under Block Bano. District RRT investigated the outbreak. House to"
Jharkhand,Simdega,Chickenpox,19,0,15-12-2019,,Under Control,"VRDL, MGMMC, Jamshedpur. All cases treated symptomatically. Health education given. Cases reported from Village Ukauli Bedahojor, CHC Bano, Under Block Bano. District RRT investigated the outbreak. House to 15-12-19 house survey done. 10 blood samples collected and sent to RIMS Ranchi. All cases treated symptomatically. Health education given. Cases reported from Village Pulladka, PHC/CHC Pallada, Under Taluk Mangalore. District RRT investigated the outbreak."
Karnataka,Dakshina,Hepatitis A,37,0,16-12-2019,,Under Control,"RIMS Ranchi. All cases treated symptomatically. Health education given. Cases reported from Village Pulladka, PHC/CHC Pallada, Under Taluk Mangalore. District RRT investigated the outbreak. 16-12-19 House to house survey done. 10 serum samples collected. All cases treated symptomatically. Chlorination of water sources done. Health education given."
